-1595.0677574528338
-4607.141897481764
-4804.687185712335
-4815.610086160814
-4910.393655352118
-4966.205538058168
-5120.896660755031
-5268.310046082989
-5445.62220286871
-5629.052709208846
-6197.0353710301115
-7506.544727777417
-8511.775827923093
-8959.867673141696
-9497.3174204171
-8848.189549215596
-9927.208414376064
-10477.965393934204
-10347.11052461597
-10692.256996190943
-10835.699408219323
-10837.660829661581
-10451.974862482875
-11254.428095668412
-11487.384645001019
-11294.407402472474
-11824.60866398382
-11769.706219424568
-11726.040372586363
-12004.613304680557
-12179.883501098055
-12402.695889875222
-12405.80632561417
-12339.01466492567
-12636.354175151806
-12862.041423490262
-12809.666353487855
-12571.911103451986
-12690.666235756535
-12898.635638340955
-13129.887053720195
-12994.536998007536
-13200.298821616512
-13147.714316417821
-13107.708103993493
-12970.501265394743
-13228.054168556539
-13290.799918369094
-13323.77027611032
-13421.206936659972
-13425.8278302378
-13183.325553279352
-13547.22794302267
-13482.876846964326
-13599.104629010386
-13749.819322631258
-13682.480015180687
-13829.177662058464
-13869.974001916098
-13873.591004285767
-13985.952411091159
-13751.893877508515
-13476.443443551449
-13927.703006111615
-13988.638954198756
-13875.534383909397
-13836.469835037304
-13787.24339243812
-13986.333368527381
-13952.84337004892
-13724.10984823941
-14160.221584229672
-13926.421699704717
-14272.759608264218
-13994.128900320044
-14046.847382604228
-14213.401505456717
-13948.430946964789
-14196.969311465584
-14199.19687106598
-14389.87145967167
-14256.932620658694
-14151.14031020612
-14288.668909732763
-14497.830544422022
-14622.727847998742
-14384.95846311741
-14135.555621829642
-14283.529507605386
-14419.213125943008
-14359.770487419237
-14271.180711502147
-14456.390142070173
-14297.30165656935
-14494.383913013042
-14213.019252831336
-14111.347631662378
-14811.010370769773
-14654.969196482292
-14466.271276103376
-14562.779243071498
-14635.977637702255
-14294.752243692841
-14334.41894820516
-14605.667101819368
-14463.09182276432
-14139.042811389218
-14646.01943000685
-14676.763102020697
-14870.653171918968
-14544.350853797949
-14962.412435088678
-14901.826470976192
-14625.165656067184
-14696.189378494335
-14341.814886445683
-14904.099137871186
-14830.734433721027
-14930.730114109709
-14923.756620000324
-14504.637319845046
-15003.44986005304
-14746.42621775261
-14929.895944025844
-15045.522222003665
-14671.57900784027
-14812.867308413248
-14735.217933690943
-14882.821627503889
-14878.101421338122
-14771.151011968675
-15101.416649262486
-14688.013900395254
-14864.714894660841
-14956.81087172088
-14677.12259012376
-15152.807152047542
-14761.637176658305
-14831.194250314722
-15142.8806931916
-14915.251038176188
-14863.821147032824
-14798.903376140866
-14478.402434001036
-15093.98131253934
-15125.515273830903
-14813.036627457604
-14754.093545488837
-15026.40975793052
-14730.708955737651
-15136.073804520882
-15173.671591374547
-15061.21664486564
-14973.198333306334
-15222.920431561944
-14870.150952090584
-14821.706429576421
-14993.242386515107
-15203.6202838048
-15037.183577551095
-15231.165743714826
-15268.151515002499
-14935.730525446164
-15171.617240146437
-15364.443827986152
-15254.851519977878
-14738.895721724813
-15211.66063180354
-15322.693446154843
-15349.879627101229
-15443.923423730932
-15143.577114304095
-15362.545844055465
-15346.312985750172
-15061.092130398863
-15375.109058253573
-15228.84341329421
-15405.004363869039
-15322.729441565925
-15209.477463564037
-15416.487504570405
-14866.325491376398
-15732.88298432409
-14914.174662947089
-15373.46247061056
-15671.592572686797
-15381.577584072313
-15160.239059375926
-15191.536727543691
-15227.862408823312
-15607.112858632165
-15299.07480263371
-15199.777941663118
-15460.991325486893
-15560.23406895642
-15496.110526857783
-15368.501561169376
-15490.180715262608
-15288.889911091159
-15350.131648782306
