1.3165462762117386
1.3837103465838092
0.9223333895206451
1.1241079768432038
1.2388866735356194
1.0379819082362312
1.3124124152319772
1.0261056030701314
1.1805465817451477
1.0065934296165193
0.9871838773999896
1.1973099048648561
1.1104470023087092
1.0154551996716432
1.2271423041820526
1.1404621440630693
1.2343021588666099
1.3226608676569802
1.0657683227743422
1.135816830609526
1.0017892239349229
1.1238092120204652
0.9302806236914226
0.8894963871155467
1.1400433949061803
1.2766969501972198
0.9887907270874295
1.3199923187494278
1.3640421075480325
1.1266893387905188
1.286620482802391
1.256321179015296
1.2868629566260747
1.074998629944665
1.2480560732739312
1.2158003678688636
1.1915562450885773
1.287588460104806
1.0819966777094774
1.10879711913211
1.227295688220433
1.1120447314211301
1.0597655240978514
1.2020579895802908
0.9438518595083484
1.2952960953116417
1.057612697993006
1.1856832429766655
0.9948630056210926
1.1244141863925117
1.3706592981304442
1.3479910612638508
1.187052139214107
1.242533700806754
1.284335379089628
1.3275321125984192
1.3012474434716361
1.0205855039613587
1.2203946454184396
1.3004718124866486
1.1839980355330877
1.1459598456110274
1.1832854875496455
1.1580542006662913
0.900822034903935
1.2731795672859465
1.3054238642965044
1.2189913179193224
1.2991111533982413
1.2131502415452684
1.1265993671757835
1.2392603688474213
1.2673420693193163
1.0898534852479185
0.9911749320370811
0.9489472508430481
1.1950668905462538
1.1932085092578615
1.212037252528327
1.08844270663602
1.0534184948940362
1.510396780712264
1.004969515970775
1.31707797731672
1.0937252619436808
1.4711858119283403
1.1011933599199568
0.9720004658613887
1.4472387433052063
1.0135385287659509
1.1384395552533013
1.0816196948289871
0.9613665065595082
1.0444460021597999
1.172977375132697
1.107903697660991
1.3221238787685121
1.1039895697363786
0.9523893211569104
0.8476020236100469
0.9448295746530805
1.1680778797183717
1.2167830552373613
0.9577657899686268
0.9683438922677722
1.375773319176265
1.0413434675761633
0.940899003962321
1.3493734576872416
1.2996697958026613
0.9969933490668025
0.9025094136595726
1.3325353562831879
0.9770716424765331
1.0941546282597951
1.2213521429470606
1.1029690546648843
1.1311435656888145
1.1929793017251151
1.276317019547735
1.210925083075251
1.1939394855871797
1.040837409240859
1.069624892302922
1.3058043995073862
1.0783739920173372
1.1307087721569198
1.118168409381594
1.2453093145574843
1.2732376626559667
1.1509215427296502
1.0726315581372805
1.3303150002445494
1.1911626008472271
1.1126592180558614
1.3253745904990606
1.2248915966067995
1.115873104759625
1.3331348629934447
1.0818915372448308
1.0353931018284388
1.3348879963159561
1.2811504543891974
1.1537317750709397
1.0076830514839716
1.1415829115680285
1.354495074067797
1.0714797058275767
1.1427999905177526
0.9342364293656179
1.3294989381517683
1.1046693176031113
1.4367244669369288
1.30001557299069
1.1807355284690857
1.2704468710081918
1.1762042492628098
1.1193030157259531
1.0028070168835777
1.2560299379484994
1.2250555223186634
1.300295740365982
1.2843841793281692
1.2965475171804428
1.0885876076562064
1.258931418614728
1.2799371864114488
1.2369476024593626
1.0211399703153543
1.142788942371096
0.9862948805093765
0.9652310343725341
1.121262590800013
1.3093318747622626
1.2112214735576086
1.0215078629553318
1.176135795989207
1.236970032964434
1.2469801945345742
1.030794610934598
1.0267847520964486
1.0846830847171636
1.0768497777836663
1.1341897855911935
1.2293789408036642
0.9207393463168826
1.2413777581283025
1.5277093734060014
1.4665164990084512
1.0967937452452523
1.093043708375522
1.1326406849215604
1.2023590164525169
1.1104394793510437
1.1902038803590196
1.144301027059555
1.4177010187080927
1.1391962724072593
1.1356941163539886
1.3972891824586051
1.192191834960665
1.1565805482012885
1.2586685227496284
1.1160607039928436
1.2019795094217574
1.117386011140687
1.2458462076527732
1.2413408543382372
1.0047980546951294
1.3496181113379342
1.3252969597067152
0.9693200907536915
1.0885729028710298
1.2186807743938906
1.2607500382832117
0.963766023516655
1.0847307627017682
1.0589686696018492
1.1959934255906515
1.226317001240594
1.2934410119695323
1.2515445189284427
1.3856395578144916
1.214019694498607
1.207243766103472
0.9468092285096645
0.9593926668167114
1.2430002582924706
1.3533831643206733
1.3397915618760246
1.3550171490226472
1.0100790658699614
1.3387629623923982
1.3288098233086723
1.138970021690641
1.251492285302707
1.203359305858612
1.397023828966277
1.089591724531991
0.820826379848378
1.072872075185712
1.456861776965005
0.9300022109278611
1.2458448835781641
1.0791555057678903
1.1719630690557616
1.1644934826929654
1.4163643547466822
1.2304078681128365
1.2233019747904368
0.9106210172176361
1.0479320308991842
1.0044843506600176
1.075090806399073
1.0503164630915438
1.5729045134324293
1.0995139628648758
1.0831334676061357
0.9341729496206556
1.0640647815806525
1.2683675502027785
0.7689755692013672
0.6789585639323507
1.246302877153669
1.0771101691893168
1.317039234297616
1.0533830566065652
1.0703428158393273
0.796971894800663
0.9790780554924693
1.10026550080095
1.0589334943464823
1.0694218969770841
0.972498453089169
1.0994748984064375
1.087367709193911
1.1202166506222315
1.0605660796697651
0.9872722519295556
1.0836213486535209
0.8222021774521896
1.1961522858057703
0.8233319324042115
0.9206950728382383
0.8736026585102081
1.1578401518719537
1.0654219452823912
0.9287690210800904
0.951570491705622
0.9770217846546855
0.9339504625116076
1.0424594075552054
1.0184885604040963
0.8640246370009014
1.0291297755071096
0.8717394370053496
1.0895509719848633
0.8181759161608559
0.8527731661285672
0.8289953826793602
0.7922531110899789
0.8374070418732507
0.9970569844756808
0.718414588698319
0.908653416803905
0.8637719431093761
0.7976878535534654
0.7624144000666482
0.7889197766780853
0.7917039915919304
0.8941186932580811
0.6924143603869847
0.6681132944566863
0.9674615519387382
0.7811203492539269
0.7755935511418751
0.7808045356401375
0.7979616458926883
0.7977542243897915
0.8755528586251395
0.7876874400036675
0.6654465198516846
0.7623446605035237
0.8169832399913243
0.6513092898364577
0.6034541938986097
0.8809194075209754
0.7669924391167504
0.8790225152458463
0.7766786643436977
0.8072146081498691
0.7482003513723612
0.5326692327590925
0.7536338038210358
0.744132284607206
0.7717594722551959
0.7108420750924519
0.8534497533525739
0.8071431581463132
0.8878553126539502
0.7546709030866623
0.7332233376801014
0.6305728458932468
0.7418945240122932
0.6319468968680927
0.6623596557016883
0.7820465607302529
0.8250461007867541
0.6992225870490074
0.6407127933842796
0.813384833080428
0.7075991077082497
0.6251352259090969
0.8257262472595487
0.7282030156680516
0.7734277972153255
0.9114221887929099
0.7817853838205338
0.7292207053729466
0.7904751891536372
0.6693635476487023
0.6776592337659427
0.7275106459856033
0.7599865198135376
0.6788505714918885
0.662638182086604
0.698427653705169
0.5719436886055129
0.6643430111663682
0.7634325325489044
0.7899295261928013
0.7123104802199772
0.6067644698279244
0.6863617109400886
0.7889860666223935
0.6199279161436217
0.6380894913205079
0.7300028258136341
0.6774169100182397
0.7306358878101621
0.7329850494861603
0.7691196096794946
0.6438290498086384
0.716560178569385
0.6378558336624077
0.7100268197911126
0.7225226727979523
0.6372361163209591
0.6923359440905708
0.6993594744375774
0.6642247435769865
0.6774524663175855
0.6266681727554116
0.5749435584459986
0.5920794372047696
0.5962365184511457
0.6393954658082553
0.6885780164828668
0.5836155066000563
0.5994900560804776
0.740446708032063
0.7572279529912131
0.7314722024436507
0.7074396801846368
0.6301984116435051
0.7167085723153183
0.648066272693021
0.6260632915156228
0.7426915211336953
0.5930401368864945
0.5970968508294651
0.5028812800134931
0.6648018040827343
0.6679445952177048
0.6965594696147102
0.673003148819719
0.6007709418024335
0.6482514217495918
0.6532629302569798
0.5306336579046079
0.5057937705091068
0.6181288276399884
0.6599874155861991
0.5714786201715469
0.5288253357367856
0.7271131638969693
0.6325288393667766
0.6355692456875529
0.6948455934013639
0.667731204203197
0.5124663476433072
0.5691640600562096
0.5437078795262745
0.6346772249255862
0.7440816164016724
0.5990115318979535
0.6275680607983044
0.5403079127094575
0.6552923023700714
0.6105621473065445
0.7164231240749359
0.6096701278750386
0.6747830872024808
0.5848285981587001
0.6351785308548382
0.6288921715957778
0.657496917460646
0.6701676470360586
0.6976358411567551
0.5603266879916191
0.656224672283445
0.6658048736197608
0.5235805394394057
0.6154936679771968
0.6124316326209477
0.5954213312694004
0.652262343293322
0.5630425555365426
0.5917763459895339
0.5263409247355801
0.48015897295304705
0.5726664318488195
0.6385127657226154
0.47179105452128817
0.6596668724502835
0.5487623921196375
0.40682970120438505
0.5927921310067177
0.7203673762934548
0.6563371505056109
0.6293639604534421
0.5951140107853072
0.5811839561377253
0.5781161785125732
0.5311211235821247
0.5978680199810437
0.5966023675033024
0.6638295671769551
0.490853020123073
0.5456297482763018
0.5209478097302573
0.6399182464395251
0.5970475929124015
0.595245538013322
0.6146582726921354
0.6412340514361858
0.5662226229906082
0.6451815015503338
0.5092534295150212
0.46938215302569525
0.5229133793285915
0.429733542925013
0.4324911210153784
0.5345455972211701
0.5996659759964261
0.5906127776418414
0.5777004350508962
0.4671020321547985
0.6096241495438984
0.49608311482838224
0.606790307377066
0.42929581872054506
0.511843207691397
0.4887046771390097
0.4813204583312784
0.5862288043967315
0.5499925102506366
0.6781147910015923
0.5742973408528737
0.6345595121383667
0.5882541510675635
0.6465485500437873
0.5938992074557713
0.4466323245848928
0.6117854820830482
0.49313358856098993
0.48504519888332914
0.47610785173518316
0.5101758231009755
0.6138609285865512
0.48368813789316584
0.5222027450799942
0.557623100067888
0.6351167697991643
0.4866027820057103
0.4413490332663059
0.5704542377165386
0.5091492310166359
0.6041422358580998
0.4715634233185223
0.5059069469571114
0.41429752696837696
0.44557016662188936
0.4641357830592564
0.5014904013701847
0.586959643555539
0.5550871693662235
0.4933670886925289
0.49604098073073793
0.5676265273775373
0.5510919775281634
0.4691184461116791
0.4585577802998679
0.5477128103375435
0.4931913273675101
0.44438580104282926
0.5522957241960934
0.48555839913231985
0.46160472610167097
0.4786438484277044
0.4814277823482241
0.5230617821216583
0.49165093440275925
0.55306148316179
0.3657823781083737
0.43574944511055946
0.4702735830630575
0.48476396447845865
0.581347935966083
0.48474066119108883
0.3736845792404243
0.4649691219840731
0.42324394785932135
0.6051450669765472
0.4116350109023707
0.47142696167741505
0.46095200734479086
0.5021883259926524
0.44452950997012003
0.4831374290266207
0.4012543814522879
0.49106100254825186
0.4426919583763395
0.43729650548526217
0.48373146461588995
0.48237695757831844
0.42365185597113203
0.47640696397194493
0.5124484343188149
0.5307354964315891
0.4623867869377136
0.5172986686229706
0.4431903064250946
0.5164371441517558
0.5012677258678845
0.4480589819805963
0.4836709861244474
0.4406653493642807
0.3763310845409121
0.4285482325192009
0.4303519768374307
0.415560493511813
0.5374584889837674
0.5706130851592336
0.4535623235361917
0.46870163828134537
0.4802020713686943
0.4438686727413109
0.4123485620532717
0.40258351074797766
0.5274793010737214
0.4751416082893099
0.3886184548693044
0.47390687252793995
0.415016308426857
0.444412037730217
0.4179619156888553
0.4450602951858725
0.46838053848062244
0.48840085310595377
0.39302913192659616
0.3985666973250253
0.3683806136250496
0.37917099906397717
0.44125053925173624
0.45441905143005507
0.38596492846097263
0.4287168490035193
0.4967986238854272
0.3995128208771348
0.3818575840975557
0.4683115780353546
0.4471659798707281
0.4063500953572137
0.42779259543333736
0.531567707657814
0.4124733028667314
0.32441096127565416
0.45238324786935535
0.4731637002634151
0.39451107169900623
0.340819808454918
0.3696612337870257
0.36284985127193586
0.4018034668905394
0.34423405823430847
0.25031902986977783
0.5370187269789832
0.4522377444165094
0.336756380540984
0.36808943269508226
0.40199688396283556
0.4548111579247883
0.467976698918002
0.3287369603557246
0.39137973529951914
0.3556445139859404
0.30768404634935514
0.40619504930717604
0.4222100834761347
0.2761201447408114
0.32061788014003206
0.41166824847459793
0.3825032945190157
0.3665546822760786
0.41128211628113476
0.34882388902562006
0.41763604432344437
0.43641103378364016
0.32420649831848486
0.3909635639616421
0.40603369953376905
0.3624345048197678
0.29654764224375996
0.3686928930027144
0.3876053850565638
0.27861785143613815
0.4279366457568748
0.37505006790161133
0.35133001673966646
0.3364441990852356
0.3435018408511366
0.3176708798855543
0.3136301413178444
0.30969924266849247
0.384807356766292
0.28765444537358625
0.32896528020501137
0.43356421270540785
0.40267425402998924
0.41198324092796873
0.42532155769211905
0.3996541643781321
0.45167139385427746
0.40962003437536104
0.3786069163387375
0.35103184836251394
0.38685837973441395
0.3179112688771316
0.37111150034304174
0.37973245339734213
0.4147645431304617
0.3421143415783133
0.35082041738288744
0.2604070178100041
0.4230812756078584
0.40606563441022964
0.34418709948658943
0.3018488958477974
0.35892546815531595
0.3149060287645885
0.440091235563159
0.37699333259037565
0.4419871142932347
0.3919980973005295
0.30717735631125315
0.29599952910627636
0.3491651511618069
0.31744166357176645
0.2863138879516295
0.2771604090396847
0.4010798228638513
0.3716155333178384
0.29716221934982706
0.32274485911641804
0.30657591777188437
0.40881139785051346
0.35975121547068867
0.34916573975767407
0.36070832344038145
0.4058368663702692
0.34628695036683765
0.31481011637619566
0.31382585862385376
0.30574325951082365
0.43505400844982695
0.2809928644980703
0.27663736577544895
0.24745192006230354
0.2843638349856649
0.34273301384278704
0.22678106278181076
0.4643796368369034
0.3789755611547402
0.2732115073927811
0.31933833552258356
0.27453051919915844
0.38420636845486505
0.2902340918247189
0.34779614955186844
0.3772712456328528
0.33983562301312176
0.31466784860406605
0.3873440586030483
0.34869241687868324
0.21804046311548778
0.2988749500364065
0.20953094480293138
0.3222255403442042
0.2395213171839714
0.20568843558430672
0.3055625946394035
0.3550121949187347
0.31446179734276875
0.26467323516096386
0.3153820309255804
0.4042859912983009
0.2909612719501768
0.33733910747936796
0.35069182994110243
0.338277312793902
0.34771588870457243
0.33659633887665613
0.25909122292484554
0.31532057294888155
0.40370736297752174
0.29461574501224924
0.24605208721810154
0.2086116456027542
0.3281113249914987
0.3851664662361145
1.7710172443517618
1.2212200058358056
1.5036393633255591
1.0708916974919183
0.9104099380118507
0.748771703669003
0.7781263450160623
0.7432501944048064
0.8577710485884121
0.8834284618496895
0.7104934783918517
1.0118402966431208
0.6205152156097549
0.5899729009584657
0.43885091905082974
0.4938867584403072
0.47958575401987347
0.355130886392934
0.33339166681149174
0.29694500459092005
0.30436476772384985
0.38762762557182995
0.2487755769065448
0.3255701472184488
0.3926134929060936
0.26144633947738577
0.26128121172743185
0.3272187454359872
0.30246657745114397
0.37493894595120636
0.28985730026449474
0.34187265166214537
0.3162927930908544
0.3045583545629467
0.2259717449279768
0.38293821045330595
0.31233622559479307
0.3575369492173195
0.19977877608367375
0.27269732632807325
0.2666062236364399
0.3430245070984321
0.3300554129694189
0.31998564143265995
0.307523886007922
0.30330988445452284
0.34971100530986277
0.22241327539086342
0.32023938718651024
0.25657539442181587
0.1835819867306522
0.23326979045357024
0.24727398742522513
0.29128594137728214
0.2828942265893732
0.21049472969025373
0.2994516076786177
0.3283279947936535
0.31761422966207775
0.3135809235806976
0.30461329966783524
0.2507847079208919
0.2708490094436066
0.2880133566047464
0.21408132995877946
0.2343742908560671
0.21941180952957698
0.24716156055884703
0.19100658329469816
0.23033558061489692
0.3029780864952564
0.28925767647368567
0.22747802619750684
0.3163831401616335
0.2526873877005918
0.21108049101063184
0.2645946166345051
0.23496089716042792
0.29191094796572414
0.29346030737672535
0.2248698233493737
0.27569351052599295
0.21310422782387053
0.2546258800263916
0.27211354357691914
0.23409159162214824
0.19870796932705811
0.2194355801371525
0.2859713296805109
0.2703261516456093
0.25567334251744406
0.3161537242787225
0.30261634449873653
0.22448677835719927
0.22726188256190374
0.2591641465468066
0.2711120117455721
0.30028838717511724
0.26767804846167564
0.29549648453082356
0.2718087336314576
0.273606055815305
0.22379616193107463
0.20490696361022337
0.19127146154642105
0.19824939859764917
0.16016548978430883
0.25455595340047565
0.2409413310566119
0.2503419332206249
0.4837751069239208
0.31570585125258993
0.2393764482278909
0.26614236033388544
0.29500676398830755
0.2754365913569927
0.22672439739108086
0.2659086742039238
0.18951176756776736
0.271307677263394
0.25109904325966326
0.18821577594748565
0.1682821486278304
0.23313885594585113
0.28662573652608053
0.19272942654788494
0.1773532424122095
0.21766657195985317
0.1982230812843357
0.17629704331713064
0.20953830012253352
0.18551675230264664
0.2991937432172043
0.19745142132160254
0.14410832823653305
0.20240758199776923
0.17514962130891426
0.1771724715030619
0.17026355037731783
0.2743460473471454
0.22822973877191544
0.24217173324099608
0.1545430457751666
0.28622900801045553
0.24635344850165503
0.3589324724328305
0.28483446893681375
0.7351113227861268
0.277064855077437
0.30501383782497477
0.19498831938420022
0.1947627498635224
0.15938035052801883
0.19829938148281404
0.2774490482572998
0.2011888971818345
0.26129750894116505
0.3906464454318796
0.20706780600760663
0.31752221871699604
0.3093487851188651
0.20585118606686592
0.19552854807781322
0.2665834352374077
0.21222234198025294
0.20343763088541372
0.14109231478401593
0.25509959725396975
0.2838062353964363
0.17951298478458608
0.19825621281883546
0.1640158738674862
0.25737540876226767
0.23234047754002468
0.24475191959312984
0.17691374862832682
0.11899544059165887
0.1669331602170132
0.17481223024827028
0.17746991690780436
0.20183672995439597
0.1497318229771086
0.34187593936387983
0.30142212958474246
0.20717235361891134
0.20563457982747682
0.19876009736721503
0.24707440526357718
0.20965404542429106
0.1968280702962407
0.1846154491816248
0.21783902722277812
0.12097451277077198
0.22063110768795013
0.1211712925827929
0.11411344885293927
0.1813357351347804
0.1567293914392524
0.1914212035813502
0.19931654459131615
0.17234237638435193
0.21372549450741365
0.20278434029647283
0.18374710300794014
0.13337618338742427
0.17651488472308433
0.27533815974103554
0.2777375227638653
0.22350652303014482
0.21071024531764643
0.17765445375282848
0.1748669296503067
0.18229623178818397
0.15786095312796533
0.26695025180067333
0.17003384152693407
0.22181886274899756
0.2817892575902598
0.32932608228709015
0.1868903654103633
0.17631023190915585
0.1636844954854106
0.17707799634497082
0.17884122979428088
0.16125038652015583
0.1753296049220288
0.20614677082215035
0.1475739329388099
0.20606723461034043
0.23137258631842478
0.1264894554125411
0.12456569547898003
0.25575590240103857
0.16690534033945628
0.2344648013157504
0.2149274580047599
0.2049280862723078
0.17001825062158918
0.19128714501857758
0.10547253788848009
0.20688885849501407
0.14494540356099606
0.1769137466326356
0.19171925481142743
0.201943574739354
0.2078978697120744
0.1387107209302485
0.10177584365010262
0.16130725826535905
0.2151007433754525
0.19165787380188704
0.19989802914538554
0.2650262960898025
0.1973819751292467
0.1541158292176468
0.30169106304778587
0.25161807851067614
0.21854654114161218
0.19968823420016893
0.18459262758759515
0.18496189323819376
0.18630171740161522
0.14815945698813135
0.1597884711476841
0.15898723155260086
0.24891511989491327
0.22433134341346367
0.26578552834689617
0.19377406094489352
0.18615838805479662
0.17106736996876343
0.2097532876900264
0.2258930441125163
0.18409722501278988
0.27738090098968576
0.18443302254724717
0.11299029777624778
0.2144380851781794
0.20278901523644371
0.18237459632967198
0.23274838540237397
0.2059255723309304
0.23133530554228596
0.15059653300392842
0.22114450767237162
0.208310868324978
0.2242651048249432
0.11793753072353345
0.10163161384740046
0.16573959337880037
0.24380804112713253
0.17496107121197774
0.15280154274244392
0.1850459674107177
0.23228285621319497
0.20312425361147948
0.11144662708310145
0.1511072527750262
0.19609631824174098
0.11282327078067912
0.15801121341064572
0.15604500778551614
0.14655794574978895
0.1517643108298736
0.24607561957756324
0.15424511505885416
0.19340428097971848
0.15243757835456304
0.15609629611883843
0.13723369594663382
0.15554212286536181
0.18756610873554433
0.13722842023707926
0.17418289811549975
0.25721817360525684
0.1779006010453616
0.24339993284749134
0.17129985163254396
0.14338313043117523
0.12093027441629342
0.2052932276523539
0.15624040067528508
0.15377309745443718
0.11856724501454405
0.18451508227735758
0.14347519149513183
0.10865181664537106
0.1428876998834312
0.21240225441787125
0.22107962552191956
0.19281749693410738
0.1436755433678627
0.2079240075711693
0.15061418173302496
0.1504288851948721
0.19629983861107445
0.19479350193536707
0.18123531543616472
0.1269903731798487
0.1099442271515727
0.11193041150857296
0.22744668152050249
0.14492046673383033
0.14756425230630807
0.21313598687161825
0.1689511514934046
0.21245505620858499
0.13570006530998008
0.21001998967091953
0.22904051188379526
0.12174391107899803
0.12434176545191024
0.18116672084267652
0.14638974254817835
0.08130310406808608
0.1821907167988164
0.20823614339211158
0.4632508695192103
0.18920840367874397
0.12378173477814666
0.11904343675372989
0.09413717886699098
0.16202489286661148
0.14222432104205446
0.1886454676943166
0.1971958793167557
0.16924643652656904
0.14026830797748907
0.21993818481860217
0.13526293707008546
0.19941517079028667
0.12814461679330894
0.13873753184452653
0.1303652016462625
0.07989361673844542
0.26639551569574643
0.17543549032000424
0.10718775946380836
0.29264707116609706
0.18868618102611176
0.22849261230574205
0.14236706265780544
0.17876372499657528
0.10928942999869053
0.13545812693025386
0.19597388996875711
0.07098974926131112
0.1051381795613062
0.18556885700672865
0.16010948005392633
0.2049388097366318
0.19303786967481887
0.15094016592151352
0.17263506556212502
0.19275820867291518
0.11169613094534725
0.1250960055372811
0.21408997810379202
0.22301511173801764
0.15218709951399692
0.17148640253227704
0.18417845280574902
0.2558017587621829
0.12024568787559733
0.1575279344937631
0.19314629504723207
0.15823955029190984
0.1456437059012907
0.11438329710758158
0.0704286417582937
0.16839113412424922
0.12158740775235596
0.13916819970732572
0.17793838456730424
0.13418853366913805
0.13944537917684233
0.09026643993066889
0.10679604885185004
0.112736939057608
0.11624631975012432
0.10967811063996383
0.087548911272149
0.08441624666530904
0.11665124452805944
0.1465590950143191
0.09121653836544803
0.14591339862506306
0.044286219698522346
0.19380545034073293
0.17630810687744866
0.21983204063560283
0.09292137686861679
0.23599755521198468
0.13838336796366743
0.19920184769268548
0.23647076423679078
0.19011098612099886
0.15191001857497863
0.13162731123156846
0.10383853020279535
0.22440468313704645
0.16682283771556936
0.12665956079061808
0.11986136330025536
0.08229099318850785
0.1294846468205963
0.13811215752502903
0.16523253965923296
0.1694824408862457
0.10552185106956001
0.17491507310686366
0.14843381182955845
0.08776418081418212
0.12571526369928115
0.17474288411904126
0.18424644860039865
0.11342537140340678
0.08600832345629376
0.22686972402568376
0.09079031483270228
0.15721778056052113
0.13699531337312823
0.21702395179974182
0.12417707924864121
0.11429431980858291
0.3428595674839536
0.11203345549958092
0.1319053243579609
0.14460223953106574
0.14396497003534542
0.15601614633175945
0.16232142690569162
0.15527784350394672
0.1276150062497306
0.14989193206253862
0.17778454541361757
0.0834197534381279
0.1532422909513116
0.18094518527920758
0.1704078953480348
0.19242773130203464
0.1691465663690386
0.09661072944956166
0.13728190965152212
0.1158569991488808
0.1493487958463707
0.12120476903926049
0.191457378944116
0.10183163406327367
0.1087493767595983
0.20192021543958358
0.12046890915371478
0.19950522934751852
0.17783318632947548
0.14341042606559182
0.14509724374667193
0.12938957012790656
0.12857836453466526
0.15000296774970984
0.17348827328532934
0.122236274216058
0.11978878287066307
0.10370175893019352
0.1336499678769282
0.17969955440743693
0.19388624227472714
0.16683122287213337
0.13713488671263413
0.14555053366348147
0.19873211958578654
0.10914450202004186
0.14436554338941018
0.1130128821407977
0.14311884396842547
0.07688046083785594
0.08167737858769085
0.14852088427038065
0.10570574811260615
0.17018023692071438
0.07286918746207707
0.06573474390565284
0.0877374056287538
0.15531117178865575
0.16820567018086358
0.10327515150480135
0.06159171635018928
0.15337544238926576
0.13172655822043972
0.1128954909010125
0.1949349653441459
0.14023448383834744
0.12150404643424347
0.1286774208170495
0.14405938829960568
0.21927662546347296
0.18160435956503665
0.18211010407789477
0.1466651445786868
0.131440307046952
0.13913530121291323
0.10891970779214587
0.07946030752334211
0.08306192585067558
0.15259061557506876
0.12501609115861356
0.08795339374669961
0.08897512718976941
0.07898229684880269
0.21150221208310022
0.10941009999805829
0.1298834060518337
0.08451910398019079
0.14355340438071704
0.15655975336059264
0.09298923944256135
0.17687114058727665
0.19575488111669465
0.10166489033560668
0.102704475272081
0.11767583463474043
0.12173329440494333
0.09158399065823428
0.0482652622938206
0.08025629515759647
0.09057227536790638
0.04763353348451866
0.1501815902135734
0.04805735215021351
0.12050280142440377
0.12352233340165444
0.21148606476188953
0.1365964149923197
0.16894669524793113
0.11851162727024141
0.1250880643326257
0.05969102407938668
0.13693438545617806
0.16822447228644574
0.14070772994974895
0.14618798001850206
0.19578112952876836
0.17160765121557883
0.08566003305336031
0.1761558082486902
0.19164036627626047
0.07536257939188674
0.06666427650322605
0.11989687313325703
0.14145044739624218
0.08452055730491079
0.23970766718100225
0.14951138408930723
0.24563154046024596
0.09350455753805623
0.13023123403711775
0.1717233205480235
0.07323668589482882
0.12387809363592948
0.14611294040722506
0.08928309356062007
0.07620908434182638
0.08176364147636507
0.04058814461209944
0.09206738609022327
0.0791906824535025
0.09984999755397439
0.14927340480166354
0.14442830478492397
0.12785173544502218
0.14420227085763923
0.13604110705533198
0.12257602362244922
0.1275579242002485
0.10971092595718801
0.0810036496675041
0.0467735934403858
0.09588455996137261
0.10470319943851791
0.13881631921438903
0.09254984511062503
0.08598980781243881
0.11098965001292527
0.06020196297738169
0.030515393454282145
0.08594228905609011
0.16465690256654167
0.12920682804126823
0.15410523748557484
0.24008960120071215
0.14276888426892193
0.14196188668055193
0.13184555322680222
0.17788930729563748
0.08833758145920001
0.20495729191627884
0.1259799672490252
0.1976036241643929
0.14435335667803884
0.1656383430319173
0.08194248684282814
0.15015234557046955
0.14912192786245473
0.13157619306418514
0.11592909178995926
0.21094185223669878
0.20104370877379552
0.13636235591755913
0.11675222341104277
0.1619702398643962
0.04627034550399652
0.09432443031775099
0.12134586121620876
0.026543453651746467
0.08021564482312117
0.11522078208093132
0.14685626190371945
0.12832174136669242
0.12642755223039007
0.08096348084343065
0.06191263793467832
0.10501080152711698
0.145686255036188
0.0998850520824947
0.1830007764178195
0.1185292907175608
0.12347048015466758
0.13058460754941084
0.1578220510980048
0.059858301274029406
0.10761616126209057
0.08791188164780449
0.06713416131346353
0.11151116683946125
0.10747887244048927
0.13979832598956168
0.1640595434665946
0.08424451685725497
0.1776493149144187
0.058933909566673846
0.10511975872629721
0.061496082924090194
0.07825808586078763
0.12344174916090976
0.06632737715491592
0.1472078257836204
0.09955591585847808
0.13345754470875754
0.07687414522492222
0.12596724526624062
0.1018567273276858
0.09913916995615832
0.11832932094278346
0.10763785327435471
0.22329124329345568
0.14357355572324845
0.14172932143057032
0.07326757068014038
0.16426184600485222
0.11937657918315381
0.09959888358883161
0.07069195772887074
0.07345503215245637
0.1461620161675715
0.2376849992620659
0.10900788584720951
0.13436728469761355
0.09288570132671989
0.04284077396316986
0.05299786116561884
0.07177668021384827
0.09232528009618234
0.1475494013783256
0.12837561321378285
0.118924347741995
0.11740623599949426
0.10874520614119579
0.11742616085419806
0.13792483539033967
0.09864595926995078
0.09768116913827336
0.049716579935713004
0.07135720824589953
0.09297741194105973
0.19381160821233476
0.08968865494742724
0.09984892317360002
0.09094002166031194
0.08456262704099313
0.11671723310064408
0.10686649712643462
0.08086292763307158
0.07444119112460612
0.1329030827323712
0.0861660666476577
0.06781980602473985
0.07568114555657043
0.07405219025427609
0.12130375475888806
0.04596350689410197
0.09979368359823379
0.12235629040411108
0.09251907696307171
0.09229497145861387
0.13838682555693335
0.0987981294695471
0.08242414086791021
0.1285120861991475
0.11449057113246194
0.09219443882050525
0.13422187646834313
0.13099462827501288
0.11762867500094996
0.08695017594332707
0.12576803385413118
0.10225328148947353
0.05549086675871097
0.19192015203796992
0.086203957284202
0.09424163083531312
0.1666701632618372
0.12087819350251396
0.08872463720451508
0.13384551313772267
0.08711565505447132
0.1388271754881966
0.06167717354920959
0.15877997908475144
0.1662762116175145
0.11179086553095528
0.05620507666442011
0.11976825697014906
0.08695088491146764
0.023231203331046606
0.11465061065973714
0.10883299404611954
0.07169665815802416
0.07009249020068507
0.07733283228968243
0.07050432391614388
0.06924086285289377
0.17424027006407933
0.18322597493904272
0.08395780197211675
0.18973325812008365
0.18488662054629199
0.2821915385180286
0.36170926756624666
0.1528210010645645
0.15426401650932217
0.19672957694690144
0.0919791790565796
0.06053787826593699
0.13014476352171706
0.1194859639342342
0.11941187639188554
0.11450530509942577
0.20341545189980284
0.2957623938896826
0.2137636925908737
0.21639522071927786
0.09271353829119887
0.1487292564207954
0.11809297651676129
0.07875749730166197
0.08501441771659302
0.14576335976432478
0.0678060301205343
0.07219299079068671
0.11682518477209669
0.16522149605069508
0.053395056864246726
0.16629872757143208
0.09736626132507809
0.13694981553791358
0.10557593460128244
0.06987068566793044
0.0805636852535047
0.10068285061113004
0.042000804761690755
0.05326223893124344
0.11009446989295871
0.0739442262378621
0.060881522783477394
0.053362171847506294
0.10152567534740749
0.07696755669270974
0.22253050550144898
0.07897451552188224
0.08628192812700165
