-126.93162432024556
-263.0139357859638
-374.32858901309527
-500.4216375350952
-467.2778900691441
-494.9430381273894
-539.8601851397395
-545.7353398558182
-522.4887595011892
-642.9627884104505
-679.4634271393173
-666.7232692032915
-656.9203904587002
-680.5881003366637
-725.9015724604031
-794.4414256574921
-756.5282324514081
-730.0209022732923
-759.1923687491
-761.407021403862
-772.3756631244712
-778.4572987886069
-847.8419029943404
-827.4357048772996
-838.1826456307266
-804.1936813917029
-751.0534579720915
-789.9246760952857
-809.8909926875945
-861.2371521347678
-810.256892595423
-850.7809833227764
-834.4027882940758
-887.8916663596158
-892.9837946034796
-865.9376318399808
-919.160767199257
-855.2029698455389
-838.6363362518873
-851.3387759863506
-839.016658242397
-866.060780538392
-918.1808906414542
-948.5256972422798
-846.946468036845
-845.8959697424541
-931.7783273266208
-918.980708390337
-872.3240961083619
-974.1619463977726
-952.4503350763277
-947.128618719391
-900.9722771710515
-931.8115096905265
-946.7835218016453
-953.034311567034
-910.039601462228
-901.4170092393725
-1022.7485683458741
-859.6349407560814
-904.1079362438571
-901.3123917821365
-937.4028557983961
-919.2133716811783
-953.6391017909424
-897.1509523523569
-1010.140317943239
-913.8052408376597
-959.006832562284
-935.8648719084428
-955.6680283788162
-925.5898983775196
-947.0382130530572
-914.5953132699711
-896.7442723902689
-935.1145915721419
-966.8775941699331
-926.7501596822167
-934.2445287045246
-927.4933085990941
-903.8277848041552
-937.2908260679465
-945.8493534738567
-984.6969003809213
-918.1542220423298
-978.562754125639
-924.6294514704409
-933.5763211931501
-969.6523412537465
-974.3492098865421
-923.6881350591984
-940.7127139183783
-965.9413627413561
-1017.4233577921643
-904.4298160164037
-1004.106704641597
-929.3362004987655
-917.6415699901669
-988.2827721872637
-951.1108698493325
-918.8332460135359
-960.8971490816037
-923.9005670327745
-930.6587887952954
-971.2437188987908
-951.6776384362428
-1008.3156596680391
-999.3303211581323
-868.2729589576545
-1048.0209778289093
-950.3790768742012
-957.8736449562459
-978.3694360970352
-966.2736404458499
-976.8414992934548
-949.8256412980743
-980.9181756929319
-1025.7241881234306
-980.9236253505478
-963.6169692448208
-892.8546920811526
-981.325382092032
-989.1985711458092
-927.58911027337
-897.9439189137402
-976.5710887084908
-938.596111824985
-903.3328297171175
-991.1768379738803
-891.874271023658
-964.2748862411569
-947.9278800366661
-977.2391838390157
-1011.6816575054748
-954.4845955844299
-1013.7883566931096
-1005.1637053116126
-961.2970040229059
-909.3433648913687
-895.8193729418214
-946.4307189976565
-931.288596465291
-1008.7627977248161
-939.2210738010671
-1053.0072379397907
-1001.2347192500594
-986.9961397021597
-1007.4638355536395
-1019.3466935113828
-952.9219782253564
-1009.8053771691389
-910.4692884524297
-995.9512952110185
-997.4565002511723
-1007.0666149332776
-982.8620142255511
-1014.8759488224434
-983.8898468017578
-1012.4442861530638
-949.8762344083478
-945.1451155842724
-974.1741635283017
-1029.8541758840533
-1006.8521593155399
-914.9377229839976
-966.055573766682
-1024.0560056361185
-1022.8752127693546
-997.5457276550856
-1001.1619132608862
-972.2950420467535
-947.8069696030858
-1016.6702807444032
-982.6279607676141
-962.4024049345799
-1035.0544458380493
-1056.940132123534
-1036.33113172307
-1063.9545727039813
-1034.3470888335585
-1030.1534697009672
-939.9714861135878
-979.4975828970632
-1043.303355238954
-1117.698181521508
-949.0166702709989
-998.8529770319363
-1078.4337799845753
-1010.9672869581232
-961.3850780785908
-1041.9407947316147
-1032.3492477830105
-1045.682468379148
-984.9113708707044
-945.2888044893467
-1054.3657909780054
-1008.7410424755466
-978.1812572347403
-1034.0335569074077
-1018.579968606272
-1046.1138504133796
-1021.419851856847
-1123.0025030391007
-1018.4648594856262
-993.8938061762515
-1024.9699662643643
-1069.8983402164301
-1030.5405174026841
-1029.3145111716838
-1104.589310131864
-1034.528424276185
-994.3463746523528
-1015.6015053586476
-1015.3691132639959
-1008.8008275801136
-1102.4181070393681
-1012.5114782746487
-1069.749442728983
-984.3618382836268
-1073.2539171139765
-1090.2291271016345
-1083.8889337926416
-1100.4053917403594
-984.6504813339303
-1041.3211228946386
-1044.598283864386
-1045.5778084680232
-1074.0562810765982
-1030.4070400466567
-1035.7069388205005
-1006.2981604650822
-1058.7531165988764
-1044.5425803892074
-989.0993041376913
-1042.2660602270732
-1022.0031670425345
-1021.0844142228227
-1040.655210196148
-1027.2304766430832
-1050.849643028277
-994.5488260462537
-1043.7886702717724
-1086.695353569523
-994.6481888239285
-1135.7735095661358
-1017.5667778094244
-1099.1305948776035
-1037.7144736188898
-1101.6347871771607
-1037.9140492232714
-967.121090888977
-970.4294722245036
-1055.5797816333684
-996.2903114881384
-1046.6722361481134
-1046.6333209578343
-1048.661465798655
-1062.5613469506188
-1023.5518868749592
-1073.2999835607643
-1047.8975013346167
-1032.1290415047501
-1102.5527347617435
-1112.4174340507402
-984.4524244932535
-1029.519800634428
-999.6889485741541
-1042.5599198846774
-1085.2299443258119
-1034.192961648862
-1063.1625404885287
-1062.0639709261704
-1045.8011043302474
-984.7620983211675
-1086.5025060671267
-1060.0896351370393
-1026.1094744227448
-1100.8377794648095
-1082.834362785937
-999.1227489242905
-1076.7334899726552
-1023.9878174742246
-992.580562468498
-976.1942457735264
-1034.806584670247
-1033.096121432045
-1034.5097103206792
-1062.292671256351
-1136.908357154389
-1105.005224043323
-1106.8508991997362
-1054.4045224870954
-1079.1844563286425
-1085.7294014785696
-1046.1632259430423
-1088.214947942215
-1061.4744500278878
-1030.109637660365
-1009.8756118282195
-1068.6033657970515
-1013.2350687299456
-1061.4106595439296
-1005.439262688984
-1050.977298589346
-1039.9545727918774
-1083.0450157833538
-1063.6807717815523
-1105.4785143944525
-1008.9409419116886
-1137.0693340301514
-1061.6974383894749
-1064.4592573368054
-1090.6684714901833
-1090.157052591649
-995.4021750770955
-1011.5002429803945
-1080.0384113645773
-1068.3397265139813
-1044.436647652481
-1065.1839754965997
-1030.0642857353807
-1092.0850065732332
-1095.0023401497697
-1039.2263042959748
-1012.7799931187784
-1096.4167744509086
-1060.0737900975662
-1051.2449146042222
-1067.7090632003574
-1065.5578979632821
-1101.2308974288026
-1088.2603550396757
-1039.1837918681483
-1067.0384571409445
-1037.5759203862485
-1061.367300745529
-973.9815189695578
-1163.0460543302897
-1017.327455672251
-1007.1340658906418
-1074.0003735766434
-1054.8802889371248
-1045.9729819231868
-1097.962984111452
-1041.9767963391844
-1011.3281979538878
-1129.6879973873015
-1062.6977721886701
-1009.9418431734709
-1036.1026207356958
-1092.9508726937431
-1097.143997047354
-1060.0755050248265
-1040.0201955347018
-1018.750549861363
-1096.110291177776
-1067.0232697236372
-1062.9080590103079
-1118.4741972822198
-1068.9354690692392
-1062.6874785181565
-1083.1813305094495
-1101.8793567534417
-992.8231755269837
-1059.9810260122272
-1016.8077085996003
-1032.744256683209
-1076.9449635870446
-1024.7177293311615
-1052.8723348802137
-1078.6997822374792
-1063.8298152756581
-1094.544013177195
-1035.757213434316
-1100.350692151329
-1088.9944876174225
-1079.6146454877019
-1097.3909166221795
-1125.4990399971537
-1025.9968168548723
-975.9480694889473
-1075.8996683111939
-1072.670405585645
-1039.1773163711969
-1040.1263905263716
-1128.5340489857758
-1112.2688381704866
-1080.3789504123722
-1111.8171468044757
-1039.2397368965062
-1049.410780700121
-1035.5047500364242
-1070.2851202982363
-1088.3644882764684
-1057.4168074647403
-1043.6789432472897
-1076.2149428266534
-1060.345424010457
-1089.4903248202415
-1004.671256948726
