-70.71697149463513
-296.4295798919168
-379.6626511411183
-457.5854659717753
-431.55618621127394
-437.20844703445783
-478.9042519336472
-523.7723484302995
-513.3567575881009
-522.3035084421184
-536.6066649652297
-560.1751935844597
-615.1877104236233
-597.569700636622
-657.1955683236847
-645.1586385981827
-668.9903446364513
-676.5849312065933
-709.9842820409256
-644.4940498457527
-707.9995817720616
-674.9127932869344
-767.41380886658
-703.7625690407467
-670.3979526115453
-753.7582237841347
-724.8924597990678
-719.669308697573
-807.4122649601528
-786.525466409147
-769.6308723353021
-766.100831203197
-837.6622482862341
-830.8702673142956
-805.3272125347419
-828.1792815599573
-850.4401707275672
-823.8270375651698
-827.1555009129959
-830.9209787351195
-838.275118120255
-885.3450069691179
-819.2595187112483
-849.2331067977414
-872.6184195593205
-890.1782556832661
-870.4283955481744
-864.9549172748618
-886.7502969838507
-890.7957958801551
-848.964185846566
-887.9845636956703
-887.4163111146145
-928.0511369661252
-957.9051051337598
-891.2959406277001
-883.7686607255364
-938.1142148136544
-866.6843295965326
-906.2189525041712
-930.4226514425146
-922.7895607926329
-962.3237906337333
-903.1524385724749
-941.9317798614502
-917.2482933097172
-901.3923349776027
-897.6696943643456
-931.9999516922207
-938.684071554017
-913.2597362324939
-991.3168358561081
-879.495539680604
-906.0785061533
-935.3882634255194
-921.7061607782742
-964.8358081870365
-1015.0880233834965
-932.5431105793896
-904.6942233951411
-899.0478146109164
-907.3278184266684
-919.5257370812552
-897.1411709763487
-933.1129101344517
-958.2183362196118
-979.7355231227963
-969.2212524062478
-958.2714907123196
-977.4120080130441
-917.8654746459925
-930.3689737275998
-945.6275101762762
-1001.0635526806528
-997.4019759920885
-939.3539350307482
-947.1781410599634
-902.907417420418
-971.4061127412155
-948.4520185707901
-968.4023641770885
-978.5742690793929
-956.260079221242
-930.0375575579806
-907.396490492579
-950.473737523303
-973.2532227335987
-939.9212308039863
-1005.8044643841581
-965.8615259794595
-966.7305870319841
-978.7895295279367
-974.562120696916
-943.2557699976978
-1018.2049019984935
-934.8478252041724
-985.4547386169434
-946.178053596602
-981.1132132358815
-1048.2137554801554
-918.5051210289178
-971.4894018920336
-999.0453686692198
-1018.8378226020918
-1014.4088486702211
-1014.2516955626176
-965.1280198998165
-992.2833252788139
-993.8908412247758
-1053.5196330865956
-1001.2838373843426
-955.1581214342249
-1046.8668353700418
-1000.7267214867377
-965.936443856235
-996.2173240063927
-1016.0555108769149
-1011.1235756698292
-984.2492894818706
-976.4463213951357
-977.5863727226784
-955.4022279203213
-997.7415777944749
-1030.339343374226
-992.3993705362768
-1003.6881286691411
-993.0198701515725
-949.5899262230517
-957.8155073789957
-999.7634380358155
-969.9736233460739
-1000.0733073977282
-997.6699004327097
-1004.2169047588577
-993.4015153454196
-1023.0592057188535
-1012.4246399611372
-1050.1460166922363
-1050.3119266000213
-1014.8863037566435
-1006.8345213859312
-1049.2197618308705
-1033.6424429054084
-996.8963909412859
-1037.7712291418682
-1018.0603604997907
-960.6266646934545
-1016.0499581895116
-1023.3262867553992
-982.7993460822215
-1004.1925374439785
-1012.0991711902179
-1009.8674301090329
-1011.969092971169
-1009.3604274345433
-1055.4247705134378
-1009.9876236849666
-1032.4729554488363
-1040.0743926791001
-986.3499526977539
-1067.1121068253494
-1065.002818199896
-1020.3844955374019
-1004.6505352494903
-1023.7972954780824
-1055.5841464556856
-1067.4998970163583
-1026.4481171638736
-1021.8919107199814
-991.3887377620292
-1101.9516187395368
-1021.464578417589
-1050.5846909905358
-999.2013741594305
-1027.1206591557798
-981.1873844164307
-1013.7667214529855
-1001.3900334054973
-1004.2478327069964
-1005.1438917871994
-1109.9982133680774
-1037.1410220273629
-1079.0003811533002
-1029.4152320123487
-1093.282035774899
-975.133602212651
-1006.3875714139455
-1013.3056006717243
-1009.2387635586998
-1057.33071361489
-998.7183017994402
-1042.7079055408178
-1031.5728796989688
-998.7992423053162
-1015.4588958810551
-1007.1537580709853
-1023.0147197565176
-1018.2027952835856
-1053.0866371585478
-1093.8721751903058
-1066.5874466434602
-997.6156046643235
-1068.9314732529601
-1052.6761147371635
-1058.2625473303729
-1038.3988522120885
-1105.298583210888
-1073.5424420569898
-1102.1856861026606
-1088.8369498890117
-998.6891631201115
-1008.7219623530515
-1067.2084069142145
-1046.810575931303
-1037.257682026806
-1066.3265978114396
-1073.2974737844158
-1092.5537898540497
-1096.4321519086986
-1114.634104680356
-1088.8106914247785
-1073.7464117410545
-1099.2399323283253
-1125.8639030632335
-1099.1478054204845
-1088.039803430232
-1027.661315491672
-1075.2938345016971
-1076.8331848707066
-1052.678646193122
-1035.1495997345392
-1090.2584158198624
-1094.6539190969158
-986.3277196928103
-1098.9506260744438
-1057.9803542387651
-1065.5796752953859
-1016.0076701344433
-1042.346451790102
-1041.3609817082981
-1099.1882212766304
-1005.5509982658422
-1148.4153486330938
-1096.917218819192
-1101.2280556023945
-1098.4786716320548
-1071.7216198828912
-981.012393781117
-1051.584817666612
-1101.948591882732
-1080.511780589407
-1051.3016197318855
-1050.425454293528
-1090.7650550895023
-1128.7322124358147
-1128.1235499579786
-1086.4798473290034
-1160.0168457207042
-1011.3501283584103
-1120.382896440919
-1050.1528733952255
-1009.0186573678997
-1110.7980623377084
-1109.0230301184588
-1087.7752010690451
-1109.083114166963
-1037.0413653378114
-1021.872245116168
-1056.908572465044
-1094.12300280382
-1013.3416738026702
-1009.3612160748601
-1075.291104611164
-1079.6534973707066
-1071.3613156876806
-1111.7698774909095
-1042.6697793775988
-1095.3272806510397
-1110.8172815208611
-1086.6852837136264
-1116.8586191625639
-1047.9477647702265
-1085.9166136622978
-1090.049141321314
-1002.7279989005234
-1113.6323846463233
-1034.243417955214
-1063.650706735075
-1099.65704817706
-1069.821180950112
-1106.1778184213947
-1078.1650491617793
-1127.8391881318685
-1040.676027548478
-1067.741766191298
-1149.086537198537
-1066.7215243572464
-1097.8700049000402
-1053.0874141218476
-1096.321305261779
-1116.9071803818101
-1145.9956777370471
-1087.4845601095033
-1050.8852638033677
-1112.4684518119707
-1038.7358964489351
-1133.3002243997864
-1083.4959169466924
-1095.3529327146468
-1048.4976903502293
-1073.312246507214
-1142.2934960835541
-1005.8396434168661
-1097.4561700073805
-1105.4431817894158
-1050.4726201422204
-992.8540708744032
-1135.5899984474006
-1191.725309532359
-1104.9565295557823
-1004.881191220701
-1081.5609107654766
-1142.837983707129
-1118.2792187528128
-1069.619195806266
-1139.3171380961546
-1046.124756632862
-1113.283332613756
-1092.3481963900376
-1240.4485442693333
-1170.026225155949
-1091.049148535399
-1098.909494619765
-1059.436027069795
-1131.7278462071572
-1043.346633207963
-1035.1621947398382
-1101.6297551168275
-1128.2066812822895
-1105.3331621407365
-1145.7305247421089
-1067.5523042810678
-1108.1952015320826
-1139.2933717718872
-1108.5090327856178
-1118.23188855681
-1061.9596599455804
-1088.7458164197508
-1151.1972902007917
-1097.8000782997378
-1113.129604163807
-1043.6534815153218
-1070.1704781923427
-1141.2813374084262
-1139.02771857477
-1026.96694707431
-1055.4020319995793
-1072.6314492906843
-1140.8272101934056
-1137.4734952197098
-1083.8974131570983
-1049.0172026849561
-1135.2267589305402
-1100.0482146575155
-1067.0381273014755
-1133.630513169249
-1077.8594816137568
-1154.2745403166741
-1041.3297063326506
-1093.6923340125018
-1131.5282113914666
-1102.5710999888759
-1091.940675471785
-1032.184888294765
-1012.6612633560111
-1061.154373273322
-1114.4909913946406
-1118.807465126987
-1043.449989092515
-1113.6921529901742
