0.07
0.06
0.08
0.08
0.13
0.07
0.11
0.125
0.095
0.095
0.08
0.09
0.08
0.07
0.115
0.08
0.13
0.105
0.08
0.07
0.095
0.11
0.095
0.09
0.105
0.1
0.085
0.095
0.115
0.115
0.08
0.08
0.095
0.075
0.06
0.095
0.075
0.105
0.095
0.09
0.095
0.105
0.07
0.105
0.11
0.125
0.12
0.115
0.12
0.125
0.155
0.15
0.18
0.155
0.165
0.215
0.14
0.205
0.21
0.185
0.225
0.225
0.255
0.23
0.23
0.235
0.235
0.265
0.28
0.265
0.29
0.26
0.28
0.3
0.325
0.28
0.31
0.33
0.315
0.325
0.29
0.36
0.385
0.365
0.355
0.31
0.365
0.365
0.385
0.415
0.435
0.38
0.4
0.35
0.42
0.42
0.44
0.355
0.43
0.395
0.39
0.425
0.48
0.495
0.345
0.48
0.41
0.46
0.495
0.455
0.445
0.455
0.485
0.48
0.535
0.49
0.5
0.445
0.495
0.54
0.465
0.485
0.51
0.53
0.5
0.54
0.51
0.48
0.565
0.565
0.54
0.525
0.54
0.52
0.54
0.57
0.59
0.6
0.595
0.595
0.63
0.59
0.6
0.555
0.645
0.635
0.6
0.615
0.58
0.645
0.53
0.58
0.64
0.625
0.58
0.64
0.61
0.6
0.605
0.61
0.64
0.655
0.595
0.625
0.645
0.685
0.595
0.635
0.645
0.675
0.69
0.65
0.68
0.65
0.685
0.68
0.71
0.675
0.7
0.655
0.61
0.715
0.715
0.705
0.67
0.695
0.64
0.69
0.71
0.68
0.61
0.75
0.72
0.69
0.64
0.69
0.72
0.76
0.71
0.68
0.7
0.725
0.73
0.675
0.685
0.705
0.715
0.75
0.705
0.72
0.76
0.73
0.72
0.755
0.73
0.7
0.72
0.715
0.745
0.735
0.74
0.77
0.77
0.765
0.77
0.745
0.775
0.745
0.73
0.745
0.815
0.795
0.745
0.755
0.8
0.81
0.78
0.73
0.765
0.76
0.82
0.76
0.75
0.805
0.76
0.785
0.785
0.71
0.81
0.83
0.775
0.78
0.825
0.765
0.76
0.77
0.745
0.83
0.795
0.81
0.815
0.815
0.825
0.81
0.775
0.79
0.82
0.785
0.86
0.805
0.79
0.84
0.835
0.765
0.835
0.815
0.78
0.805
0.83
0.825
0.83
0.84
0.82
0.82
0.8
0.82
0.83
0.84
0.83
0.825
0.865
0.82
0.805
0.83
0.825
0.855
0.865
0.8
0.875
0.815
