0.4745730875308887
0.509508197689386
0.39531129387460545
0.43523203825346335
0.40680513513802385
0.46338414074638473
0.40230111105685135
0.4498595518450583
0.4132805128114015
0.408396534724719
0.4227543160800011
0.4557555683197514
0.4261147776094999
0.4186647779518558
0.4027512163473164
0.40166534195023196
0.3844325176315717
0.4146406316125448
0.41664376926998936
0.4356279131110912
0.39115312294648263
0.4617964837888968
0.440185399168098
0.4347313084909993
0.41559255329145267
0.4355972900231313
0.42293405996352296
0.40782075388193956
0.42730573293525503
0.41785643503825237
0.47190559967871637
0.4414824831561284
0.46417973987105804
0.41905933327560874
0.4795725148531698
0.4383905623022312
0.42620225532263656
0.4502130641091254
0.40598095435872333
0.4345444936631462
0.441842072072529
0.37349673879036704
0.40780484889234814
0.4688691170843241
0.44685062690539296
0.40666828036720304
0.41862408581623284
0.39994429309384616
0.435719331048326
0.46564110663766684
0.45568433664910807
0.4122029163527049
0.4305979953520858
0.4119846078691669
0.3889761116990845
0.4060484232029058
0.4624749295035815
0.42525167896279265
0.42532733208092127
0.41450631612491223
0.3277817911163728
0.4002730604862013
0.3689289857989632
0.40617746925024395
0.3518253840883756
0.3858755179487752
0.34799417654215464
0.36141713803058945
0.37232823026139067
0.3150844360070844
0.37093283456625753
0.3501911381697325
0.4129256109625513
0.331983104588524
0.34400334705336855
0.3369513084330866
0.30764401984757267
0.30972659270266234
0.3343712140200874
0.3314582435285441
0.30172142008757263
0.3672383299380678
0.32421023154863016
0.33079419558018036
0.30600870105390726
0.29955514798515953
0.33087912627628874
0.2752003440384491
0.3025856662610297
0.3091411967525765
0.31030706790048407
0.34404824088726726
0.29270136305710415
0.36356377337248097
0.2983074354754615
0.3412863759405499
0.32067966543584375
0.3218447540109883
0.29907087265827137
0.2694553647722517
0.30825353786349297
0.2594648087375759
0.24847550074728678
0.2880188666245458
0.3200863406645812
0.29405604519190326
0.2698239438441767
0.28557538009390304
0.2553177883479452
0.26914162503787176
0.2634186124266018
0.24494686142502842
0.23336320991889672
0.2755315358694729
0.2741685132174173
0.23754690642777643
0.29636405072333766
0.2629802930876956
0.2723092114389767
0.226066012733749
0.2596874751047605
0.2621746879191168
0.2254058163836255
0.2656999415018454
0.25852505941682147
0.22365553302407126
0.21477515477051934
0.271068029157165
0.22124286735868123
0.2151610861244839
0.20620814981239458
0.2349895594066464
0.24314924345828146
0.21604891839836324
0.24254920391241425
0.21565468373498128
0.21234108475873822
0.19402971069332778
0.21713101103781693
0.21523236602218607
0.1850038123046679
0.21451625965046375
0.22808303748078276
0.22510943821446824
0.18674511423823745
0.18606005381998791
0.203447794712316
0.21071747279713093
0.21608353144819697
0.1838740699512515
0.20672218207364326
0.221144374807082
0.18038992453656216
0.18714003369838755
0.20231655286732322
0.18436679829873384
0.1735672255058468
0.1843249793572154
0.22257048019512732
0.16504104694454558
0.18130436976126948
0.17405695289218892
0.19600869982593483
0.20376189625398192
0.15042333888782677
0.18955379426543717
0.17813490318297515
0.1914227913178864
0.1742842243988365
0.18652686916403302
0.18967186268215167
0.18089989534459047
0.19542827559763798
0.15661219322049671
0.17446238912152737
0.20755195051076508
0.2007262523818229
0.14219624785092672
0.1413343163445369
0.1901188457397715
0.1478245530214723
0.17327651909733843
0.18011805879098067
0.17013080950038978
0.16510936964991554
0.1724251901279685
0.18775108252977027
0.14359415920444846
0.13586643650090538
0.1545702744691637
0.1370652509631411
0.13187976098822726
0.156906914036244
0.1713854351959702
0.1956176643586001
0.17802712375036342
0.15577951470182883
0.1560698338614751
0.15297556584480987
0.1521953047824002
0.1712831834635337
0.13819350548435114
0.1349734679000744
0.17448428165067517
0.15338801475194033
0.18755868634033074
0.1555831710368605
0.15950447388051275
0.15317078246836968
0.16527343098556221
0.11050369322098376
0.14665813915433712
0.1554345013526824
0.17650968124011687
0.14182546326417417
0.19190735576410395
0.16778323655394936
0.15408966455325346
0.14263118255852877
0.14246974559017986
0.13009775347883218
0.13565182743898768
0.12395231629667536
0.12361193238023249
0.13066966750060316
0.15405227702211863
0.1363982165552577
0.16755999708406022
0.13340185180619335
0.14411601783545588
0.10486599686354386
0.11817022960006435
0.12895855130541914
0.13298362210719164
0.1284618567142514
0.11040067094398157
0.1263393241958096
0.17414826790543733
0.10612338170209902
0.12119400479643963
0.09209020163803276
0.12193519738133973
0.14002901637444423
0.11698789847250234
0.1202718114623146
0.11763820280484567
0.1458067214471136
0.18290116600257728
0.09253684388932853
0.12363615974203229
0.13837699741367862
0.14475528873807011
0.12428341274380937
0.14055297084362997
0.10243737850416545
0.11836903327087883
0.12692153795827088
0.12278449927989935
0.13667954864425153
0.10935113466550009
0.09863380142877871
0.11710338074622946
0.08707609438725794
0.12101456480725947
0.1139860919656335
0.11579488674083495
0.11867267205289038
0.12738316408448375
0.08395839434001467
0.12152855495388554
0.12549420998491492
0.09710541291498742
0.10909491823943841
0.14414053362545295
0.10504594854596752
0.10778344557210852
0.11570603371037243
0.12569315843724377
0.12347318749720083
0.09340624642343269
0.10285803871029453
0.10173065821571214
0.08812168856339637
0.10791862640969915
0.11273043090490997
0.10487462787796804
0.10225820237449662
0.08713844826637343
0.10523827005012468
0.09527466189287274
0.08856695740869033
0.11930773993567464
0.10090360466126315
0.10139772512262375
0.11788805480858672
0.10892330746239644
0.10431927124532635
0.12274512749747608
0.08097805426505691
0.11477415520241793
