0.46414318680763245, 0.13420304656028748 
0.9095179438591003, 0.18804605305194855 
1.15053129196167, 0.11962419003248215 
0.9423376321792603, 0.10132931172847748 
0.8292155861854553, 0.06095486879348755 
0.8984811305999756, 0.049666281789541245 
1.0469322204589844, 0.04380922019481659 
0.7006136775016785, 0.024879738688468933 
0.9742546081542969, 0.01891280896961689 
0.5299291014671326, 0.017956821247935295 
0.7683108448982239, 0.0 
0.8765913844108582, 0.0 
0.6428391933441162, 4.215905846649548e-06 
0.8109405636787415, 0.0034651055466383696 
0.7074059247970581, 0.002519915346056223 
0.5361131429672241, 0.004590937867760658 
0.6475701928138733, 0.00614004535600543 
0.36983010172843933, 0.001984506845474243 
0.48678794503211975, 0.0012230566935613751 
0.5112905502319336, 0.0009738887893036008 
0.3965485394001007, 0.0020656052511185408 
0.4239754378795624, 0.002376433927565813 
0.3942010700702667, 0.0025727374013513327 
0.4431726932525635, 0.006368544418364763 
0.3859773874282837, 0.019644269719719887 
0.23073193430900574, 0.044467102736234665 
0.26130908727645874, 0.032254286110401154 
0.19163408875465393, 0.033897191286087036 
0.2138337790966034, 0.030655957758426666 
0.17389684915542603, 0.028155291453003883 
0.13900041580200195, 0.03377571329474449 
0.1352926641702652, 0.023117434233427048 
0.14344871044158936, 0.02829691208899021 
0.14605431258678436, 0.023485684767365456 
0.1546940952539444, 0.028243349865078926 
0.1623167097568512, 0.022617632523179054 
0.15633763372898102, 0.02288629859685898 
0.13789929449558258, 0.024097219109535217 
0.1195589154958725, 0.022150646895170212 
0.15912148356437683, 0.016662202775478363 
0.14160683751106262, 0.020322022959589958 
0.19177544116973877, 0.024061158299446106 
0.1674322634935379, 0.02496214210987091 
0.1782449632883072, 0.02095319703221321 
0.1985662281513214, 0.019691431894898415 
0.18476936221122742, 0.018426869064569473 
0.22858403623104095, 0.0180976539850235 
0.15448865294456482, 0.020749565213918686 
0.23722095787525177, 0.021055690944194794 
0.21881066262722015, 0.023358339443802834 
0.28655165433883667, 0.019918642938137054 
0.2294471561908722, 0.02292267046868801 
0.20517699420452118, 0.022796630859375 
0.19334283471107483, 0.034692466259002686 
0.28528347611427307, 0.03847769275307655 
0.2806794345378876, 0.036741867661476135 
0.40543079376220703, 0.03266429156064987 
0.2769145965576172, 0.043418705463409424 
0.2959863841533661, 0.05094403028488159 
0.4916764795780182, 0.0637013167142868 
0.4844881594181061, 0.1089981347322464 
0.5522710084915161, 0.12112204730510712 
0.7102519869804382, 0.2000790685415268 
0.8126834034919739, 0.2142212986946106 
0.8116954565048218, 0.22442734241485596 
0.8115955591201782, 0.22643449902534485 
1.0722026824951172, 0.2796286940574646 
0.9164945483207703, 0.23223933577537537 
1.5420132875442505, 0.22390501201152802 
0.90966796875, 0.24139006435871124 
1.1425448656082153, 0.31915104389190674 
1.048040747642517, 0.33435648679733276 
1.0734935998916626, 0.4931236505508423 
1.3014793395996094, 0.3723120093345642 
1.2218974828720093, 0.3529765009880066 
1.184385895729065, 0.4745938777923584 
1.1722127199172974, 0.43506497144699097 
1.1206876039505005, 0.4526808261871338 
1.9617908000946045, 0.5450809001922607 
1.633815884590149, 0.542390763759613 
2.1066315174102783, 0.4699718952178955 
1.8580942153930664, 0.5740088224411011 
1.8322089910507202, 0.5488084554672241 
2.412428855895996, 0.6041212677955627 
1.5226106643676758, 0.6690695881843567 
1.6507794857025146, 0.6350637674331665 
1.6386915445327759, 0.8654734492301941 
1.5859230756759644, 0.7202022671699524 
2.703770875930786, 0.6635712385177612 
1.5399482250213623, 0.6898577213287354 
1.2122118473052979, 0.8374921679496765 
1.521752953529358, 0.7559415102005005 
2.14103627204895, 0.7525653839111328 
1.836629867553711, 0.7153071761131287 
1.5981913805007935, 0.722419261932373 
2.8468246459960938, 0.6190807819366455 
2.465830087661743, 0.8052769303321838 
2.1814284324645996, 0.9214087128639221 
2.4762067794799805, 0.9177980422973633 
3.1553847789764404, 0.7469188570976257 
2.920423746109009, 0.901477575302124 
2.8981528282165527, 0.7534732818603516 
2.959024667739868, 0.8945927023887634 
3.1898560523986816, 0.8306260108947754 
2.8572723865509033, 0.7890605926513672 
2.2396750450134277, 0.8746436834335327 
3.0479869842529297, 0.9146496057510376 
2.4935357570648193, 0.9744208455085754 
3.4286341667175293, 0.8854147791862488 
3.6522419452667236, 0.8178525567054749 
4.289032459259033, 0.8290658593177795 
2.4192984104156494, 1.1519769430160522 
3.3866066932678223, 1.0159729719161987 
2.9136221408843994, 0.9567058086395264 
3.698702573776245, 0.8613979816436768 
3.159435510635376, 0.9104189276695251 
3.9218087196350098, 0.997312068939209 
3.7963156700134277, 1.0151890516281128 
4.184831619262695, 0.9839426875114441 
3.297945737838745, 1.148437261581421 
3.5676686763763428, 0.9478306770324707 
3.3691458702087402, 1.015216588973999 
3.9673144817352295, 1.1613893508911133 
3.604682445526123, 1.1350150108337402 
3.629232406616211, 0.9158488512039185 
3.4178223609924316, 1.1135507822036743 
4.512205123901367, 1.0470972061157227 
3.359203577041626, 0.9326867461204529 
4.814209938049316, 1.0548138618469238 
5.229789733886719, 1.1133427619934082 
6.050455093383789, 0.9901419878005981 
3.8780429363250732, 0.9346688985824585 
4.095388412475586, 1.0576364994049072 
3.683924674987793, 0.9379643797874451 
6.502126216888428, 0.9414283633232117 
4.752511024475098, 1.1017481088638306 
4.41066312789917, 0.9563565850257874 
5.109080791473389, 1.1111522912979126 
4.912497520446777, 1.045256495475769 
5.528468608856201, 1.1377241611480713 
5.518028736114502, 1.1926628351211548 
3.9127352237701416, 1.0000038146972656 
6.22526741027832, 1.055632472038269 
4.973471641540527, 1.1244032382965088 
4.097390174865723, 1.2531065940856934 
6.520759105682373, 1.1674453020095825 
4.676347732543945, 1.1208707094192505 
5.771726131439209, 1.24944007396698 
8.298734664916992, 1.352519154548645 
7.988070964813232, 0.9974452257156372 
6.082399845123291, 1.2481905221939087 
7.740804672241211, 1.2372028827667236 
8.165755271911621, 1.0706744194030762 
6.027792930603027, 1.124734878540039 
6.120049953460693, 1.2732759714126587 
4.63361930847168, 1.4450596570968628 
7.980072975158691, 1.4352703094482422 
7.194578647613525, 1.171676516532898 
8.40220832824707, 1.13493812084198 
6.519791126251221, 1.1794987916946411 
6.322916030883789, 1.084533929824829 
7.503848075866699, 1.0539231300354004 
7.430667877197266, 1.351572036743164 
8.473104476928711, 1.313611388206482 
6.371219635009766, 1.1802630424499512 
6.8552141189575195, 1.494976282119751 
9.000591278076172, 0.9602465629577637 
10.130546569824219, 1.3135197162628174 
7.181600570678711, 1.3411341905593872 
10.384586334228516, 1.238978624343872 
10.8115816116333, 1.282319188117981 
10.928655624389648, 1.0991352796554565 
8.775514602661133, 1.157043218612671 
8.421772956848145, 1.3627763986587524 
10.563322067260742, 1.3936877250671387 
7.546513080596924, 1.1590019464492798 
9.003691673278809, 1.1687207221984863 
12.81938648223877, 1.5202332735061646 
9.784562110900879, 1.2131401300430298 
8.549835205078125, 1.1373670101165771 
