1.06029672441738
1.0926372621740614
1.1648086564881461
1.1073158723967416
1.2939321121999197
1.1277118836130415
1.0424601009913854
1.1931148213999612
1.0024938977190427
1.1199045138699668
1.358465354357447
1.3100993484258652
1.4578663451331002
0.8392205014824867
1.3449779067720686
1.280008964240551
1.3474143764802389
1.071620061993599
1.1342302177633559
1.4737924699272429
1.4037307436977113
1.2376849736486162
1.2883637249469757
1.2654706708022527
1.1599224358797073
1.1665869376489095
1.076665997505188
1.126551119344575
1.1884263530373573
1.0833014377525874
1.297101563108819
1.0878398354564394
1.2433335185050964
1.489093576158796
1.6096086778811045
1.2362409798162324
1.3800713973385947
1.0996929864798273
1.3367385097912379
1.3307049785341536
1.1533786611897605
1.1209303779261452
1.0534995485629355
0.9640388148171561
1.2549478837421961
1.0917559329952513
1.1550911792687006
1.1421483808330126
1.090894232903208
1.1024696294750487
1.1737664235489709
1.3064024490969521
1.1185610416744436
0.8907509786742074
1.3341289120061057
1.134870937892369
1.1007032181535448
1.287425207240241
0.915990167430469
0.8651513137987682
1.0504271952169282
1.1861578087721552
0.9708913490176201
1.2004553537283624
1.1805311782019479
1.4770995421069009
1.2341489648180348
0.9451205517564502
1.1222318708896637
1.1530912284340178
0.9860834756067821
1.047455478991781
1.121566254645586
1.3376168076481139
1.3027131387165614
1.3320654098476683
1.175251019852502
1.286850402530815
1.1175271985786301
1.2583517602511816
1.2474198809691839
1.355935473527227
1.346410604459899
1.3047212362289429
1.3257021648543221
1.0475644554410661
0.9257437608071736
1.0346814436571938
1.094915400658335
1.2019936676536287
1.0786586805645908
0.9584846109417933
1.1883539387157984
1.2013577770973956
1.283354674066816
1.3493084928819112
1.0967035389372282
1.2737416348287038
1.2517515846661158
1.1491394660302572
1.1857690726007735
0.9243802449532917
1.019767450434821
1.2278312120054449
1.1904855104429382
1.3196017699582236
1.003861184098891
1.2278152512652534
1.1782751551696233
1.1559430552380425
1.0773441812821798
1.0499168416219098
1.0189312504870551
1.205647153513772
1.4266881815024786
1.3465598630053657
1.0435857677033968
1.1547686119031693
1.2084041642291206
1.1741189626710755
1.1819971895643644
1.320296436548233
1.1668769014733178
0.8874482919595071
1.2941450348922185
1.156717870916639
1.1369924332414354
1.4068350195884705
1.2823739615934235
1.2974879145622253
0.9632452534777778
1.2687300911971502
0.9798086679407528
1.1266822868159838
0.911893510392734
1.31202732026577
1.3098273149558477
1.1697541698813438
1.1886987601007735
1.1071365907056523
1.276865045939173
1.1584386037928718
0.8891440358545099
1.086216427385807
0.9513343838708741
1.1386538930237293
0.9943341804402215
1.0545004082045384
1.0069932746035712
0.9393157908426863
1.1255260046039308
1.356122532061168
0.9985403011419943
1.0047570168972015
1.0611654903207506
1.1474478808896882
1.1957769564219884
1.0335101229803902
1.0651071002440793
0.9234187159620758
0.7451554441358894
0.8822553950761046
1.0784223673066922
0.9360646307468414
1.0081438954387392
1.1986836322716303
0.9885922563927514
1.0054904903684343
0.8787939146693263
0.9568342260484185
1.1502503518547331
0.9288760338510785
0.9054290492619786
0.9074101203254291
0.9760635644197464
0.9939584689480918
1.0386850812605448
1.0808571704796381
0.8839038333722523
0.7374485092503684
0.9715394484145301
0.9516912787221372
0.9937952650444848
0.9282000597034182
0.9935407234089715
0.8991105215890067
0.9707842086042676
0.944581925868988
0.9187973269394466
0.9517788631575448
1.0548432724816459
1.1555524809019906
0.7062105456633228
0.9455695833478656
0.9152816129582269
0.8978356506143298
0.6633490986589875
1.0045477662767683
0.9477151208198987
0.6707425309079034
1.0162857749632426
1.019946385707174
1.0458206066063471
0.7595946815397058
0.7883169975663934
0.839995899452613
0.9765661848442895
0.9422660257135119
0.7992244511842728
0.8239155103053365
0.7794381592954908
0.9824748975890023
0.8116809683186668
0.7671585051076752
0.9117586697850909
0.6758261849837643
0.7885939276644162
1.016539073416165
0.8589779500450406
1.0224001641784395
0.9075700555528913
0.8103763008756297
1.0304737772260393
0.9973613279206412
0.8483565183622497
0.9904549632753644
0.9159701211111886
0.8934323031987462
0.7584805839828083
0.8899408195699964
0.8061137539999825
0.7974501507622855
0.6240827856319291
0.8970342831952232
0.8139126236949649
0.8742646096008164
0.7672279264245715
0.7633064910769463
0.8382361020360675
0.9001270106860569
0.8888324797153473
0.8851251719253403
0.8176495049680982
0.8939711515392575
0.8273260534874031
0.957679033279419
0.7785995432308742
0.7166743736181941
0.6340130578194346
0.8022625942581466
0.8326566453490939
0.9006207819495883
1.0469450226851873
0.8431710515703473
0.7262246747102056
0.9809958721910205
0.8244936125619071
0.8907618586506162
0.8187741184873241
0.9439677843557936
0.9024313773427691
0.8466519015575094
0.7682069305862699
0.8832350713866097
0.7779261363404137
0.9231467310871396
0.8139378598758152
0.7797079756855965
0.6104275238301072
0.9457401973860604
0.8798927260296685
0.6101687518613679
0.8812960116909101
0.8183221008096423
0.7475167246801513
0.704597855252879
0.7636424267132368
0.688907612647329
0.897912764123508
0.8069646238748517
0.8196874750511987
0.8707331376416343
0.7957666665315628
0.734650262764522
0.7454626528280122
0.8234612111534391
0.641062103744064
0.6551545890314239
0.7711828542607171
0.7654462520565305
0.5935031127716813
0.8244132016386304
0.7588374859520367
0.8995400156293597
0.8759081406252724
0.8538760989904404
0.7674228144543511
0.6234359155808177
0.735520567212786
0.7729683348110744
0.7713790280478341
0.727578918848719
0.8995476109640939
0.63389091193676
0.8111142047813961
0.7500839084386826
0.7830729516489165
0.7152757171009269
0.7462724596261978
0.7474357608173575
0.7465249747037888
0.854262922491346
0.785065661583628
0.6638152498219695
0.6781430574400085
0.6288790149348122
0.5735208883083293
0.7374068860496793
0.6528921308262008
0.7745118476450443
0.5751390696636268
0.6722888999751636
0.7132200875452587
0.7905823567083904
0.7553716514791761
0.6181419917515346
0.6869721327509198
0.6460072653634208
0.6802205720118114
0.8287287460906165
0.7738726373229708
0.7304439209401608
0.7369267397693225
0.5414821407092469
0.5314606821962765
0.6097707588757787
0.86507947742939
0.6229848893625396
0.6549170975174222
0.5684040827410561
0.5211166036980492
0.7356978910309928
0.4893007480672428
0.5701551416090557
0.4919182578367846
0.6539434960910252
0.6485598044736045
0.6145266539284161
0.7001896926334926
0.5945561687861171
0.5959090654339109
0.7582234059061322
0.7848772768463407
0.7069802433252335
0.5882504199232373
0.6133741119078228
0.6222289172666413
0.6435296695147242
0.7432923189231327
0.616455285676888
0.6453145018645695
0.6830463366849082
0.6106614731252193
0.6094729857785361
0.621962268437658
0.6126100101641246
0.6081079798085349
0.6386971846222878
0.5925264592681613
0.6206286432487624
0.627287072794778
0.6427874831216676
0.5013101787439415
0.5393077965293612
0.6288166828453541
0.5741690631423678
0.5137398025347336
0.5944407124604497
0.5744104534387589
0.6401660527501788
0.5373763676200595
0.5809512691838401
0.5727305582591465
0.5537487816597734
0.5230444318481854
0.4721774799483163
0.5192501688642162
0.5759350753256253
0.532364156629358
0.5529454563345227
0.5692871968661036
0.5289887551750455
0.522687948175839
0.5987528147442001
0.5132050109761102
0.5151432720678193
0.5443744648780141
0.5664931216410228
0.5257529488631657
0.5658767287220273
0.47577550262212753
0.6396217798548085
0.6092409512826374
0.4952148582254137
0.6772921479174069
0.5761709670935359
0.6615621490137917
0.5410578485046115
0.594583730080298
0.4839737457888467
0.48849805338042124
0.43540657098804203
0.510738981621606
0.46794491899865015
0.5690286776849202
0.49549602823598043
0.5526664203831128
0.5383707391364234
0.5699043657098498
0.5065647800053868
0.5873002686670848
0.4916634623493467
0.5244263575545379
0.4762911591346243
0.5313109047710896
0.5252741383654731
0.5007279430116925
0.4491819635565792
0.6088370925613812
0.49371166740145
0.4603885421529412
0.4798497238329479
0.4914991238287517
0.40579442733100485
0.3178196984476277
0.4401856626250914
0.3935974378670965
0.40447562134691645
0.4586035098348345
0.5112704496298518
0.536072595843247
0.4191711324134043
0.435096233018807
0.47882063846502987
0.516284741461277
0.451425489038229
0.5383157112768718
0.4328874189938818
0.4707043708435127
0.4060566207127912
0.37945434930069105
0.3702742005698383
0.4590466075709888
0.4338530685220446
0.43636526513312546
0.44756543317011427
0.4288460931607655
0.4956425353884697
0.39945661063705173
0.3721412569284439
0.4155625807387488
0.48840111600501196
0.36103212567312376
0.5025185325316021
0.40843912746225086
0.47035556605884005
0.41349038907459806
0.3481888904103211
0.4074278191796371
0.3574509016637291
0.4358972523893629
0.43536801849092754
0.3956271250333105
0.3553155367927892
0.369382859606828
0.353673449584416
0.42143477499485016
0.3740413412451744
0.3593570909329823
0.4328947642019817
0.4512743481567928
0.459059755717005
0.46094343651618275
0.4370811400668962
0.3498402903122561
0.40997043358428137
0.35951188851946164
0.3452035263180733
0.32326567811625345
0.4129211242709841
0.3888189670230661
0.43101147775139126
0.3186978256063802
0.4110653953892844
0.32800179507051197
0.4202237400625433
0.32302049015249523
0.35517038519565874
0.35344419734818594
0.34821090421506334
0.38102051402841297
0.40936081430741716
0.36468944379261564
0.29930179193615913
0.265667251976473
0.36037009049739155
0.43576012551784515
0.27555400718535694
0.39758646860718727
0.389790947415999
0.420558291886534
0.34163325067077366
0.30872430013758795
0.3695058056286403
0.44077916017600466
0.34887477063706945
0.3705575487443379
0.2876876050473324
0.2994257171771356
0.4022280339683805
0.3402521110006741
0.2652274293026754
0.43077425020081656
0.3219709268638066
0.2713860659194844
0.27579975088260006
0.4003334050732
0.3042264181588377
0.38562831921236856
0.3017838937895639
0.3225766175559589
0.36323999081339153
0.36679778567382265
0.280649018074785
0.28174283994095667
0.34624014102986883
0.27348955028823446
0.3412071663354124
0.276193163224629
0.2905695986534868
0.34463815497500555
0.2948214039206505
0.3507456641112055
0.2262255118361541
0.37161529809236526
0.3266877734235355
0.21970096895737307
0.24348012411168643
0.29544268388833317
0.3552425450512341
0.32291059887834955
0.3781930995838983
0.3617921946570277
0.2320637000458581
0.28770264983177185
0.348003480051245
0.31145717815629076
0.3791623929781573
0.27908480406871866
0.37193388312256764
0.41889495509011404
0.36191517966134207
0.2744274927037103
0.31543360251401154
0.35027254186570644
0.3733952247670719
0.2750899504337992
0.28817005082964897
0.2547014036348888
0.21546534089637653
0.33784171885677744
0.32245846412011553
0.3526372473154749
0.2737600313765662
0.2878396968756403
0.2982116618326732
0.29795470727341516
0.29873774839299067
0.3086368226047073
0.2109206717993532
0.22041253905211175
0.33860007034880774
0.2509878735457148
0.3005404717155865
0.2523771257006696
0.28609397475208553
0.23835954708712442
0.2712566629052162
0.32187372419450966
0.3437783010303974
0.2821086615856205
0.26568546924473985
0.2799200053725924
0.2712746299803257
0.2888118119112083
0.37827314596091
0.392999136022159
0.2810608505138329
0.26296813786029816
0.20745931512543134
0.27793964170492613
0.2417137428585972
0.2485705398555313
0.23268807576304035
0.2633414618097819
0.2679352244096143
0.20264739862510137
0.3208007753959724
0.26505573226937224
0.28202058534537044
0.2668213588850839
0.3052074121577399
0.23768659228725092
0.23097361770591565
0.20199341300342763
0.21938619762659073
0.35056447397385326
0.32281795144081116
0.18121864832937717
0.18730071130474762
0.19877221089388644
0.23229894707245485
0.272730574543987
0.27037627356392996
0.21988138356911285
0.17043876168983324
0.23834660522905843
0.24872759569968497
0.28254105736102375
0.2699749057314226
0.22857476345130376
0.2797272221318313
0.1401410023016589
0.2159438423280205
0.25128572274531635
0.23257423568117833
0.21630966423877648
0.2778163451169218
0.29343860569809166
0.23950440123943345
0.2706329650245607
0.31330711687249796
0.2863384187221527
0.1783434362815959
0.31515999377838205
0.23977480083703995
0.18777074052819184
0.20061496485556876
0.23125203672264302
0.25819910131394863
0.20703726155417307
0.23114322578268393
0.22571119320179736
0.23354126646050385
0.2273034889783178
0.2329534169818674
0.19492406480444166
0.1673742072556966
0.34743383979158743
0.24676521814295224
0.21316908126963036
0.24023786266999586
0.1972400887337114
0.22280496185911552
0.20349283064050333
0.24756793850766762
0.20392041147819587
0.18325943419975893
0.22584108003814304
0.2568870351782867
0.1809733881215964
0.1693538971511381
0.13114470729072178
0.1630615869736565
0.2156406528249915
0.23045549295576556
0.20105150075895445
0.27435107848473955
0.23188302373247488
0.1933014176486592
0.21087225499962056
0.25640951097011566
0.20608595625630446
0.3262588403054646
0.1795457847682493
0.16218011240874017
0.1971200920109238
0.19415440809513843
0.21145043455596482
0.16805471892335586
0.17975460205759322
0.20446155108844064
0.13060645679278032
0.182072268266763
0.18441880654011453
0.22047691706281441
0.18440180511346885
0.15187999725873982
0.1653317319162722
0.1408863661012479
0.18835130267377412
0.2906705348619393
0.24893383122980595
0.2471959094649979
0.1742755062878132
0.2608134410610156
0.22731980761247023
0.15915548581896083
0.13932774053500907
0.10530700507972922
0.22046936167004919
0.19499110190996102
0.20783986816448824
0.24950632373137133
0.158790041759078
0.16076461638190917
0.20911608157413347
0.14752638273473298
0.1986927996788706
0.2409116935783199
0.30139901861548424
0.15916627778538636
0.2526544959151319
0.12840551354124077
0.1666839074210397
0.19451934618077107
0.25861720075525746
0.22548625937529973
0.1579411162861756
0.19013942418886082
0.15635801159909793
0.1942810064979962
0.20034609655184404
0.15285943927509443
0.1262093147046731
0.19474508906049387
0.17572482553077862
0.26677502372435163
0.20948218713913644
0.1459212037069457
0.2003969752362796
0.1708020547687608
0.16125359206593462
0.18767630149211204
0.157443587535194
0.24289589588131225
0.21224047695951803
0.10032321519351431
0.1453829114990575
0.18670765230698244
0.20381778212530272
0.19598480992551362
0.1667787113359996
0.11512985428063464
0.21241500388298715
0.14948070368596486
0.13117727065192802
0.13394380693456956
0.15137181490925805
0.12920705406993097
0.2701392655393907
0.15674997720634565
0.10617949454379934
0.16613279624808847
0.16743468749752669
0.21663524190496122
0.161093515560164
0.20362521069390432
0.13952343014534563
0.16521430374788387
0.22599381707342608
0.12572958998914277
0.11349489982655671
0.19923608577144997
0.2631171594506928
0.13982854297916805
0.14766266135432357
0.14932381772320827
0.20506941846438817
0.2725297269810523
0.4885760143931423
0.40886752613420996
0.24797864291550858
0.25098175153003205
0.18926411421437347
0.1820918348883944
0.1271242190684591
0.11592723848298192
0.15457926051957266
0.1290044423991016
0.18277313533638204
0.13834485305207117
0.15899777092272416
0.09123588898884398
0.20998216174276813
0.2013884231980358
0.22731583113116877
0.16639418559082383
0.2603545196221343
0.11700236065579313
0.14056525166545594
0.21928512531199626
0.127059611558382
0.21194511226245336
0.11398411808269364
0.1659021222564791
0.21986536289166128
0.08868285714249526
0.191578762073602
0.14330202168119804
0.1713444912540061
0.17018609666930778
0.09716136391008538
0.1627044299883502
0.16243372345343232
0.10598589293242965
0.19265653365956886
0.1757032091596297
0.15891364525305107
0.17293638553071236
0.1266190351120063
0.1293506549599652
0.15254932844878308
0.22282078143741404
0.13583391632086464
0.12383354257326573
0.1418677857145667
0.11624103345509086
0.1335746993842934
0.12069292333243149
0.2077420095134025
0.18772758104439294
0.12008550031376737
0.2584454502378191
0.13034296205712184
0.14135800248810224
0.15907758068559424
0.060630694164761474
0.10964195403669562
0.1159785141104034
0.10784724559302308
0.10952508194064389
0.1493946561323745
0.1229557182107653
0.0997964355091636
0.13600558508187532
0.12604418553278915
0.1547928610816598
0.14037635210635407
0.10144321068323084
0.15078404718743904
0.13586887890206917
0.11967465920107705
0.15569283148007734
0.19829250339950835
0.15302974295004138
0.14624545324061597
0.15621023305824824
0.0918854444587071
0.13129009000424827
0.160112073345642
0.08980746750187661
0.15180956163177534
0.09818120300769806
0.10023808357904532
0.11001026214632605
0.10937738771151219
0.10125073662493378
0.28075333543321385
0.17911081601466453
0.19069396498213922
0.1360789178538003
0.1330269184971777
0.13849975188661898
0.10491518583148718
0.12908478936047427
0.1089885786308774
0.12051554218799408
0.13570191133892098
0.09488056879490614
0.0934244426981812
0.07860873759325061
0.0992974270567564
0.15839670721574553
0.12248619995911472
0.07620418138269867
0.0770342832339728
0.08692631067970069
0.11021047566152577
0.08741248726645219
0.1723448205240337
0.13695901959934936
0.14145300814249953
0.11322510249114462
0.11524354267333235
0.10010573156510613
0.1296531517956672
0.08731663430808112
0.1629129885685318
0.1465823416531618
0.09714836101712924
0.12500596764896596
0.16804934166637914
0.21390269294248096
0.06664326846865672
0.12559304954213854
0.1921950424688735
0.12668360127801342
0.10200414124743215
0.14438732932986958
0.07481950391749186
0.19431865321738379
0.227372657507658
0.1595171165785619
0.17129687873447047
0.09591419380324494
0.11311053424807531
0.11707092360925994
0.15133949452345924
0.16290263499000243
0.13576044185486222
0.09224473924509116
0.09106404254479068
0.09768427253324521
0.15000928068600064
0.10365813558122941
0.13943280013544218
0.07403132977196947
0.14160601561889052
0.1148714876201536
0.14188438091410457
0.1457148250608173
0.11608302965760231
0.1703944400485073
0.049113584881914515
0.13758149849517004
0.1865878198961062
0.17056729687776948
0.19963293976616114
0.16686998673581652
0.12099976145795413
0.1615276304406247
0.15051926932730048
0.1279130064400046
0.16017757595649787
0.06926407476255138
0.12766584993395164
0.11623895314655133
0.12418173378266927
0.16708838301045553
0.08626122114115528
0.17651539029819624
0.13009501727563993
0.12414927274375843
0.12112728155001865
0.08566204193214487
0.14011435912778744
0.11659943088307045
0.09041002918300885
0.0927573817150135
0.11400189240729171
0.18833277650576616
0.10262041987984308
0.08155093840988618
0.1446178170476092
0.12452992517501116
0.10356305865570903
0.09070838851455067
0.08230475426119353
0.12742919657778526
0.13754930745510915
0.10605746370440881
0.12137499482819944
0.07613843311888299
0.19967352705342428
0.11720776092261076
0.0599118094043141
0.07649358102519598
0.15160235661980032
0.11226253014423751
0.13076245072547213
0.22063251012670143
0.11259223776037938
0.1416684151294508
0.16581975585514946
0.16111697692291013
0.11030047435529663
0.10805404093116522
0.10511189767566975
0.11043496769187706
0.04426839071883088
0.05252760640827806
0.11483642840071948
0.1422239845186206
0.1052872791104684
0.1023255166603901
0.16056772680687054
0.1323980581988248
0.17065260657026166
0.12525729923176446
0.04509382048023066
0.07489688295754604
0.08661813545040786
0.10978680384245568
0.19077654978277028
0.1944500470667013
0.09313492593355477
0.11071160001613732
0.09384732858909826
0.10349304197422628
0.09277168931190058
0.09690930823230051
0.10410858475422304
0.13801381702516943
0.16828669268995458
0.17618600271920773
0.08103657290173162
0.14242745335546456
0.1575096027066008
0.09947573287146431
0.11660241771356336
0.11999203417716282
0.10654721126359488
0.07351812453375065
0.17814046563580632
0.12131201321348531
0.10797865331239466
0.071683064341674
0.08443406530889368
0.12214184206511293
0.12774466343190788
0.12816569974113787
0.13674014646832283
0.11545945687352546
0.08673536542067138
0.14732317160815
0.07222314837937509
0.12673772938017333
0.028674442335614003
0.1234299793156554
0.13327511293547495
0.07923771299439457
0.10680622358839693
0.10874297526398939
0.12130102050390892
0.1751375207511176
0.13162678848519654
0.12402686709538102
0.1488555859375213
0.14801756744938238
0.07651188098160285
0.06184385382636849
0.06934752182444624
0.06580870041424143
0.1350401949021034
0.04272477762840156
0.08308490798143404
0.0825867461389862
0.1033205177419794
0.11452609255294581
0.0882643980305427
0.0578566513057532
0.09247298327474189
0.0775341314396688
0.05629845738543996
0.08479863672982901
0.11143231280896414
0.04738653860321002
0.1511791086577432
0.21466988850651042
0.13775818104789192
0.13948876337547386
0.12165127701259085
0.11866594856006227
0.0825439780726031
0.1232038226111659
0.09616620137655575
0.13818025669648445
0.04602454777341336
0.08772246040254165
0.05349908686808443
0.1113270034631049
0.04637462200032762
0.08814553539767596
0.08906541698213134
0.06387134152464569
0.04029443011053705
0.11403598678797218
0.08191671170061454
0.10700255843195398
0.14499219537745894
0.1106570476799139
0.07848255263109293
0.08898173693367946
0.0711838208496504
0.12811595505627338
0.16489910291108703
0.10281126571602986
0.07811156107241654
0.03580066581655826
0.13658450477357423
0.07228868393160935
0.061915781041274646
0.1287610750379307
0.08267277247172647
0.08668625507002267
0.10211338731460273
0.12145072544392731
0.08782021549892047
0.14965731317975692
0.11155698958737048
0.07773088796862535
0.1601765381970576
0.10170608891140935
0.1670205053274653
0.06184931454230634
0.10311601523010593
0.11444450096626367
0.10747123351445355
0.15567869962459163
0.10557702939357634
0.13875047065916338
0.09295860906110777
0.09476975920344037
0.07515953012209918
0.11762428998814098
0.12480346140052591
0.20654023830255547
0.05919077543408743
0.1268236878012041
0.18196271512923495
0.10669298958964646
0.1408354550866144
0.11655514778768909
0.05814255257220274
0.1349426438474828
0.12807258061781926
0.08754819468595088
0.10204933354231928
0.09641617147385009
0.11206071843428488
0.0859213258663658
0.10484160008906786
0.10177019584391798
0.05197735072579235
0.06469203710522768
0.0687499085906893
0.11422284107123103
0.13192419175175019
0.0843514404758545
0.15314093780554167
0.059562570365544944
0.061159662603001506
0.03801471801541213
0.08513584720536269
0.09704066425695146
0.04970428876809559
0.03716912576773471
0.0851379805873356
0.10871805232142963
0.1253798787947744
0.07950262822357347
0.1140079987126228
0.1248651234283378
0.07558845119118425
0.07892807870354902
0.06000411600481519
0.11519942669838201
0.07793843529543665
0.05167696195712779
0.08770730505680799
0.1016389074066605
0.08365409212553589
0.08721038432174412
0.09786211910042246
0.105739570813187
0.09345078381530973
0.07273126273810249
0.058753769921167986
0.07623767167595881
0.09283553341720108
0.060301372546486424
0.0790535522267289
0.08611626554193208
0.06882575449916269
0.059595905377396514
0.07981565002825976
0.06587868905626237
0.05667107882826323
0.0940787504077889
0.13803682246569743
0.15828492781812592
0.09844462283451451
0.07961251882703177
0.08979272575067755
0.10440999440782305
0.08013371362799912
0.10320000257063709
0.07239574874200536
0.0846092189292124
0.11159216026654965
0.05153822156924954
0.08046747250861179
0.08523940560657398
0.04937423558606367
0.11786474052860285
0.08407998045108148
0.09069296392928143
0.045977984520667245
0.13317410546421474
0.12949652248060772
0.16331543066189624
0.08099980091719772
0.06449319336388726
0.13442522666550108
0.08698982028207476
0.10778134986425617
0.08729495233721817
0.061841525486670434
0.110177491729181
0.07763378920831851
0.08829283891619914
0.06149706780187054
0.06214165290085865
0.09553598733951471
0.08623583261838316
0.036052728039067006
0.04475388092649674
0.048516316217241444
0.03705857035570911
0.07134761665760639
0.07435617228905958
0.10939784332731506
0.08983946266250444
0.0846805004901918
0.1158538337830188
0.050393938123306725
0.1185739283217312
0.1674261856512333
0.09909703232070959
0.06935408169582453
0.11050839298072138
0.05586604251792388
0.08094962311692402
0.15859297025183747
0.11845345718237306
0.04651360922434833
0.032544847540391074
0.06576251259165085
0.07131408328599978
0.13228432805876114
0.08048521886978831
0.06962556797744972
0.08502289004848405
0.11351192307275985
0.08026405770630975
0.1131947951383024
0.12214418581736806
0.09731918112707458
0.06651614792644978
0.055036109938685386
0.07088583355445215
0.06278102528553323
0.04230314380090151
0.10936755564281546
0.09051421628932335
0.09043552957674754
0.14644686440338514
0.08317501483335425
0.060132318134752234
0.08159713979278292
0.04882286323260944
0.03318966855710771
0.12128837203740009
0.09911694306148482
0.05487228666191056
0.07785081820735026
0.08265604726797651
0.0456165848486957
0.11437077202884081
0.09633354709538773
0.07224045064400084
0.11643160157005436
0.11074429986287473
0.1430210868528385
0.13978423969170503
0.08105792303103954
0.08292987315715956
0.06971056105144921
0.08977527921264741
0.12785789662042849
0.11315077079988052
0.0644128386380284
0.07171244360506535
0.11633695035873513
0.1319388095622084
0.11655138326126949
0.03645541531893416
0.08405702115435686
0.06781591131818589
0.04301802125870121
0.06374457827665278
0.049962088406443526
0.05096235118357332
0.0709698517914928
0.0779491933540807
0.06286344750891917
0.10149855989792352
0.05195604402667543
0.12775322239446854
0.05643641450816566
0.07992135536967128
0.1002487930454663
0.08884126849547361
0.10078502832246679
0.04163222682005393
0.12447662029548415
0.08543299388838932
0.11659137336131867
0.09308676137672071
0.08116760487324168
0.06421637845258894
0.05423309183139021
0.08052451654969316
0.10926859471926166
0.029298575892815797
0.07315463528058379
0.03688698960520144
0.0672767670808493
0.2715557115210946
0.06218863747614835
0.08309927907456378
0.05739482112299551
0.10391014572996937
0.06137131202870348
0.13198755923492303
0.09534140989126172
0.12674502585598799
0.07549454831418448
0.08544396878070463
0.11412415498801108
0.13261367866237248
0.07141689713379103
0.043612649766146205
0.08874338360952347
0.11921162057634709
0.11967208002377967
0.08444142160338483
0.10046302370860108
0.06608024036644825
0.05894336199136368
0.10103957006322162
0.10993809732774805
0.060116467957056684
0.08758618644580045
0.06638125167228281
0.06826272227668337
0.07732610828445884
0.09337713062996045
0.07474220618730344
0.1082332346338392
0.06902460815451507
0.06433298337755591
0.051055968308901356
0.08165079818718368
0.07579436695777986
0.08252988138773228
0.08573732558839506
0.08441016857977957
0.04669624500801157
0.04620176281813266
0.027279431133397987
0.0751703161313344
0.09724504161360008
0.020660828286574024
0.03450350039552826
0.07334495691715606
0.14411790356280108
0.1000088170694653
0.12484560336036209
0.07549620242415196
0.0633655822187263
0.07020765662010879
0.08749370157186474
0.04964757536488053
0.052171876171736846
0.025284922344975973
0.057896443334487104
0.12670237054684158
0.16451884172056452
0.0643858956713562
0.05195849317694216
0.04058611887769205
0.10328985147498315
0.041433817630896944
0.09613112202090893
0.09683074844568702
0.07019276146560774
0.08244862813236457
0.0994235929952433
0.06386746106727514
0.10492705598999937
0.0628287479413692
0.030742840159551373
0.08354997062165889
0.06993920074975384
0.047995559006916926
0.0520031256524557
0.04974106397027559
0.05962416935861776
0.09142605372840405
0.13424914198653173
0.08521450988804904
0.07981519641907653
0.07836730555365128
0.09495311413047602
0.05942297898582183
0.09179030172734721
0.13581466873958042
0.08168355022072708
0.11003928366283487
0.05800345154213054
0.10191769762760876
0.055996894717931615
0.014857580816169502
0.09942193750092494
0.07026375672597039
0.03666923037219151
0.0584490684663511
0.0562759826841232
0.08695492555177355
0.02581291435098347
0.08944428790921068
0.05088895633017338
0.08306200484262913
0.07533310266892711
0.09835738932451932
0.05757463930487055
0.09188592585269362
0.05539282550307689
0.0986686082822936
0.05545144557670158
0.04729478928389393
0.08806628856908512
0.09273426277078604
0.06338899957284282
0.050499875076379146
0.10422511376797113
0.03371278848388621
0.07974973171699926
0.06613354741187193
0.12453910765699609
0.05028529973476127
0.06435015614053034
0.03586330749957207
0.09785746672007788
0.04880599484609353
0.042449572788167904
0.025076556274143513
0.052251330222393984
0.05256130194340715
0.15347777650458738
0.09503755313770464
0.07286117167054076
0.04586178688987275
0.07257655496609264
0.0593174444993565
0.05751766388779548
0.08171599298865269
0.04804341857379768
0.06705146193274102
0.04064613561877195
0.081031159532878
0.06695154257209879
0.13006132498734196
0.12500672573098978
0.02790963243452487
0.08432467232341878
0.08043647680148881
0.06305166207520026
0.08314572307114888
0.07478471753380031
0.11362373624589443
0.15885072023749153
0.05455040013008069
0.10359689738262594
0.1329603041906791
0.1044097699746739
0.06369331632478341
0.03202836217159139
0.053117032364493104
0.0571232010967963
0.03879586897112729
0.0442463643143388
0.04787496759984476
0.06377715710654489
0.11472921510617848
0.43703620463410126
0.1367993556518091
0.09474782803382757
0.08006026111667909
0.08300404750327418
0.1003775802258003
0.056282259401736416
0.054010386200388893
0.10252180428212146
0.09492515622904259
0.11717746821315293
0.07075160409190825
0.09000313594543304
0.04600330915543184
0.08392266248119995
0.08676224236842245
0.16622639390217436
0.10288496288870062
0.09703429690229573
0.06844229506948198
0.0445300162932004
0.08837183612247047
0.055468012697799295
0.08817110649293422
0.07339879787001077
0.09684286329970096
0.02530562046013074
0.01674697408933363
0.08812850085295006
0.07770702468405943
0.05799941720051801
0.06769144002672485
0.12018280688036091
0.09117943245967451
0.07273271545428932
0.13068253931539534
0.05603031437827407
0.14364494478234388
0.07067179857520907
0.09510859091200732
0.08809057895892433
0.024316216603503044
0.05976185466442985
0.05877693298264473
0.06369575734268958
0.05560323336037852
0.044389832506715673
0.04940501261652181
0.08583653810741712
0.0873185130850678
0.10181890506230827
0.07623817767619455
0.09741090641643625
0.032638679606711615
0.024301837418793833
0.06245817308912852
0.08083581905624929
0.055465558960090026
0.022485404732183918
0.10272921467341282
0.07454996734303368
0.04254929000411981
0.08252337520285177
0.05377374231913844
0.056253142140008094
0.06068892335003641
0.10569104621455543
0.09269808909347635
0.05426578135094522
0.04161988915880751
0.06157434040090136
0.020475603369456103
0.07188140384304072
0.09509193788731604
0.026051598728372483
0.05368615556939663
0.0893878458531877
0.06048820144808685
0.008931144936598554
0.08517108659893544
0.021689745820237607
0.13298754891314143
0.04642227831521138
0.1359396763478539
0.17885106926301628
0.13294296016517496
0.09326340165405002
0.06989964729603214
0.0660362802167843
0.06058382308600585
0.09574831378462736
0.03968568584353095
0.05635667286696844
0.026071118928874575
0.08769757266730137
0.07956855175351459
0.08166604801746351
0.07694997599589572
0.04235292688619146
0.05546902088125145
0.0658330412084719
0.029230746906148703
0.0381224998532811
