1.0602957781936442
1.0926361850329809
1.1648085904972894
1.1073143567357744
1.2939318418502808
1.127710951226098
1.0424608013459615
1.1931144211973463
1.0024932101368904
1.1199016932930266
1.3584647795983724
1.3100994059017725
1.457866758108139
0.8392205089330673
1.3449769743851252
1.2800092963235719
1.3474145425217492
1.0716197490692139
1.1342293662684304
1.4737928275551115
1.4037312588521413
1.237685767667634
1.2883634865283966
1.2654699782973953
1.1599221953323908
1.1665872378008706
1.0766658506223135
1.1265514918736048
1.1884258847151483
1.0833020891462053
1.2971015492720264
1.0878378706318992
1.2433330970151084
1.4890934782368797
1.609609678387642
1.2362415630902563
1.380071806056159
1.099693883742605
1.3367377093860082
1.3307051616055625
1.1533806111131395
1.1209298414843423
1.0534972473978996
0.9640405433518546
1.2549493036099844
1.0917564779520035
1.155090905725956
1.1421455219388008
1.09089452454022
1.1024703798549516
1.1737678008420127
1.3064035986151015
1.118559886568359
0.8907485881022045
1.3341294016156877
1.134869939514569
1.1007034512502807
1.2874245813914709
0.9159911743232182
0.8651504452739444
1.0504276975989342
1.186157756618091
0.9708911659462112
1.2004544309207372
1.1805313442434584
1.4771002658775874
1.2341477636780058
0.9451201111078262
1.122230934245246
1.1530902151550566
0.9860847251755851
1.0474557472126824
1.1215664273394006
1.3376178528581346
1.3027140806828226
1.3320646754332952
1.1752508580684662
1.2868510464738523
1.1175277020250047
1.2583512152944292
1.2474189805133002
1.3559361164058958
1.3464116901159286
1.3047199845314026
1.3257025331258774
1.047562790768487
0.9257449805736542
1.0346821546554565
1.0949142553976603
1.2019932461636407
1.0786585183814168
0.9584859131968447
1.1883548242705209
1.2013575376144476
1.2833550529820579
1.349308611026832
1.0967040192335844
1.2737417731966292
1.251751525061471
1.1491398212632962
1.185769110918045
0.9243793466261455
1.019766898027488
1.2278303764760494
1.1904845610260963
1.3196022765977042
1.0038618333637714
1.2278133614787035
1.178273809807641
1.1559405262981142
1.077344196183341
1.049917010590434
1.0189304117645537
1.2056471024240767
1.4266878536769323
1.3465580578361238
1.043585621884891
1.1547680287621915
1.2084036724908012
1.1741180419921875
1.181995919772557
1.32029670051166
1.166876101068088
0.8874475293393645
1.2941462099552155
1.1567179007189614
1.136990534407752
1.4068357242005212
1.2823735198804311
1.2974876782723836
0.9632444583943912
1.2687294674771172
0.9798074896846499
1.1266810074448586
0.9118924800838742
1.3120258386645998
1.3098235875368118
1.16974239051342
1.1886825263500214
1.107099760456809
1.2767276274306434
1.1574836479766029
0.8880732831146035
1.0812495648860931
0.9431493431329727
1.1331524822328771
0.9864956566265651
1.0449493726981538
0.9922907102320876
0.9204387743292111
1.1104633722986494
1.343189543911389
0.9774507039359638
0.9832044392824173
1.0452441913740975
1.1327069199510984
1.1745935337884086
1.0143868273922376
1.0433425626584463
0.8985762030019292
0.7131602217642856
0.8516543337277004
1.0548030490587865
0.9124204814434052
0.9859699436596462
1.1768660204751151
0.9578207646097455
0.9814197144338063
0.8560941932456834
0.9352670061801162
1.1234975116593497
0.9048076144286564
0.8800085527556283
0.876089412186827
0.947179343019213
0.9698643109628132
1.0060563768659319
1.0462154426745005
0.8479834901435035
0.6951069512537548
0.933140751506601
0.9174557871052197
0.9611315195049558
0.8836737445422581
0.9563460797071457
0.8577650828020913
0.9304332158395222
0.9058779265199389
0.8866109071033341
0.9222468712500164
1.015243933136974
1.1197418570518494
0.6662572925644261
0.8902587060417447
0.8784452240381923
0.8526705311877387
0.6295186104252934
0.959092033228704
0.9105391181432284
0.6210939820323672
0.9811327191335815
0.9777697111879077
0.9998031769480024
0.7125842063022512
0.7453020571597985
0.7903115800940074
0.9292693542582648
0.9012121622051511
0.7621380463242531
0.7806963101029396
0.7367392299430711
0.9407419370753425
0.7645207851060799
0.727688136510551
0.8640193444277559
0.617138936583485
0.73528482232775
0.9680457583495549
0.8225036210247448
0.9827560463121959
0.8620753650154386
0.771467317960092
0.9830266854592732
0.9533195304019111
0.7970000984413284
0.9449190646409988
0.8500616039548602
0.8388902614159244
0.7127192297152111
0.8353885986975261
0.760047625218119
0.738586676972253
0.5716732154999461
0.8550031291587012
0.751923860183784
0.8258251483951297
0.7240661531686783
0.7140119591993945
0.7888211219438485
0.8391189532620567
0.8343454535518374
0.8408795116203172
0.7631053051778248
0.8484898230859211
0.7767104668808835
0.9126600346394947
0.7252593359776905
0.6732604099171502
0.5880517560456481
0.7596172694382923
0.7759633543235915
0.8547832721046039
1.0045487071786607
0.7964967851127897
0.6708061439650399
0.9348941040890557
0.7583463596446174
0.8359064395938601
0.7472812243338142
0.8910772717956986
0.8547436339514596
0.8012872586425926
0.7141635343432426
0.8247204571962357
0.7177487037011555
0.8685272463730404
0.766054053391729
0.7274184184415
0.5612386406532356
0.898070039493697
0.8238640640463147
0.5519894132656711
0.8191626983193251
0.763455473950931
0.6823185352342469
0.6531847513147763
0.7005790056926864
0.6349040269851685
0.8404312516961779
0.7411450296640396
0.7563552175249372
0.824599027633667
0.7253596314362117
0.6905780205769199
0.6942854119198663
0.7717590065939086
0.5740932279399463
0.5866676292249134
0.7040465117565223
0.7113969368594033
0.5285547726920673
0.7551758299980845
0.7061540974037988
0.8530225328036717
0.8091623697962079
0.7982099652290344
0.7026078967111451
0.5497429913708142
0.6512913605464357
0.723576979977744
0.7122795241219657
0.6657513082027435
0.8282695114612579
0.5673823779714959
0.7468770103795188
0.6752029220972743
0.7220428798879895
0.6538246098373618
0.6806306679333959
0.6869783883116075
0.6818186129842486
0.7818882784673146
0.7414895902786937
0.6065412381930011
0.6132506706884929
0.5496589264699391
0.5051471061472382
0.6632672952754157
0.5725569639887128
0.7075644598475525
0.5087155550718307
0.6083704712135451
0.6408144342047828
0.7205574054803167
0.6897128362740789
0.545161213193621
0.617028782410281
0.5677279595817838
0.6065794570105416
0.7591003733021873
0.7020911808524813
0.6585891975888184
0.6689544969371387
0.4893735325230019
0.43830117263964247
0.5333232491144112
0.7838557852166039
0.5413578413426876
0.5918691059840577
0.49713081387536867
0.4405126710023199
0.6650235833866256
0.4036694961999144
0.5010818200451987
0.39289642976863043
0.5782971446003232
0.558549379663808
0.5421402763043132
0.6329035758972168
0.5267531733427729
0.5242195736084666
0.677889462028231
0.699797737811293
0.6357522436550685
0.5019185122634683
0.5382202799831118
0.5544781472001757
0.5706974603235722
0.6714028694799968
0.5385294003146035
0.5747522392443248
0.6216941055442605
0.5338502361306122
0.5264353698917797
0.5338128560355732
0.5246870762535504
0.529648941542421
0.5613649434276989
0.5036346688866615
0.5217045620083809
0.5592720519219126
0.575057368193354
0.4299017595393317
0.45468239805528093
0.5459345951676369
0.4952447957226208
0.43338499564145294
0.5054916867188045
0.5057983419724873
0.5619768787707601
0.4474291354417801
0.5072538341794696
0.48522514424153734
0.46380625824843136
0.4240344321089132
0.37409033519881113
0.45912618269877775
0.47980815917253494
0.43785044604114126
0.4643340770687376
0.4842372451509748
0.43545970214264734
0.4425363561936787
0.5015352953757558
0.41169767720358713
0.4336332700082234
0.44277719621147427
0.4813067104135241
0.4482626702104296
0.4658105527716024
0.40655456483364105
0.5648113855027727
0.5202761409538132
0.3974798231252602
0.5952283676181521
0.49284170993736814
0.5872260789786067
0.4665502426879747
0.5245176593640021
0.3717880664127214
0.39611148089170456
0.32422710369740215
0.4109975929771151
0.3708805777132511
0.4707667806318828
0.40426941961050034
0.46757755481771063
0.4478691262858255
0.49061148294380735
0.44025373245988575
0.4938505728329931
0.40382312876837595
0.44031178764998913
0.39235857208924635
0.4514048189989158
0.4277569561132363
0.42116451396473814
0.34564710115747793
0.522899903357029
0.39519041776657104
0.3669360607330288
0.373942779643195
0.40050376525947023
0.285138761890786
0.2191175715997815
0.3188428178961788
0.27967340712036404
0.2806599070983274
0.33357079167451176
0.40405357841934475
0.4483568753514971
0.32785296383579926
0.31264221402151243
0.4073050447872707
0.4154297837189266
0.35377335495182444
0.43326440879276823
0.35237512311765123
0.3864967115223408
0.2757975145110062
0.25853481356586727
0.2586623249309404
0.3569224029779434
0.3250572362116405
0.31865522345261915
0.35359961645943777
0.3342237017516579
0.39081305265426636
0.28419586590358187
0.2674706093966961
0.33628147521189283
0.3957740845424788
0.25450930771018776
0.41030329519084524
0.28544308990240097
0.36209542410714285
0.2962857596576214
0.20702950390321867
0.28601628648383276
0.26202903262206484
0.31017726979085375
0.3135788749371256
0.28045565847839626
0.24377649064574922
0.2789434117398092
0.25271973333188463
0.29860206108008114
0.2685499478663717
0.25260379378284725
0.33501773114715305
0.3294623877320971
0.3488530846578734
0.36567952377455576
0.33494952640363146
0.24139348151428358
0.3249071698103632
0.27509756286495496
0.24533204202141082
0.228553940142904
0.2874330346073423
0.28677218354174067
0.3304914613919599
0.19641270515109813
0.3142642027565411
0.19437700084277562
0.3308502302638122
0.1769630472574915
0.22616367787122726
0.24728296590702875
0.2418103784854923
0.2701646802680833
0.2939403344477926
0.25764686294964384
0.18686817533203534
0.13887671833591803
0.25368993090731756
0.31502341479063034
0.14771148801914283
0.2570688027356352
0.26392980558531626
0.3231133462062904
0.23209448850580625
0.17619774064847402
0.25121634719627245
0.3350763384784971
0.22454886617405073
0.290567367204598
0.19246997870504856
0.20158279687166214
0.2938989911760603
0.24778553949935095
0.1559503741030182
0.335696813251291
0.2039109899529389
0.1688192808734519
0.13660606954778945
0.2836279943585396
0.19474476362977708
0.2834602413432939
0.174425231558936
0.18207934498786926
0.24612756499222346
0.2551490696413176
0.1807068336222853
0.15730367228388786
0.24767623761934893
0.15238296400223458
0.2225733825138637
0.19480691530874797
0.15940680780581065
0.2239369334919112
0.17523332206266268
0.24634612564529693
0.12238052992948464
0.2483614076461111
0.20771449910742895
0.126877898350358
0.1282385970864977
0.1442806593009404
0.22962433099746704
0.19906467465417726
0.27614804623382433
0.24658563626664026
0.08004897832870483
0.14540307463279792
0.2410545703023672
0.1776134025837694
0.2584368368344648
0.14942231534847192
0.2537468147597143
0.3177079159234251
0.2585636574242796
0.17071028053760529
0.19292048577751433
0.20502400451472827
0.2525972958121981
0.1611570040030139
0.14558785621609008
0.11764492413827352
0.07607999231134142
0.22732561720269068
0.173858250358275
0.2430159273956503
0.14361624526126043
0.1799737172467368
0.17477948644331523
0.16857146791049413
0.17637034665260995
0.17392507195472717
0.07335377218467849
0.08424801006913185
0.2196604742535523
0.12215503730944224
0.1561308436627899
0.1333792226921235
0.1466867955667632
0.1179900863873107
0.14418955306921685
0.22497321159711905
0.20817960665694304
0.14489673184497015
0.15262355050072074
0.13097105068819864
0.13268790527113847
0.17001091742089816
0.27982322392719133
0.2823725885578564
0.15621435569067085
0.14471030182072095
0.07905794334198747
0.14458389752186263
0.09942051315946239
0.14323044435254165
0.12910837440618447
0.1711833946979963
0.12143116550786155
0.08829806359218699
0.1564273089170456
0.16148655143167293
0.13945461543542997
0.1257966049015522
0.17882935596363886
0.12513187926794803
0.09784076203192983
0.06391764006444386
0.0638591434274401
0.23295068740844727
0.20221237944705145
0.04455073097986834
0.08748663895364318
0.06334774542067732
0.09921684941010815
0.13754782027431897
0.15981536890779222
0.09719087981751987
0.036387691008193154
0.10419172101787158
0.09828608775777477
0.13641044763582094
0.1510960975927966
0.12079074180551938
0.1286258782659258
-0.011127921353493418
0.06785261152046067
0.12956092346991813
0.09079233716641154
0.0910350704299552
0.14617191521184786
0.14937399753502437
0.13141252366559847
0.15123017441614398
0.16045747537698066
0.18096655886620283
0.06042392445462091
0.21022709299411094
0.10302306179489408
0.07918430784983295
0.09385490656963416
0.12106007084782634
0.14223895275167056
0.0534368950341429
0.06656739807554654
0.0772253857659442
0.08415023290685245
0.10269796635423388
0.086228610681636
0.05415821591248879
0.0551507363894156
0.23706304468214512
0.10194096288510732
0.06149490763034139
0.10779208849583354
0.06767663705561842
0.09319133404642344
0.07079185784927436
0.11755195153611046
0.09568392831299986
0.04834874879036631
0.08428150548466615
0.12078738691551345
0.044087194305445464
-0.004238477375890527
-0.014259263074823789
-0.006398439307564071
0.09416457611535277
0.08910939895680972
0.10269569632198129
0.1524218608226095
0.1232715927596603
0.0958420354872942
0.10221526505691665
0.10267037020197936
0.05736717568444354
0.162878972611257
0.07122058820511613
0.02368410862982273
0.057164661187146394
0.059794069666947634
0.07258842140436172
0.015579554651464735
0.03599221897976739
0.07953569971557174
-0.020971438248774836
0.028363689514143125
0.055045166718108315
0.07604286246574841
0.022398647453103746
0.0011726152151823044
0.016735402068921497
-0.0016733743250370026
0.04719681678605931
0.13229230445410525
0.12054043742162841
0.11696686276367732
0.023292773802365576
0.12284677156380244
0.09075849716152463
-0.004081901162862778
0.0210330875179352
-0.05954672848539693
0.08520662624921117
0.051012440251984766
0.04254840527262006
0.10096520877310208
0.022529413857098137
0.007955291840646948
0.06814990285784006
0.01454544612871749
0.05247256053345544
0.12569217064550944
0.15439577932868684
0.05643385515681335
0.1002435992871012
0.011491234813417708
0.04634071899844067
0.006059243210724422
0.11311561108699866
0.07471282381032195
0.023858912555234774
0.02267396662916456
0.02036794275045395
0.035966833255120685
0.04112250105078731
0.02412040052669389
-0.040830236136181544
0.03307660110294819
0.044349637015589645
0.11250572438750948
0.07152119678046022
-0.009857512345271451
0.015276703983545303
0.0621783851778933
0.0012199032519544875
0.06827221012541226
0.005775112392646926
0.06763291545212269
0.07015681346612317
-0.08288203978112765
0.0090723168104887
0.0465495554464204
0.06666468722479683
0.041688992508820126
-0.017571249710662023
-0.012268833732897682
0.0796000739293439
-0.0018652697492923056
-0.03238509861486299
0.014740346664828914
-0.026989763070430075
0.009951536310836673
0.12302492878266744
-0.020667332357593944
-0.026507533621042967
0.021665461095316068
0.004502070739233334
0.08454535582235881
-0.006321612745523453
0.027748567717415944
0.01609843783080578
0.04008503284837518
0.07983211773846831
-0.029130565135606697
-0.04193452885374427
-0.006252560232366834
0.12340542088661875
-0.01903756016067096
0.021864062840385095
-0.034671315125056675
0.0632205078644412
0.10246617613094193
0.3865665447499071
0.3148301767983607
0.13943114637264184
0.12173144732202802
0.05968258696209107
0.0415977809045996
-0.005832366113151822
-0.03190572865839515
0.0016833916306495667
-0.010677164154393333
0.04562123918107578
-0.03463927869285856
0.03355461385633264
-0.07942885692630496
0.08302914351224899
0.07488021806680731
0.06533706560730934
0.050304803997278214
0.1611292346247605
-0.03409075337861266
-0.0027362934446760584
0.09852136937635285
-0.007478150006915841
0.06010818002479417
-0.012976865018052714
-0.015536951167242867
0.09223502328885454
-0.10478598571249417
0.042032387905887196
0.028197414241731167
0.001848332051719938
0.021031681381698166
-0.06365924594657761
-0.01263821976525443
0.01920539140701294
-0.009119225665926933
0.06836798361369542
0.01777397415467671
0.05534469291368233
0.05675654698695455
-0.03508677998823779
-0.043537247352875195
0.01403122368667807
0.09262571989425591
-0.03513316357774394
-0.011622055217490665
0.03219398802944592
-0.03610891875411783
-0.059209374977009635
-0.05069273617118597
0.07597345285690747
0.03756921685167721
-0.03816921343760831
0.10946464166045189
0.001235200890472957
0.019053164337362562
0.014759513482983624
-0.10491736858550992
-0.06996182618396622
-0.012448477558791637
-0.06008038217467921
-0.040035396814346313
-0.009210747134472643
-0.04135668557137251
-0.018597704716599904
-0.02670450189283916
-0.014315395848825574
-0.003867562860250473
-0.0038661445890154156
-0.06296668920133795
0.010535091145097144
-0.05956702386694295
-0.04757078630583627
-0.045205987989902496
0.04988671360271318
0.008757450983726553
0.0024646555206605364
0.007449880242347717
-0.05356010501938207
-0.021298996305891445
-0.007394212032003062
-0.050316891400143504
-0.008324246321405684
-0.06485612264701299
-0.05648057482072285
-0.052832425073055286
-0.05702181426542146
-0.045802319289318154
0.14706697754029716
0.03808573207684925
0.0743702991333391
-0.03909767219530685
0.0005463077686727047
-0.016816113110897795
-0.03574491638158049
0.014927821233868599
-0.03862699966079423
-0.0335071398211377
0.005993037883724485
-0.05114401304828269
-0.06121396499552897
-0.10564366621630532
-0.0023141737495149884
-0.01653311268559524
-0.05608266671853406
-0.04118820399578128
-0.11935971504343408
-0.08881499378808907
-0.05706880334764719
-0.07258356375885862
0.011313336502228464
-0.014495084594402994
-0.003422653834734644
-0.08720163415585246
-0.011955174218331064
-0.09497888712212443
-0.0017439237562939525
-0.09681743624553617
0.02238231371822102
0.011127088218927383
-0.08068367147019931
-0.06488266001854624
0.046329256014100144
0.05151926513229098
-0.08209909990962062
-0.021239722280630043
0.04040350445679256
-0.02895608757223402
-0.07413504458963871
-0.007419859458293233
-0.07022135891020298
0.054329092747398784
0.08143650846821922
-0.005294462399823325
0.026186726721269742
-0.0543122762548072
-0.05495890176721981
-0.006564504782935339
0.009226686188152857
-0.0146688169666699
-0.026655418266143118
-0.07954018792536642
-0.07827206647821836
-0.09228188544511795
-0.033686004096775184
-0.09853290021419525
-0.027701138385704586
-0.13361364443387305
-0.043551105207630565
-0.0514821627044252
-0.009381922198891906
-0.025533432939222882
-0.05926830268331936
-0.010985958789076124
-0.1212667765295399
-0.04692831156509263
0.027007512216057097
0.015416580917579787
0.07044881016814283
-0.007076738136155265
-0.040653349964746406
0.02005381366637136
-0.03562976473144123
-0.04647054540691897
0.010167966463736125
-0.09294982041631426
-0.03758846788800189
-0.07563439809850284
0.001113482883998326
-0.007758997114641326
-0.08874286764434405
0.02521008998155594
0.0006878410599061421
-0.029121169820427895
-0.014844226289174653
-0.003617980783539159
-0.059175231135808505
0.0015215565051351274
-0.05298600226108517
-0.05511062166520527
-0.026149438694119453
0.012122223153710365
-0.06465037113853864
-0.09804078404392515
-0.026521594396659305
-0.07225130391972405
-0.013966048934629985
-0.1020818685314485
-0.0675533611793071
-0.04975798726081848
-0.0024474614432879855
-0.04421384703268164
-0.02046767422663314
-0.09548203035124711
0.04632942185604146
-0.05206589134676116
-0.07147455109017235
-0.07573617648865495
-0.004256185135870639
-0.08875285142234393
-0.020411127246916294
0.06250522605010442
-0.0017871921632571944
-0.043514003178903034
0.0029118843376636505
0.03450877884668963
-0.0016746101900935173
-0.052079295473439355
-0.07958349585533142
-0.05801290486540113
-0.10037097618831987
-0.10994605939569217
-0.027359643585181663
0.005952055965151105
-0.042768417458449094
-0.09935835961784635
-0.028695711067744663
0.0066784511187246865
0.04936128934579236
-0.024161254787551507
-0.13943949235337122
-0.08869056962430477
-0.10054021115813937
-0.01940702274441719
0.09983507716762167
0.0465570455417037
-0.022401350483830487
-0.04706727992743254
-0.09311810348715101
-0.09305707870849542
-0.03327039855399302
-0.04091945882620556
-0.05563737475313246
-0.03445767038143598
-0.01885225623846054
0.033806203199284415
-0.06612800607191664
-0.003838157181495002
-0.002846712512629373
-0.08686383387872151
-0.03786891286394426
-0.06827328088028091
-0.06355426008147853
-0.08603306167892047
0.043633116874843836
-0.013624549924965581
-0.07313892963741507
-0.05914530414156616
-0.14633868208953313
-0.039890384035451074
-0.045678620891911645
-0.04050830804875919
-0.0013889303606577283
-0.06950612233153411
-0.03475343643887235
-0.023766876863581792
-0.11781062744557858
-0.039876179137666314
-0.12653170100280217
-0.022307964693027316
-0.01568898425570556
-0.045675336017406414
-0.04542000568471849
-0.05463832749852112
-0.023852531174530407
0.030768471636942456
-0.016304705158940384
-0.01332828402519226
0.004059072983052049
-0.026146453406129564
-0.09168552633907114
-0.13054944734488214
-0.10496585856058768
-0.1138491430985076
-0.041068731408034055
-0.13756257029516356
-0.06070396164432168
-0.09644241098846708
-0.03393479985606973
-0.03311172021286828
-0.055850299361806646
-0.06552462379581162
-0.05979569196434958
-0.09260143951645919
-0.12393196662222701
-0.10584456101059914
-0.06843843763428074
-0.14672138595155307
-0.013896390898350677
0.09048898551347
-0.02073594182729721
-0.04170930119497435
-0.030180145720286027
-0.02049235627055168
-0.05760055940066065
-0.04587718578321593
-0.030867428119693483
-0.01660761662891933
-0.14987450891307422
-0.052880007112565054
-0.11999388890607017
-0.10270371706324763
-0.10917025193786965
-0.08632761838712863
-0.08363358516778265
-0.14357572953615869
-0.10657386747854096
-0.05066413592014994
-0.09196494093963078
-0.057348952894764285
-0.021587800234556198
-0.07951727562717029
-0.08013906250042575
-0.06744546157174877
-0.1072567067583025
-0.03540835848876408
0.010856412085039275
-0.07428714140717473
-0.03786174427451832
-0.16431217693856784
-0.0633099547454289
-0.11377339331167084
-0.14162457973829337
-0.04616985470056534
-0.039961316755839756
-0.06884912802622868
-0.07032905904842275
-0.024158710347754613
-0.07062280657035964
-0.027609643127237047
-0.05740131224904742
-0.06095841240936092
-0.017017731176955358
-0.04330183060041496
0.0002655482717922756
-0.05793644508802182
-0.049005460659308095
-0.023222597049815313
-0.04593963788024017
-0.023242912122181485
-0.03123303289924349
0.006018658567752157
-0.07748517263202562
-0.08119561416762215
-0.12407775382910456
-0.03961322295279907
-0.03403594930257116
0.07668714065636907
-0.11107469625338647
-0.059107948917829035
0.0212644562125206
-0.05119533184915781
-0.017049755635006086
-0.10001546676669802
-0.09059125371277332
-0.043427287634196024
-0.023028394473450526
-0.08356035660420146
-0.036666388128651306
-0.05429177465183394
-0.032907734491995404
-0.05581959764822386
-0.038018047876123874
-0.09332954936793872
-0.12182203201310975
-0.11213456466794014
-0.12682039237448148
-0.06432396971753665
-0.0349513545100178
-0.08560948339956147
0.004670408687421254
-0.09725422146064895
-0.13413605546312674
-0.1152017764314743
-0.050917668268084526
-0.08051551984889167
-0.16405361145734787
-0.12079164456684209
-0.07576424252640988
-0.035753873328628415
-0.06014111425195422
-0.07729046845010348
-0.01765045310769762
-0.039351772516965866
-0.08228792915386814
-0.10824546687321604
-0.08976491221359797
-0.0525534289252911
-0.07420030236244202
-0.11736909512962614
-0.09118983043091637
-0.023431918251195123
-0.07400128631187337
-0.10255111245039318
-0.08013154193758965
-0.023371636601431028
-0.09435705255184855
-0.08584950864315033
-0.12074662771608148
-0.09985475774322237
-0.09856606328061648
-0.10644445195794106
-0.08780405617186002
-0.05109796328802726
-0.04738310312053987
-0.13607658179742949
-0.1229575824524675
-0.10310497161533151
-0.16606232071561472
-0.0652196086370028
-0.024841781173433577
-0.016742116904684474
-0.07998165275369372
-0.08312427598450865
-0.07150463946163654
-0.02484926548121231
-0.08690335122602326
-0.043807492394665005
-0.10653980993307553
-0.11253436792217794
-0.0826278810522386
-0.17611120055828774
-0.10382191131689719
-0.06395522518765315
-0.14439387725932257
-0.053046895149496516
-0.06412605269412909
-0.059689438136826665
-0.10575790706622813
-0.025511315358536586
-0.0005654347062643085
0.0320159001275897
-0.0858315356012359
-0.12180043091731411
0.02293499931693077
-0.0429725085019267
-0.04885225583400045
-0.08830740446081528
-0.11468494577067238
-0.0708606658237321
-0.07908303530088492
-0.11545170870210443
-0.1262962066248292
-0.11642735983644213
-0.054995079923953326
-0.08089731607053961
-0.10532816612093095
-0.1600399337689201
-0.10709891840815544
-0.1440827482646065
-0.05975016567390412
-0.06456865303750549
-0.023250137056623186
-0.08335283771157265
-0.09482760146992016
-0.060707538787807734
-0.07908229185860753
-0.017080676475805894
0.007276680054409164
-0.08199037611484528
-0.10668388621083327
-0.0823106121804033
-0.1139289593057973
-0.09891686043036836
0.020336850945438658
-0.05774097517132759
-0.12164232470344619
-0.1276559656793584
-0.11782735692603248
-0.049952903691259314
-0.04669984855822155
-0.10533043582524572
-0.11000419700784343
-0.10616616372551237
-0.03731245653969901
-0.07435473147779703
-0.07175680329757077
-0.047278894298610145
-0.06875614456034132
-0.12572147318028978
-0.14359585727964128
-0.07658810981748891
-0.09952873097998756
-0.15560397239668028
-0.07120393003736224
-0.07841011615736145
-0.1196837169783456
0.008625813826386417
-0.09665262273379735
-0.14617674850991794
-0.12615788861044816
-0.07201970793188853
-0.15153610673067824
-0.013393098222357886
-0.08704504234317158
-0.09419783683759826
-0.1301962817196909
-0.11211713110761982
-0.171422328799963
-0.035343896065439494
-0.07107939863843578
-0.0533827186695167
-0.04447062047464507
-0.02643228614968913
-0.010796572414359875
0.010575262563569205
-0.06603756892893996
-0.09708080121449061
-0.09429752347724778
-0.06931629617299352
-0.036632857871154556
0.00867814933943529
-0.1075713759554284
-0.06925635422313851
-0.04888785081649465
-0.05254817754030228
-0.04715854594750064
-0.16212943622044154
-0.06968869056020464
-0.12603169080934354
-0.10941337472507127
-0.10201974319560188
-0.13783789362891444
-0.18064282781311444
-0.15052034489885305
-0.06266438375626292
-0.06008786340576729
-0.07891066212739263
-0.11322683415242604
-0.022704744977610453
-0.09204154275357723
-0.08566841217023986
-0.031867632209988575
-0.0494044835546187
-0.07287396171263286
-0.07762375766677516
-0.0559320119874818
-0.07909684415374484
-0.021872414009911672
-0.07971569842525891
-0.08046597987413406
-0.07014009321574122
-0.12530433599437987
-0.10142350210142988
-0.03523051592388323
-0.15842271276882716
-0.10081986843475274
-0.17840903944202832
-0.13106305365051543
0.12389586573200566
-0.10435146372765303
-0.1096562524991376
-0.09554952053752329
-0.027362520141260966
-0.1284006413604532
-0.028253503251887326
-0.08209622983953782
-0.030628903872898912
-0.13191163140748227
-0.09197526105812617
0.00864896496516719
-0.0030376392948840347
-0.1340045269046511
-0.13779392851159042
-0.06288416017196141
-0.03431128550853048
-0.03728737681688342
-0.10702019850058216
-0.10221087081091744
-0.10222882511360305
-0.11986808132912431
-0.04490943858399987
-0.09181312524846622
-0.11610070429742336
-0.06438883265738175
-0.12077697462934468
-0.110293981220041
-0.07594372448511422
-0.1106951433633055
-0.12472645778741155
-0.06316059614930834
-0.122868986800313
-0.13264015636273793
-0.16521775276799286
-0.0771955231123554
-0.11435322357075554
-0.08697690176112312
-0.0780001910669463
-0.09008821392697948
-0.16759382347975457
-0.10266288290066379
-0.1633660633649145
-0.10981479074273791
-0.0740602652409247
-0.16641076521149703
-0.12652488930949143
-0.11160335104380335
-0.035851381719112396
-0.07264259021862277
-0.05458802317402193
-0.10631045416604527
-0.10862344716276441
-0.08703380230404686
-0.08509470149874687
-0.1063537746667862
-0.15432813497526304
-0.18366933075594716
-0.1378074220514723
-0.07085571013089975
0.0020082531466739184
-0.08373414698456015
-0.08982960756158523
-0.11171758374465364
-0.07285509418163981
-0.10264732449182443
-0.08263153955340385
-0.033952511847019196
-0.11878501996397972
-0.11251875146159104
-0.069773052747433
-0.11125167190039065
-0.0406926698409594
-0.11011466763258275
-0.14507583608584745
-0.10858964208247406
-0.12469659745693207
-0.11342884972691536
-0.17356866784393787
-0.13461184586817257
-0.12309298158756324
-0.06273892371817576
-0.02038115289594446
-0.14974554761179856
-0.08468232064374856
-0.11789635422506503
-0.06905994613147673
-0.12366407950009618
-0.10021000541746616
-0.040156972727605274
-0.07459445816597768
-0.1168722499694143
-0.1053884971354689
-0.08047176684652056
-0.0901312521319986
-0.13549204783547403
-0.09588364059371608
-0.07914750754883114
-0.09100195244449034
-0.1309882743018014
-0.08969907939691828
-0.06545098032802343
-0.16070548700204548
-0.0835657451739605
-0.09768821167693074
-0.04838172825319426
-0.11028916175876345
-0.09450330851333481
-0.1152415041412626
-0.06521233773002258
-0.1292552923540435
-0.0547560030328376
-0.11529298738709517
-0.11903749716501417
-0.06412920063095433
-0.03438115713392368
-0.1001020389875131
-0.08074282151028456
-0.06917083263397217
-0.13842825540535028
-0.1003572671699138
-0.08479842833626858
-0.012684957017232332
-0.09587771035564531
-0.14114414581230708
-0.09192962729970791
-0.035609328017536815
-0.13300245042358125
-0.09336850552686624
-0.13820955596332038
-0.11662538250259656
-0.1122011047388826
0.010624588068042482
-0.05947332616363253
-0.10017365589737892
-0.1273041077490364
-0.13872369352195943
-0.05542404546161249
-0.12766387899007117
-0.07120710815278082
-0.08775453904984586
-0.1267568657972983
-0.12646558907415187
-0.09354532350386892
-0.10638856408851487
-0.0144327071101478
-0.09258914047053882
-0.1134592049555587
-0.10517327886606966
-0.09468495659530163
-0.12168872782162257
-0.08066935517958232
-0.08408953014408585
-0.02710901006763119
-0.0167850490127291
-0.09490889838239777
-0.08849169739655086
-0.05623624048062733
-0.07733624109200068
-0.07839514102683356
-0.13591460138559341
-0.13607658126524516
-0.10663162065403801
-0.09726250817246702
-0.14525349229877196
-0.13938140656266892
-0.12283100240996905
-0.046346110690917285
0.27581652232246207
-0.04689987748861313
-0.044953874711479457
-0.057901535382760425
-0.09345690081162113
-0.053040343336761
-0.10128575258568162
-0.12994185143283435
-0.07221330170120512
-0.06118255906871387
-0.06091529397027833
-0.1065681975867067
-0.07147062254639772
-0.0761033927722435
-0.0833688368854512
-0.0996147035870568
0.03880625058497701
-0.056779870098190646
-0.10170205576079232
-0.08935132965312473
-0.1209680120997031
-0.09545962080093366
-0.11789856822360889
-0.11318661804710116
-0.10010606582675662
-0.04648462949054582
-0.14582716593784945
-0.1316967791312241
-0.07794088664065514
-0.09584877214261464
-0.08573238179087639
-0.12713432418448584
-0.02131803333759308
-0.10018547903746367
-0.13090627693704196
-0.05186422807829721
-0.11523522729320186
-0.01320662083370345
-0.07073779483991009
-0.06984876149467059
-0.07919797434338502
-0.1422020425753934
-0.13108612171241216
-0.12249342821970848
-0.08188267027643244
-0.1266757187415156
-0.11904337895768029
-0.10914605426868158
-0.09891172789295004
-0.10530820382492882
-0.05579147966844695
-0.08060705342463084
-0.08583680167794228
-0.12810154232595647
-0.16977923948849952
-0.11136407564793314
-0.13792944326996803
-0.13548299399969568
-0.1564465830316684
-0.08982863330415317
-0.05810018397357502
-0.16127478863511766
-0.10657214373350143
-0.10484656591254932
-0.0675872549494118
-0.1396994705178908
-0.06344606354832649
-0.07204241683107934
-0.11101425046633397
-0.13200511343477825
-0.1337423814194543
-0.14468887820877235
-0.09521125545558919
-0.07910151619996343
-0.1155562453391862
-0.13497101648161852
-0.11995992649878774
-0.08160168092165675
-0.1584573443979025
-0.09169477367630371
-0.17182456595557077
-0.07105582154222898
-0.111960394307971
-0.042091273835727146
-0.0075646261019366124
-0.010679698682257108
-0.08894654376698392
-0.11722618368055139
-0.09774141625634261
-0.07990044559781902
-0.09858612050967556
-0.10888246083198234
-0.1360462425010545
-0.15209613101822989
-0.07927317172704663
-0.0889513793268374
-0.13430008345416614
-0.13278929250580923
-0.09688269557123672
-0.08117702968177452
-0.11154494931023302
-0.17326512639244487
-0.18795371375121508
