0.45203913583458843
0.4320455755574912
0.42491661263672714
0.4412260236656336
0.44279494043868806
0.40639883933872123
0.42965092587237536
0.45832988681606435
0.44839072419751075
0.4226832387771475
0.40776826921970616
0.4806858555581163
0.42547866211096813
0.44609874631128005
0.423401462806878
0.48228820471719663
0.39571926171123156
0.4339142371707248
0.4422784330932775
0.505917639776309
0.4306364906479686
0.4638293877175327
0.46910356467563985
0.4473523532087627
0.46303009413920926
0.41382686471060126
0.40192230317037775
0.3996580050837609
0.42624812659030686
0.46827877516330385
0.4365593951006639
0.4449043465855484
0.3946579155353357
0.42145072603555317
0.37499146019258806
0.4406530268593318
0.5019563729037887
0.4266000523785567
0.4007515192272202
0.44008482467331644
0.4340043864577734
0.4180543016865506
0.4804882060753585
0.47454041737015895
0.4402545053288684
0.46140585712710835
0.41323213601991327
0.44421241580066595
0.4339453476880278
0.4375836764063154
0.42435716058252043
0.3867741457534276
0.3913264650302137
0.4417380904821756
0.4285580318094948
0.43035909654529686
0.46238543985900793
0.3687236401067901
0.4745159725474048
0.40520466706170466
0.40932572224447805
0.41150367246245456
0.38384354035563184
0.4016403959986801
0.40516222794089585
0.40979018292394104
0.3883721052501608
0.38403838508964133
0.4189660834826632
0.3378670472085201
0.39495215519473026
0.4343530716297264
0.43536760070906255
0.40229938044491725
0.35884036137486386
0.34329976498531306
0.3418817565119761
0.38388073684707763
0.35589305270454646
0.3825906257612914
0.34378839495338603
0.38478274399646417
0.34878033580696255
0.3449466426466261
0.38988246864849524
0.33221165780922235
0.3779285479388479
0.3547699879597409
0.27216332620396044
0.3098179071429207
0.28667276587835105
0.31409103940949185
0.3196157655820319
0.310751686434901
0.3392382561817147
0.2977993984788244
0.2937032674452127
0.31809619050215465
0.3090008511315293
0.2658727962077351
0.27474123128359357
0.2804476841425841
0.30251334351809345
0.2820042131236896
0.272219886183567
0.29507877106439273
0.29436466126801436
0.274990826149896
0.27102975808255686
0.24757128346213547
0.24656521044843208
0.27846862130244754
0.23274100908348638
0.2515059187235783
0.259743665078921
0.2143505891797901
0.25099656406429505
0.2572090705418916
0.21952217811727168
0.20952923465005127
0.2552584429563362
0.23666797058811317
0.2019686104455096
0.2115688487578372
0.22275875575415585
0.21261370587184134
0.19752916673515936
0.2411368793640543
0.20001713775338664
0.2261428879960204
0.1969262750922329
0.21390011966065398
0.2065328215442014
0.21484596044477505
0.281112977046056
0.22095131403273013
0.2154978158398776
0.22076585156250797
0.16869719370916347
0.24262974674766238
0.20279265028153104
0.20529311904061398
0.2065073460949937
0.19240398195997085
0.19447784397543477
0.16443373788414256
0.19269366119666376
0.19428930516367615
0.20750872417801589
0.1954580309300808
0.21180098964446462
0.21798594128597992
0.1933435212331502
0.17156567419144167
0.16159069364298187
0.21981704573700642
0.17206499921125767
0.20097178047198871
0.1708520529834631
0.17725497353883687
0.14030221688026276
0.15331314953056396
0.17837419814775132
0.1908011172137927
0.16012441913238115
0.1545133410549555
0.16965729045179515
0.1745862992167095
0.15998018464751645
0.16841735255428106
0.146945249541418
0.15288838630457396
0.13491140020215103
0.16600808253673266
0.1419900201522844
0.13961926450174192
0.1432384612974346
0.1675972908464757
0.1372667580159233
0.1653308991615313
0.1425505134998338
0.13770259107347183
0.14237449288691184
0.15096712421437014
0.13383069432507944
0.12363165522558438
0.17379898178711503
0.1284863901603299
0.1308330437183735
0.14161510904177954
0.136684136368294
0.12876091597290892
0.12454268517385278
0.12465386823182367
0.1303960835168992
0.11685772066576659
0.12705755735839253
0.11347728019353527
0.1289057447207882
0.12858894148834527
0.10244446762739294
0.12180924233897324
0.14823053804269673
0.12263216015071102
0.14398894107027177
0.12819935952882813
0.12887608675782547
0.12221501280131516
0.1003794077203708
0.09866556239583689
0.08362005725294078
0.13334949446607636
0.1199867275370598
0.09169095405182975
0.16283835179286055
0.09657420900076905
0.12090287925375084
0.10235428675222705
0.11537081148560709
0.12707214004503453
0.1043338321618133
0.0957224230502098
0.10397467802622193
0.16838812288630503
0.12346940610959078
0.12282530037051058
0.07936391720177868
0.0928977164643718
0.07157389696624826
0.08096487176198766
0.11031260765090675
0.10840577897311948
0.07795263720994206
0.10120961611955276
0.14091476251977447
0.10535000087518015
0.08984380592191213
0.08694272336711266
0.09788490981506588
0.10864764779325495
0.09281322337642556
0.12617298056356288
0.07611874792106779
0.10006324254296353
0.09038795068085383
0.07161191901395209
0.07813305012537204
0.08919715111487267
0.07407702211172314
0.06037983381454732
0.09967401830434024
0.0835466566689313
0.08000830592282168
0.11472077572337609
0.07742266232125691
0.08729567371572909
0.09537356492352206
0.06818307121596971
0.09060624348923478
0.06700561641266034
0.1595142530500512
0.07408680984970546
0.08089986365444868
0.06616570545902153
0.0904301308895777
0.056390633341474025
0.08375703929051538
0.05248386299476146
0.09504627679274781
0.0694478622342883
0.0733208736888766
0.06644962220767923
0.07160727109686264
0.07205213281409525
0.07753577255635291
0.07779540352306276
0.06309341827859499
0.06897723089081062
0.06808947742664953
0.0886896203212064
0.08566826782396272
0.06826145271769818
0.06761506079249888
0.09255105473595993
0.09275125491054362
0.07695236486071765
0.07339685912660605
0.07283989182745754
0.07707210040517411
0.05162134613137986
0.060769095401927056
0.09646617346971371
0.07950558972275819
0.06541285012997192
0.0769929914866446
0.0839597946907275
0.07732616083666165
0.07135496984212782
0.06952580553168085
0.06958794139062716
0.05960832186477775
0.06694987201071728
0.07810677656007053
0.07461948719311642
0.06067106017939838
0.07977399882283999
0.05792324904484599
0.06532607458704366
0.08359565455018013
0.050033910439162076
0.05555242325202892
0.06611666131768107
0.06318154263996983
0.07132157884532186
0.05572291864181321
0.06626541254810672
0.06865433068353392
0.04003362300551958
0.06784901894520433
0.08172948735475616
0.04792797371456184
0.06385494057171551
0.09128046394062904
0.06139620631990221
0.07713878271687799
0.0556209550559699
0.052069461389343166
0.05514384570764201
0.07134327304204625
0.07156309145317571
0.07770420727855025
0.05816236568677778
0.044039041664964765
0.07180269363855624
0.0561429953141615
0.04870530718181135
0.0351811971716034
0.06243246531326705
0.05061228687595274
0.05958278584082908
0.034601083079910715
0.035733142252106796
0.05561893828179763
0.07207843664792896
0.040796639475274774
0.054414764333415924
0.045499148688288214
0.06445278897002099
0.04906681668219365
0.07556050877114211
0.044215221818864725
0.05989311283785059
0.049046084753829204
0.05837927751506172
0.058820159915094074
0.03132084128550237
0.05711530967321547
0.03624452589735853
0.08212679739169086
0.048638327004251
0.05616318391336679
0.05121522615515682
0.049843565006865376
0.0541792888743605
0.033899732984099706
0.04302829270764815
0.03442021173919398
0.04247107184000562
0.05319630308578479
0.06369888641384187
0.04824446514642629
0.061075221790750235
0.03451302790625339
0.042831358944717866
0.05140814171436986
0.03899862402502015
0.027429675923534368
0.05125345541600327
0.03571022021881749
0.06499758110280957
0.06675888139021528
0.039260827193020514
0.04097435273176827
0.04877279103570231
0.05932873143038993
0.038625532738795335
0.048480694727217936
0.04924287470255988
0.054335738072559245
0.05918888728816383
0.04079334982843041
0.03642134757914737
0.04261087078486037
0.05794811682085144
0.04023346638196758
0.028736913669938125
0.04600044838809229
0.0530983868006437
0.03672988940764888
0.0653024879439518
