-6.43307278177677e-07
3.890689462033541e-07
-4.5429653385196745e-07
-6.751526078525265e-07
-7.211522969896578e-07
-5.278303001026481e-07
-3.6577930291801864e-07
-3.0708097905777064e-07
2.2666520159221803e-07
5.805830970270367e-07
-5.762170210183675e-07
-4.277211947797558e-07
-1.7757285166096282e-08
-6.571463119696221e-08
2.882622019179897e-07
5.8908910130891657e-08
1.4522713952049215e-07
-2.0846019716762904e-07
-3.869649845000822e-08
-3.652157829492353e-07
3.439655854111022e-07
-3.7442499830778586e-08
5.257908145698106e-07
-2.2095490148643648e-07
1.2123094705884796e-07
-2.11537656217128e-07
8.460847514665407e-08
4.389491721212835e-07
7.739630559301856e-07
-7.814765824930094e-08
-4.91559399660803e-07
-5.139491179306788e-07
-8.293736491233566e-08
3.502501958304752e-08
1.573436806877128e-07
4.321141367264707e-07
-3.4125854903826233e-07
-1.5799896248479074e-07
-1.3448232688720703e-06
-1.2370875473217374e-07
-3.885972595136471e-07
2.287988110083461e-07
1.2666664669528212e-06
-4.6537466654886626e-07
3.1477885796350945e-07
-1.9398931020272618e-07
1.518663371565968e-07
4.3357590812880584e-07
1.0064755672699124e-06
1.9277617622849773e-07
-9.55616578884084e-08
7.938428175131256e-08
5.671097288281349e-07
7.378258715107222e-08
1.8897970578888946e-07
1.6078706924612822e-07
-3.9853055763420085e-07
1.503908687742036e-07
6.468086845805894e-07
-8.912734570693763e-07
-4.4317321875756277e-08
8.544624969480148e-07
-5.965083930930299e-07
1.7722924740480396e-07
7.711677239642865e-07
-4.313999588033214e-07
1.6222846608928065e-07
1.0804472186772987e-07
-6.645336725341622e-09
-3.0126779141223127e-07
-4.3492165551534914e-07
2.4413857602212374e-07
-6.94212400834512e-07
-9.739412265405027e-07
3.7775724516718257e-07
6.562386748295726e-08
-8.359183191990789e-07
-3.62139668855629e-07
-5.216361387283541e-07
-7.35092907940985e-07
4.054067885204761e-07
2.8292415622997525e-07
4.816176044641907e-07
-3.59006295168131e-07
-5.442111797395098e-07
-1.5791171595732782e-07
-2.13005908530509e-07
-4.479600994906312e-07
-4.4452560489714544e-07
3.04363307382768e-07
5.879375635231554e-07
1.9658118942191193e-07
7.367861525965833e-07
-8.720564445801366e-07
1.0314112352765342e-06
-6.159790087524795e-07
3.4781022252770656e-07
2.3535106663530314e-06
3.1367806384098783e-07
-8.523651656235285e-07
1.5489013013133705e-06
2.7448094189911184e-06
3.8016390005525736e-06
9.335851944212794e-07
5.866034107983507e-07
-1.8156006100460736e-06
8.754566636071104e-07
-3.6156038731860463e-06
-8.047684498738558e-06
-2.0675038415772307e-05
-7.357115837943898e-05
-0.00022136108860390129
-0.0006070911029902552
-0.0007567003444169781
-0.0016146723573911004
-0.0015185311785899103
-0.0033303590618223616
-0.007048841840254941
-0.006663906512715455
-0.0037513054776354693
-0.005120002567959351
-0.007700745098970531
-0.012826738679515464
-0.00822208220675488
-0.006364883347747049
-0.009648322726466827
-0.010327637761033006
-0.01447246256949646
-0.012475837026223806
-0.019101714183177267
-0.018875571167362586
-0.012147581121618194
-0.015629146680501953
-0.010983780882920005
-0.013257669417985849
-0.01199873476954443
-0.013985956969138767
-0.015759855076404556
-0.019466259184160402
-0.0198581370392016
-0.024240376793646386
-0.02029468829277903
-0.021433197394279496
-0.025376793130167892
-0.026509080082178116
-0.030707708692976406
-0.021129962921674763
-0.02938675507903099
-0.029897123176072325
-0.023771618376486003
-0.025159673964870826
-0.024445432105234692
-0.02392549134258713
-0.023444173192339286
-0.025473714673093388
-0.031105021546993936
-0.021688344555773904
-0.02680518138887627
-0.02830081685845341
-0.02921793137543968
-0.02179485572768109
-0.028256215254909227
-0.02822051416816456
-0.038730395292597156
-0.024606761056929827
-0.03181399844054665
-0.034970744246883054
-0.03703750909439155
-0.031512372594858916
-0.035739919037691185
-0.03532730827906302
-0.048665127850004604
-0.04227412186030831
-0.0314592845471842
-0.03601868789909141
-0.0422994623492871
-0.03577127893056188
-0.033182675883706124
-0.025962282171738998
-0.042506665257470946
-0.028857996022062644
-0.03489497111045888
-0.0345751680101135
-0.038437822700611184
-0.041032143868505955
-0.02538515588301899
-0.04946323703708393
-0.03044143665049757
-0.03776364627161196
-0.033304519685251374
-0.04015694811408009
-0.03965814398335559
-0.04009452009839671
-0.03963414513106857
-0.050182148814201355
-0.04299010815364974
-0.04510319618774312
-0.03665221988090447
-0.04524497524835169
-0.04891855309584311
-0.04539506669555392
-0.040157685189374855
-0.038637957735253234
-0.05114353208669594
-0.03693611281258719
-0.03609557895522032
-0.042355570276933055
-0.0294712123993252
-0.04073700388627393
-0.04808263640318598
-0.04290182442803468
-0.04491766442411712
-0.04991045035421848
-0.05081314493768981
-0.04216475984347718
-0.04855121871722596
-0.05572566922221865
-0.03850659001286009
-0.0566442816385201
-0.04867790552920529
-0.04712429775723389
-0.05055040227515357
-0.04269702619473849
-0.05210139695554972
-0.04406408114092691
-0.05189863459340164
-0.057669908207442076
-0.04189001875264304
-0.04573400438364063
-0.04784833540075591
-0.049257804573114426
-0.04934774246066809
-0.05706880507724626
-0.05891020077147654
-0.04265215866533773
-0.06104475978229727
-0.07079183709408556
-0.044272089975753
-0.05082186895223068
-0.05852197576314211
-0.06928294178630624
-0.05482870021036693
-0.05259041840742741
-0.043479791775877984
-0.0530302178646837
-0.058536163930382044
-0.07143099100462028
-0.058828070161065886
-0.07247437716328672
-0.049869385947074206
-0.06057031758661781
-0.0394159395447267
-0.047326050707072555
-0.05225447246006557
-0.059001359556402476
-0.07289508543908596
-0.06743872192289148
-0.07547452008085591
-0.0678292882761785
-0.06632781587541103
-0.06428785409246172
-0.07859462512923139
-0.07122353464365005
-0.07651004727397646
-0.06767590170992273
-0.06350094239626612
-0.037762969200100215
-0.06422070260824901
-0.06181162728794983
-0.0582599951719333
-0.06667039250688893
-0.06320477390129652
-0.07414326830101865
-0.058738519570657184
-0.06943124745573316
-0.04636085332770433
-0.059902679707322805
-0.06041463916855199
-0.05210798127310617
-0.06823082374674934
-0.06194936018437147
-0.0654314656608871
-0.07506877556443214
-0.06522477551230363
-0.06806898369852986
-0.07218097210196513
-0.07938399937536035
-0.07151256634720735
-0.0596269240735897
-0.052549811745328565
-0.06588191326175417
-0.05020074513075607
-0.0694771981132882
-0.07169941100957138
-0.06995197871167745
-0.0681658975247826
-0.058108008200568814
-0.06864948717078992
-0.06488184737307685
-0.07604936669979777
-0.06214160818074431
-0.062381506498370855
-0.058878317589655386
-0.07346750875668866
-0.06862752625186529
-0.07771731593779155
-0.06562666475240674
-0.061636033334902356
-0.07409383795623269
-0.08214873474623476
-0.08105838564889771
-0.08214395067521504
-0.08507470440651689
-0.06474154735250133
-0.06993423063041908
-0.07353438796209437
-0.06473686389758118
-0.06827490869909525
-0.08787531325859683
-0.07706583850085735
-0.06866270410163063
-0.08401687513105571
-0.07519686089030334
-0.06757464712219578
-0.06643514481506177
-0.08745834630514894
-0.07889697993440288
-0.06893730615930897
-0.05738384948511209
-0.06923600711992808
-0.0631190334180636
-0.06879874930850097
-0.07329339188124452
-0.06083282755155649
-0.08075345014887196
-0.06390273118657726
-0.06575806504198616
-0.08210677334240504
-0.07100427909088987
-0.07994902439947639
-0.07229393374707017
-0.07040475415331977
-0.06752960729811873
-0.07634933332779578
-0.0919886085071734
-0.07123738753476314
-0.05950319321293916
-0.08257363696715661
-0.07940754693533693
-0.08769093134573527
-0.08457853645086288
-0.07478111210678305
-0.07157646505428213
-0.08030260620372635
-0.08855964429676533
-0.06687112219099488
-0.08057796888585601
-0.08542559029800552
-0.08443600471530642
-0.07433722287948642
-0.07975539046206645
-0.0754679027678711
-0.09660201479813882
-0.0713634021314127
-0.07570694599832807
-0.07925972395709582
-0.07226451965315002
-0.060727473947086504
-0.0798321326396295
-0.07058622602406624
-0.08137533866933414
-0.06917939148843288
-0.08048214537224599
-0.08182960642235619
-0.09010032032217298
-0.06741256665970598
-0.06253403119210686
-0.0782476986891457
-0.07760885756994997
-0.08613048680126667
-0.07319229761404651
-0.0673095063040299
-0.08132585084864072
-0.07761961434568677
-0.07289124014122146
-0.07258462546659368
-0.0847819655069283
-0.06889227405190468
-0.07620953422571931
-0.07028379011899233
-0.08462795269276414
-0.08655589047287192
-0.07674342074564525
-0.06881419329770974
-0.07567742307271276
-0.06101267132908106
-0.06321781441303236
-0.06278936152479478
-0.08827172565673079
-0.07523886673152447
-0.06713533374880042
-0.0697727430877941
-0.08853269687720708
-0.067687455032553
-0.07703519559332303
-0.06862213010234493
-0.0828688797940101
-0.08530668222478457
-0.07189442017780882
-0.08874559615339551
-0.07977022468445025
-0.07368963810482196
-0.05924904685733574
-0.08466302071298872
-0.072553458490542
-0.06432985195091792
-0.07796579319983721
-0.07797453303023108
-0.08262579568794795
-0.07993773823337895
-0.07373410569769996
-0.10745627087141786
-0.08846433247838702
-0.09520990614380155
-0.0934129941410252
-0.06841707109872784
-0.09533031923430306
-0.09418860995875937
-0.0759928589021521
-0.0887098607740232
-0.09078663800443922
-0.0843823424407414
-0.0867707481873887
-0.06423010051782642
-0.09916632782135691
-0.07902227900922298
-0.0827267159308706
-0.09317028895020485
-0.07847819770021099
-0.09991152557943549
-0.0686474480400128
-0.06958989187010697
-0.09300802554935217
-0.09003161918371916
-0.0667250652664474
-0.06210241307105337
-0.07351203768381051
-0.07926567949886833
-0.08721593128783363
-0.07455812793757234
-0.07721141220203467
-0.08589599733906132
-0.08069220837205648
-0.08578742987343244
-0.07761355063744954
-0.07031089599643435
-0.0871165000966617
-0.07959178356187684
-0.11213197452681405
-0.09328290500811168
-0.09753958934119769
-0.06306882601763521
-0.09307156556418963
-0.1110477013779538
-0.09423871072275299
-0.1018850931099483
-0.08793997046138559
-0.11779607406684331
-0.08126760141125747
-0.08628148612167154
-0.05977823585271835
-0.09783534279891423
-0.097151196960892
-0.10977477420653615
-0.08918519530977521
-0.10350531738783632
-0.10023640601762704
-0.1124007124453783
-0.08471218948917729
-0.0739428060395377
-0.08304975501128606
-0.09433639395449843
-0.07904438156401739
-0.09489081853202411
-0.0742980841813343
-0.0934398038578885
-0.06777102593332529
-0.09693690522440843
-0.07793547372732844
-0.07580594079835075
-0.09890341359589781
-0.0816797377275569
-0.1004392487396087
-0.07986465003341436
-0.09861120927546706
-0.0759539646761758
-0.10341434766139303
-0.0889601499906608
-0.08981856144964695
-0.09490197165203947
-0.08039463963359594
-0.08969326470313328
-0.06200308499059507
-0.07660575796450887
-0.08558284943657261
-0.10250706944082465
-0.11314798997981208
-0.11477861792913505
-0.09248256696654218
-0.09064058866351843
-0.1109325039599623
-0.08949497794466359
-0.08397428744605609
-0.09422258181231362
-0.09536101975079093
-0.08783994269158159
-0.10895030732665743
-0.09012891312262841
-0.0845915430358478
-0.07749278816793646
-0.09399548226169177
-0.09702697236623083
-0.08566378708928823
-0.1082502579582589
-0.09637742090438094
-0.09738525788166694
-0.07597244797008378
-0.08417270831497652
-0.11088168088878904
-0.08643458956586463
-0.09262380788901023
-0.09086296867047038
-0.09804112397666488
-0.10363231705767768
-0.09266430645116738
-0.09406728164425918
-0.09307753401143211
-0.0905120564358575
-0.10061344377962607
-0.09862166350441319
-0.07407108747533389
-0.07607159404350179
-0.1006502088691507
-0.10043031775525638
-0.10493587183633021
-0.07465365675411054
-0.06517244569425072
-0.08549102848129612
-0.10276691349489349
-0.1012080508683409
-0.07479500730655023
-0.10592209334884371
-0.07901405503175088
-0.09034777991473675
-0.10116078092583589
-0.08324395352974534
-0.11247748854969229
-0.1169344230688044
-0.0897867272474936
-0.08982861201678004
-0.10461242204265934
-0.10808413163093585
-0.0956835507282189
-0.11303907792483057
-0.12067943864635058
-0.12299549925540175
-0.11171256298465389
-0.09632078970649413
-0.10772971862128802
-0.0758826368089233
-0.08173560856708459
-0.08161369205585547
-0.08434476304267134
-0.10185372643172741
-0.08922971638717822
-0.09498663392982312
-0.10846464655229024
-0.09777952251689774
-0.09890095407276281
-0.09567054800157036
-0.09860238885240895
-0.13075552827545575
-0.09381344874522515
-0.13901633556400025
-0.1418962481298617
-0.11141623902533736
-0.10844852376197066
-0.06294211213077817
-0.09269094227680139
-0.0912566649328385
-0.09364779679370779
-0.10801778015281473
-0.12161902617663145
-0.1066511222826583
-0.10236471465655736
-0.12594089351062263
-0.09225186572543212
-0.10428256474967514
-0.09733178040810994
-0.11471202650240489
-0.09976672381162643
-0.1257952999855791
-0.11530776667807784
-0.10329133764441524
-0.12808212065803154
-0.1021223571151495
-0.0855497523610081
-0.10881114192306995
-0.10268470937652248
-0.10523822118661233
-0.11150248614805085
-0.08553387796772378
-0.08314599176602704
-0.08472600499434131
-0.12550380267202854
-0.1091292253030198
-0.10800088729177203
-0.1266901572900159
-0.11179651639291219
-0.1065091857952731
-0.09856940313641514
-0.0977063998579979
-0.14620241442961351
-0.11280747316777706
-0.10855616416249957
-0.09655247911411736
-0.10996028674500329
-0.10251513868570328
-0.11943363531359605
-0.10756914956229073
-0.12085363348679883
-0.1055567158120019
-0.15054002031683922
-0.14258455325450217
-0.1236589118572218
-0.11896198775087084
-0.09950038843921252
-0.10873731970787048
-0.09322305642334479
-0.11175552090363843
-0.11587121763399669
-0.11525686830282211
-0.11546438200665372
-0.10863648634403944
-0.11370493258748736
-0.13547200742842896
-0.10102884285151958
-0.13172697887888976
-0.08338650019972452
-0.10937215853482485
-0.13626315231834138
-0.11580582255763668
-0.09562504065356084
-0.09556090612230557
-0.10900105402937957
-0.09066414008183139
-0.11592553795448371
-0.09618019964545965
-0.10643048318369049
-0.11325523683003016
-0.09953120377446924
-0.12312974940453257
-0.08585904365671533
-0.11860395289425339
-0.11669621456946645
-0.11668464860745839
-0.10272472777536937
-0.1100217652107988
-0.10727353194462401
-0.12151829259736198
-0.10633454525044986
-0.1201505743499313
-0.09497823060623237
-0.13226474728435278
-0.11375628331942218
-0.11959802798394646
-0.11779925652912684
-0.10804195196500846
-0.09754843850220953
-0.10790088759469134
-0.10884990968874522
-0.1137516934956823
-0.1214764905827386
-0.1326450833252498
-0.13500633276998997
-0.095560151551451
-0.12687097995408944
-0.1116130602146898
-0.1227545187409435
-0.11132401188037225
-0.11619804852775165
-0.11277956302676882
-0.10861861492906298
-0.08926328111972127
-0.13121657073497772
-0.12797418582652295
-0.14245097844728402
-0.11104142399770874
-0.08998967574111053
-0.10376970257077898
-0.09152224340609141
-0.11149866373411246
-0.11422075277992658
-0.1218533529234784
-0.13293613812753133
-0.14075513184070587
-0.11412324942648411
-0.11995493301323482
-0.11056485293166977
-0.11891406827739306
-0.1295208428055048
-0.11447453937892403
-0.13144110515713692
-0.11061795188912324
-0.15217880851456098
-0.16035122477582522
-0.12693721135812147
-0.11256104760936328
-0.1250735436167036
-0.13998754136264324
-0.10459232915725027
-0.1316088257091386
-0.11984752358070441
-0.1308691409815635
-0.11135642549821309
-0.10184178694284388
-0.14106945427400724
-0.1391313589577164
-0.15052280042852675
-0.11574602180293628
-0.10772399391446795
-0.1064391950411456
-0.13113149628043175
-0.12977550205375468
-0.131160403202687
-0.1287991752448891
-0.11004822674606528
-0.12270952202379704
-0.11750928951161248
-0.13823130620377405
-0.14363961347511836
-0.10177522977547986
-0.11166735632078988
-0.08994343650660344
-0.12840084518705094
-0.0982333165759753
-0.10828062093683652
-0.08830493222922087
-0.09117919901785042
-0.14963934144803456
-0.1115453118192298
-0.1534417886286974
-0.1305992134979793
-0.10137507060010519
-0.12063083212290492
-0.17002679301159723
-0.14339270509247268
-0.15945039769368513
-0.13851734210870095
-0.13257680647075176
-0.11388399957546166
-0.14158559909888677
-0.1255014586661543
-0.13520148449710437
-0.10044757915394646
-0.10970887169241905
-0.10582999352897916
-0.14232997755919183
-0.12240806195352759
-0.11147338418023926
-0.14415591582655907
-0.15039136792932237
-0.14089985457914217
-0.10069205478898116
-0.09386476222425699
-0.1141097370002951
-0.09434773866087198
-0.12186808562338618
-0.1672847531735897
-0.13889378636460087
-0.13172210273998125
-0.12175875290163926
-0.12353320100477763
-0.12839326741439955
-0.1350153950708253
-0.17390537315181323
-0.11185897753707
-0.13201914701078618
-0.12892953253218106
-0.1254907829154815
-0.13746358241353715
-0.13256161593432939
-0.10087203793227673
-0.15213567071727344
-0.13884820443178927
-0.11192254189934049
-0.1422400725173897
-0.1419941069824355
-0.1462617569736072
-0.11162424513271876
-0.12948475618447577
-0.1335499600640365
-0.14988972140210016
-0.14200312910335405
-0.1407158694096974
-0.1119779207344566
-0.12934961169958115
-0.13754337467253208
-0.14827224292925426
-0.12869006980742728
-0.16012371890246868
-0.16042465663381986
-0.13748594692775182
-0.1161494819181306
-0.11809145462965327
-0.0911796051742775
-0.14714213008327143
-0.11844934243708849
-0.16863484614129579
-0.1370503870504243
-0.16077877235199725
-0.12259042502513953
-0.11428882500955037
-0.12187937647104263
-0.11572012464915003
-0.16118163083280837
-0.1220865792461804
-0.12369097982134138
-0.13535350055566855
-0.11903557527278151
-0.11573617453021663
-0.1291621042681592
-0.12432739724005971
-0.16527092989001954
-0.11411536963922637
-0.1408355667122773
-0.15102976693638734
-0.14833889050143106
-0.12420904210635594
-0.1290315394955022
-0.1480427041117634
-0.1518811857593911
-0.13953862924660956
-0.13338901954037802
-0.12901796427156245
-0.1314687338391585
-0.13023116506103957
-0.10817298745470387
-0.1202273910083542
-0.16669684701732226
-0.17161847863878524
-0.1495950525360448
-0.12668167094566993
-0.11421382580218571
-0.1252091848956687
-0.13601912957217013
-0.16114806037928378
-0.13939068945390837
-0.13305490597018174
-0.08698234906686204
-0.13984390986817224
-0.1611224296502769
-0.1359209604561329
-0.12863586071346486
-0.1364419808877366
-0.15973528581006186
-0.1684022686843361
-0.16246932319232396
-0.12309419550001621
-0.13978480121919087
-0.14542981769357408
-0.16088866336005075
-0.15580997802317142
-0.11110349571598428
-0.13213623900498664
-0.14037801804287092
-0.132456892170012
-0.13548951729067735
-0.14484657500205295
-0.14163502806331962
-0.14051659431840693
-0.1186676983322416
-0.14118852359907968
-0.13836984575859138
-0.14197113950337684
-0.14936887153557368
-0.15270787264619554
-0.1424448617867061
-0.11880206955330712
-0.1043663996138743
-0.14491533256867634
-0.1465688177517482
-0.17181122675538063
-0.14149493617670877
-0.1572194525173732
-0.1625580292727266
-0.1049325051384845
-0.1632578732179744
-0.1334032639861107
-0.11473687791398593
-0.14901864076299326
-0.13757240452936717
-0.1391826576686331
-0.14856610500386783
-0.1782000128711973
-0.14555965204324042
-0.10962769708463124
-0.1389853752085141
-0.14487727625029428
-0.14075069442125304
-0.1430065884654011
-0.17746212466486863
-0.135014324848141
-0.13428799408887113
-0.16419398092797824
-0.15422491516385758
-0.14916683839900152
-0.14773785269686154
-0.1656083283679826
-0.15648234954902104
-0.14111593844635145
-0.19115311918514116
-0.10199388356081077
-0.17857921788735048
-0.1496918254664966
-0.14275349516953742
-0.13231235569609062
-0.16217164083250932
-0.10848320461809635
-0.09528986244861569
-0.18569868483713695
-0.13120147266558238
-0.14889167142765863
-0.15785647449748857
-0.12186710483261518
-0.13951079174876213
-0.1255230823797839
-0.2101306446960994
-0.1542853997754199
-0.13032833646450723
-0.18659375687795027
-0.1532421282359532
-0.14943603027079785
-0.11846879018204552
-0.1461305877725993
-0.11118764257324594
-0.13824173861316272
-0.15246981222714698
-0.16111494973301888
-0.13780307450464793
-0.14409934197153365
-0.15146287730229752
-0.1492186804701175
-0.1763188631406852
-0.16484750275100982
-0.1554695266698088
-0.15451067193810428
-0.2101936973631382
-0.12879870991621697
-0.12058854901364871
-0.13664429421935761
-0.12369720105613981
-0.14839525574019977
-0.15775542679641927
-0.1265827984149967
-0.10089875877435718
-0.10861551083092179
-0.1622304062225989
-0.17771314516929643
-0.11712798768920558
-0.12981753716511385
-0.16518618113228253
-0.17986623836415155
-0.0982762375580413
-0.14192867624972547
-0.12942405630435264
-0.14430725734148706
-0.124003602457898
-0.12483622426433223
-0.15205763280391693
-0.15828601164477213
-0.09896144989345755
-0.12239498671676431
-0.12868517796908105
-0.18063572155577795
-0.19396538819585527
-0.12985497872744287
-0.13378297271473066
-0.1727389208972454
-0.13309391029179096
-0.17592570957328593
-0.13403379384960448
-0.12137491868010589
-0.1789222295795168
-0.13125897012650967
-0.13935132590787752
-0.2053608942244734
-0.18664679303765297
-0.14329104923776217
-0.1929420003933566
-0.1764405912586621
-0.18809675105980464
-0.19554153670157706
-0.12030547165444919
-0.16400550359061786
-0.13106405841452734
-0.17927459733826773
-0.18418201431632042
-0.17345884548766272
-0.149105443386361
-0.14688026106783322
-0.13045301155320235
-0.16433522983321122
-0.0971135510397809
-0.17477027167166984
-0.13572583879743302
-0.17027750411736114
-0.1649907880595752
-0.16751697406704938
-0.15197507212204592
-0.16463857503341778
-0.1490645378029772
-0.14993989707103797
-0.1334529041445681
-0.0995968308499349
-0.14594663732818194
-0.13263385769511973
-0.1393186335584947
-0.15639039980513708
-0.12387515870588166
-0.16162610426545143
-0.14943649991930993
-0.1404565531494362
-0.16351202822157315
-0.14059023708770318
-0.15851396109376634
-0.1477742918900081
-0.13623544786657607
-0.13082030788064003
-0.13910854794085026
-0.1398892082007868
-0.1576146770800863
-0.15244119281747512
-0.1590885357665164
-0.153270155989698
-0.13318069971033505
-0.17102459339158876
-0.17293548211455345
-0.1354822511119502
-0.12946844646441086
-0.15642646088131837
-0.15384607735489095
-0.16157732558037555
-0.12516283416854485
-0.14236585622919457
-0.13815807737410069
-0.1462701324905668
-0.190678367923413
-0.1386099699884653
-0.14666443291519368
-0.1719311433179038
-0.15146446813430106
-0.15566174047333853
-0.15322025546005794
-0.14480645369206155
-0.16415514397834027
-0.14748161977955274
-0.1710560747555324
-0.1604332197457552
-0.19007907608257874
-0.13733711971768311
-0.1818293138806309
-0.11885085994643825
-0.1781546287238598
-0.11785917942013059
-0.15951057144307665
-0.1372011745614665
-0.14824916209493363
-0.16615813770996674
-0.14187083127243177
-0.17272826337388583
-0.12738809335444654
-0.1722221757684435
-0.1434342826583556
-0.19081354779856546
-0.1587805151939392
-0.1317306219467095
-0.136274944458689
-0.1600757906479495
-0.15421890068267072
-0.09877279374216284
-0.17110178087438857
-0.14677147726927484
-0.1380094207291092
-0.15398550086787768
-0.1665428046669279
-0.17091486124055727
-0.19284691156021186
-0.19553451080407416
-0.11681333503552846
-0.17243116455418722
-0.15121702743428095
-0.14693954214453697
-0.16879343640591418
-0.18001913465559483
-0.11736101599776053
-0.14713401613490923
-0.13878318138553628
-0.16025568225554057
-0.13946764929486172
-0.2146104337381465
-0.14408597403338977
-0.1398719268451844
-0.12464540930730957
-0.14816970271723612
-0.16108699409025057
-0.13431671341615065
-0.12420811796826976
-0.17186057514378003
-0.15607879211061768
-0.18057508899697236
-0.16590256031070436
-0.1785605557795082
-0.15136969355600222
-0.14745171045485353
-0.17132750622529005
-0.15760994569531508
-0.17713531532457896
-0.18825317360460758
-0.16038903700453894
-0.15974390187433787
-0.17605708752359664
-0.14238153105335577
-0.21027570643595286
-0.16160514844315393
-0.11562901921570301
-0.15292566588946752
-0.19345257111958095
-0.15121196849005564
-0.165087518814419
-0.1825847705560071
-0.1908234389764922
-0.16415769926139287
-0.19980432771678483
-0.16330059098878077
-0.15337638982704707
-0.1686102920877082
-0.16294973822576658
-0.1670132697160755
-0.14010363976870263
-0.16158601375562803
-0.14820895503674233
-0.18738973566464015
-0.13596353493630886
-0.13344883705888475
-0.18766635496701514
-0.18639016044991358
-0.1376952664660556
-0.169072671394263
-0.1499154232442379
-0.17800754787666456
-0.15292548601116454
-0.13360614835151605
-0.139185527871762
-0.16358270549348422
-0.14972132497600146
-0.18020022234746388
-0.15527786420924322
-0.13262378238141537
-0.19399045780301094
-0.11477218900940248
-0.15633209102920123
-0.20653332929526055
-0.21154181872095382
-0.1657216946727463
-0.17213376026068414
-0.15590218614254678
-0.1550904634807791
-0.15026053174265794
-0.15597530135086604
-0.1445406214999301
-0.16179761396987097
-0.1593240757605859
-0.1421467885375023
-0.15938243057046617
-0.18541060547743524
-0.16226858565849916
-0.1615137815741556
-0.1418881191472922
-0.14394715082432544
-0.1307916860761387
-0.15816395450383425
-0.17743341198989324
-0.2435269547360284
-0.15817925200930663
-0.1901683742014159
-0.14472275273874402
-0.18668227004153387
-0.1702470052987337
-0.16336126745279347
-0.13863244679357326
-0.14625025394239596
-0.18378975162548677
-0.18023014654006278
-0.1416219738977296
-0.16842999309301376
-0.11170640614415918
-0.15750037905360972
-0.13167451907481467
-0.13609508158905165
-0.19043950896177972
-0.21299493618841683
-0.19097745019410337
-0.18215106640543258
-0.16061287320085935
-0.18260769918560982
-0.19233547470399312
-0.17229181714355946
-0.1529968444790159
-0.1449141145816871
-0.15428715385496616
-0.1442697479256562
-0.1796368741031204
-0.18477846549025603
-0.13718870521656104
-0.1684018469282559
-0.19257510666336333
-0.18524895102850028
-0.15906770154833794
-0.21208807080984116
-0.19627341628074646
-0.19036210727478778
-0.16863425125900125
-0.18073438746588572
-0.15061825354184424
-0.2122108204556363
-0.15132209179656847
-0.1628716572054795
-0.16587633054171289
-0.20117092345442092
-0.17010702937841415
-0.1799923772258418
-0.21101626168404305
-0.1672092771955899
-0.14113025633352144
-0.14981708555881465
-0.15862385662538664
-0.1962009255907365
-0.15636188723146915
-0.15281566365488938
-0.15721735305019788
-0.18828029185533524
-0.17859232319252832
-0.19446589292160102
-0.17313665683780396
-0.16252439495708262
-0.19499206888888562
-0.19922082924417087
-0.16211457603744098
-0.1527088497366224
-0.24237137287855148
-0.19923027072634017
-0.14430513592170818
-0.24964468500443868
-0.1961848395211356
-0.19221323409250804
-0.1839613387627261
-0.22594637317316874
-0.18053955052580153
-0.18913016681160247
-0.18087972540940558
-0.1574117030416216
-0.14178074896335602
-0.15662931225129537
-0.15424164890178613
-0.2010233359677451
-0.16368206364235707
-0.14341288113168307
-0.2039110782955374
-0.2347205142889704
-0.14123123032706125
-0.16837788479668753
-0.1582207147564207
-0.21617957444063254
-0.19873464346996375
-0.21224604440586908
-0.21688612710152352
-0.1575936765543052
-0.1517206220222371
-0.14485760858016355
-0.1514612516122205
-0.15175263450614043
-0.19794511049985886
-0.1586163573499237
-0.12598939133541925
-0.21548623804535186
-0.1773799913270133
-0.22149472045046942
-0.17739158975226538
-0.15116800793579646
-0.24042628186621837
-0.14857009292713233
-0.1655919005029968
-0.22105681257588522
-0.18364348422203744
-0.20277811693293707
-0.19594311235206469
-0.17162593666996276
-0.18358931584017618
-0.1958299321787698
-0.139610015388046
-0.19249081265713489
-0.2217924435223852
-0.21478926709720067
-0.14614203731928552
-0.13967114061649358
-0.1714482826313802
-0.1856339451457773
-0.1816780466054167
-0.19565836074096815
-0.22842635533639363
-0.18906229548156261
-0.15718905042324746
-0.1698895027594907
-0.12373214238323271
-0.15466666567538465
-0.1427457614668778
-0.19992069474288396
-0.17998906757150376
-0.17263467556663922
-0.19953817475054944
-0.16093060480696814
-0.17985158280602523
-0.19855265532221114
-0.21020045291100228
-0.17607025722307817
-0.21519380595002854
-0.18852611471499717
-0.21217632373528822
-0.16835245117545128
-0.2059324056442295
-0.1368682315307004
-0.18529210292867251
-0.1972614319196769
-0.21914047322102956
-0.19038872580443109
-0.15633171743580274
-0.16933929827064276
-0.1783787858273302
-0.17440248227545194
-0.18012086649624898
-0.17100935934909753
-0.1353960367185729
-0.20638935746891157
-0.19649085402488708
-0.1866219381668738
-0.1982786070023264
-0.17409312166273594
-0.17577288353017398
-0.19404391518660954
-0.13220848036663874
-0.186173500759261
-0.22886152459042414
-0.16842557356825896
-0.1801629568716245
-0.2097841062183891
-0.14484957605600357
-0.18792818539908954
-0.23648198800427572
-0.19262499029615096
-0.1414620910904237
-0.21005033275910787
-0.1989118049719504
-0.13692220034343855
-0.15048404463699885
-0.17646335757204465
-0.16430947038211993
-0.18782632318990572
-0.18347493186593056
-0.18203731679490634
-0.14357905010027544
-0.2205663746488946
-0.19011936988681555
-0.15556146284299238
-0.21129558474889823
-0.1813664250075817
-0.18727869327579225
-0.21815768176955835
-0.1518540009856224
-0.1503934125815119
-0.1662308829171317
-0.20538974979094096
-0.16568273438939027
-0.20528774495635713
-0.17993030031876905
-0.1475263725068154
-0.17088970329080308
-0.1704122865838664
-0.18940115400723048
-0.20251654301370894
-0.20025920176080295
-0.19825947657227516
-0.2019550944013255
-0.2243212488080774
-0.20805615186691284
-0.15151363345129149
-0.19101139636976378
-0.20985039829143456
-0.1910608783364296
-0.21991692270551408
-0.21254125636603152
-0.17612835232700622
-0.16138143757624285
-0.20294604397245816
-0.15797542248453414
-0.14600493452910865
-0.1802063693425485
-0.1953000000544957
-0.16486662732703344
-0.14802702303443635
-0.150440389290452
-0.15589339844882488
-0.16805497290832655
-0.1750799577151026
-0.2296834939292499
-0.19479692008878505
-0.2142685508089406
-0.16513995613370622
-0.20599996138896262
-0.15273284167051315
-0.22067351373178618
-0.1984728521534375
-0.19737947306462697
-0.1800499012959855
-0.19856881669589452
-0.18073903449944087
-0.156805084752185
-0.181961185165814
-0.22291325245584762
-0.2067371399274894
-0.17021555160837515
-0.20532647839614324
-0.20195935772997992
-0.2007974535226822
-0.19253110246998922
-0.18557897529431752
-0.1438294414963041
-0.16175142994948796
-0.2085124131824289
-0.1761857005102294
-0.22675742687923567
-0.20274608529039792
-0.20213642526817108
-0.14728308069918836
-0.1728057504764625
-0.1734647061675787
-0.18795284549040453
-0.19359142173613822
-0.19009424107415335
-0.20249649696052074
-0.18580461612769536
-0.17199540617210524
-0.20379006702985084
-0.19873509077089174
-0.18984692330871308
-0.1894606083099331
-0.17418046934264048
-0.19074820860155992
-0.20935281724502733
-0.1716035231947899
-0.21457524012242044
-0.13974538445472717
-0.17744848504662514
-0.1649124071534191
-0.18913315396223748
-0.20588885939546994
-0.1341715179649847
-0.18440021255186625
-0.1556260303727218
-0.20906253052609308
-0.13506913996700728
-0.17524094054741518
-0.22570406379444258
-0.19792463311127254
-0.18189109595758574
-0.15126355657620089
-0.15932440594770014
-0.17464018779407656
-0.17054379837853567
-0.17883036977478436
-0.18130866012402944
-0.13639308485601628
-0.22654159579958236
-0.2262031180518014
-0.17726618903023855
-0.16232084735695804
-0.15212967140333994
-0.17818660768015043
-0.21098834701946803
-0.15251453007970536
-0.19288193474390677
-0.1836093145954822
-0.18029761793357985
-0.15488600704286778
-0.20380727680666105
-0.1745453572699002
-0.1830636305468423
-0.22503582734082425
-0.1739489742155586
-0.24335296026297978
-0.16459268491183007
-0.17077459128839628
-0.18899436507906234
-0.20475666224956512
-0.18512595764228276
-0.18760599136086448
-0.17569138216120855
-0.1917161409343992
-0.2562501664672579
-0.2103254081947463
-0.190391746748771
-0.17741812180195535
-0.2020947118954999
-0.19435145067317144
-0.19036259661827767
-0.21211146297199385
-0.1880852079817227
-0.18451743785824096
-0.17332240247300693
-0.1820174679160118
-0.21284489333629608
-0.16316714164401805
-0.1702911247100149
-0.1754497332232339
-0.12019933653729302
-0.24922758447272436
-0.17249997332692146
-0.21256922098941036
-0.18401612501059258
-0.1591702178120613
-0.2045413681438991
-0.21126981398888997
-0.177790212311915
-0.22974186443856784
-0.1823037021926471
-0.179221635684371
-0.18341161257454328
-0.14684268326631614
-0.17059069486068829
-0.21386093593069486
-0.20084648951888084
-0.1724367673907961
-0.17296709333147323
-0.17934304954750196
-0.20937178609892726
-0.2217535711824894
-0.17742934077978134
-0.1842193603515625
-0.16225359414238483
-0.15065290725656919
-0.1601378864475659
-0.2199399322271347
-0.14092037613902772
-0.20285925694874354
-0.18383942916989326
-0.20159983528511866
-0.20724153465458325
-0.21630023206983293
-0.20384139407958304
-0.19889583278979575
-0.21138420594590052
-0.16618256749851362
-0.19001333468726703
-0.15816876079354966
-0.15086824180824415
-0.19173735965575492
-0.15421217307448387
-0.18089162957455432
-0.166943047195673
-0.18164457167897904
-0.17083513949598586
-0.20399431422317452
-0.21587086468935013
-0.19813054480722972
-0.17893596951450622
-0.18856546814952577
-0.20010828812207496
-0.187738336622715
-0.14293908593910082
-0.1616011251296316
-0.13899857311376504
-0.20457026362419128
-0.178010547001447
-0.1738550370293004
-0.18347482117159025
-0.180006883506264
-0.17877795467419283
-0.21987735639725411
-0.20298345174108232
-0.18240249582699367
