2.299271035194397
2.2547443389892576
2.0732431411743164
1.637459683418274
1.1892005026340484
0.9265221774578094
0.8095352590084076
0.7452051639556885
0.6500926047563553
0.6398954927921295
0.6302412450313568
0.5838147521018981
0.5004499137401581
0.490193310379982
0.4344795852899551
0.3805645614862442
0.4135502755641937
0.3908297434449196
0.39233994483947754
0.3018466979265213
0.3233656257390976
0.3040012210607529
0.3142070144414902
0.2837755024433136
0.2627142369747162
0.24306873679161073
0.22254262641072273
0.20603255182504654
0.2248137190937996
0.21392723470926284
0.19099968932569028
0.17570255249738692
0.17726271525025367
0.16347861029207705
0.13984676077961922
0.125215794891119
0.1383175604045391
0.13196361511945726
0.14290813468396663
0.10230738930404186
0.11540644951164722
0.10942711271345615
0.11487179212272167
0.0848457481712103
0.09581463485956192
0.09388130102306605
0.0960461039096117
0.10531815551221371
0.09723238199949265
0.0884200606495142
0.06774039771407843
0.06666583772748709
0.05949911884963512
0.054338880628347394
0.04870944134891033
0.06275196950882674
0.05373296942561865
0.05385530199855566
0.04867333490401506
0.06465610675513744
0.06801389008760453
0.04426690768450499
0.04175532720983029
0.03757191207259893
0.03146683163940907
0.034587258007377386
0.03743896735832095
0.031687148846685886
0.022750732814893128
0.02287381812930107
0.023012941330671312
0.019463299307972193
0.018469491356518118
0.017974505294114353
0.0168030722765252
0.019568232307210564
0.02489448469132185
0.02149220216087997
0.029455695161595942
0.026115640252828597
0.02669288106262684
0.015242991363629698
0.016014226269908248
0.015078332740813494
0.013300796318799258
0.013711121666710823
0.01733876597136259
0.01455536587163806
0.014629576355218887
0.01507803755812347
0.024091443885117768
0.011580817645881324
0.022675703396089375
0.015097151324152947
0.011440353328362107
0.012376002478413283
0.013535318663343787
0.007610402873251587
0.012459448841400444
0.008011732343584299
0.019944120780564845
0.029657675372436642
0.02529338242020458
0.020533812791109086
0.01714919931255281
0.014387914724648
0.010244647273793817
0.009585461101960392
0.010162725916597993
0.012940571852959692
0.014689132850617171
0.012530828581657261
0.01644887198926881
0.045785304717719556
0.05373421465046704
0.031653151474893094
0.01615970062557608
0.011069576488807797
0.016373255278449506
0.01848387976642698
0.005972167523577809
0.009434199205134063
0.01140731109189801
0.005650134710595012
0.0035574406501837075
0.004939379342249595
0.009267647063825279
0.0036654798430390658
0.0131753564812243
0.003282293170923367
0.00560442446731031
0.004468914843164385
0.0024425110837910323
0.002876286709215492
0.004805300501175225
0.012902458454482258
0.0022613211593125017
0.00564846487250179
0.014441896858625115
0.004877365031279624
0.021267532114870848
0.009234605741221457
0.008740843669511379
0.009422295249532909
0.007809446973260492
0.004116529237944633
0.0021681862664991057
0.0014977375365560874
0.0026925382961053403
0.0024245467269793154
0.0017382320016622542
0.0020022384589537976
0.0022898674942553043
0.002410750192939304
0.003816467737487983
0.008495565346674994
0.004287210589973256
0.0034465778240701183
0.0018047799007035793
0.006484112655743957
0.0032390710490290075
0.007178629792178981
0.024759885505773127
0.018694219301687555
0.016223375382833184
0.009734002512414009
0.010721504141110927
0.005646036460530013
0.009407270341762341
0.010740305052604527
0.005481822864385322
0.00521807033510413
0.0029749735200311988
0.0022457106300862507
0.0012288058278500102
0.001138184216688387
0.006525781261734665
0.0021662820858182386
0.002184085710905492
0.0014101246139034628
0.001667119245394133
0.0022341344512824433
0.000837314871023409
0.0005571221336140297
0.0011959948140429332
0.0021495378809049726
0.0010870488069485873
0.0018869450235797559
0.0024317089759279043
0.0037397983040136753
0.001221071174404642
0.00685146253235871
0.001387374293699395
0.007125166385230841
0.005327511005452834
0.003237183947931044
0.0036612000840250403
0.005242500783060678
0.0030682096432428805
0.008889712125528604
