3.2608122678214254e-08
1.030329841000821e-06
1.5122997670654774e-06
2.5226807208257795e-07
-4.3374583569288916e-07
7.977194293066045e-07
-3.5540424241682036e-07
2.122225493751882e-07
3.0067213430129414e-07
7.08998300069652e-08
-1.34166246620485e-07
8.593344012248443e-07
-3.632318623658648e-08
3.138975139498663e-07
-5.114762708607097e-09
-8.667482693474377e-07
4.6487133837607484e-07
-1.9047410201470223e-07
-4.375368689579773e-08
2.1545592116772078e-07
3.5234138806572446e-07
3.5305473846035186e-07
-5.751940640611306e-07
-6.536965264964627e-07
3.7616604434528457e-07
-1.010098165871958e-06
-2.600436508665942e-07
-2.0525984772185829e-07
-9.415024188846083e-08
-9.85014448165852e-07
1.3637615633602502e-07
3.710535330420888e-07
-3.321920790507907e-07
-2.7351008125009457e-07
-2.408668718447059e-07
-2.9374374881691825e-07
-3.535509043623668e-07
3.554159937786088e-07
1.552889220387702e-08
-3.211764101657926e-07
9.453632421647333e-07
-4.149694794770247e-07
-1.512525581607146e-07
4.282449351324301e-07
1.40427891080565e-06
-8.419785737195136e-07
2.793091198327602e-07
4.0017881782919827e-07
8.686908107132954e-07
-1.4992613322257447e-07
6.21435240028794e-07
-2.020477927950586e-06
-8.345854333973486e-07
7.508122885318309e-07
6.371899904219649e-07
3.168848846816072e-08
-4.244617670678963e-07
2.1209206733731533e-07
3.078443780525829e-07
2.384121750813912e-08
-1.5218385393771833e-06
4.710484924024578e-07
2.9804746087031777e-07
6.954816983904623e-07
-8.816017477946454e-07
9.016492476453055e-07
3.3937576355518626e-07
-1.0446628095905908e-07
-8.748493261886583e-07
-7.874509719840717e-07
9.168985570795485e-08
5.097087206909887e-07
-1.3238879473322283e-06
-1.118535802139117e-06
1.3563694015569387e-07
5.308287914626167e-07
1.3494191635844897e-06
-1.1678373945349968e-06
-6.824661470870654e-08
-2.452153162429178e-07
2.0623433881285435e-07
3.0554944783846493e-07
4.3870140383920185e-07
-4.587724130747769e-07
2.0617953008387042e-07
-1.2067158893712206e-06
4.1228410704466765e-07
-6.29489802252335e-07
2.7570811259433216e-07
2.7000541129902036e-07
-9.678776353082088e-07
-2.663327742474004e-07
1.53575911099324e-07
1.9391002175390376e-07
3.0239476294419934e-07
1.4349159625583396e-07
6.474858115065477e-07
-3.5666418593141967e-07
-2.235751943706938e-06
-2.1588117756924215e-07
9.179360499648023e-07
8.568132849567129e-07
-4.568612652633419e-07
-1.078712600133258e-06
-3.830070097267578e-07
2.1263764032093085e-07
-4.301761740472492e-07
-4.996604405148121e-07
-1.0615745834132082e-06
1.076832128481848e-06
6.909655862078321e-07
6.067215281291283e-07
4.730176225312529e-07
-3.491515972850071e-07
3.793638211188214e-07
2.615854595790422e-07
3.4760905366835816e-07
5.937379663637341e-07
-8.448583628251072e-07
7.293025865757435e-10
-3.8772686509044464e-07
5.985253689492051e-08
-5.716746857485435e-07
-1.1554460245731337e-07
9.908243693449289e-07
-8.424660791206406e-08
-3.226741804545392e-07
-2.161990624622539e-07
6.157041289510192e-08
-4.856089361737759e-07
-4.946086521938144e-07
-7.089922300045666e-07
-1.6226140035411975e-06
8.796441721057948e-07
2.5861245788024893e-06
8.356203896450356e-07
-1.1644708917758959e-07
5.183974646375386e-07
1.0633757727061623e-06
-1.5090886254906114e-08
1.0608147635236622e-06
-5.051500855708062e-07
-6.53696710222513e-07
-5.056453785203172e-07
-4.628301155662484e-07
-1.0239833116035664e-06
-3.127455314404821e-07
-1.4764764638844748e-06
-2.122724051137733e-06
-1.097236690839054e-06
-1.4277215808330572e-06
6.087206380860672e-07
-3.2095682708391647e-07
-3.216321796831575e-07
-1.3275020559636426e-06
5.903848594763466e-07
-1.4473079293761008e-06
1.8003674183221718e-07
-1.5292263161167545e-06
-3.0687643532343955e-06
-1.09509370206849e-06
1.907705577000992e-06
-4.1723135219789196e-07
-7.208901869099854e-08
9.893166463825764e-07
-6.088119363312217e-06
-4.27572899752704e-06
-5.405148125906375e-08
-3.4468296234990703e-06
-1.0557129371591145e-05
-1.7920572125668904e-05
-2.218940364530551e-05
-8.295991730327452e-05
-0.00021665054607313192
-0.00030399824234856557
-0.0003847918908702143
-0.0009312138304916776
-0.001293762616114691
-0.0007335958892196816
-0.0014991814012838794
-0.0030386770002743496
-0.0038233498843120678
-0.004701538867915848
-0.004685308160592935
-0.005670342253454562
-0.00766952260996082
-0.01099458000888782
-0.010757792508229613
-0.011209217066477453
-0.015613166099813367
-0.016183271571727737
-0.009590784287346261
-0.006354817538522184
-0.006108406947792641
-0.012021056642489774
-0.016258622785764083
-0.017089781550956622
-0.01564272622843938
-0.01837049047130027
-0.015913621555747732
-0.024230739135029062
-0.0173548607687865
-0.025528126396238804
-0.027686385171754018
-0.031113880886031047
-0.022840483014338782
-0.02353637509181031
-0.026669675151684454
-0.024247320368885994
-0.02356201846019498
-0.024624919019905583
-0.029254980451826538
-0.022198286406429752
-0.02076854051223823
-0.02117963955970481
-0.034370635503104756
-0.028665872889437845
-0.012721389182843268
-0.02345597610941955
-0.01742880821984727
-0.028587674655552422
-0.024106177534641966
-0.03121382716510977
-0.03149885591119528
-0.031102419764335667
-0.026514002080408057
-0.03660687005945614
-0.03176633218702461
-0.037595535295882394
-0.026438830619943992
-0.030414246754454716
-0.037642656093729396
-0.04197998797254903
-0.03799561191616314
-0.023036602086254528
-0.032763473955648284
-0.028604279405304363
-0.040325069933065345
-0.03478354415191071
-0.03438810471977506
-0.042342055522437604
-0.04123533996088164
-0.037307191640138626
-0.04686812311410904
-0.03898121576224055
-0.04199173008756978
-0.034276226934577735
-0.04277321855936732
-0.039649641806525845
-0.03706553219152348
-0.04658346323828612
-0.04258062615658024
-0.051382245628961494
-0.03928957723214158
-0.03538527798705867
-0.03777889947273901
-0.03583961193050657
-0.037296612081783156
-0.04788794022585664
-0.03870694153010845
-0.04000778629311493
-0.037589769644130556
-0.042619063785033565
-0.050559133158198426
-0.04750411877674716
-0.04985729604959488
-0.04889632202684879
-0.05971780579004969
-0.05959523735301835
-0.055327206051775386
-0.05747206695377827
-0.054585168537284644
-0.05850407647501145
-0.04649359726213983
-0.05409628019801208
-0.04934481890606029
-0.04975120410589235
-0.04143800466720547
-0.04908860128905092
-0.03555834812245199
-0.043983200165842264
-0.05886385603142636
-0.051717941516212056
-0.053822119387664964
-0.051417365803250244
-0.047916709778032134
-0.04596188175491989
-0.04386912582309118
-0.05197534976261003
-0.050871990654351454
-0.052512200349675756
-0.07249340308564049
-0.06513014182980571
-0.059820459357329776
-0.06645703515303987
-0.05854642843561513
-0.06127162543790681
-0.05483640307128163
-0.04915507550218275
-0.03956849974097817
-0.04759638383984566
-0.05140133202075958
-0.06291281232344252
-0.04859471866594894
-0.05973143463156053
-0.0625206104346684
-0.061402401620788236
-0.056230677025658746
-0.0720779366259064
-0.05858735302795789
-0.06937267697815384
-0.06416913787169116
-0.057127520974193303
-0.06813313758799008
-0.04490135510319045
-0.0559497664549521
-0.05235975368746689
-0.0676515908645732
-0.05531856161542237
-0.05392626832638468
-0.06460670987144113
-0.06226367503404617
-0.07825286579983574
-0.07178661440099988
-0.06589433870145253
-0.06418691668659449
-0.077011553304536
-0.0791941045650414
-0.061112078838050365
-0.07495644582169396
-0.06747271273551243
-0.07573551604790348
-0.06640154243047748
-0.07567525601812772
-0.06310260695006166
-0.06658235072557415
-0.08176455966063909
-0.0639668481557497
-0.06659945366638047
-0.05830896020467792
-0.062117048140083043
-0.0760334102170808
-0.07965812898640122
-0.0843310116657189
-0.07486629539302417
-0.0668489748079862
-0.07697589389447655
-0.08063406497240067
-0.09387151151895523
-0.08748094391609941
-0.08071049901523761
-0.07280311733484268
-0.08171961190445083
-0.08297249621578626
-0.06217643345839211
-0.07553436101547309
-0.07434511969664268
-0.06780005871717419
-0.08312805023576532
-0.06487935262599162
-0.0867810185466494
-0.07695080313299384
-0.06463310069271497
-0.08181424751611692
-0.09885888546705246
-0.08550548586728317
-0.09447799250483513
-0.06284262452806745
-0.08044102548488549
-0.07151752723647016
-0.07829388603568077
-0.10185993170099598
-0.09378523432782718
-0.09147432180387634
-0.07868804057527866
-0.09362047192241464
-0.10426066762634686
-0.10305500116997532
-0.09753096609243325
-0.0912939842258181
-0.08037076970296246
-0.11019591029201235
-0.09313391069216388
-0.09648042917251587
-0.0968280519757952
-0.11343865469098091
-0.08220685379845756
-0.08002281385207814
-0.09979167447558471
-0.1010323862013008
-0.09341423878712314
-0.07784399443439075
-0.09073422077511038
-0.08954477922192641
-0.08451851244483675
-0.08749783890587944
-0.08673114249748844
-0.07283500648502793
-0.08843261349414076
-0.10299401943172727
-0.10077454202941485
-0.08507727379245418
-0.09974942276520389
-0.0876415975924049
-0.09841108854327883
-0.0885207365666117
-0.09746333530970983
-0.0906940618796008
-0.09847004764846393
-0.0856386369892529
-0.0904468053153583
-0.10311253714774336
-0.11932363733649254
-0.11149494403174945
-0.10220999856080328
-0.10397775923567158
-0.08179296486611877
-0.09794072913272041
-0.09715779950576169
-0.09074077010154724
-0.07670562528073788
-0.09938613564840384
-0.09151079385940518
-0.09228386038116046
-0.095466034752982
-0.08792641146906785
-0.0892351149980511
-0.11131055387003082
-0.07017018952007804
-0.12062577424304825
-0.09694776870310307
-0.10315062318529401
-0.10234104496027742
-0.09586519535098757
-0.14769785398883478
-0.0765085072655763
-0.09870861091517977
-0.10247896185943059
-0.10482193609433514
-0.10016873372452599
-0.10589346741991383
-0.1166827359369823
-0.10502235165664128
-0.1035366543967809
-0.11184162540095192
-0.09457036387175322
-0.1174890585243702
-0.1188057716935873
-0.12179069008146014
-0.12339389749935695
-0.11552997598690647
-0.09537853273962225
-0.10233034459607941
-0.08684166893362999
-0.08828203859073776
-0.11988683257784162
-0.12465042008885316
-0.1001060666250331
-0.10949515804116215
-0.10241421245570693
-0.09442897752991744
-0.11555787362158298
-0.10416548512876034
-0.10327436056520257
-0.11675224054072585
-0.09565281083009072
-0.08068022610885757
-0.10546008577304226
-0.10282623248973063
-0.11485357210040092
-0.1096697561442852
-0.09333828091621399
-0.11657495637025152
-0.0881749905113663
-0.11647817279611315
-0.11096338608435222
-0.11600326826529843
-0.09628782581005778
-0.08470257158790316
-0.11014885974249669
-0.0743316686046975
-0.09703441150486469
-0.08772797802729267
-0.08986542054585048
-0.10608283802866936
-0.09834563439445836
-0.09835702792874404
-0.10672894333090101
-0.10204401426017284
-0.13031143216150148
-0.09185349495549287
-0.11790872125753335
-0.0976595471480063
-0.0999193289982421
-0.12557180518550531
-0.099800991160529
-0.12557590726230825
-0.11520608700811863
-0.11520633048244885
-0.11952763077403818
-0.09538772449429546
-0.11127957994384426
-0.11363314065550055
-0.15023439696856908
-0.1060618885925838
-0.11970045736857823
-0.12959536045257533
-0.11209607762949807
-0.12520291549818857
-0.12568031304648944
-0.13117612978177412
-0.13886140952152864
-0.11927546454327446
-0.09790121803858451
-0.12951972016266414
-0.10251541728419918
-0.09968318071748529
-0.11409118665116173
-0.12374735011586122
-0.10158339209322419
-0.11730460569794689
-0.10808627200978142
-0.12125149262802941
-0.11795115630541529
-0.10464962678296226
-0.14008434090231145
-0.09276619553565979
-0.12924745199935778
-0.10373075239892517
-0.10910211423678058
-0.12819750979542732
-0.13428078684955835
-0.11035537094409976
-0.10414459183812141
-0.10215319267341069
-0.11962788019861494
-0.1466740561383111
-0.11989775286721331
-0.12732813134789467
-0.14471728514347756
-0.10217438518468823
-0.12973539105483464
-0.1019787749142519
-0.10767131245562009
-0.10647070833614894
-0.13646602976535047
-0.13617923696126258
-0.12942636545215333
-0.1125886719673872
-0.10723624272005898
-0.12532019748219422
-0.1169502716511488
-0.13387135762189115
-0.11106360337830015
-0.11036082982484784
-0.11167835843350206
-0.15524972070540702
-0.1335488823907716
-0.09293894203645843
-0.14146587465490615
-0.1438942618135895
-0.12759784476033278
-0.11996902152895927
-0.09772552637150511
-0.12010810391179153
-0.13076414646846907
-0.1316731492323535
-0.0968553623450654
-0.12481291858213288
-0.13993888747479236
-0.12453999184072018
-0.162820788366454
-0.13230902329087257
-0.09585443870829684
-0.11579672087516103
-0.12499301641115121
-0.13517783387214877
-0.11775356557752405
-0.13300531144653047
-0.1517546506864684
-0.13568374195269176
-0.1302625723183155
-0.1348402291270239
-0.14365506085700222
-0.11181405346308436
-0.14778653079909937
-0.13662594290716307
-0.12805064341851644
-0.12128258629568986
-0.11424798757902213
-0.13213873202247278
-0.1452718185526984
-0.12046559474297933
-0.11824316345155239
-0.11600230048809733
-0.10761647245713643
-0.13145597548490123
-0.10291828920266458
-0.10195381699928216
-0.1123774272522756
-0.09802257103313293
-0.14083997281600855
-0.13564324166093553
-0.11178236747426647
-0.13325135675924166
-0.12836229495171989
-0.14867147483995982
-0.14586589698280608
-0.13908941139067924
-0.1591942911701543
-0.13147535321435758
-0.167645340519292
-0.13081904128193855
-0.12977131136826106
-0.13874684699944087
-0.09324478291507278
-0.151682369943176
-0.13042076437601022
-0.14422444440424442
-0.13466224406978913
-0.14019120511199748
-0.11696755327284336
-0.11044440844229289
-0.11161920957134239
-0.12073077818578375
-0.13972537485616549
-0.12798918331308023
-0.15013419464230537
-0.1376924675423652
-0.12630425553236688
-0.1551717674093587
-0.14258731475898198
-0.13727716742349522
-0.12468146798866135
-0.10639015611793314
-0.1583654380270413
-0.15156299753912858
-0.12491906281294567
-0.12798477739228734
-0.10137431017522301
-0.12936925794929266
-0.11827336704092366
-0.13529770714896067
-0.11468353987272296
-0.11342701409012079
-0.10149908265365022
-0.13283506887299673
-0.12842695574675286
-0.1286067639344505
-0.12658202475202934
-0.11714732833206654
-0.11335757188498974
-0.1990875649665083
-0.13681504476283277
-0.15323247334786824
-0.15137318574956485
-0.1623861909444843
-0.1299484185874462
-0.09973673256380218
-0.13489578877176558
-0.15195085693682944
-0.14985253821526254
-0.13041858029152667
-0.10395322420767375
-0.14070987488542283
-0.14487963941480433
-0.1767095694584506
-0.12874810929809297
-0.14355454274586268
-0.15789067798427173
-0.14788061646478518
-0.12283015650297914
-0.12588031869381666
-0.14252543170005083
-0.13231459871998855
-0.10094341369611877
-0.13466373112584865
-0.14465402864984103
-0.13162135299561278
-0.14306952165705816
-0.11718090623617172
-0.12002934462257794
-0.14068743107574327
-0.13679526160870278
-0.14072554877826146
-0.1490348574838468
-0.12189147195645741
-0.16470701726419584
-0.15949751144008978
-0.13524435247693742
-0.180155056395701
-0.16809924239558832
-0.13546266273728438
-0.12827115878462791
-0.12608708131925336
-0.16624627262353897
-0.13593664100127562
-0.14005584003669874
-0.1765810488057988
-0.10751477362854141
-0.1542446089110204
-0.13285202852317265
-0.1320864957358156
-0.1247188514098525
-0.13312880415469408
-0.12633012341601507
-0.130089171230793
-0.11987199714141232
-0.13777425712240593
-0.11187069197850567
-0.1445680633187294
-0.12387507152743638
-0.12512736288564547
-0.12584065379840986
-0.15245307809008019
-0.12054785074932235
-0.1498278517808233
-0.13909952715039253
-0.12848633847066335
-0.17974812058465822
-0.1690892715539251
-0.0987297637122018
-0.12049333272235734
-0.1487765067390033
-0.13684699404984713
-0.13474283580269134
-0.14137963790978705
-0.1683084492438606
-0.1471315577094044
-0.1862464706812586
-0.14198672026395798
-0.14107282632695778
-0.1451409962028265
-0.13277501107326575
-0.15545841559235538
-0.15727091234709537
-0.1311604380607605
-0.16812671082360403
-0.1314464658498764
-0.1308825367263385
-0.1516576840409211
-0.12659882857198163
-0.1404539133821215
-0.13057425671390124
-0.11759860321347203
-0.15862825965242727
-0.11775935560997043
-0.10725015228880304
-0.1405726136373622
-0.15796150586434773
-0.14570084048734447
-0.13934338465332985
-0.13127906367714917
-0.13729039686066763
-0.13205238538128988
-0.18275900238326617
-0.15519100800156593
-0.15591847896575928
-0.1742844551003405
-0.1373905488955123
-0.12643481072570598
-0.13970366892005717
-0.16506939753890038
-0.13061538019350596
-0.15464361890086106
-0.14805926382541656
-0.16260778957179614
-0.14473461838705198
-0.1468530211464635
-0.1425025537610054
-0.12847402292702878
-0.1666534287588937
-0.17580651491880417
-0.1614169031381607
-0.15828354071293557
-0.13746371692312614
-0.1526237287159477
-0.13387964466320618
-0.12145638013524669
-0.16285966017416545
-0.09041441498058182
-0.13208156691065856
-0.1259571655786463
-0.14651301290307725
-0.09514368804437774
-0.12022270395287446
-0.14116835381303514
-0.1549641987574952
-0.17821312323212624
-0.15552170893975667
-0.1817582000845245
-0.18204707066927636
-0.1305555407223957
-0.13588813479457582
-0.135162424828325
-0.15474559579576766
-0.1602645819740636
-0.12280176154204778
-0.14293768017419747
-0.1410573601190533
-0.15717384112732752
-0.14245865919760295
-0.12475485966673919
-0.14254017626600607
-0.13743594075952256
-0.1171320430668337
-0.13431786293429987
-0.1514936156038727
-0.11520209269864219
-0.10642878498349871
-0.09861407562025956
-0.12251404167285987
-0.15587315894663334
-0.15023866615125112
-0.15047973979796683
-0.1708820103002446
-0.13079512757914408
-0.1466787401586771
-0.140802873564618
-0.13789200742862054
-0.1292812079191208
-0.15743457792060717
-0.12964605912566185
-0.13422816220138753
-0.13250782181109702
-0.16561446569435898
-0.16111756435462407
-0.12182479870638677
-0.14893543933119094
-0.16010704397090844
-0.16200457619769232
-0.16840061066406115
-0.14860172769320862
-0.15661254378833941
-0.13336111871259554
-0.1641932332089969
-0.19546607615692274
-0.14233602450362273
-0.12158355649028506
-0.12600363312023027
-0.14317638453628337
-0.14342881320044398
-0.14047964343002864
-0.14019254967570305
-0.14625886934144156
-0.1537387456212725
-0.12973625053252494
-0.10177751856723002
-0.15717821262244666
-0.16500490478106908
-0.13544860748308046
-0.1512476285653455
-0.13112051864819868
-0.12150074754442487
-0.1343159843236208
-0.11860246387576419
-0.11341115991984095
-0.1712905993419034
-0.128147210127541
-0.11534246389887162
-0.11407753053520407
-0.1676161289215088
-0.16991706032838141
-0.1577911733516625
-0.16304163235638822
-0.11664391136062997
-0.11852536350488663
-0.12251881323754787
-0.16381469581808364
-0.14399949674095427
-0.16861608092273986
-0.12365450044827801
-0.12347654758819512
-0.09752117483211416
-0.10633321492267507
-0.1357776980314936
-0.12987943871745042
-0.17085592608366693
-0.18283611669072083
-0.11940749920904636
-0.13402599043079785
-0.1342038896067866
-0.15984520050031797
-0.13642712203519686
-0.16504750666873796
-0.13906308423195565
-0.1417654466682247
-0.13975455492202724
-0.1640314513019153
-0.14323296876890318
-0.18372622025864466
-0.16091870875763042
-0.14214672600584372
-0.1501925357484392
-0.12246261909604073
-0.14681298432073422
-0.16112496091851167
-0.13519840527858054
-0.1485281235405377
-0.14360798842140607
-0.14734385322247232
-0.12539672133113658
-0.1593185072498662
-0.09957618678786925
-0.1642528660595417
-0.13692888644124782
-0.14329702673213823
-0.17156160463179862
-0.1744662837258407
-0.13423013700438396
-0.13501526229083538
-0.11468379931258303
-0.1410417026241443
-0.15064559983355658
-0.14135996984051807
-0.1570032047373908
-0.15375721960195474
-0.1388835616941963
-0.18155633392078535
-0.17239774497491972
-0.17798600452286856
-0.13496392220258713
-0.10650972596236638
-0.154292816562312
-0.1629663182954703
-0.1486770079604217
-0.1497301422059536
-0.178897352623088
-0.19663633831909724
-0.15567868894764356
-0.18078656334962165
-0.1583967296672719
-0.1541467492601701
-0.16665152619991982
-0.15901123825460672
-0.13852889569742338
-0.1431505105325154
-0.14771034089582308
-0.15934784231441362
-0.12601022901279585
-0.12036627331482512
-0.16382629524118134
-0.14392600394785404
-0.13923959114721843
-0.16176615495766913
-0.17923699585454805
-0.16065809077450208
-0.15429893561771937
-0.1443397370832307
-0.13532794985388005
-0.1796712102368474
-0.16603021430117743
-0.1509810837783984
-0.17023738313998496
-0.16169477706508978
-0.16602781148893492
-0.1360373677951949
-0.14262279814907483
-0.21017625395740783
-0.14175180824739592
-0.17349441535770893
-0.14488954842090607
-0.1693396491131612
-0.149994012400774
-0.16152806526848248
-0.19310540705919266
-0.17879185240183557
-0.1812107560357877
-0.18146620052201407
-0.17976597829588822
-0.1481126043945551
-0.20581560422267234
-0.14462170137890748
-0.10416227352938481
-0.13252677316112177
-0.10533750908715385
-0.17887080647051334
-0.15336164712373698
-0.12058560789695807
-0.17820944876543113
-0.13857744288231647
-0.14299726326550757
-0.1672542238874095
-0.12216544310961451
-0.18275061302951404
-0.11295299870627266
-0.1389532717210906
-0.15047350426071457
-0.14129929191299848
-0.13805709167250566
-0.15031139525984014
-0.12630202222083295
-0.131810379480677
-0.18511480199439184
-0.1416485192520278
-0.1264968439936638
-0.15790782389896257
-0.16561442773256982
-0.16864738879459246
-0.18406437164438622
-0.14783841344927037
-0.11938171833753586
-0.1515500314001526
-0.13543947120862349
-0.16236036536949022
-0.12614012456365994
-0.18435021782560007
-0.15400242432951927
-0.1623959509389741
-0.15309522779924528
-0.17727553525141307
-0.12905770620065077
-0.14762024794306075
-0.15436800383031368
-0.14265957261834825
-0.1803095213004521
-0.17474728556615965
-0.17147874672498023
-0.10799805221280881
-0.16288452528949296
-0.1349427348801068
-0.1302607116688575
-0.1776207685470581
-0.18783106814537728
-0.12583180756441184
-0.14142222915376937
-0.16254279323454415
-0.15099094142871244
-0.12755404998149192
-0.12182653695344925
-0.16937313627983844
-0.15047539211809635
-0.18977188904370582
-0.1416234868977751
-0.16730697665895736
-0.1317688947809594
-0.17534986617309706
-0.15007962020380156
-0.15430087689310312
-0.14084754564932414
-0.20518805086612701
-0.11542553401419095
-0.15868582549904073
-0.18889446317085198
-0.1549427727503436
-0.1925422035689865
-0.16064065428716795
-0.16937835940292903
-0.1549941109759467
-0.14829089545777865
-0.16722728205578669
-0.14818262455186673
-0.14989376839782512
-0.1523401103913784
-0.1156879820461784
-0.11362210208816188
-0.1959909392254693
-0.11430587912244457
-0.1286989272172962
-0.1308859455000077
-0.13742286605494364
-0.15207203504230296
-0.14015632442065648
-0.149943581117051
-0.13814464743648255
-0.13448291644454002
-0.17749144775526865
-0.17101889862013714
-0.14044186632548059
-0.1451099030673504
-0.14640550687909126
-0.1266640057521207
-0.12505815297897374
-0.1692543476819992
-0.13200394702809198
-0.12536996629621303
-0.12758575592722213
-0.13460544440230088
-0.12985739883567607
-0.16386120260826179
-0.14042323401996068
-0.1494792585394212
-0.15751482439892633
-0.16722614637442998
-0.138993430350508
-0.17339183469968183
-0.12931195912616594
-0.1468572232073971
-0.15126767754554749
-0.17960834130644798
-0.14390518835612706
-0.15815868321806192
-0.1533416286110878
-0.15569075463073595
-0.14135880236114776
-0.1607932863490922
-0.1487401673304183
-0.1355236450742398
-0.16706125730914728
-0.15779238007962704
-0.14522951575262205
-0.1405277494341135
-0.1285129993089608
-0.14802744878189905
-0.1810680885932275
-0.14027000604463474
-0.12855954893997737
-0.15557821281254292
-0.1689126193523407
-0.15266309678554535
-0.1544042769819498
-0.13245307812134602
-0.18584222319935048
-0.16673367949468748
-0.20508853878293717
-0.20697021670639515
-0.14253546882952964
-0.1740293681089367
-0.17285392167312758
-0.15208254515060357
-0.1448390752609287
-0.19513002836278506
-0.15410100189702852
-0.16843949657465732
-0.15034311850156104
-0.17430181269134795
-0.15036472664879902
-0.11554198525846004
-0.12551943691713469
-0.16403906898839132
-0.15196054482034274
-0.1457855034885662
-0.14328010566532612
-0.16140415599303587
-0.15530218769397056
-0.1833395308681897
-0.15357123155679023
-0.17393259371497802
-0.169922729155847
-0.13758895386542594
-0.10824017226696014
-0.17163712424891336
-0.16476283169218472
-0.17061322714601243
-0.17169939247625216
-0.1563580028180565
-0.12733704703194754
-0.14869912234800203
-0.14797420453812396
-0.20302789551871164
-0.18743289900677546
-0.13568059847291028
-0.13992439609553134
-0.17484790672148978
-0.156675892749003
-0.14838354755192995
-0.1582615002989769
-0.12677742168307304
-0.16271940059959888
-0.15614901163748332
-0.1462914672281061
-0.11706440283783845
-0.17578807473182678
-0.16225791376616275
-0.13016278908721038
-0.17240208280938013
-0.16597367184502737
-0.11742904276720115
-0.15382299598838603
-0.20473598688840866
-0.14136321683015143
-0.10592310370079108
-0.1612482817311372
-0.1666090866284711
-0.18113086106521742
-0.13597861092005456
-0.1460608868593616
-0.1598560714295932
-0.1807913796177932
-0.20015482977032661
-0.16679048910737038
-0.20880805434925215
-0.1789180947733777
-0.182965273303645
-0.15913595099534308
-0.1501349306532315
-0.15570043240274703
-0.14967141140784537
-0.1692148239484855
-0.13644219189882278
-0.2056235128215381
-0.1715836993285588
-0.15318980759807996
-0.19852030809436524
-0.17517569794186524
-0.1642733681946993
-0.16101391447175825
-0.17304675187915564
-0.15847897795694216
-0.22716313840023108
-0.1472879722714424
-0.1192839639261365
-0.19293856966708386
-0.1335997860878706
-0.15767528489232063
-0.17755511908658914
-0.14900787866541318
-0.15615992727024214
-0.1690946931817702
-0.14696047082543373
-0.1575403224144663
-0.1629061863890716
-0.14170056634715625
-0.1638086893196617
-0.1756978291752083
-0.14239195601216384
-0.11386082960026604
-0.20151133516005107
-0.14560690162969486
-0.17648461940033094
-0.1302960336740528
-0.17350720507758005
-0.15006687279258454
-0.17514211045844214
-0.18856871367565223
-0.17510264473302023
-0.1426069127129657
-0.16163960258875573
-0.18612161119069373
-0.11516708587961537
-0.15634895169309207
-0.1275939785742334
-0.1601068978863103
-0.15381159500351974
-0.14824932334678514
-0.15172455087304115
-0.15169810503721237
-0.1793999219579356
-0.16918658039399556
-0.15711506296481406
-0.14467447064816952
-0.15401218246136392
-0.1869247891008854
-0.16871071234345436
-0.14737724725689208
-0.186664490295308
-0.13184646862958158
-0.1610162774366992
-0.15183759879853045
-0.16879501592900073
-0.1771330742963723
-0.17566621942179544
-0.12240643559822015
-0.1767182190503393
-0.15279082741056169
-0.1323458065411874
-0.19211639197809355
-0.15349574317224324
-0.154306311160326
-0.16430215564157283
-0.14669409607137954
-0.1678389949457986
-0.1603423138814313
-0.15991724362330778
-0.20590955152043275
-0.13412517189447368
-0.14839825659458125
-0.1677318305841514
-0.1542379672506026
-0.2010073693735259
-0.14656925334462098
-0.19774723052978516
-0.14634977281093597
-0.17860239212002074
-0.1829325075128249
-0.1660370412947876
-0.13580839934625796
-0.17834818469626562
-0.13646097161940166
-0.2050825777862753
-0.13753032577889307
-0.18686891347169876
-0.14950768223830632
-0.16198722379548208
-0.13308674256716455
-0.14436303252088173
-0.15136442759207316
-0.16222034288304193
-0.17985443877322332
-0.21660485597593443
-0.19582085417849676
-0.17860469222068787
-0.15364484994539193
-0.1789642475279314
-0.1472730322607926
-0.1361990130961723
-0.1578971315175295
-0.18270953155920974
-0.16417507720845087
-0.14725838974118233
-0.14317795394786767
-0.15269369961294746
-0.1599186940916947
-0.15618827752768993
-0.15272791470800126
-0.19940518055643355
-0.15613553912511893
-0.16559460160455533
-0.19273126604301588
-0.16388848370739392
-0.1810381497655596
-0.20902632283312933
-0.13255745312198997
-0.179952579417399
-0.17413468472659588
-0.13913395096148765
-0.15345672837325505
-0.16788202723754303
-0.15288758011800901
-0.14903910058949674
-0.16203374967777304
-0.19558230814124858
-0.1514112257531711
-0.1921054766114269
-0.14743431763989584
-0.21084995142051152
-0.17832902073860168
-0.15265175141394138
-0.12370560238403934
-0.14086607045360974
-0.17664594522544316
-0.1657706153179918
-0.18986128589936666
-0.17386954590412124
-0.152057393054877
-0.14823151619306632
-0.1339516698249749
-0.17286038265696593
-0.18928499493215764
-0.17509851045906544
-0.13500445389321872
-0.16281662242753164
-0.17421323220644677
-0.1607077248128397
-0.13130413474781172
-0.15770069829055242
-0.15569130278059415
-0.16092539578676224
-0.18174408256475413
-0.17411182474877154
-0.1721774068261896
-0.1598712517214673
-0.14095025669251168
-0.15622600487300328
-0.11567511688917875
-0.2089791457567896
-0.16022662605558122
-0.16788661692823684
-0.15653379474367415
-0.16223099934203283
-0.18734414822288922
-0.14019532022731646
-0.11799728604299682
-0.1580886079796723
-0.1080556008964777
-0.1471758024500949
-0.1423144449612924
-0.13878522573837213
-0.1698908018214362
-0.1489863601912345
-0.15084923777197087
-0.1978709271975926
-0.1982259593371834
-0.16811283810862473
-0.15940304725830043
-0.1661736233425992
-0.14986975996622018
-0.16258861124515533
-0.13091676336313998
-0.18925749071474587
-0.1602281965315342
-0.17631811701825686
-0.18094360322824546
-0.1915274608348097
-0.1602670050093106
-0.15444629852260863
-0.19422066930149282
-0.1712904710854803
-0.17731695622205734
-0.13660386770165392
-0.19727716861026628
-0.15243816748261452
-0.18942640582099557
-0.17760978266596794
-0.14764434179025038
-0.15169722773134708
-0.1693490067762988
-0.13866924388068064
-0.1379323372883456
-0.14422003791800567
-0.176279965788126
-0.22862441624913896
-0.15986041937555587
-0.13749841494219645
-0.1684486929859434
-0.17508707993796893
-0.15682649279811553
-0.17605573550931045
-0.1528274981038911
-0.17725847448621476
-0.14366466871329717
-0.17733975712742125
-0.17949419894388743
-0.2020206158714635
-0.13352569392217056
-0.14323908356683596
-0.14617663608597858
-0.152000097025718
-0.14919611093189036
-0.13432588587914193
-0.18523050099611282
-0.18410731878663814
-0.12896964033799513
-0.18594439114843095
-0.16997421040598834
-0.16587153928620474
-0.1769055271787303
-0.1801849752664566
-0.16600892985505716
-0.18989774212241173
-0.16878250533980982
-0.14945643182311738
-0.12479959867362465
-0.13564956660515495
-0.2046678883156606
-0.14940830187073775
-0.19017063107873713
-0.1486567727157048
-0.20920701697468758
-0.15598301855581148
-0.1697053715054478
-0.1613296277688018
-0.1908062661864928
-0.15685885585844517
-0.16581086202391557
-0.17081832779305323
-0.1891988678170102
-0.17387837756957328
-0.1557803369526352
-0.1402103823742696
-0.11789028878722872
-0.16606425334300315
-0.11949153617024422
-0.18679988809994288
-0.13909165747463703
-0.1356704709386187
-0.1706569077713149
-0.1468231821698802
-0.16499449206250055
-0.1751956261162247
-0.1894735512988908
-0.14984622970223427
-0.21511731349996158
-0.13426909702164785
-0.13525895455053874
-0.14641724287399224
-0.16144177024917944
-0.17449709932718957
-0.15262155660561152
-0.1620599702000618
-0.14517454324024065
-0.18632293066808156
-0.1409244304522872
-0.1455647854932717
-0.16042731595890863
-0.1424651201814413
-0.152403059016381
-0.1652888943042074
-0.16644731110760144
-0.16648936704067246
-0.12850812370223658
-0.1530677873109068
-0.18038487700479372
-0.1707459781318903
-0.16449600883892604
-0.16795469314924308
-0.15932162585003035
-0.200873537255185
-0.16299477938030446
-0.12273914686271123
-0.14926457032561302
-0.15090252592095307
-0.15936906316450664
-0.1841032329414572
-0.15822805730359896
-0.16271119910691464
-0.14371814552162374
-0.16478493743176972
-0.16972637602261134
-0.12255351519395065
-0.18434580841234752
-0.20689973714096205
-0.16439125979585306
-0.15520557761192322
-0.13576449946101224
-0.20857726782560349
-0.1746568288654089
-0.17876099475792476
-0.18671206145414285
-0.1916878673114947
-0.16550096217542887
-0.14321715012192726
-0.22119944649083273
-0.14184857505772794
-0.18414621374436788
-0.17847862946135656
-0.17417524409081256
-0.1518695918577058
-0.16964000702968665
-0.14712218740688904
-0.14694567024707794
-0.1839999072253704
-0.13355889726829315
-0.1394224302577121
-0.13313795000846898
-0.1923772809760911
-0.13424138352274895
-0.1360717402505023
-0.16567367102418626
-0.1684099840266364
-0.1738654843398503
-0.19564423018268176
-0.19589587753372534
-0.16167963854968548
-0.12744825785713537
-0.15027636076722825
-0.15966444249664033
-0.16705150622874498
-0.16655714277710235
-0.2194295371217387
-0.1756738791508334
-0.1956258224589484
-0.18685187984790122
-0.18919580589447701
-0.1763753696743931
-0.14831101654895715
-0.14752288588455745
-0.1873262513961111
-0.2048856451043061
-0.1361912041902542
-0.13262612505682878
-0.15961580391740426
-0.1487097069621086
-0.1568925173154899
-0.20121566179607595
-0.1627205168562276
-0.1705792360007763
-0.1263181950364794
-0.2010800356843642
-0.1528021636352475
-0.19467847581420625
-0.1578941590019635
-0.20019580104521342
-0.2157634241240365
-0.1785458911742483
-0.14558069514376776
-0.1705224346369505
-0.1668642738035747
-0.2006058506667614
-0.1560977463211332
-0.1527242586016655
-0.20659800725323813
-0.142141870622124
-0.154815923422575
-0.1634523527962821
-0.178369372085269
-0.12372176668473653
-0.2219150396330016
-0.13153174639280354
-0.1730169611317771
-0.18686108477413654
-0.1786798063133444
-0.14282469238553727
-0.14969614520668983
-0.12375195031719548
-0.16927261570734636
-0.15757903563124792
-0.1452656208670565
-0.18108560144901276
-0.14738187473267317
-0.14483412647885935
-0.18074339468564307
-0.15389228226350887
-0.19215220106499536
-0.19775982121271746
-0.18094626601253236
-0.18267254584601947
-0.24431352210896357
-0.13716759027114936
-0.22075711297137396
