1.2792846134730749
1.0572361115898405
1.1603207758494787
1.1774155561413084
1.439752642597471
1.257306001016072
0.9518615550228527
0.8261797151395253
0.9773609888340745
1.4122208186558314
1.236736244388989
1.2705677960600172
1.202371705855642
1.20312217330294
1.2265830210277013
1.0818689869982856
1.1622025221586227
1.066488395844187
1.2280183964009797
1.142285140497344
1.4888019944940294
1.1544671058654785
1.1502272422824587
1.1691939405032568
0.9468332571642739
1.3047717149768556
1.188725279910224
1.0890632612364632
1.2406613315854753
1.0245894065925054
1.3448605409690313
1.2957650199532509
1.458645156451634
1.2230493213449205
0.9274939780256578
1.2180583413158144
1.0683057606220245
0.8732747967754092
1.4001186894518989
1.0854045658239297
1.1775942870548792
1.0866772021566118
1.163644756589617
1.463005155324936
1.006234081728118
1.294973196727889
0.90855573117733
1.056417384317943
1.2764383000986916
1.3346834140164512
1.376297605889184
1.261990719607898
1.4765413658959525
1.2190410026482172
1.1499491397823607
1.1605982769812857
1.225345749940191
1.0715091505220957
1.2050684584038598
0.8620559040989194
1.3700359953301293
1.1882584691047668
1.1171258240938187
1.2634485981294088
1.0863733163901739
1.4833716792719704
1.0649776056941067
0.9665793752563852
1.2226219006947108
0.9429403607334409
1.0599147421973092
1.1996853053569794
1.085110068321228
1.1079721067632948
1.2204005249908991
1.1559509400810515
1.0332729859011514
1.016219939504351
1.3054139667323656
1.2645730525255203
1.0829901099205017
1.2087393679789133
1.2688160666397639
1.387853592634201
1.2399616135018212
1.1442939979689462
1.1481921396085195
1.1368139066866465
1.2426330745220184
0.8913419055087226
0.9274873052324567
1.0025319161691837
0.9967754666826555
1.1731241473129816
0.9156409842627389
1.1987383706229073
1.1757628789969854
1.1969062961064851
1.1172108192528998
1.1683256604841776
1.1489201805421285
1.306394526468856
0.9091695962207658
1.4395145050116949
1.407582700252533
1.271483379815306
1.2423145771026611
1.0291887883629118
1.2226690406511938
1.0144705934716123
1.0093829687684774
1.3111541824681419
0.9103620925119945
1.171368984239442
1.3816211308751787
1.0701916265700544
1.2405782725129808
0.9372737546052251
1.3720610461064748
1.2368612310716085
1.3668994413954871
1.2126360365322657
0.8949728161096573
1.2611861170402594
1.1238766355173928
1.234717811856951
1.0429034062794276
1.1806030465023858
1.285573063152177
0.9407242281096322
0.9892272395747048
1.0587065815925598
1.4102592106376375
1.3157916409628732
1.007699768458094
1.265964147235666
1.303217711193221
1.3481413892337255
1.2677356004714966
1.2704560301665748
1.104025959968567
1.0433935139860426
1.2193324629749571
1.0711366944015026
1.216782076018197
1.3531597703695297
1.2301441090447562
1.30674381341253
1.3118804459060942
1.018155497099672
1.1092387653355087
1.1142611844199044
1.1935832798480988
1.2188362351485662
1.154218846133777
0.9347033266510282
1.2287929962788309
1.1134913880378008
1.1086681804486684
1.1300948517663139
0.9089332286800657
1.0673099234700203
1.0733235052653722
1.082298559801919
1.0877667857067925
1.1372845279318946
1.158995372908456
1.200870726789747
1.0704089456370898
1.1981137543916702
1.1048027319567544
1.4386173358985357
1.3583164768559592
1.1312065465109689
1.029910038624491
1.0773170122078486
1.093558356165886
1.2243039799588067
1.2044503369501658
1.006176688841411
0.8662341141274997
1.155253833958081
1.0392882110817092
1.112536575113024
0.9671131532107081
0.9880082394395556
1.026209654552596
0.7992936660136495
1.0642506991113936
0.8434533583266395
1.2444262483290263
0.8604655883141926
1.1898130944796972
1.1036906348807471
0.6396304976481658
1.2556127224649702
1.1987978073635273
1.0995009860822134
0.8406100943684578
1.0597817695566587
0.812845161982945
0.994634037571294
1.0068387857505254
0.8839227040963513
1.1684647755963462
0.9692593025309699
0.780196779540607
1.146369029368673
1.1133457102945872
1.1447319367102213
0.9280624708959034
1.019386698092733
1.078680049095835
1.1675166519624847
0.7428653671273163
0.8876320474914142
0.80545581557921
0.8143257860626493
0.8041972054966858
0.9020815624722412
0.7916397274072681
0.9535625662122454
0.7784014779276082
0.9443387519568205
0.9325504664863858
1.0227134270327431
0.9572935418358871
0.8388649097510746
0.8573692504848752
0.8147413368735995
0.710091440805367
0.9492203550679343
0.6663750729390553
0.8580220458762986
0.9413230581475156
0.716514375592981
0.7920205805982862
0.6203452785100255
0.8502162524632045
0.9007645600608417
0.643779823413262
1.0588641592434473
0.8341717847755977
1.0901992384876524
0.8172786459326744
0.9257473030260631
0.7959059860025134
0.9709340866122927
0.837903863617352
0.9127805999347142
0.8147286836590085
0.9194927300725665
0.8303741557257516
0.7389876985190702
0.7714276249919619
0.7763413488864899
0.8531671656029565
0.7474553478615624
0.7479658829314368
0.698859041556716
0.7225411683320999
0.8916557499995599
0.7812817650181907
0.7657729365995952
0.6222383975982666
0.6990676351955959
0.775815527353968
0.7577733184610095
0.813057045851435
0.7863931677171162
0.9265703646732228
0.8516919474516597
0.8070175136838641
0.6370738529201064
0.7846183116946902
0.7301732759390559
0.6476661456482751
0.7152383582932609
0.6838079211967332
0.6123316884040833
0.6503097031797681
0.6008603433147073
0.6661991200276783
0.8532215292964663
0.7294937755380358
0.8277978066887174
0.6815053820610046
0.5146555559975761
0.6495263555220195
0.6339310311845371
0.7074853256344795
0.7148541414311954
0.6522964877741677
0.7703118175268173
0.7169924271958215
0.6156216859817505
0.7726201297981399
0.7768436457429614
0.6660513718213353
0.7348251300198692
0.720311912042754
0.7631061327244554
0.7736640732203212
0.7165507652929851
0.6275411338678428
0.6453163826039859
0.7047944707529885
0.6132719048431942
0.7870435246399471
0.6380286046436855
0.6915176244718688
0.6207488455942699
0.6960718386939594
0.5687022525817156
0.6524477430752346
0.5749671916876521
0.47854106181434225
0.7652720894132342
0.8832293110234397
0.7195026853254863
0.4929867019610746
0.5825536549091339
0.5989263004490307
0.7389200465154967
0.6110663555030312
0.7178089437740189
0.6525696867278644
0.6445374978440148
0.5893246651227985
0.7422353007963726
0.6253899931907654
0.6013326974851745
0.7001584146304854
0.5457675090202918
0.5425964640453458
0.7205310719353812
0.7478966563940048
0.49567848443984985
0.7694883048534393
0.5964526683092117
0.7357412760074322
0.47030117948140415
0.6833331286907196
0.6631872015339988
0.5853137703878539
0.6547046995588711
0.6837519364697593
0.6420639508536884
0.563989312521049
0.6537008030073983
0.5624966993927956
0.6022481056196349
0.676119131435241
0.5517845685992923
0.6360746536936078
0.5819122876439776
0.5692354052194527
0.5686100098703589
0.6475962262068476
0.5503064287560326
0.6196207042251315
0.5655024398251304
0.7446729381169591
0.565706485084125
0.5819997840694019
0.7420268654823303
0.6641422148261752
0.5583882182836533
0.6769825347832271
0.7093350099665778
0.6576523333787918
0.6356517012630191
0.5844932469938483
0.6820624087538038
0.4901733390454735
0.6350797357467505
0.535494367991175
0.6267956218549183
0.5587378715031913
0.5359785173620496
0.6876622715166637
0.5979926703231675
0.4499883210020406
0.6410969368049076
0.461000956594944
0.5965690772448268
0.5143428913184575
0.5415746580277171
0.7084729245730809
0.5327580315726144
0.46523877871888025
0.5043072285396712
0.6575651206076145
0.5022539432559695
0.6215681050504956
0.5330929873245103
0.43247663761888233
0.5201985857316426
0.6036259175411293
0.5494076644203493
0.5157616537596498
0.41169877137456623
0.6096203484173331
0.5458637316312108
0.5489503932850701
0.4855500499584845
0.45118544357163565
0.40837056721959797
0.6828399726322719
0.5778746285608837
0.4899734567318644
0.6108963899314404
0.526993707886764
0.5030376994317132
0.5812052637338638
0.49679816301379887
0.5061923308031899
0.5169227160513401
0.47484210559300016
0.5299406676952328
0.5305364009525094
0.5525326718177114
0.5376008573387351
0.5417645935501371
0.5250056657407965
0.5486415858779635
0.7159077078104019
0.4788109574999128
0.5450855378921216
0.6657886845724923
0.5174818762711116
0.37094425968825817
0.5220563901322228
0.5698851836579186
0.5092032796570233
0.4377827261175428
0.5448918475636414
0.43146747670003344
0.5567314912165914
0.43134428188204765
0.6292966338140624
0.412018694249647
0.4275111784892423
0.4697496055492333
0.46499199686305864
0.44018285295792986
0.41712607842470917
0.4727335295506886
0.49936704124723164
0.4316287521006806
0.4583516912534833
0.4562343476074083
0.4725116172007152
0.4727808428662164
0.4428719314081328
0.4715013610465186
0.46196358810578075
0.5228193474135229
0.3602126743644476
0.4036242498883179
0.38744650666530317
0.4782191110508783
0.5319777141724314
0.4318219383380243
0.48034812935761045
0.46126291900873184
0.4581556000879833
0.49330995497959
0.3711399499859129
0.5438699312508106
0.43730584474710316
0.42744289125714985
0.42470451071858406
0.45614356121846605
0.4393195765359061
0.35131775082222055
0.39086240955761503
0.4221865718386003
0.43829309408153805
0.5657860104526792
0.5738265684672764
0.411162521357515
0.41560542955994606
0.3270780297794512
0.4156891852617264
0.3972814632579684
0.37849957715453847
0.3754714255088142
0.4980031710404616
0.44229918006541474
0.4715041534176895
0.44891961344650816
0.4271905502038343
0.5174540648502963
0.5326575902955872
0.4956949864115034
0.48919516588960377
0.40946690046361517
0.601684213749
0.4201603372182165
0.38903340910162243
0.39359292068651747
0.3759323725742953
0.39612632989883423
0.3940147565943854
0.41206892356941743
0.4390376050557409
0.3510892585452114
0.4103426156299455
0.39365188837317483
0.39120813991342274
0.3791454892073359
0.44470089620777536
0.450323937194688
0.3024044760635921
0.3565755459879126
0.382828061069761
0.32252298082624165
0.4091126821669085
0.4637031321014677
0.3176737049451241
0.3621747382983033
0.35690341357673916
0.44692927971482277
0.4523387572595051
0.41607294976711273
0.41036086848803927
0.42917890208108084
0.3401429363127266
0.3801515815513475
0.43891439001475063
0.5088309187974248
0.5148958609654353
0.3650266301951238
0.32061040428067955
0.367075117038829
0.3800639764272741
0.28943383214729174
0.37594621468867573
0.3479437165494476
0.3365242933588369
0.30308835368071285
0.3557172061077186
0.3422439255352531
0.35624142097575323
0.39493690005370546
0.35995518416166306
0.47819344060761587
0.4081032983958721
0.32790298473376495
0.3235173172184399
0.28276785782405306
0.32065089446093353
0.2880725732871464
0.332202381188316
0.3186384104192257
0.3418927996286324
0.38307760416397024
0.4426720988537584
0.4612853527069092
0.40291224686162813
0.4290421078247683
0.38220198239598957
0.3482752362532275
0.41261488837855204
0.28127594638083664
0.2960820107587746
0.4309065214225224
0.3639467401163919
0.27745258222733227
0.349109132375036
0.2900264209934643
0.4614562623734985
0.3598739893308708
0.30516552818673
0.35580444681857315
0.4127468668988773
0.4054880988384996
0.2555565653102739
0.40495909856898443
0.35371770496879307
0.3197127506136894
0.3370147706674678
0.35482486337423325
0.2901286152856691
0.3680065801101072
0.3462362677923271
0.3888716298554625
0.31392950830715044
0.30741653804268154
0.28889953664370943
0.29205655625888277
0.3193450564784663
0.3754117621907166
0.2537135561662061
0.2848491945437023
0.3512625128163823
0.33084615266748835
0.2888016269675323
0.39403694814869333
0.3305981976113149
0.32029907245721134
0.3625498190522194
0.3195271361619234
0.36667776773018496
0.41130177836333004
0.3733547952558313
0.29067143318908556
0.3385808350784438
0.2627620723630701
0.3066713760739991
0.327991630595464
0.3231056295335293
0.2659665320866874
0.255583293735981
0.2934135565800326
0.37111200764775276
0.25611046568623613
0.27451727885220734
0.34381159394979477
0.2999014300959451
0.3027636238506862
0.35065283732754843
0.33667230925389696
0.25089782795735766
0.34230060768978937
0.2483462356030941
0.2983612524611609
0.3978075550070831
0.36658195086887907
0.35792683703558786
0.3677558973431587
0.3212167349244867
0.2872788560177599
0.30811738701803343
0.22442172920065268
0.2591667491942644
0.33657952344843317
0.337069159373641
0.32112573300089153
0.2447059726608651
0.2882628563259329
0.23534761296053017
0.3186648929757731
0.3740166615960853
0.29755037783512045
0.31898849830031395
0.2929712535946497
0.3924983753157513
0.20515410655311175
0.33355895429849625
0.4138591953420213
0.24628247187605926
0.2217430898121425
0.323348090584789
0.29965770670345854
0.20270188206008502
0.2996095714292356
0.2422896903340838
0.35111319380147116
0.23340009658464364
0.2825148540349411
0.2656972323145185
0.2927358033401625
0.25644352020961897
0.23578939427222526
0.26715327480009626
0.24398564660389507
0.22297798441390373
0.3263414523431233
0.21377506559448584
0.3493487417830953
0.26510354557207655
0.3019388099866254
0.2074580772646836
0.24017159747225897
0.327905509753951
0.29538120489035335
0.34183102154306005
0.25213800370693207
0.37995920117412296
0.34876736253499985
0.2297943750662463
0.237936893611082
0.1704930519419057
0.2693251069369061
0.24254973445619857
0.25690606475940775
0.2533087192901543
0.2660379758370774
0.34807974685515675
0.19179426293287957
0.2258236881877695
0.33141566114500165
0.27183121369619456
0.4688462344929576
0.2996530495584011
0.284629083105496
0.18503029298569476
0.2392193584569863
0.2875770381152896
0.215442882584674
0.1950312102479594
0.1857973483524152
0.23406401303197658
0.39368109884006636
0.2674857936799526
0.29365075113517897
0.21876411627118403
0.35873537613744183
0.3221444530146463
0.2423631095194391
0.1901616511334266
0.19498209841549397
0.3068057612649032
0.17380335514566728
0.28443324459450586
0.2405463639073647
0.17129677287968142
0.2327292885498277
0.2172879367967003
0.16051151124494417
0.2612795152568391
0.2564742690218346
0.19555897691420146
0.260776693799666
0.24900590761431626
0.251052832896156
0.2683414078450629
0.2855193996136742
0.24452952258954092
0.3015269360371998
0.2614979221419032
0.2466192405138697
0.3455684004085405
0.23092779483912246
0.2802032276189753
0.18976967435862338
0.2185981273651123
0.267892202096326
0.24473745269434793
0.2034167011401483
0.3069793220077242
0.16433802193828992
0.2111374592807676
0.24643727778815305
0.18946798757783004
0.25495354565126555
0.16777652941112006
0.20757231808134488
0.20343370709036077
0.27140610818085925
0.25981566895331654
0.279023882932961
0.2658020212714161
0.3327969733093466
0.29170117899775505
0.23349712057305233
0.18198417671597922
0.22989067125932447
0.15973521990235895
0.16733439699081437
0.16155156988783606
0.26937788618462427
0.14013512352747576
0.2156137002498976
0.25356319759573254
0.20644576022667543
0.20043547799079015
0.3834490382245609
0.2125211235667978
0.23700281365641526
0.2165679740386882
0.19089038280903228
0.17932590522936412
0.20074186464106397
0.20185580450509275
0.1338867814546185
0.20376980677247047
0.19559373067958014
0.2411520266905427
0.22081526501902513
0.17033384078448371
0.1843246574114476
0.18240577687642404
0.2701167349836656
0.2870985244267753
0.2428096261407648
0.20213055770312036
0.32480517828038763
0.21081674378365278
0.2447777520865202
0.24379414559475013
0.22346785025937216
0.19261703746659414
0.23046945301549776
0.2224038760177791
0.19051679782569408
0.17526224428521736
0.18468958348967135
0.20426214646015847
0.26854819910866873
0.27483851249728886
0.2306038942853255
0.17934925701203092
0.2171422510540911
0.31678126379847527
0.1576873870300395
0.1609711907138782
0.23818204099578516
0.19707013187663897
0.18267393897154502
0.1732772691840572
0.23315873742103577
0.22279632251177514
0.2323112481805895
0.1578428851706641
0.21116774609046324
0.1858561928384006
0.15102504353438104
0.13761228769518702
0.21592804044485092
0.23470634868967213
0.2094198585088764
0.2866370425160442
0.20167714610163653
0.21293306749846255
0.23035757423245481
0.19387330068275332
0.17906791051583631
0.22461107492979085
0.17498015319662436
0.11501163184376699
0.2523835995234549
0.18831380642950535
0.22442159994638392
0.2079515943603058
0.13643238101420657
0.16818831367085554
0.2527812317545925
0.20031951075153692
0.11710558818387133
0.18192730298531906
0.34051350776904393
0.2178438219374844
0.20821480590218147
0.20336593973583408
0.16601600737443992
0.18831615602331503
0.14748895727097988
0.15594141584421908
0.23111331329814025
0.16169580291690572
0.17067992367914744
0.14038633475346224
0.18101466234241212
0.1605116353104157
0.2106363017644201
0.21335359286916042
0.2221020022407174
0.20204730464943818
0.15409348332988365
0.11217757560578841
0.15551826464278357
0.2752461919028844
0.12239845569378563
0.14426031371112913
0.1622110651805997
0.2722386137715408
0.2174646665475198
0.1914876965539796
0.23974643647670746
0.16754150051357491
0.1468159698748163
0.1815022786946169
0.1363638496425535
0.1494235195485609
0.2533518999282803
0.2424734789944653
0.1733428860814976
0.216920021106489
0.20559249951371125
0.15106258667739375
0.21059617293732508
0.2517576768462147
0.18040200828441552
0.14022860835705483
0.14986365281843714
0.1685337663761207
0.15535504623715365
0.23439593852630683
0.15772430066551482
0.21231130063201167
0.16300467212152267
0.20639692353350775
0.202220206839099
0.16911304941666977
0.2780110943131149
0.22158645389468543
0.16329626053837792
0.2248096890481455
0.18706784744946553
0.21162304495062148
0.18223831144028477
0.12086893671325274
0.13321159394191845
0.1597652492845165
0.18915842230697827
0.19406189702983415
0.21307084975498064
0.19267761787133558
0.15138586104980536
0.15184932927201902
0.20980696451027012
0.09188587624313575
0.10095651084182984
0.20799604179670236
0.23103235528937408
0.25130228994696935
0.16748105375362293
0.15799463194395816
0.14990418474189937
0.14003500944146743
0.14589478650928608
0.1001769030865814
0.08512039386135127
0.13132954315785486
0.1082864789724616
0.28967880524162737
0.17818330810405314
0.15305046564234154
0.1662631571026785
0.22166664299688169
0.1719680485714759
0.31722159683704376
0.18325843176405346
0.17255504834715144
0.12386581275079932
0.21727556948150908
0.15209753904491663
0.13377227374751652
0.19237428823752062
0.12910953742851103
0.13572554014224028
0.2402178393676877
0.22912648799163954
0.24653575626703408
0.1259175380691886
0.16201327647182293
0.15955905834977915
0.23042024991342
0.2663205276642527
0.19915468960867397
0.21248143192912852
0.23186234571039677
0.14841447517807996
0.19894918041037662
0.17685220324035203
0.13175673599887108
0.26010577008128166
0.23890310772029416
0.19742688310465642
0.1049898685887456
0.1737164135556668
0.1903746774353619
0.2194732160174421
0.10352421860443428
0.15847420958536013
0.11734286216752869
0.09600145067088306
0.19969286929283822
0.16930612672253378
0.13884337339550257
0.09035690346666213
0.16484759688942827
0.2582412902265787
0.2615341085474938
0.25975443609058857
0.11847482545687983
0.14437674305268697
0.11994279212584454
0.13213160541740113
0.21114870410279504
0.06299307576513716
0.14564226062170096
0.129319429813352
0.20029768954762922
0.23253486242278346
0.1305921668785491
0.1354881345427462
0.11759062819848103
0.1463725300605542
0.10229182307375595
0.16800345804638944
0.16535422964287655
0.14082631162766898
0.14370429585687816
0.08206577695507024
0.21197616734674998
0.13453342393040657
0.1455925169866532
0.17983865338776792
0.12104914390615054
0.16199811098964087
0.10794105893832498
0.18307005920048272
0.08073058518181954
0.13732788665220141
0.16936968662776053
0.14659028613407696
0.18232796134959375
0.17408810153470508
0.12804548568757518
0.17973493658272283
0.11191036252837096
0.13021259896385556
0.15607002577079193
0.18752495252660342
0.13270211722036557
0.12293887417763472
0.1463515782462699
0.11998958965497357
0.18210889751879641
0.14431649592838117
0.11487103273559894
0.15547488393141456
0.12234829574091625
0.3261365900315078
0.2874119289418949
0.19633485416748694
0.24647265476440744
0.15812362650675432
0.13989525441346423
0.15358477119090302
0.2631072003361104
0.170454714211311
0.18581798439845443
0.2877030729183129
0.1625919289986736
0.10321580631924528
0.21003292356285133
0.11254635970440827
0.12013994795935494
0.22760096285492182
0.15283667647703883
0.13237467920407653
0.13091183144466154
0.10885808725392312
0.11413654927829546
0.14168740731318913
0.19015908986330032
0.2033837298097621
0.18692444717245443
0.24831006952029253
0.20887804016404385
0.1934497300369133
0.163001597193735
0.12645167963845388
0.13724297112120049
0.09390891249391384
0.09444210877908128
0.11255597610891398
0.12621243138398444
0.134311104459422
0.17096003640576132
0.1271133711395253
0.26282029261346906
0.1664953146994646
0.20906009355946611
0.1487701382720843
0.0997451740716185
0.19483951718679496
0.07418871777398246
0.2762961518019438
0.09870886563190392
0.11600440537690052
0.15792661804672598
0.19989522162359208
0.09827068032297705
0.08731112171621394
0.07911870285332563
0.15293110268456594
0.13123863077323353
0.09031671769701331
0.10919833073525556
0.12130423914641142
0.08924806942321503
0.2311901625777994
0.11066877409549696
0.1043979840719008
0.17133792669379286
0.13690948908333667
0.10870199372376581
0.23227643008743012
0.19645845462634628
0.14777410602463142
0.14947419069773918
0.13959176252995217
0.1481467055356396
0.18609286868013442
0.16558710898139647
0.14178849528876267
0.16090562327631883
0.2137991678402094
0.1365561614345227
0.14422541021901583
0.07064931053069554
0.0914484613042857
0.14600093795369112
0.16270650836772152
0.18015646481944714
0.14825604859340405
0.14233754708298615
0.09141097297625882
0.09759915132807302
0.10592869499565236
0.13765784313103982
0.13256834653605307
0.2516307941238795
0.09692638397869555
0.13594621178760594
0.11590289352794311
0.14325944540489996
0.24163900249238526
0.09065522505469355
0.10492438136134297
0.0703414005360433
0.11529539347559746
0.12199000628398997
0.13246492888928124
0.05632825867672052
0.1204106728431985
0.10633436541996032
0.11690233067409801
0.11570994743046217
0.06469464395195246
0.15896972654653446
0.16907851871967847
0.22205235561705194
0.23074569619659865
0.12859241411622083
0.12924066388846508
0.12396708227294896
0.10998127379986856
0.11875913288843419
0.17851209434281504
0.11559102451428771
0.10468879914177316
0.2589411650551483
0.09377457720360585
0.16116518307743327
0.15286104138275342
0.15063493519223162
0.10659451174017574
0.18238278993937587
0.1440999446287086
0.10276407349322524
0.14353714461737713
0.16553207313907997
0.10497103937502418
0.15354414788141316
0.16888757306151092
0.1919771314465574
0.13030481893968368
0.14026632106729917
0.07911563669741943
0.13548532217436543
0.16265928602245236
0.10727197231192674
0.1273343205185873
0.1445228200006698
0.1589921905792185
0.13481007737573236
0.0985654892200338
0.12372526006739852
0.08301456907065585
0.10493740938337785
0.09034951195852566
0.11906287167221308
0.06280911858526192
0.1618976058172328
0.17418716182666166
0.10544828837737441
0.11280188164008516
0.10334090343011278
0.08662026328966022
0.14019194880217714
0.42221105311598095
0.36228022045855013
0.17030440304162248
0.17701453888522728
0.13616987680351095
0.18360944890550204
0.19969114594693696
0.1107590214731837
0.12798170632283604
0.08087249343225267
0.14367928731683474
0.08735192906377572
0.15610260795386108
0.11054638756572135
0.13810524723625608
0.11735602354331474
0.1112057302213673
0.24923303982775127
0.15914947606090987
0.12259097480481225
0.09136322698655672
0.12955188192427158
0.11602632185843374
0.18172360517616784
0.09478873400283712
0.13055772786693914
0.20140465748097217
0.15358246617584623
0.09839044680951961
0.14984456774046911
0.10886287396507603
0.07693784290001661
0.16362118198802428
0.20879997236521117
0.08717792602588556
0.1047852103864508
0.14002352480643562
0.1660444233260218
0.20854230935219675
0.23171679013674812
0.15994846596731804
0.09671853412874043
0.1445510419351714
0.18962341769864516
0.1266209321828293
0.22448975473110164
0.12787194177508354
0.13585934688204102
0.10662159736135177
0.1554104038514197
0.17721431471207844
0.15261857157539843
0.16768009714516147
0.11219825586054608
0.09925658086181752
0.0866076512237279
0.0934259156097791
0.13011982813726977
0.09651806296512534
0.08743468871606248
0.07140697279412832
0.1985874598010144
0.11658038887461382
0.13530273966690792
0.09858992795592972
0.12056513178582204
0.11187790567055345
0.13105419194159498
0.1395522015435355
0.09131446493639876
0.09703465314357475
0.11242855240457825
0.11219999705541081
0.144531089546425
0.08380707662685641
0.09708276438115197
0.1034785166391105
0.09207587798924319
0.07600789397422757
0.1538860831808831
0.1147488880337083
0.1288356755560796
0.11460596602410078
0.13543551273012003
0.08784217179553318
0.09497791597927321
0.08217693474476359
0.24228469468653202
0.1656685056430953
0.16092307333435332
0.1249136860881533
0.12995126164917434
0.11382069093607632
0.13505215386768604
0.10628779292372721
0.0714938904025725
0.07974313485567563
0.11399045468155797
0.15093217746886825
0.11997364055631417
0.10849908776747595
0.12118515039661101
0.12424182552578193
0.05751106668529766
0.08883672277443111
0.11495377492558743
0.14484029504468968
0.08008729765840274
0.13380293807547008
0.14581209594117744
0.11111330021438855
0.13431678057116056
0.1381523848519594
0.10810884644576747
0.11317789957060345
0.14299929375244705
0.11979891003907792
0.14370687357066864
0.12044544337550178
0.0848625127109699
0.03983156995049545
0.10731741330320281
0.1409015871052231
0.0923976294413608
0.09552006622834597
0.13804816494562797
0.10873149073449895
0.12242173431981687
0.10052991824756775
0.10630897876734917
0.1364626939341958
0.08870848702749104
0.10738880618009716
0.09074512844589273
0.09512419848968941
0.09573332960800533
0.13801415016808147
0.06757824363220218
0.16050579253767086
0.09879483256788392
0.07176003613650599
0.10355648668649207
0.1230526682299699
0.08874891329157565
0.10314182183771793
0.10740583839028009
0.142207415608157
0.1514482177694195
0.0836721240609352
0.14446548610742735
0.1164351069892291
0.0785551061604305
0.11106190793881458
0.0894147910294123
0.10055922320212371
0.11964604565816574
0.08558420340081543
0.08750356946666216
0.09306412870396993
0.08681858011654445
0.07377854007894971
0.11397898336040921
0.10964236903652948
0.10631505547124627
0.0961820198489087
0.13158308947458863
0.19575151729597046
0.18236505752013596
0.10713227868213185
0.1467777875451637
0.07257424634216088
0.12005206138876799
0.029151775635747463
0.07066681841388345
0.09497007222879413
0.14442917940115357
0.14650480816739478
0.12825821674362356
0.20673464772491051
0.11384595837444067
0.1169412495967533
0.1133326769091322
0.1190781759464049
0.10546575904923625
0.09091403812219921
0.14543639806964034
0.15571745227290584
0.10228758380149625
0.09544256893319211
0.15035347262996115
0.14978555655605824
0.11106497610619824
0.07876456822434973
0.06775218665775842
0.08332716982113197
0.05507933960388657
0.11989488435522487
0.09137285781824696
0.06164422617959125
0.09144393178368253
0.12903124496473797
0.1063873662081148
0.14637946423941425
0.09605929963955921
0.12263017154639654
0.06336501095211133
0.1325648193347401
0.07652547032505806
0.08245503828387005
0.1379318110744602
0.11130849982769828
0.060029196120532494
0.13429068284728732
0.10069698996708862
0.05536311196712112
0.07521250532175015
0.1343247426474201
0.10659550976502682
0.09252396151090839
0.049556751513072025
0.12298644197705601
0.09320274105162493
0.1222164266593089
0.05153515586529726
0.08294757150412835
0.06741416892535719
0.08481300786037796
0.09640544108606264
0.13735934304505854
0.13772174684397345
0.07782976950485525
0.1264649606268254
0.08524039443415989
0.08132675379913833
0.07758115107260112
0.055012789222278764
0.13963363847454144
0.15279793779232673
0.233826797887949
0.2742643670977226
0.1646741204895079
0.1536520139197819
0.5309624409170023
0.18995572573372296
0.26875668950378895
0.11698016228287347
0.13575247728398868
0.16226352292246052
0.11757527887155968
0.16576524905394763
0.08267960479549531
0.12267632306819516
0.11129317056786801
0.16085588512942195
0.0647993454684703
0.060142382754877745
0.10462506933669959
0.06995669030584395
0.07811120371742877
0.13623608471472717
0.09462279423106727
0.1736986504194127
0.14548014992448902
0.09685431959639702
0.14173483098316605
0.07816135416006935
0.0751594040609364
0.11308089633114703
0.10194207175767847
0.10275690888686638
0.1366196766653697
0.14584439540080243
0.10353395660526335
0.08696062488553043
0.11344506566612315
0.20007828659644084
0.12195530151283103
0.09765245594462613
0.09632450290622988
0.0929781684228926
0.08099282375198007
0.1128650548468743
0.09247102688199707
0.08202440732774059
0.11053945972785836
0.10052691742852662
0.22746969819335
0.1117282556286747
0.08048554454165112
0.04617631815407159
0.09311560667577266
0.10612925371462113
0.13450765347806737
0.11896216250689966
0.06906011125675247
0.07912979791477223
0.13724497822113335
0.08040686560187689
0.11703789441630111
0.10354449470885031
0.082344058479066
0.04816184093527097
0.055048289276393395
0.1300392723974905
0.06652582464370685
0.12401149389604273
0.048219406889984384
0.06316034037237321
0.06632084899423976
0.05962789171618559
0.16003425528262077
0.11490050691749534
0.16172965194709832
0.1065286508618066
0.06305972875894181
0.07981703994820626
0.06146260692808677
0.15097181632050446
0.06273904051067802
0.15540571015714835
0.08330386147281388
0.06858190632400303
0.1028295825485007
0.07085935428351929
0.1163383695862389
0.04914671093657879
0.09944757413848912
0.1057483421921331
0.12120768436995734
0.14027891846905863
0.14304248473074818
0.17598347711775983
0.13672781403874978
0.055956789718558345
0.11918882625364599
0.041447404291830026
0.08604392824262115
0.14826123117070114
0.11114975743527923
0.1580551066040893
0.06676168855379469
0.03802893909908432
0.029664759392159925
0.08786720197687307
0.1310467217533317
0.0673962487827079
0.02133501527298774
0.0681044932903855
0.13339506670958404
0.0681232243669001
0.05755567600889273
0.0631352693224991
0.07597410665558917
0.08645861611148575
0.11155325209256262
0.09384190066651042
0.08081472834289473
0.04783829959758025
0.09541807761239138
0.13157751753793231
0.10805103768195425
0.14651797783489412
0.12742859910940751
0.05333680153437724
0.0662058888545009
0.09303598744424692
0.09015951583361519
0.053718913645882695
0.06925822778586214
0.051171264393198204
0.06258398282391552
0.10773656274977839
0.13176844544692098
0.07015105764003238
0.07533365746332622
0.06811472693100638
0.06812971618636457
0.07578366672165819
0.09958028355905364
0.04438301140856181
0.03348943585556948
0.05276401630700483
0.08350984686850486
0.07641050290632327
0.07989653870130756
0.07668591075967665
0.08959621472500398
0.13975141385578485
0.12738931149111263
0.04045479917632682
0.10566065344781757
0.058465207092272715
0.14765008270465582
0.05519739091037731
0.03881401791503387
0.07612445978858366
0.07129435931658788
0.12624152817962958
0.020545296427826543
0.10088417283259332
0.06238339376536065
0.11339917145908528
0.13808404311462905
0.14516103996096977
0.12209618784670186
0.07723486186504099
0.10804609055880324
0.08821051290578907
0.09094165845973683
0.14634306785488402
0.0576049888207178
0.051078408008574376
0.043342350628837574
