1.2792848242180688
1.057236407484327
1.1603217997721262
1.17741616496018
1.4397520891257696
1.2573047876358032
0.9518614720020976
0.8261794575623104
0.9773621415453297
1.412219905427524
1.236736067703792
1.2705670850617545
1.202370906514781
1.2031225083129746
1.2265831615243639
1.0818686336278915
1.1622026818139213
1.0664894399898392
1.2280180603265762
1.142284774354526
1.488801849739892
1.1544674805232458
1.1502263588564736
1.1691927420241492
0.9468332316194262
1.3047706740243095
1.188727930188179
1.0890600042683738
1.2406682946852274
1.0245902410575323
1.3448618650436401
1.2957602393414294
1.4586412693772997
1.2230457152639116
0.9274934171033757
1.2180549246924264
1.0683041490041292
0.8732764571905136
1.4001191513878959
1.0854060793561595
1.1775982826948166
1.0866740218230657
1.1636440519775664
1.4630050446305956
1.006235547363758
1.29497137346438
0.9085575022867748
1.0564166286161967
1.2764436730316706
1.3346780836582184
1.3762905980859483
1.26199166902474
1.4765398161751884
1.2190415071589606
1.1499462127685547
1.1605977437325887
1.2253457903862
1.0715124819959914
1.2050691353423255
0.8620540744491986
1.3700400186436517
1.1882633460419518
1.1171272524765559
1.2634456492960453
1.0863747117774827
1.4833725009645735
1.064982051828078
0.9665812480130366
1.2226186181817735
0.9429425746202469
1.059914513358048
1.1996855799640929
1.0851137787103653
1.1079745505537306
1.2203997650316782
1.1559506420578276
1.0332782162087304
1.016221393431936
1.305415850664888
1.2645735165902547
1.0829876831599645
1.208737158349582
1.2688159836190087
1.3878546910626548
1.239961673106466
1.1442937382629939
1.1481921970844269
1.1368208463702882
1.2426401121275765
0.891340468611036
0.927487673504012
1.0025306304118462
0.9967779730047498
1.1731259216155325
0.9156417399644852
1.198735841682979
1.1757657772728376
1.196907366697605
1.1172105127147265
1.168323848928724
1.14891802413123
1.3063941305237157
0.9091700448521546
1.4395154331411635
1.4075820658888136
1.2714816542076213
1.2423148240361894
1.0291862626160895
1.222669284524662
1.014472765049764
1.0093830983553613
1.3111530584948403
0.9103634575647968
1.1713686707828725
1.3816210627555847
1.070190403610468
1.2405789196491241
0.9372758609907967
1.372059383562633
1.2368602145995413
1.3668975744928633
1.2126352339982986
0.8949716442397663
1.2611883910638946
1.1238783236060823
1.2347174393279212
1.0429040555443083
1.1806026143687112
1.2855735293456487
0.9407256160463605
0.9892269245215825
1.0587072372436523
1.4102584858025824
1.315792271069118
1.0076954088040762
1.2659650498202868
1.303220393402236
1.3481433827962195
1.2677333440099443
1.2704548620219742
1.1040270488177026
1.0433970072439738
1.2193327397108078
1.0711386451231582
1.2167818461145674
1.3531590849161148
1.2301449094499861
1.3067437878676824
1.3118787386587687
1.0181558206677437
1.1092425624706916
1.1142587917191642
1.1935814108167375
1.2188314923218317
1.1542141820703233
0.9346992820501328
1.228789176259722
1.1134915184229612
1.1086651469979967
1.130094438791275
0.9089321943133005
1.0673077702522278
1.07331133633852
1.0822952623878206
1.0877573415637016
1.13726407289505
1.1589822577578681
1.2008526963847024
1.0703848440732275
1.1980553578053201
1.104722057070051
1.4385496377944946
1.3582815996238164
1.1310592549187797
1.0295258398566927
1.0768595593316215
1.0935317682368415
1.2241813795907157
1.2035307852285249
1.0049452313355036
0.8650493281228202
1.153375050851277
1.0379682172622
1.109416856297425
0.9623556099832058
0.9827408066817692
1.0179873130151205
0.7971944840891021
1.0588045396975108
0.839262322655746
1.2379268088511057
0.8507508082049233
1.1801410828317915
1.093528756073543
0.62641147008309
1.2427874271358763
1.1879328712821007
1.0872219673224859
0.818075778228896
1.0375346562692098
0.7917537561484745
0.9735097480671746
0.9862736569983619
0.8554593468351024
1.145863019994327
0.9458861947059631
0.7514581062964031
1.1102652230433054
1.089160611054727
1.1232982916491372
0.9012979897005218
0.976211918251855
1.054389815245356
1.140776855604989
0.6965979284473828
0.8460695418928351
0.7772977490510259
0.7757086381316185
0.7660374476441315
0.8615002714629684
0.7425147590360471
0.9043060456003461
0.7214927157121045
0.9063406216778925
0.8960624188184738
0.9859055152961186
0.9133651041026626
0.7875401452183723
0.8075447199600083
0.7750134574515479
0.6595153915030616
0.9103408306837082
0.6278096032994134
0.806507330920015
0.9023609273135662
0.6659254602023533
0.7404755343283925
0.5703199399369103
0.8063773023230689
0.8563548773527145
0.5920401100928967
1.0061635907207216
0.772567059312548
1.0479047064270293
0.7644608297518322
0.8882998951843807
0.7445903792977333
0.9309674629143306
0.7826741901891572
0.8521171797599111
0.7425440720149449
0.8725754969886371
0.7702653173889432
0.6920303988736123
0.7222039933715548
0.7319741169256824
0.79299239388534
0.6934630296060017
0.6924946904182434
0.621784519670265
0.658989565713065
0.8386288124781388
0.7216813841036388
0.7008184364863804
0.5547931800995555
0.6322629153728485
0.7246965914964676
0.7122817358800343
0.7447934853179115
0.703700102865696
0.875849010688918
0.7966639011033944
0.7434094314064298
0.5750014563756329
0.7191541237490517
0.6619393325277737
0.5916117429733276
0.6342794235263552
0.599753833242825
0.5488449446856976
0.5733457846300942
0.5230496300916586
0.586828453200204
0.7915208084242684
0.6549405264002937
0.7560915329626628
0.6087659219545978
0.4292462702308382
0.5645108957375798
0.5499303718762738
0.6373702324926853
0.6512494214943477
0.5814328981297356
0.7033548376389912
0.6449314850781646
0.5590202353362527
0.7016383505293301
0.7007043084927967
0.5879457113998277
0.6644234955310822
0.6481755264103413
0.6844158108745303
0.7011644824274949
0.6646989019853728
0.5388247892260551
0.5757050402462482
0.617652168231351
0.5555792711675167
0.7216084147138255
0.5643578491040638
0.6205384938844613
0.5388836722288813
0.6167923909212861
0.4940580845411335
0.5646774971059391
0.4959387630224228
0.4097045006762658
0.701150181038039
0.8205562723534447
0.6501005797513894
0.4047550692089966
0.48958569711872507
0.4894855799419539
0.6797551817726344
0.5372320065008742
0.6398521129574094
0.5635524424059051
0.5635154151490757
0.5142986545605319
0.6689032497150558
0.5336630333747182
0.5047482997179031
0.6468404608978224
0.4385544170553868
0.44351655883448465
0.6378256337983268
0.6657677260892731
0.41012622309582575
0.6910831247057233
0.512749622975077
0.6590816745391259
0.3853587252753122
0.5828341639467648
0.5775079535586494
0.49562086005296024
0.5645848193338939
0.6107480238590922
0.5435779254351344
0.47794137469359804
0.5543911680579185
0.4408466230545725
0.5002409560339791
0.586947121524385
0.46029853395053316
0.5540641971996852
0.5010610393115452
0.48886567034891676
0.4808477519878319
0.5664936990610191
0.4709809880171503
0.5310447710965361
0.46800947402204784
0.6807809525302478
0.4666252189448902
0.514224959803479
0.661080388618367
0.5760953703096935
0.4666741948042597
0.5992869181292397
0.6312473182167325
0.5715712883642742
0.5634160446269172
0.5206329410097429
0.5968699902296066
0.40252995890166077
0.5459261444898752
0.4444911224501474
0.5519327872565815
0.48313935340515207
0.4531274698674679
0.5951944610902241
0.4968098508460181
0.3522882017173937
0.5608738192490169
0.35567151116473333
0.5128187515905925
0.4280877693423203
0.44416677792157444
0.6265906883137566
0.4410647079348564
0.365126120192664
0.39557082312447683
0.5790094291525227
0.40952443118606296
0.5470877875174794
0.4306596496275493
0.33717386956725803
0.4313978659255164
0.506296126970223
0.4483481962233782
0.41421807344470707
0.26845876393573626
0.5124059640802443
0.4647593844149794
0.44904261721032007
0.39900968090764116
0.3376148029097489
0.3016505486198834
0.5940952513899121
0.49058946115630014
0.39389825026903835
0.5196952761283943
0.4413424687726157
0.3985829558223486
0.4780456530196326
0.39651808249098913
0.4063657277396747
0.40768774864929064
0.37413489925009863
0.43718494288623333
0.41159293215189663
0.4522361915026392
0.4387176308248724
0.43422417449099676
0.4303838647902012
0.4442113201533045
0.6383930231843676
0.3658156543970108
0.4593868622413048
0.5660100462181228
0.4278435366494315
0.24823699412601336
0.41995421051979065
0.48031969900642124
0.41493421686547144
0.30269016112600056
0.447801338242633
0.30916803968804224
0.4531969428062439
0.31351415334003313
0.5225471800991467
0.32374756118016584
0.3021163307130337
0.357492451689073
0.367331293544599
0.3196049721113273
0.3296663633414677
0.36509572714567184
0.4041350483894348
0.33090408944657873
0.3260953479579517
0.34738989919424057
0.36043132309402737
0.3865488474922521
0.3265391503061567
0.34927742928266525
0.3557819724082947
0.42539632480059353
0.2543479528810297
0.2929085982697351
0.26213782223371357
0.36935716973883764
0.4014062764389174
0.3300775241638933
0.3593991409455027
0.31991977617144585
0.3616470566817692
0.39321133121848106
0.2481243535876274
0.4679592986192022
0.3219165503978729
0.31649106847388403
0.30264127839888844
0.35177382613931385
0.32149993415389744
0.22454405230070865
0.24683667506490434
0.30655912150229725
0.3200755662151745
0.46359245691980633
0.4628904621515955
0.3132413223917995
0.31558973235743387
0.22371960471251182
0.29710790727819714
0.2732593369271074
0.2684939841606787
0.255276938102075
0.37049391636481654
0.3404902589640447
0.34117633157542776
0.3351013575281416
0.3223195288862501
0.39231972343155314
0.42383312966142384
0.3755657577088901
0.37863862195185255
0.3112707579774516
0.4990102505045278
0.3155675471893379
0.28116330930164884
0.2774565475327628
0.24626339759145463
0.30084918971572605
0.28521660608904703
0.2947168386807399
0.3305014377193792
0.23466800153255463
0.24914210715464183
0.29196631961635183
0.26442888379096985
0.26976552978157997
0.3206369903470789
0.3198424545781953
0.1692081934639386
0.23409776762127876
0.2877490057476929
0.17070996282356127
0.29330757459891693
0.358769562627588
0.1611314874428969
0.24293809849768877
0.2064371577330998
0.3236721099487373
0.34872676857880186
0.30212254183632986
0.28989896178245544
0.33991649746894836
0.2095561588981322
0.246484390859093
0.2963359185627529
0.3970011504633086
0.40344507419146025
0.23669361589210375
0.19032291509211063
0.23048653027841023
0.2510022619473083
0.15979801011937006
0.24369885878903524
0.22953342273831367
0.22235961418066705
0.20110158888357027
0.22626473328896932
0.2345536510859217
0.2116564650620733
0.2853746653667518
0.19466483646205493
0.36418474146298
0.2800299051616873
0.22462575366863838
0.193133216883455
0.1318893592272486
0.20276381953486375
0.13350327100072587
0.23728729571614945
0.17533697081463678
0.24404448989246572
0.2765343902366502
0.30627616308629513
0.383226392524583
0.2827093340456486
0.29519093143088476
0.2671953812241554
0.22308987645166262
0.2924938180616924
0.14445513407034533
0.13875074737838336
0.2898635534303529
0.26974582033497946
0.12636801866548403
0.23342595675161906
0.13374550747019903
0.3517287096806935
0.2146837961460863
0.20248334908059665
0.20494657967771804
0.2915339714714459
0.27933429341231075
0.11754084245434829
0.2545743648494993
0.22148568608931132
0.18046019864933832
0.19271773312773025
0.21791116786854609
0.165660655791206
0.21378028286354883
0.23133065125771932
0.2967207453080586
0.16296114453247615
0.18803086557558604
0.14420718007854053
0.1597788328570979
0.1973622813820839
0.256094471684524
0.0917135626077652
0.130378930164235
0.23172470794192382
0.19114678725600243
0.13617856534464018
0.2722994914012296
0.20046823312129294
0.17726509060178483
0.22035994167838777
0.18697405633117473
0.23158230100359237
0.2752042556447642
0.2593552257333483
0.18295565087880408
0.2183490571166788
0.1332429370709828
0.1561135516635009
0.20681533561303064
0.18369597036923682
0.11731165953512702
0.10126644745469093
0.13173863983580045
0.22466618887015752
0.11028043766106878
0.1728887166827917
0.1868368930050305
0.18762750231793948
0.17768668436578341
0.23948305738823755
0.23379661462136678
0.12184227311185428
0.19644813718540327
0.10828932374715805
0.13864807465246745
0.26773335146052496
0.24707445981247084
0.2412824102544359
0.24168474386845315
0.19212757210646356
0.15321102791598865
0.1590732724538871
0.0866266345339162
0.12655144690402917
0.17682525728430068
0.22785610692309483
0.1760545117514474
0.09222605292286191
0.15213926509022713
0.10310747800394893
0.18660287292940275
0.24816383155328886
0.18713063932955265
0.18696431549532072
0.1620885955302843
0.2597895549344165
0.05158854542034013
0.1930810021502631
0.30454285961708855
0.08773682958313397
0.06225699984601566
0.15854017862251826
0.18276641677532876
0.042851077924881666
0.12150579957025391
0.10414522008172103
0.23021700472704001
0.09422519217644419
0.1629202435059207
0.10733440944126674
0.18045693449676037
0.10495889133640698
0.09189459308981895
0.0905627863747733
0.09566801254238401
0.06265120607401643
0.1959144680627755
0.047111504312072484
0.23985818228019135
0.12642320458378112
0.15329031380159513
0.06996132220540728
0.10591074451804161
0.194714842364192
0.13442497913326537
0.22919990601284163
0.09954470502478736
0.254549686397825
0.23070280416868627
0.08885912703616279
0.11111881610538278
-0.017080919684043953
0.1298401172139815
0.07870628418666976
0.12442967242428235
0.1188549708042826
0.10799874179065228
0.19795530236193112
0.02193788598690714
0.08391987213066646
0.17358824930020741
0.10427425835015518
0.32068479287305046
0.19383405601339682
0.18839535489678383
0.04024163793240275
0.08405528031289577
0.14559091734034674
0.053270268120935986
0.06670836944665227
0.043582781084946225
0.08150781903948102
0.27885488686817034
0.1682471169957093
0.19313965844256537
0.08012669533491135
0.2034705142557089
0.19641003012657166
0.12164185409035001
0.05242183871035065
0.0432362255773374
0.19171427403177535
0.00839118446622576
0.15711754347596849
0.12373006902635098
0.04417824186384678
0.09318813342334968
0.04647050851157734
-0.05069042955126081
0.09631295169570617
0.11143246319677148
0.04747986687081201
0.1057220564356872
0.09616441226431302
0.09100254811346531
0.12211786915681191
0.14927272046250956
0.07899129616894893
0.15846933743783406
0.13991561851331166
0.10177838828946863
0.20612686553171702
0.10055698401161603
0.13866024145058223
0.021561059036425183
0.09399062501532691
0.11782885289617948
0.10116165823170117
0.059114117441432815
0.16299980293427194
0.06250551462705646
0.12433654289426548
0.11692848601020299
0.05310679413378239
0.13941970467567444
0.050995360128581524
0.060796142156635015
0.04978143157703536
0.11668214680893081
0.12057730262832982
0.12451058985399348
0.10614277475646564
0.19797705858945847
0.15791211702993938
0.06406122193272624
0.03945519918432602
0.07324498120163168
0.010248959147637444
-0.015114480097379004
-0.013048597744532995
0.15746604425034352
-0.01248821017465421
0.06664333612258945
0.09682792584810938
0.055632884481123517
0.0488486790231296
0.25316268844263895
0.03709681039409978
0.07811750125672136
0.09106939711741038
0.06571214619491782
0.03257412702909538
0.04818575243864741
0.06299934828920024
-0.008503870240279607
0.03408956261617797
0.057185609958001545
0.06352975884718555
0.0714518880205495
-0.004812069769416537
0.004057675067867551
-0.009042927197047643
0.15361360407301358
0.14128835871815681
0.12158076731222016
0.05569702706166676
0.1847027332655021
0.0989727663940617
0.08054073394409247
0.12632148233907564
0.08489623585981983
0.0233488960989884
0.08031190133520535
0.051169558827366145
0.026404148765972683
0.05831315474850791
0.019681168454033986
0.04293208196759224
0.09129527051533971
0.1370163501373359
0.07969062189970698
0.05691625443952424
0.025467390593673502
0.19600829322423255
-0.006007604833160128
0.005738630358661924
0.08754235106919493
0.03444309053676469
0.06696626264601946
0.045465243448104174
0.07927118028913226
0.1205105832112687
0.09576201146202427
-0.01882567203470639
0.0446770933589765
-0.00247491363968168
0.0027452510382447925
-0.015460132488182612
0.036748218084020276
0.1055495883504461
0.0652100547615971
0.14071654315505708
0.058846332665000646
0.08630434929260186
0.07564434143049377
0.05027068166860512
-0.006057759480816978
0.09931185921388012
0.031174621810870513
-0.02199118724092841
0.11579190992883273
0.04374261802461531
0.06852392799087934
0.07856057318193573
-0.03581216452377183
0.005879366504294532
0.07851573532181126
0.03717205247708729
-0.06140498075235103
0.03932592645287514
0.18376336519473366
0.08695142343640327
0.02697677138660635
0.06469925373260464
-0.009773123211094312
0.029721468154873167
-0.002407040979181017
-0.03239180200866291
0.0765318109520844
0.04960007632949522
0.003923611981528146
-0.04346153140068054
0.07072065531143121
0.011056557829890932
0.09007575389529977
0.05078071116336754
0.05071029971752848
0.0774700263781207
0.007692265723432813
-0.057857619265892675
-0.0034812792603458676
0.12764064275792666
-0.040585980218436034
-0.011920705703752381
0.011019501302923475
0.11244544706174306
0.060752976685762405
0.028523898550442288
0.07822041160293988
0.012791525572538376
0.003044197601931436
0.0644306412764958
-0.03423977696469852
-0.01200959033199719
0.08020717916744095
0.09581961722246238
0.05839283125741141
0.051349597317831855
0.005160795790808541
-0.006329108029603958
0.08659553940274886
0.0975551935178893
-0.003820874329124178
-0.01550769220505442
-0.02163656641330038
-0.004822310858539173
0.01001595359827791
0.08559150820864099
0.007197740354708263
0.04730113036930561
0.000884145897414003
0.04072925288762365
0.08184649076844965
-0.0021241549402475357
0.13462277528430736
0.08087482945328313
0.040156301643167226
0.08881773453738008
0.02667454324130501
0.07620839960873127
0.035678360079016
-0.0517203113330262
-0.049597346889121194
0.01697492360004357
0.012067196092435293
0.04496852521385465
0.02571781086070197
0.0021202777113233295
-0.00859238180731024
0.02545185586703675
0.05352667426424367
-0.11350166265453611
-0.0561199870758823
0.043255219768200605
0.08981158690793174
0.12113045997934282
0.006363689367260251
-0.011510229536465235
0.010828812207494463
-0.031254718223443397
-0.027648137084075382
-0.09021640129919563
-0.04195725778117776
-0.03963185926633222
-0.05806904711893627
0.1392434642517141
0.029584217118099332
-0.041115445750100274
0.049997789918312004
0.11612313879387719
0.05712824687361717
0.17980594666940825
0.07854407360511166
0.052256284680749686
-0.05006926240665572
0.06682119511866144
-0.019064815182771002
-0.0002520118973084858
0.05981191274310861
-0.03204743031944547
-0.040374833857640624
0.13652024058891193
0.0628201812505722
0.07999653369188309
-0.0529867240360805
0.03768620492857216
-0.0022877445444464684
0.08308972152216094
0.11297825670668057
0.043893955348591716
0.08168925371553216
0.08513859659433365
-0.0012468997655170305
0.0561962617295129
-0.003060361636536462
-0.02807959821075201
0.10133137074964386
0.11113273458821434
0.06775733881763049
-0.057803100773266385
0.03146801735939724
0.02745171423469271
0.07471162346856934
-0.02216927507626159
-0.017680604543004717
0.010192456389112132
-0.06507815234363079
0.0593906327017716
0.0023748395698411123
0.015184181476277965
-0.10312263961947922
0.004555423610976764
0.13974786576415812
0.15792450814374856
0.1613685917109251
-0.049486434813713585
-0.026245938081826483
-0.007684916790042605
-0.0030055026124630657
0.07244486597898815
-0.10526661634711283
-0.004859105550817081
-0.003152696947966303
0.048032331762702336
0.07590644513922078
-0.020295084121504
-0.01032398795775537
-0.05935720849915275
0.0018725953996181488
-0.08831742166408471
-0.004244116667125907
0.006317893575344767
-0.02372673579624721
-0.026514957791992595
-0.05689096364325711
0.06876354398471969
-0.031044630067689077
-0.006398293023396816
0.03743357211351395
-0.0173752773553133
0.01177913642355374
-0.06471825151571206
0.035074351355433464
-0.08384662839983191
-0.04024915450385639
0.025251325153346573
-0.07453051475541932
0.06636153307876416
-0.005090113995330674
-0.0338115854454892
0.018784930663449422
-0.030144056704427515
-0.02289475013430302
0.021480179391801357
0.03616276755928993
-0.00922507087567023
-0.03751709698034184
-0.06455884341682706
-0.02448672109416553
0.015902890680501096
-0.023884741057242666
0.002408789736883981
-0.04171117714473179
-0.0418750948239384
0.17017429694533348
0.17429109343460628
0.013879884566579546
0.08475710132292338
0.007141390017100743
-0.04633662876273904
0.02540898702240416
0.12707363340138858
0.019552824353533133
0.014092710933515004
0.12280647296990667
-0.0017713609018496104
-0.0059827071880655626
0.09567812344591532
-0.046961611535932334
-0.044850171144519536
0.05545460778687682
0.0028749585846006604
-0.02397997404581734
-0.029580848291516304
-0.042483464461318884
-0.0383124045495476
-0.02979340297835214
-0.009356617395366942
0.06674839556217194
0.012067704594561033
0.06756190210580826
0.09622334130108356
0.06787547432551426
0.02860170230269432
-0.04344974671091352
-0.006233507501227515
-0.05832422298512289
-0.09134964538472039
-0.025076699360007688
-0.03971759921738079
-0.051719902349369865
0.029571107621969923
-0.010657188083444322
0.12725579099995749
0.04441692640206644
0.061646499476669954
-0.011640936402337891
-0.0873772603060518
0.017296890994267806
-0.07601399964187294
0.11981285576309476
-0.02727162265884025
-0.05637938156723976
-0.025388572098953382
0.04607004246541432
-0.07030061376281083
-0.06539672453488622
-0.07966449191527707
-0.008860727239932333
0.0042149147817066735
-0.002663298909153257
-0.08591847833512085
-0.061501809528895786
-0.09865704429103062
0.11632032452949456
-0.08427287718015057
-0.014214346318372659
0.04224680424002664
-9.694047288836114e-05
-0.05219456580068384
0.10241076270384449
0.023002849093505313
0.028882855416408608
0.0057668358619724
-0.03847101756504604
-0.044331058859825134
0.052404095219182115
-0.02090412750840187
-0.029098885067339455
0.019842546167118207
0.04835142408098493
-0.02470725029706955
-0.025047581110681807
-0.08414576681596893
-0.054865100021873205
0.004198484654937472
-0.014455554740769523
0.056149041280150414
-0.028464175893792083
-0.0648106677191598
-0.07086629500346524
-0.06411151707704578
-0.03396243558797453
-0.01194401883653232
-0.028299889926399504
0.10326878260821104
-0.01658876333385706
-0.02209589018353394
-0.056246119152222364
-0.015195869840681553
0.06720902025699615
-0.04351702486331176
-0.0251882259867021
-0.1237113173452339
-0.03954983688890934
0.0033524909854999612
-0.0072026369785557365
-0.10008134842584175
-0.034157686600727696
-0.08713126555085182
-0.01638708476509367
-0.011121389855231558
-0.11849771120718547
0.009603852805282389
-0.015204357781580516
0.10370891488024167
0.08201560111982482
-0.01576674836022513
-0.012195912322827749
-0.08663244279367584
-0.07997233872967106
-0.09236000185566288
0.036167070003492494
-0.012112693062850408
-0.0516321761533618
0.1048452758363315
-0.05586687635098185
0.022175652108022144
-0.013754677592909761
0.041654959986252446
-0.10512999179107803
0.03300483125661101
-0.06324541941285133
-0.06007198882954461
-0.00013197027146816254
0.0035092149462018695
-0.065750105040414
-0.02049395814538002
0.0030040216765233447
0.05438568961939642
-0.020757100145731653
-0.007717751498733248
-0.07709469679476959
-0.036081875746066756
0.03765502665191889
-0.05744542181491852
-0.029609413285340582
-0.008079151415066528
0.02337545874927725
-0.021306015284998075
-0.07619012769178621
-0.025828781936849867
-0.05922068269657237
-0.05723315158060619
-0.07368100780461516
-0.05794428235718182
-0.13520645137344087
-0.016991610505751202
0.012481308941330229
-0.0727363099327444
-0.04664012337369578
-0.06175695040396282
-0.09901632980576583
-0.03601591155997345
0.26618109084665775
0.1848944438887494
0.0345041022103812
-0.009541269923959459
-0.00340021907218865
0.03893895846392427
0.022585618176630566
-0.02450791493590389
-0.053247234384928434
-0.09650449268519878
0.034760089822936734
-0.06414124369621277
0.016266203618475368
-0.028901560897273675
-0.02817346202209592
-0.024097903897719725
-0.06465173116885126
0.0708883021559034
0.030701849210475172
-0.07235818622367722
-0.041903691100222726
-0.006437760644725391
-0.03019327111542225
0.025893250214202062
-0.06225695168333394
-0.08545054069587163
0.05335093156567642
0.01927193860423618
-0.07509149664214679
0.039607183974502344
-0.05656612079058375
-0.09173413765217577
-0.015517355075904302
0.0680806650114911
-0.0459549003779622
-0.05488111950191004
-0.04153333737381867
0.02034660615026951
0.06033333076629788
0.08529318230492729
-0.0042345902142447555
-0.03426659406561937
0.0009861708219562257
0.0487946801419769
-0.05127903908890273
0.03630931648824896
-0.05717582920832293
-0.011854916677943297
-0.03449853589492185
-0.038037977048328946
0.017806733160146644
-0.02191362263900893
0.01645887190742152
-0.041456699770476134
-0.05870301376229951
-0.07010937280470639
-0.061306986824742386
-0.060431513137051036
-0.063272357785276
-0.10670846780495984
-0.132867995383484
0.06541666631320757
-0.05484554414371295
-0.03895828892875995
-0.05052174088944282
-0.06084223038383892
-0.011375919982258762
-0.019763390932764326
-0.05546512680926493
-0.06126125788848315
-0.026545127853751183
-0.04041664634964296
-0.04123382270336151
-0.0021291894039937426
-0.1166993806670819
-0.0114702796927304
-0.0639012215126838
-0.08165110381586212
-0.07870421398963247
0.00035718722002846856
-0.030299928970634937
-0.0065268247521349364
-0.09328828219856534
0.014257376672633524
-0.07737608480134181
-0.08600970144782748
-0.14185584602611406
0.08554831466504506
-0.019081409222313335
0.03223092042441879
-0.041814418243510384
-0.00873807817697525
-0.04227578693202564
-0.037326465493866375
-0.04337461957974093
-0.10437209265572685
-0.07351988979749942
-0.0324472133450819
-0.04414104946356799
-0.057345633528062274
-0.06292537466755935
-0.011454977810249798
-0.07084972890360015
-0.13281569869390555
-0.13123303571982042
-0.0839657996382032
-0.004047630653466123
-0.08753644142832075
-0.0950500848037856
0.017683942137019976
-0.05837849660643509
-0.016800924071243832
-0.03625146672129631
-0.06003203136580331
-0.09448399394750595
-0.08660734597443868
-0.004300164857081005
0.025789432872053503
-0.07615818908171994
-0.10857881898326534
-0.12321479629359341
-0.08227772265672684
-0.020146490739924566
-0.04080789243536336
-0.08351779822260141
-0.027584974920111045
-0.05356655163424356
-0.011965637228318624
0.000940595188045076
-0.06486518852985822
-0.03973425818341119
-0.10189312736370734
-0.09339703672698565
-0.06559586691270981
-0.10121457544820649
-0.0650712816610134
-0.027748917628611838
-0.08702808139579636
-0.007084650652749198
-0.0766527686001999
-0.09804000545825277
-0.09189627878367901
-0.0014655243513906108
-0.0766507238149643
-0.06323122442699969
-0.05905478527503354
-0.039723295685169954
0.030071635863610675
-0.0428343316473599
-0.02083993357207094
-0.05676519711102758
-0.07154295443823296
-0.041474234711910994
-0.07968162534858234
-0.048538870843393464
-0.016531939503433284
-0.07172605554972376
-0.06025552749640285
-0.0970518896356225
-0.10605100755180631
-0.06693140008220715
-0.07247100664036614
-0.04347584795738969
-0.07584124377795629
-0.05179244625781264
-0.03202172475201743
0.049789246171712875
0.013350011514765876
-0.049201790775571554
-0.0009864668494888715
-0.13615619773710413
-0.0024847607793552534
-0.20790466442268293
-0.11036021289016519
-0.08547359198564664
-0.00995554934654917
-0.013799322369907583
-0.03437999210187367
0.02429545670747757
-0.043957233162862916
-0.048878460856420655
-0.059053106898708005
-0.028158365549253567
-0.059243534691631794
-0.040705444291234016
-0.018492788608585085
0.02106512151658535
-0.035258864518254995
-0.09656662014978272
0.01191822040293898
0.013147349095171583
-0.0578265321840133
-0.07063541388405221
-0.12525860220193863
-0.06709114222654275
-0.1328665247918772
-0.04251772298344544
-0.03637737674372537
-0.10080558859876224
-0.09679633804730006
-0.030787338369659016
-0.07669731655291148
-0.0653789293553148
-0.0716210772017283
-0.03005457805660886
-0.10048606246709824
-0.010999509798628944
-0.07815669902733394
-0.07262022380850144
-0.023519920334885164
-0.048081704323911775
-0.15573445547904288
0.018539628546152796
-0.09420234949461051
-0.1036641097494534
-0.08515354849597705
-0.03957579817090716
-0.051427757434014766
-0.071379876163389
-0.09540445969573089
-0.026470124189342772
-0.05617972716156926
-0.012918898935562797
-0.1162403346305447
-0.048700271972589144
-0.06104787701873907
-0.08683197306735176
-0.07302361152583867
-0.00507127121090889
-0.046156940183469226
-0.13461948186159134
-0.004669569100120238
-0.04207337288452046
-0.07597856463066169
-0.08622307144105434
-0.11491930059024266
-0.03654721964682851
-0.005120554406728063
0.06390199544174331
0.10031003132462502
-0.025803489610552788
-0.0052621034639222285
0.3866613634995052
0.034405929169484546
0.09519647939928941
-0.04466239841920989
-0.021319045020001277
0.01610132838998522
-0.04262565502098629
0.07710583760802235
-0.0642263539900471
-0.023341253399848938
-0.044324720544474464
0.002760129315512521
-0.11249091715684958
-0.12132348439523152
-0.10187033457415444
-0.07395434326359204
-0.0964345351925918
0.028378470867340053
-0.04883481801620552
-0.013740146798746926
-0.0118662580581648
-0.030014748019831523
0.016002317699271122
-0.0732713881880045
-0.05530445118035589
-0.054356763671551435
-0.04877307878008911
-0.05223173142543861
-0.03308794152274329
-0.021661854748214995
-0.06391930314046997
-0.03680544432539206
-0.09213746339082718
0.06504473303045545
-0.04425640657011952
-0.060741375599588664
-0.12237512958901269
-0.07633722117835921
-0.07738481009645122
-0.035780537008707015
-0.0582537463051267
-0.12061537003942899
-0.039279816672205925
-0.09800551994080056
0.034764158938612254
-0.03320075358663287
-0.12167105344789368
-0.1539561285504273
-0.06471748531579838
-0.07697821642680326
0.012098948338202067
-0.03635681260909353
-0.09867331398917097
-0.07160098824117865
-0.05523540984307017
-0.10480799520986953
-0.051220115569386895
-0.021998101180153235
-0.035471732667896765
-0.11394061307821955
-0.10288362577557564
-0.05186555215290615
-0.12955371370272978
-0.055510608213288445
-0.09176827215456537
-0.08626528922468424
-0.10079603110040937
-0.07803923477019582
0.00712361851973193
-0.04814502902861152
-0.033955949757780345
-0.02642110989500697
-0.08394148325481053
-0.10662538079278809
-0.07719722799915221
-0.029007716370480403
-0.10619867253431689
-0.010387884719031197
-0.05687727539667061
-0.0881001736977071
-0.06118538576577391
-0.09158115303892243
-0.039194287516043654
-0.07663704937190882
-0.06565933187420551
-0.07204249554446765
-0.014769850032670158
-0.007374797348997423
-0.06366396429283279
0.009994441111172949
-0.004087744014603751
-0.10802986592586551
-0.044564376826331555
-0.13908841899995292
-0.11479789949953556
0.005591599270701408
-0.020665780508092473
0.0022988515307328533
-0.06737976334989071
-0.11312712136922139
-0.165133785456419
-0.08439569494553975
-0.06074954622558185
-0.03600845155551724
-0.1524104912366186
-0.12080034094729594
-0.023997311613389423
-0.10853282921016216
-0.09097008087805339
-0.10898492831204619
-0.08435037101818514
-0.09921227342316083
-0.05895115373589631
-0.05775960428374154
-0.059208114174128114
-0.15532940958759614
-0.05579174416405814
-0.044906098927770345
-0.056276045739650726
-0.021531664694731053
0.0023189748504332136
-0.06851075028888383
-0.09114219792760335
-0.06785134013210024
-0.10999743959733418
-0.13799862463825516
-0.15041941670434816
-0.12222067614464192
-0.11221363914332219
-0.047042073482381444
-0.06006630802793162
-0.0875231386827571
-0.061167068617318625
-0.13359371040548598
-0.11486185362030353
-0.12143373915127345
-0.06850795208343438
-0.10738825877862317
-0.15280353357749327
-0.12511237205139228
-0.0714739342885358
-0.1330975666642189
-0.09297387230409575
-0.0891433032146389
-0.07644295093736478
-0.008597484124558312
-0.060932589162673266
-0.15965075684445246
-0.06942254198448998
-0.09301822845424924
0.0013997246256362164
-0.1361158950187798
-0.17559050475912436
-0.08326051723815908
-0.08535076699003444
-0.02141366313610758
-0.14007676263905264
-0.06955249477843088
-0.12468592283715095
-0.03956408639039312
-0.021198733975844725
-0.009551063612369555
-0.05149724946490356
-0.0648410612567594
-0.05460875907114574
-0.07151924685708114
-0.06899605528451502
-0.006260387599468231
-0.11595217509394777
-0.09549103697229709
-0.07941985689103603
