1.7971812448603042
0.690550482653557
0.49401753506761914
0.39793535496326204
0.3333676235472902
0.30261317783213676
0.26206043204094503
0.2408595028075766
0.20757687440577974
0.18013970601431867
0.1676972635248874
0.16445080563426018
0.13476374658181312
0.12822450927280366
0.11290452347949465
0.10125480433727832
0.09091003552237724
0.08730420107616389
0.08853073360675827
0.06754751901756575
0.06959009840291866
0.06778820530769039
0.04912293638954771
0.051893077909629395
0.04566642470618195
0.043293865318311024
0.034142312266804434
0.042196559452233794
0.035756391383945305
0.029979262966662645
0.03750059832422499
0.02340938623479389
0.01788837794818856
0.01919832887583749
0.016619776477145545
0.025994027722032464
0.025586383100202743
0.04030599757692123
0.03552416868834816
0.015371119534160862
0.018896568982683597
0.009341051517193145
0.006635262030845588
0.007913442996102683
0.007316304025230335
0.012358562375587273
0.017654359535106082
0.008971280004690461
0.0065653310188320164
0.003769772845887619
0.006955096209570369
0.013517058633721156
0.023169641635638286
0.029698439797589633
0.03567806466859072
0.013929523222960849
0.0055660943035036325
0.0026250701782199494
0.0013662965403513072
0.0010750497288214281
0.0008564654637395622
0.0007647912050820293
0.0006913198943019527
0.0007047302134835379
0.0005873433550190616
0.000526254440433633
0.0004883704633802482
0.00046042432098902087
0.00043158112477729136
0.0003818798318884256
0.00035547094066327615
0.0003971079188093117
0.0003115928006894698
0.00030424378650074706
0.00029443253291166447
0.00027200504902135975
0.0002582954952463587
0.00024302903453799637
0.0002492218465433441
0.00022795390976441807
0.00021551428251265686
0.00020545795094686252
0.0002004714475681775
0.00019315496149616555
0.00017999306007194274
0.00017843186411637554
0.00017203282616119783
0.00016121707518864918
0.00015881118931847208
0.00015228506960371073
0.00014493386395847762
0.00014779206302340211
0.00013616357852910406
0.00013692520154476602
0.0001285084593852863
0.00012323073321006612
0.00012075894207381235
0.00011942412884115796
0.0001131571658101785
0.00011184244909174517
0.00010868976413745413
0.00010569339473419105
0.00010206407735475954
0.00010101487953548674
0.0001018762193373906
9.227327228337402e-05
9.038979351316812e-05
8.916130497148496e-05
9.266224681576863e-05
8.311598878904949e-05
8.282804450805378e-05
7.961545014118297e-05
8.039430114412754e-05
7.795490610272069e-05
7.421769089674815e-05
7.257132709012095e-05
7.396752930907631e-05
7.018559717061123e-05
6.900018592630736e-05
6.760770464368645e-05
6.355443538461956e-05
6.303311861398818e-05
6.191062702589291e-05
6.150431661498782e-05
6.136073542175508e-05
6.27551879470628e-05
5.6712965159293045e-05
5.4471852424885196e-05
5.366298247533082e-05
5.385636935936921e-05
5.354885112691145e-05
5.2043921022367554e-05
5.0660932561669976e-05
4.980477824380827e-05
5.005025239737966e-05
4.822165758323923e-05
5.434859228705349e-05
4.7167434283263455e-05
4.6680345049219584e-05
4.739438813014706e-05
4.5451863483554294e-05
4.241632292719937e-05
4.4233550475024804e-05
4.236072037840247e-05
4.219598483185573e-05
4.682744765112999e-05
0.024800025143315692
0.1706049165470486
0.06226664036512375
0.027151192147086594
0.021892298637156155
0.01806984598713709
0.00828038468620086
0.0061788498702647285
0.010453603490493558
0.003941307734187811
0.0026697839267844177
0.0011885218395655875
0.0006373120669834068
0.00042036772758868385
0.00035419113555690274
0.00028373011213880865
0.00023367986730281313
0.00020834956118980042
0.00018342959454922163
0.00017379352446252906
0.0001533778038990815
0.00014396216116399453
0.00012967636637845414
0.0001226076935207412
0.00011856442700051009
0.00011250406784343563
0.00010189435531000082
9.866257034368477e-05
9.420282593906605e-05
8.960562332078475e-05
8.608822799168535e-05
8.456712820337456e-05
8.124837507026275e-05
7.517282253328186e-05
7.458357184929055e-05
7.298015000916611e-05
6.806370135002889e-05
6.729222746179538e-05
6.377835878064365e-05
6.290597444758726e-05
5.9609445823762725e-05
5.638826832801761e-05
5.628094401045212e-05
5.512483275235857e-05
5.512040235694161e-05
5.1027270728809526e-05
5.060778021095061e-05
4.7785222859795584e-05
4.5619934166523384e-05
4.5452242878301595e-05
4.4291829144253344e-05
4.311829050304871e-05
4.394719524575618e-05
4.0582694732330175e-05
