2.309381895876945
2.211557296996421
1.745021495413273
1.1971996984583266
1.026949202760737
0.9203856726910206
0.8529323580417227
0.8029204695782763
0.7615231903309517
0.7302147257835307
0.7022442145550505
0.6760844315620179
0.6513627342721249
0.6272740205551716
0.6030116208056187
0.5919601600220863
0.5739672329831631
0.5569292084967836
0.5456130669472066
0.5323865584870602
0.5244371085724933
0.5172342455133478
0.5146945156949632
0.4918551743030548
0.49255087654641333
0.4767485945782763
0.4708723717547478
0.4625175525533392
0.4553357759054671
0.4624787321750154
0.44891698943807723
0.435867928761117
0.4324889106953398
0.43281438249222776
0.42562705722260985
0.4183713847652395
0.4148565280310651
0.4073436247541549
0.40406629696805424
0.39934104237150636
0.38796792322016777
0.3911478005825205
0.3856777437823884
0.37661043570396746
0.3712207538650391
0.37199793217029975
0.35809859887082524
0.35043396975131746
0.3376713426823312
0.3339955527731713
0.33424903706033177
0.3228636735931356
0.319617082939503
0.3045593997899522
0.3034117196468597
0.303568238907672
0.2972722246925882
0.2844729287193177
0.2842679283720382
0.2736891986841851
0.27318508875496844
0.2633204686831921
0.2562514391351253
0.254279854291297
0.25765328584833347
0.24932587907669393
0.24483013501826753
0.23816132814960278
0.23469878844124206
0.23031797989251765
0.22411434637739303
0.2288648635149002
0.21794338841387567
0.2113190695960471
0.2038239689266428
0.20564944820201142
0.20721620384683
0.20729483751223443
0.20175977843873044
0.1941915972435728
0.19382971667862953
0.19045681664918332
0.18703266772183966
0.18082993572696726
0.17661009903283828
0.1775662805488769
0.17286216095089912
0.18121471826700455
0.17248155216270306
0.17005319362308116
0.1734077491341753
0.16335152335306433
0.16096926765873076
0.15895438558877784
0.15644095346648643
0.160565668043304
0.15925890976127158
0.14873255646609246
0.14752572168536643
0.14895160884616224
0.1455269040183184
0.1459850011036751
0.14062733219024984
0.15048131774714651
0.14299395624944505
0.13903900996801702
0.13384637942022465
0.1351156766585847
0.13129569954694587
0.14188815930739362
0.12921476467175685
0.13204550640063084
0.13217248046334754
0.12903832358882783
0.12373778338920563
0.12423655339219469
0.12681436637773158
0.1230606708200054
0.12187559403320576
0.12009201848760565
0.11856210029664192
0.11441438248816957
0.12066741949541772
0.11599321227441443
0.12033969033113186
0.1171702761599358
0.10970517132986099
0.11069241839837521
0.11125659015267453
0.11597532901833667
0.10654569722394994
0.10349087987808471
0.11019302896679715
0.10800309221636742
0.11104512230512943
0.0997842587530613
0.10549477305501065
0.10888722959033986
0.09965430489404405
0.09641087534738348
0.09554719465210083
0.09931496427731311
0.09788668381565428
0.09807148326109065
0.09940190343780721
0.09647276541812623
0.09576680594460761
0.09131738741664176
0.0941358920028235
0.08755649243818318
0.08959075023836278
0.08724992028734785
0.09239842742681503
0.08986560152249133
0.08606007649622699
0.08469352078564624
0.08669379852870678
0.08768300482250274
0.08447277951153352
0.0823557627129745
0.08141648583114147
0.08504389531593373
0.08346345560981873
0.08182411585399445
0.08475363838109881
0.08308939334559948
0.07576035912287363
0.08262199631079714
0.07722534088695303
0.08071490918147436
0.0821857720692741
0.07747302650216412
0.0762421698408558
0.07204361790989308
0.07094086651155289
0.07884224528010855
0.07655660473206576
0.07210931594067431
0.07341252602240507
0.07285293488901981
0.07691705803525575
0.06864887004361507
0.06975174794330243
0.06756584261088296
0.07648006626503899
0.07065267843055598
0.07055910845148436
0.07471379368229115
0.06644957237183413
0.06647369200165601
0.074334336841043
0.070011333047234
0.0655333067666977
0.06452496783768243
0.06735184768888544
0.06508500901784034
0.06428046633509245
0.06981894294632242
0.07233394924154941
0.06256064372335343
