0.4942346497549726
0.4930815797059671
0.4925050446814644
0.5018737388296339
0.49754972614586335
0.4991351974632459
0.5010089362928798
0.5069184202940329
0.5037474776592678
0.5053329489766504
0.49509945229172675
0.49754972614586335
0.4962525223407322
0.5077832228307869
0.49956759873162293
0.4932257134620928
0.4958201210723551
0.4984145286826175
0.4991351974632459
0.5041798789276448
0.5059094840011531
0.49394638224272125
0.49668492360910926
0.5044681464398962
0.5002882675122514
0.5001441337561257
0.5057653502450273
0.5069184202940329
0.5154223119054483
0.5257999423464975
0.5246468722974921
0.5340155664456616
0.540213317959066
0.5283943499567598
0.5513116171807437
0.5632747189391756
0.5622657826462958
0.5625540501585471
0.5537618910348804
0.5596713750360335
0.5710579417699625
0.5593831075237821
0.5582300374747766
0.567598731622946
0.5691842029403287
0.5784087633323725
0.5668780628423177
0.5773998270394927
0.5638512539636783
0.5821562409916402
0.5752378206976074
0.5814355722110118
0.5762467569904872
0.5737964831363506
0.5844623810896512
0.5841741135773998
0.5775439607956183
0.5818679734793889
0.5896511963101758
0.5833093110406458
0.580426635918132
0.5853271836264053
0.5844623810896512
0.5837417123090227
0.5874891899682906
0.5834534447967714
0.5942634765061977
0.6000288267512252
0.5859037186509081
0.5921014701643125
0.5814355722110118
0.5926780051888152
0.5977226866532142
0.5824445085038916
0.5802825021620064
0.5932545402133179
0.588642260017296
0.599164024214471
0.5851830498702796
0.6049293744594985
0.5918132026520612
0.5994522917267224
0.6017584318247333
0.5982992216777169
0.59051599884693
0.6003170942634765
0.5933986739694437
0.5997405592389737
0.6024791006053618
0.5995964254828481
0.5988757567022197
0.604641106947247
0.5982992216777169
0.6055059094840012
0.6083885846065148
0.6026232343614875
0.6089651196310176
0.5972902853848371
0.5981550879215912
0.6062265782646296
0.5951282790429518
0.6131449985586624
0.5995964254828481
0.6122801960219083
0.6057941769962525
0.6079561833381378
0.614730469876045
0.6154511386566734
0.6034880368982416
0.6105505909484001
0.6057941769962525
0.6203516863649466
0.612424329778034
0.606514845776881
0.6070913808013837
0.6232343614874604
0.617036609974056
0.617469011242433
0.6154511386566734
0.6282790429518593
0.6285673104641107
0.6350533294897664
0.6203516863649466
0.6295762467569905
0.6230902277313347
0.6334678581723839
0.6216488901700779
0.6297203805131162
0.6158835399250504
0.615162871144422
0.6239550302680887
0.6367829345632747
0.6315941193427501
0.6308734505621216
0.6320265206111271
0.6278466416834823
0.6343326607091381
0.6347650619775151
0.6364946670510233
0.6266935716344768
0.6101181896800231
0.6330354569040069
0.6372153358316518
0.627558374171231
0.6155952724127991
0.6282790429518593
0.6219371576823292
0.6277025079273566
0.6130008648025368
0.6239550302680887
0.6341885269530124
0.6220812914384549
0.6425482848083021
0.6359181320265206
0.6279907754396079
0.6301527817814933
0.6424041510521764
0.630729316805996
0.6294321130008648
0.6388008071490343
0.6388008071490343
0.6385125396367829
0.6415393485154223
0.6334678581723839
0.6268377053906025
0.6304410492937446
0.6383684058806572
0.6243874315364658
0.6366388008071491
0.6398097434419141
0.6426924185644278
0.6261170366099741
0.6413952147592966
0.641683482271548
0.6438454886134333
0.6439896223695589
0.6255405015854714
0.6347650619775151
0.6122801960219083
0.6191986163159412
0.6354857307581435
0.6289997117324877
0.6421158835399251
0.6189103488036898
0.6336119919285097
0.6249639665609685
0.6236667627558374
0.625684635341597
0.6180455462669358
0.625684635341597
0.6305851830498703
0.6351974632458922
0.6158835399250504
0.6166042087056789
0.6076679158258864
0.6294321130008648
0.6191986163159412
0.6356298645142693
0.6228019602190833
0.6269818391467281
0.6207840876333237
0.6190544825598155
0.6302969155376189
0.628423176707985
0.6132891323147881
0.625684635341597
0.6190544825598155
0.6278466416834823
0.61790141251081
0.6191986163159412
0.6343326607091381
0.6298645142692418
0.6181896800230614
0.6281349091957337
0.6223695589507062
0.6328913231478812
0.6398097434419141
0.6336119919285097
0.6382242721245316
0.6317382530988758
0.6317382530988758
0.6411069472470453
0.6359181320265206
0.6206399538771981
0.6351974632458922
0.6249639665609685
0.6194868838281926
0.6217930239262035
0.6347650619775151
0.6323147881233785
0.6360622657826462
0.636206399538772
0.6341885269530124
0.6217930239262035
0.6130008648025368
0.6220812914384549
0.6167483424618045
0.6281349091957337
0.6320265206111271
0.6294321130008648
0.628855577976362
0.6313058518304987
0.6285673104641107
0.6304410492937446
0.6343326607091381
0.6262611703660997
0.6258287690977227
0.6356298645142693
0.6253963678293456
0.6392332084174114
0.6400980109541655
0.639377342173537
0.6375036033439031
0.6372153358316518
0.6357739982703949
0.628855577976362
0.6305851830498703
0.6344767944652637
0.6321706543672528
0.6287114442202364
0.6305851830498703
0.6219371576823292
0.6269818391467281
0.6382242721245316
0.6357739982703949
0.6313058518304987
0.6500432401268377
0.6226578264629576
0.6333237244162583
0.6029115018737389
0.6044969731911214
0.622946093975209
0.628855577976362
0.6328913231478812
0.6274142404151052
0.6294321130008648
0.6200634188526953
0.6343326607091381
0.6255405015854714
0.6163159411934275
0.6255405015854714
0.6243874315364658
0.6212164889017008
0.6313058518304987
0.6217930239262035
0.6264053041222254
0.6249639665609685
0.6294321130008648
0.6327471893917556
0.6281349091957337
0.6199192850965696
0.6359181320265206
0.6251081003170943
0.6337561256846354
0.6259729028538483
0.6176131449985587
0.6181896800230614
0.6271259729028539
0.6261170366099741
0.6382242721245316
0.6356298645142693
0.6274142404151052
0.6278466416834823
0.6421158835399251
0.6344767944652637
0.6331795906601326
0.627558374171231
0.6402421447102912
0.6160276736811762
0.6360622657826462
0.6138656673392908
0.6337561256846354
0.6295762467569905
0.6235226289997118
0.6337561256846354
0.6405304122225425
0.6243874315364658
0.6282790429518593
0.6336119919285097
0.6287114442202364
0.6289997117324877
0.6308734505621216
0.6398097434419141
0.6349091957336408
0.6302969155376189
0.6429806860766791
0.6415393485154223
0.6304410492937446
0.628423176707985
0.6351974632458922
0.6186220812914385
0.6395214759296627
0.6230902277313347
0.6226578264629576
0.6411069472470453
0.6333237244162583
0.6298645142692418
0.6300086480253675
0.6313058518304987
0.6317382530988758
0.6220812914384549
0.6287114442202364
0.6320265206111271
0.6235226289997118
0.6282790429518593
0.6411069472470453
0.6191986163159412
0.6253963678293456
0.6331795906601326
0.6190544825598155
0.6112712597290285
0.6217930239262035
0.6268377053906025
0.62525223407322
0.6166042087056789
0.628423176707985
0.6230902277313347
0.625684635341597
0.6132891323147881
0.6324589218795041
0.6321706543672528
0.6321706543672528
0.6173248774863073
0.6336119919285097
0.6249639665609685
0.6232343614874604
0.6246756990487172
0.6240991640242145
0.6264053041222254
0.6337561256846354
0.6274142404151052
0.6295762467569905
0.6344767944652637
0.6261170366099741
0.6258287690977227
0.6302969155376189
0.6203516863649466
0.6259729028538483
0.617469011242433
0.6246756990487172
0.6317382530988758
0.6304410492937446
0.6258287690977227
0.6297203805131162
0.63894494090516
0.6301527817814933
0.6406745459786682
0.6262611703660997
0.6210723551455751
0.6285673104641107
0.625684635341597
0.6109829922167772
0.628855577976362
0.6277025079273566
0.6301527817814933
0.6367829345632747
0.6258287690977227
0.6281349091957337
0.623378495243586
0.639377342173537
