-72.05898809975469
-313.6401534893546
-402.84063990215003
-424.61446613320555
-438.71367486556005
-521.1171485531714
-497.14652961739745
-581.6680201572208
-609.265454785615
-602.6422329476352
-643.0435918201499
-632.6627029021215
-670.2713079738178
-709.294767116072
-726.729341506958
-726.131021276597
-792.9619903256817
-739.8865963720506
-775.38862938815
-811.9436213201092
-818.7914433380425
-823.6453944614956
-795.1697356272402
-846.5034473129132
-803.6305418585852
-827.1945477334036
-840.2432338762942
-875.2795611702352
-871.9196417155903
-882.1055123476389
-794.586918551801
-829.5812186903668
-886.9776231154868
-876.4770383395357
-891.1802595573636
-853.7428974588895
-876.2625272823369
-876.910953656869
-861.0741918372669
-858.7047510663485
-898.7529939550409
-909.2921245306868
-859.1443152306816
-860.4043587199004
-917.8376174148876
-896.4264436592155
-885.4772565771358
-910.6544073254282
-913.5581839776809
-905.3376762405519
-845.2049229491141
-889.5930732779789
-948.7935218355074
-872.9303822275681
-949.6612293012955
-939.6516901721603
-925.3866475117371
-953.315944734257
-925.2886560325799
-940.0428015619929
-899.0308183904068
-905.7217483894067
-955.5367333899994
-906.8588295861873
-920.0651100406998
-931.8176154963982
-951.7035460928068
-920.4261561714559
-930.5841912311344
-935.413270546544
-937.3235393592289
-923.940694268398
-935.8301801813363
-913.8819394946647
-902.1534954419334
-940.6457123954175
-945.3558986252904
-976.0884383252139
-918.585358051111
-943.6913708360514
-920.1765225395079
-918.8120303164978
-958.2047849031088
-955.125712934727
-913.249071194829
-904.7030293057041
-977.4912248234594
-974.5468296219127
-937.7770012743462
-919.0058100185087
-1015.4403098497522
-928.8200538345196
-971.388118457135
-935.504333190105
-937.2374016260771
-968.0053749661291
-966.7143922247645
-940.3007807575063
-958.650890821136
-963.7793380219815
-958.0448599185812
-957.9858470435516
-974.2264446498062
-1022.5320659584713
-993.8749033399441
-972.8463982239297
-930.6348463730878
-929.3063858286027
-943.6042506898053
-944.0838133239527
-942.8819715877831
-964.1660946025277
-949.4882755317996
-926.8988048881979
-977.3806366893003
-880.5463975135083
-974.7348639893642
-969.4344633136477
-967.8984281297104
-948.6180615122967
-1013.4909712092667
-922.5591740399461
-981.9218709369958
-998.8879451663813
-1035.4724791923427
-963.4108334235881
-962.5146394847176
-992.3589544191888
-926.453810375407
-952.0844098730571
-1022.8995255028598
-933.6722412109375
-992.9606502553285
-896.1606610326724
-968.6956363855968
-1012.007281067734
-1008.9470623940367
-971.5620170804212
-970.3460321662612
-963.2775551047743
-1013.5463953182993
-969.1393351521909
-1007.3870708431516
-964.2551769518083
-989.9086570146446
-993.2502372583486
-1002.8480553072169
-973.8193895196035
-991.5579252204587
-951.106841430686
-1023.4353004441283
-971.0699514106672
-1002.0808830535906
-1003.0786016981723
-956.4791444817446
-1005.3117779930067
-948.2932604611744
-998.7027370578134
-1002.9416154326382
-1001.9257176664019
-1000.719867529957
-1009.8341898050177
-914.0338047550571
-1010.1500813724808
-1020.7921111929801
-983.0741661320084
-1021.7642330398209
-978.162499273977
-996.6798930327463
-943.827170674702
-1043.7090183556904
-969.2969877340827
-1005.4709713656781
-998.3268697454083
-998.4303946819174
-1012.8521860601716
-1071.6547955384451
-973.9394217641673
-1020.0142762007251
-1038.1269126619611
-1013.95405983815
-1044.6314397198814
-1000.6496412122304
-1024.3395767156978
-983.9343706913259
-981.2469926297939
-1008.2224584834366
-990.5167758926268
-1025.9807610050325
-1081.4903753732206
-988.3402334819741
-1026.0157041939722
-1008.5675104224737
-1089.6357156944714
-1007.9014156172352
-1049.9705836185112
-1010.0415355873547
-1044.788821003404
-960.4462177088733
-1070.3882838778782
-996.9830228156209
-1047.7119145695515
-962.1597394080756
-997.5731981459851
-1073.9059400734263
-1047.4595720235104
-993.9312384304363
-1005.5307187726421
-1017.7475920053122
-1044.997922099131
-1012.0473734420566
-1077.1961032273034
-1029.7586171022758
-1004.3479836618845
-1041.8810713521896
-1013.620045453722
-1044.1031281316336
-1008.4826989270026
-1034.8569991204047
-1051.5549646808256
-1030.1760530740985
-1069.868405653035
-1076.308810424695
-1022.5233893064859
-1045.969295816762
-1057.1916319296656
-992.148589579191
-1070.3093264668769
-999.3243873157809
-1054.439619681253
-1078.120607742516
-969.851035096129
-1051.845752182644
-1084.336201355754
-1073.7769604399457
-1098.470790937749
-1016.3178149752903
-1062.6460877799768
-1051.4681983873043
-1056.1690532111902
-1011.2673631044028
-1013.650174446919
-1020.738537275846
-1025.2232243795
-1051.8408013400945
-1089.449439123479
-1077.5913340550962
-1070.0686714715123
-1111.955830144992
-1040.314714318047
-1022.650277148194
-1052.7866095952725
-1045.6489087996945
-1026.7255120046677
-1037.4247433694277
-1044.2878963057346
-1078.033270752375
-1077.2516430858093
-1120.0846047346492
-1026.3829473614144
-1039.0556618205962
-1038.3165864038028
-1060.9076528818377
-1100.5166491813923
-1045.2278213731704
-1041.2477846453266
-1038.8581589943801
-1129.4802815716387
-1091.4559874682932
-1049.9281926083675
-1057.290580840704
-1045.2191422161418
-1112.137706533555
-1070.4985620080051
-1058.9260843179193
-1091.817134687428
-1089.527147943523
-1051.3801703529973
-1056.6653412805724
-1048.7060393825655
-1165.081182599617
-1052.1420170285735
-1058.4917434909926
-1072.8295827538186
-1118.1001297823295
-1081.4443059846553
-1127.7071656494097
-1050.3373239358998
-1004.430701605186
-1078.908578868835
-1078.731041490757
-1068.668417732287
-1042.80061170088
-1053.558707979967
-1059.8932249205452
-1057.5848114638834
-1035.0003910795335
-1053.7460740431113
-1074.8533071570682
-1037.437446840897
-1087.9136340151185
-1080.6373388020124
-1136.8862341570964
-946.207254609754
-1054.8913153113308
-1092.8655580474485
-1137.3051141549915
-1049.0322411499815
-1087.3228638990684
-1082.951836513484
-1027.1069465331768
-1075.5723428945937
-1128.7538634972639
-1127.3427161132136
-1091.8502008156843
-1189.5403508552208
-1177.5276724429723
-1120.6360136660562
-1099.8985541432685
-1028.6754572809018
-1089.0606342537612
-1041.3757085355196
-1048.4163498362088
-1066.3412012356218
-1097.1614359842467
-1089.5721124421616
-1114.6067210353465
-1076.8334478826566
-1061.8126964052701
-1092.3856729582158
-1068.5921200354528
-1064.1393493831433
-1109.1170364338132
-1009.5718445058243
-1070.430210340957
-1151.8437295481906
-1075.3457898769511
-1096.8823195179486
-999.7044868919706
-1052.1536030159568
-1143.8347639620029
-1050.9288268314529
-1061.403885118423
-1105.0080870653628
-1205.8992865074615
-1113.7458772390119
-1091.757229196311
-1010.7173365579772
-1029.086088100886
-1058.0549737616068
-1084.5657769370189
-1071.796725899393
-1052.734319284215
-1076.777024953596
-1128.0597587675543
-1123.8206715386034
-1096.9275328277993
-1082.0697684886818
-1083.721461882789
-1089.6850569775577
-1132.9275239162182
-1056.5918546882094
-1006.4793718218255
-1075.108878066463
-1170.4346830537243
-1007.8568712769566
-1106.3845040886083
-1119.8088993125248
-1111.118072304308
-1119.2466153499718
-1085.3504395957366
-1028.2916614866476
-1192.8626456392526
-1011.332002273353
-1063.9795938087498
-1092.1730832669043
-1085.436635574987
-1111.1067397995478
-1052.4240715635538
-979.4301191925454
-1110.024746176834
-1054.7047953990198
-1171.9860304714898
-1096.016601351549
-1016.0858305692673
-1098.2630100986376
-1101.1101683504571
-1145.02006943105
-1110.625775328979
-1120.2424335611581
-1141.73526733427
-1109.646104339081
-1160.270614721808
-1122.0913454244762
-1108.2634658352022
-1132.1886519292532
-1170.476003608396
-1055.511980235302
-1168.2129323515474
-1055.7105612919627
