-72.48928752363003
-314.112497443977
-403.21713752570787
-425.0463374177432
-439.1747422487505
-521.5372724664926
-497.60212167836556
-582.0800987938032
-609.6949222933862
-603.0712658666795
-643.4892011765511
-633.1115004961392
-670.7045131454819
-709.723932178339
-727.1628633490355
-726.5966027431224
-793.4274680669406
-740.3457423443069
-775.8383955933531
-812.429388951596
-819.2374698972922
-824.0588805378857
-795.5550990522182
-846.928215483916
-804.092398986289
-827.6228876948906
-840.665957771688
-875.7251368403984
-872.3509247423866
-882.5567804679343
-795.0180052831975
-830.0128469631968
-887.3851588376656
-876.9033711780601
-891.598269308767
-854.2222505912254
-876.7192597718832
-877.3340331925774
-861.4917691138482
-859.1656665450417
-899.1457578070152
-909.7019506775289
-859.5481855979164
-860.823882463341
-918.2633723861062
-896.8408691124982
-885.8429932616274
-911.0321952406712
-913.9363687400994
-905.7388846621535
-845.6058458688622
-890.0221604487863
-949.1598046935649
-873.3315534415882
-950.019508356323
-940.0489007536717
-925.726060339932
-953.6343997744372
-925.621324038176
-940.4275908755817
-899.38488892586
-906.0788246541529
-955.9004186111661
-907.2275674002511
-920.4327521082444
-932.181761464765
-952.0692674839003
-920.79889188494
-930.9343859413252
-935.7500653157036
-937.6524351621003
-924.2449840554444
-936.1420265936082
-914.19341118105
-902.4724357534664
-940.9462572792158
-945.6840398674187
-976.3868493352618
-918.9292982119019
-944.0159864821193
-920.510159742997
-919.1715736488044
-958.4840023902154
-955.4321815385247
-913.5743759436541
-905.024928642308
-977.8046958479464
-974.8689795639108
-938.0983525223446
-919.3234884420298
-1015.6980609805903
-929.132349392236
-971.6786428354852
-935.8284712496991
-937.5164117637318
-968.2939102418961
-966.9739013597164
-940.6048432802825
-958.9225311103504
-964.0638968384211
-958.3536357088573
-958.2460650606639
-974.4568479775284
-1022.7696713214646
-994.1436842817316
-973.0989559542749
-930.909045709443
-929.5851426190495
-943.8565123861287
-944.377085496753
-943.1354063271377
-964.4273787555607
-949.750922857891
-927.1638339565646
-977.6536671203403
-880.8363496455179
-974.9768813172793
-969.6703675353582
-968.1498573101061
-948.8500700568273
-1013.7618660816948
-922.779554894443
-982.1559879362309
-999.1090624629078
-1035.7189769217496
-963.6405175204651
-962.7764393327423
-992.5833466173866
-926.7009414813485
-952.3129485038019
-1023.1055993110903
-933.934781799668
-993.1927346787694
-896.4507439125518
-968.9410031709803
-1012.2123015663042
-1009.1534887920327
-971.7696588929348
-970.6025276359875
-963.5108645302909
-1013.7391700942395
-969.346262549475
-1007.5976231306929
-964.4502232107699
-990.1187631809217
-993.4874170430794
-1003.0179936633132
-973.9983933092811
-991.7542280205934
-951.2943369430332
-1023.6050624737542
-971.2927358337262
-1002.2949242218299
-1003.2461445760068
-956.6992961865966
-1005.5121063548848
-948.4884362814064
-998.8748900505805
-1003.118396038284
-1002.1070508165843
-1000.8811024037375
-1010.0071876103976
-914.2279681104669
-1010.2863964770796
-1020.9563880779776
-983.2666357717206
-1021.9408399871967
-978.3653038130378
-996.846559972807
-944.0463572910854
-1043.8895611477337
-969.4532317675753
-1005.6350667399745
-998.4766983436549
-998.5823475358673
-1013.0005516720257
-1071.8097445228682
-974.1249219481297
-1020.185515346615
-1038.2584248951503
-1014.0828262210441
-1044.800447002534
-1000.8077903167443
-1024.492543198546
-984.0882003362277
-981.4087356180639
-1008.3633499848678
-990.6454059583251
-1026.1243197709184
-1081.6129965013074
-988.4891434067405
-1026.173783928568
-1008.664353735436
-1089.7515002835182
-1008.0633044176936
-1050.1022960117884
-1010.1790148277986
-1044.9432122542562
-960.6300670781992
-1070.512575808758
-997.1309965458884
-1047.8571174727058
-962.3369580457837
-997.7476942879813
-1074.0407740685248
-1047.607666015625
-994.0897087237802
-1005.7026187615461
-1017.8935052107007
-1045.1308767784576
-1012.2080506882909
-1077.3507846291714
-1029.8758145521313
-1004.4986245016897
-1042.0218261859384
-1013.7406334063974
-1044.2624293384465
-1008.6111737440259
-1034.9993146311851
-1051.6898761344944
-1030.3319220740675
-1069.9820525261664
-1076.4348356185421
-1022.6418636427497
-1046.1177507303828
-1057.3284011875978
-992.2686754921065
-1070.446294406592
-999.4488418508785
-1054.5725008089971
-1078.256124637094
-969.9564382755262
-1051.9433386666435
-1084.4370262963432
-1073.9087809197913
-1098.5934808265229
-1016.4291336657265
-1062.7351345444604
-1051.586991024457
-1056.3294218487454
-1011.4015221485894
-1013.7800675844817
-1020.8720955914616
-1025.3498087236958
-1051.9588564859557
-1089.5639011365477
-1077.7060465087538
-1070.1776790706792
-1112.0691132347704
-1040.42956912133
-1022.824818659488
-1052.8696621749807
-1045.7618662750665
-1026.8639637995425
-1037.5411971131778
-1044.4202954692225
-1078.1392024167671
-1077.3733254226122
-1120.1892330503683
-1026.4965523750552
-1039.2114541102114
-1038.464497544249
-1061.065452399891
-1100.6313768026466
-1045.3338178995018
-1041.3637377303867
-1038.9804624478388
-1129.5701345628308
-1091.5668236077656
-1050.0142658075429
-1057.4091751081053
-1045.324105645105
-1112.239210722084
-1070.5789541780673
-1059.0807699959398
-1091.9226976737448
-1089.622359297792
-1051.4871707951418
-1056.7685322124287
-1048.791315368793
-1165.1600181122528
-1052.2379944621143
-1058.5770362906742
-1072.954349359609
-1118.1584607576995
-1081.5795339153658
-1127.8104061355239
-1050.4458772773567
-1004.5616105075256
-1078.9996398275348
-1078.8145307637578
-1068.7801627937001
-1042.904385808426
-1053.661879438409
-1059.9667557736145
-1057.6677927685223
-1035.1076247681121
-1053.8630568332935
-1074.9564491658716
-1037.5669134465231
-1088.0442867718534
-1080.7280303849602
-1136.964581019318
-946.3443959847024
-1054.9834272147323
-1092.981483314444
-1137.4274061791907
-1049.13232984411
-1087.3945813508626
-1083.0374931300291
-1027.187338675222
-1075.6687274880123
-1128.8347164804486
-1127.42446619904
-1091.9387664443336
-1189.628342624084
-1177.5923646496187
-1120.7482920528007
-1099.9770210723175
-1028.7799187409712
-1089.1523025618171
-1041.5053928568616
-1048.5262237364245
-1066.4420045070385
-1097.2488952496085
-1089.664806946082
-1114.688878740583
-1076.9325125558037
-1061.9290052844633
-1092.469291985859
-1068.6882117486768
-1064.2312108140936
-1109.2096518063875
-1009.6606308721726
-1070.54710214149
-1151.9260306644
-1075.4837224933958
-1096.998575641263
-999.8097578830983
-1052.2562743375927
-1143.93977145885
-1051.0433944842782
-1061.50484695083
-1105.1051915955434
-1205.9627985097295
-1113.832782657465
-1091.8343818770027
-1010.808116156934
-1029.2003143328127
-1058.163578648721
-1084.6360597390733
-1071.8664910980085
-1052.820651972898
-1076.8555483048963
-1128.130012230939
-1123.8790678384667
-1097.0218032977548
-1082.163617955924
-1083.8003177291237
-1089.7950848346482
-1132.989474107593
-1056.6973447492046
-1006.5681047923005
-1075.1972472019459
-1170.5120017231884
-1007.9512753508608
-1106.4829498501967
-1119.8949577577653
-1111.202433085112
-1119.3349734715052
-1085.4880744301229
-1028.377458774549
-1192.901581076433
-1011.4684882625456
-1064.0573089705085
-1092.2754914068407
-1085.5299970916888
-1111.177201881936
-1052.5164613504014
-979.5471499746296
-1110.1038331941525
-1054.8124657907795
-1172.058597898703
-1096.09681423908
-1016.1883907054427
-1098.3345194412266
-1101.2123065719957
-1145.0890024774085
-1110.701137507566
-1120.3380984315124
-1141.8212533238845
-1109.7461353798615
-1160.3321468863069
-1122.1521675355973
-1108.3330404044295
-1132.2772841915007
-1170.5614540346207
-1055.6005708896619
-1168.287026040565
-1055.8141777438502
