-100.63986093877098
-322.4123368175348
-443.9784809059811
-473.83977628303563
-492.33368849864206
-578.2695189752886
-549.0533923487509
-569.069715965728
-651.1784514265676
-676.0133933317826
-604.6607272767801
-704.497443660613
-591.0066142961177
-675.5166450887232
-726.519036429269
-593.648794486226
-717.9280833055346
-805.5234172882572
-750.5602495615384
-723.4952853506062
-774.0845405473137
-769.4180356082828
-764.4298536854405
-745.63559052252
-817.3053083991125
-795.6487698884604
-829.8201032541864
-761.5277235475004
-825.4169625005414
-847.0223479556598
-843.6798104844335
-857.0392565925
-845.9898143715573
-848.9332110145674
-864.0752540447745
-935.8616323646862
-849.3044339720554
-788.1214237608668
-882.8865587348762
-877.5461016184723
-849.9102283952423
-909.0656280165994
-894.7985009268132
-894.4393708101616
-864.3767806373983
-918.1327220723376
-928.4028644111299
-831.5577720255346
-886.2794816197338
-881.3469592799789
-902.6143303093273
-899.89446045836
-971.3618937549503
-987.445977575768
-825.2724220521989
-923.8607197423136
-900.2165533990903
-918.7148313390494
-884.5941292020033
-924.7309632015667
-901.6244423861878
-932.8934055671165
-849.3813643565376
-936.4321986695039
-993.5725750066168
-958.0761192515149
-945.1908636488673
-927.6683714027229
-947.1272275546729
-926.0292952664986
-888.039140701294
-936.6357580088251
-968.0199801009921
-1005.63291962795
-961.3543046520603
-959.0234947380383
-971.6233600669193
-955.3432692163002
-959.1824359014836
-918.6398322988765
-997.7841178436983
-958.8128472956644
-960.6862680022068
-942.2977938805857
-955.2400918193676
-949.9512999486265
-938.6346303263018
-920.0837861337969
-955.3611369682347
-945.2312553159652
-1002.4736963570942
-989.526970542521
-905.8761279022639
-975.861762298417
-977.3071676157587
-978.6928161498039
-952.9504989764657
-970.4796045540664
-983.0313904406288
-919.2052909042428
-978.0889658246722
-1022.559685597222
-960.7649171846803
-954.7321723814933
-945.575172340815
-956.9528123706167
-999.9039128255185
-903.3025251731345
-982.8669157423732
-959.600270135062
-983.7828180866857
-997.7222410171263
-989.9434072696669
-1003.1092680478425
-1029.652074853396
-1013.0999375092819
-963.8075742765506
-956.0202064162576
-1010.2338969498735
-999.3989599553122
-976.449263594667
-933.2323470049739
-985.7569501323085
-994.5413475212414
-981.7877832579723
-930.9718465145831
-965.1594996913786
-1037.724608249928
-934.1668494110284
-981.4103526805403
-1036.013576050508
-954.1845941675424
-979.260755477413
-1046.8566388248848
-990.5766122000558
-1014.3325620202975
-1035.4318804411296
-972.1602384989163
-976.581622998286
-1007.7803638651624
-1004.6295346994004
-1025.6862474081154
-949.6253246228266
-993.6087769846762
-1002.8388644099784
-971.8152355071037
-999.0713206348331
-1000.4581671684019
-1033.4142487697338
-995.7142851517497
-928.0904731047318
-983.0397167645292
-999.1852500515599
-955.9154304732925
-979.7643772907521
-1028.4523064046411
-947.5911332583098
-1019.8140316361106
-1011.9833465171849
-988.2150685732266
-966.9545623849614
-1052.404951051633
-999.6462169242894
-1026.2611430998772
-1019.868403654494
-1025.2137634699245
-945.4695436932524
-927.5989028825188
-1029.9590326124621
-1094.5330100674782
-1046.3211561457902
-1018.7277159493091
-968.5016594021001
-1007.6530776924801
-979.1316629049415
-984.9070973198535
-1053.2201525428877
-1053.1196151768556
-957.4491481517317
-1019.7395455232963
-1005.754857076478
-993.9065234100764
-974.8618777929912
-1025.0197388631407
-1005.1075846676453
-1019.4794575475877
-1015.9322951356387
-1083.816511479391
-1008.1077170525828
-1041.885427088232
-989.8051243092058
-956.0956830846549
-1035.421479431715
-1052.0098470520863
-1083.3136792908067
-1037.8641897654204
-1086.1355833754562
-1034.7540511030206
-993.1258514773461
-1076.1436380307246
-1083.5171342137771
-1088.183761332991
-1002.9728698027299
-1000.1372575188562
-1027.2078715821015
-972.5320825357041
-985.043385747391
-1036.0104675205073
-1059.9233185552782
-981.0575385862782
-1035.945249513547
-984.5973544307568
-1038.6993279523015
-1020.8354018954088
-995.1031005085888
-935.6457424251714
-1079.1677771361742
-1028.5282099851265
-1094.759071174305
-1077.9774613358459
-979.133494240897
-1051.449718719254
-1028.6388016999592
-1003.8718750993228
-1032.5570282386745
-1037.957829756671
-1040.2040212692752
-1035.7948603827833
-1015.9902116626089
-973.9156582773006
-1061.6898290264992
-1028.0482073841008
-1021.0423861736526
-1073.347181469614
-1072.2522007529087
-1006.9213207438245
-1085.5815027518206
-1070.935370150799
-1093.0333740216795
-1051.9413412331437
-1082.4401877618604
-1029.6568769112162
-1053.7195614757625
-1049.6432082356396
-1040.5341288757763
-1052.4971913280574
-1071.017429580337
-1027.4301386011362
-1062.6112810829268
-1066.2034367855792
-1109.7077248744702
-1075.0527545208206
-1074.499804474791
-997.7556715495026
-1083.2148354613837
-1071.5824923449397
-998.4903514528055
-1000.8879508532686
-1015.1086161916706
-1085.7061040500341
-1011.4128219762705
-1100.0562329270324
-1115.4292363461261
-1151.4634612122989
-1077.020623941026
-1012.712392921272
-1039.4129099604172
-1094.4368551931072
-1052.721988783454
-1004.494598713888
-1062.1714104155792
-1047.7380258938135
-1045.9114365819412
-1030.4515489323348
-1028.880623180196
-1055.3625367863388
-1047.852956015943
-1039.795983692468
-1076.6817310526624
-1079.2734724211803
-1086.5857350925146
-1075.220606430335
-1131.9021844160723
-1081.8974631700648
-1078.7924647001628
-1099.751700394714
-1034.6469194702288
-1027.85598703903
-1085.3023155889202
-1082.546797528245
-1065.20706899265
-1060.618363969337
-1124.131994519915
-1057.4800079978556
-1032.91349053273
-1097.2422220344367
-1011.4746911888299
-1128.4532816223284
-1051.966325610464
-1076.5969743069415
-1026.6209256462237
-1053.1637755187426
-1053.245684188632
-1034.2072135644025
-1009.3247023200109
-1067.175406928436
-1124.7025055775446
-1097.056389670218
-1053.9107985079013
-1052.2041294431906
-1076.6533887485205
-1039.9254489318566
-1086.759937778596
-1108.9915398101105
-1061.1509621879472
-1040.309674416819
-1076.1561110536074
-1108.9261478652602
-1146.712490081787
-1109.7090305161366
-1034.2987599526682
-1074.1124503074154
-1089.3060388433219
-1050.8526807776245
-1036.105306229833
-1105.2492048553606
-1057.2584049031482
-1003.3988969161214
-1024.186527586203
-1087.2996676572457
-1028.6361832442922
-1004.7672107889905
-1042.1468417787332
-1136.4236367924423
-1069.0665385865946
-1060.676890395204
-1101.8393008060718
-1092.4576735254807
-1069.2557606059834
-1068.735559349236
-1112.2367240097117
-1058.173103227044
-1112.9827838669175
-1116.8375493414392
-1010.873438202291
-1144.8428978985905
-1089.1863653648834
-1056.6792602187477
-1081.026867708303
-1080.606924963437
-1077.645849307012
-1102.479749196136
-1053.2450421526685
-1111.5360471576041
-1047.1878149498443
-1104.877299612019
-1042.4420648478144
-1112.9722677309942
-1065.7837551486107
-1105.5825948055988
-1012.152814733268
-1025.6534305519772
-1109.629441977646
-1037.8714959830183
-1047.0064166723857
-1115.2159519547142
-1035.6578921964092
-1093.4813175465106
-1144.1191335933
-1099.894145543674
-1048.8071140957318
-1035.0885512883763
-1033.021892327867
-1060.66761431716
-1062.3139987453337
-1142.3537872947306
-1034.037931011569
-1090.5558489786315
-1083.7642163680996
-1078.068202572484
-1061.9957650883407
-1061.358040770078
-1073.4012323898105
-1084.5129774682532
-1128.8445240846977
-1171.3945182765135
-1088.8435404729184
-1127.147302407823
-1123.131020787674
-1146.7276384380007
-1019.3680429766255
-1096.4248259583926
-1046.2838387511292
-1080.3687548615417
-1050.113398503598
-1138.1099325434952
-1064.3903278095931
-1090.032073113226
-1009.1967193673833
-1110.7943719257407
