0.4295282274621972
0.4737604540613939
0.4376515661138818
0.45059599239842685
0.5141871737977189
0.44800412888351127
0.46886901378906265
0.41747515377361105
0.3961192666454249
0.4754705671306854
0.44337928672814697
0.4686811673304727
0.4746764705168761
0.4118178136526577
0.42012275741671634
0.44657750575361166
0.44210456385521846
0.42131830312414653
0.4148723272615314
0.45529815348611996
0.41280902843184186
0.43061787398180107
0.4253746124181879
0.5193728946046345
0.43330119234350967
0.4614025835583012
0.4108001939986708
0.4115491134505118
0.40597491663309837
0.400483878964584
0.4551135500729908
0.420609366783898
0.45682460342615433
0.4424827998066278
0.3837577607911853
0.41553603195100336
0.4814452339083918
0.48669310604234994
0.4311049068990391
0.4620184373059031
0.4327737578804592
0.38569454438469375
0.47701247685378595
0.42174787180764334
0.43115435464281915
0.3913705112747333
0.40419460741227947
0.46588009918615014
0.41563999948139013
0.4403817657432798
0.4014442690781185
0.35341970934983225
0.4014744976973204
0.36253016596565596
0.4342155809158004
0.40929603374086765
0.4109104430208558
0.40016684224528654
0.38950815502434005
0.4325603515871109
0.40763317762706686
0.35022354035848574
0.3995953955545953
0.3646313233755975
0.30862762757538376
0.37624963287109603
0.3415104441241735
0.3704083875714359
0.3320963074569054
0.36035631645110344
0.35830799447295303
0.35453803208978496
0.32796757582420577
0.3531205949420753
0.3273974668560764
0.35899678197118545
0.33839153147341194
0.3201186665664277
0.32213152051487004
0.3365743896722244
0.3121290804157334
0.3415399393590365
0.34659530754600254
0.31876473520208615
0.3152077312834458
0.3146278138534265
0.3498214472274077
0.3421498222044811
0.32635970867758246
0.32874198069083527
0.2934184724525098
0.2896383978117446
0.3504124959149668
0.33801238307051257
0.3253717115964346
0.3309646143582285
0.3278216832201533
0.3017958388041516
0.29313091532013935
0.3403567587999704
0.26529715855687447
0.2652723443080684
0.30064374354371826
0.29040607295432536
0.2617583838184171
0.26445780278179226
0.2808451410812167
0.2620486678010548
0.29557621856713623
0.2884102477842281
0.25633482688668824
0.27688341247870624
0.25770864329270776
0.2404353269096893
0.2515361416132151
0.26476140928021225
0.237650524571641
0.3321163833467504
0.2522880811639096
0.2707256916867492
0.3061983172142286
0.2984282675881608
0.2960021112045522
0.2407072772301974
0.2490666141038254
0.20611671545469815
0.2980383605468795
0.21346792013895127
0.23507904455340403
0.24143231571716373
0.20570065697852505
0.23450204164373434
0.19620167914657824
0.2253466652199832
0.2375237238539752
0.23854191908140748
0.2141545745694349
0.22416090389739396
0.21819952186540387
0.20532466464542917
0.21217000268588554
0.2302406959939525
0.2287595257987075
0.1924792898535591
0.18705540349329328
0.216921071225803
0.1930559856757041
0.2119204510150323
0.2118682291633385
0.21375182462203818
0.2278502967835228
0.20410781678172848
0.1829635754843513
0.21567192780763803
0.23634135957151728
0.19768003648906637
0.18845024341846117
0.17782988963210913
0.1660670737804596
0.1911781645639615
0.1630446070757982
0.13154883700753411
0.14764718902039808
0.1575471135242606
0.17673363637668402
0.1645632434287913
0.23872354316035896
0.18089241476237028
0.1397184485069064
0.17106339576802204
0.15916996912640188
0.1424400679786445
0.17088036865751316
0.19774105437561304
0.17027412553415483
0.15216440230839745
0.1439606730787573
0.14030937935989607
0.17663486170569598
0.14702884194925042
0.1374294358103918
0.16113113533611054
0.19691970010238705
0.1443296980138542
0.14926684380874836
0.16955365273191633
0.14955589768459618
0.17500406142105862
0.1651823221703708
0.15358230484017033
0.16148503275262513
0.18728048413278953
0.1710524129011901
0.1509846289822411
0.13439460191661107
0.16601529506288365
0.1427123865545129
0.15376159407451645
0.16631516702591187
0.13640234347841645
0.1085637666122863
0.14047656381746307
0.12831944292764277
0.15219916417563875
0.1762703004951534
0.16358035891210543
0.15221704275489437
0.11718286891190713
0.17450633338086033
0.165224840985196
0.14048170063428447
0.14716697149829025
0.13266284939830839
0.1520256277700577
0.15917564320435945
0.16623803230674727
0.127149729563507
0.1269228979290682
0.10972361475909112
0.132072257347435
0.1345173744920669
0.13370011080633679
0.1213670261072806
0.14526180142137352
0.1273454668331514
0.13610457073221785
0.11214305836046683
0.1362701919684101
0.15451618487700447
0.13960790316078572
0.09770075027549559
0.12020583743602896
0.14469493662949792
0.11549077199067272
0.09914894881259587
0.11501176512160677
0.13915210355655022
0.13762271049145977
0.11443500774043444
0.11400859581101642
0.12255301980782823
0.1243655672616085
0.15114826098656334
0.10681328272512305
0.1490703423652092
0.13932521710771673
0.12223721236789002
0.11146860040555556
0.11116741260396142
0.09872620241883616
0.12584998281241405
0.11818744259444051
0.1212633927991133
0.13737218915420468
0.10673549676795216
0.12889684825103054
0.10414389577092847
0.10712924074075263
0.11713535443776124
0.1247273115237997
0.1093815636230586
0.10335028203791581
0.10024472498832526
0.10684704034502088
0.12855271764651097
0.1196975410466076
0.1112846015880908
0.12220725271749598
0.08372344103859618
0.11231091987700545
0.12040228266481547
0.1247971695366322
0.13583402268872607
0.11213148670906227
0.12909114985122533
0.11914099062216782
0.14484159771841468
0.12631813838500164
0.11898396639080937
0.14433425949497322
0.10216575547919876
0.1582262212706838
0.11449913275653101
0.12974183522150823
0.1085599807780362
0.08948973237179857
0.09407787560834013
0.09696814002847934
0.09371921064387267
0.10799858715731528
0.09865474180316398
0.12152903180845093
0.08255187893176048
0.08679942641200197
0.12247459904199488
0.11535158866729017
0.12509176882977965
0.09214036277296024
0.09765253372229947
0.09887931326304697
0.12692262057345338
0.08348414072193407
0.1300886227400058
0.12964808570066763
0.13449185536723032
0.09401522973152471
0.11484924678347118
0.0997790969315293
0.06933372369963378
0.11018003927605488
0.08973453564040489
0.11448791735757087
0.08590404427274403
0.07687141025020587
0.13663670800311511
0.12916530719834857
0.10226373363947196
0.0892167157067796
0.07759170995025415
0.09320223048165191
0.08798077802065425
0.07582225110684405
0.1026046896606019
0.08756169536994142
0.1583777697276195
0.08268711423616681
0.11136062188899681
0.08391581788014117
0.1142810623426447
0.10048000029319952
0.097461885098252
0.09177294965391303
0.1207387379249688
0.08322336228718594
0.10288156321507498
0.09380245834124717
0.09763228253259806
0.0995771002337052
0.06751744545787705
0.1200563998334197
0.09616939902347783
0.08366483717456445
0.0703838532528297
0.09505847951470461
0.12308835010137312
0.07348950372402696
0.10680969754338032
0.08778407121740876
0.09540987332677989
0.07236710296280263
0.07779007454698492
0.08447985921789816
0.10346524683225229
0.09494316904980656
0.09826435037251739
0.08617720882892356
0.11866643434902056
0.09776317483276367
0.13245636076059827
0.05509408367305966
0.10204096466234383
0.11229067378713527
0.08037928602817365
0.0721047371068007
0.08303142201997792
0.09267023249521858
0.10260792528319
0.10207382101666994
0.0781744303048316
0.07740522359613623
0.10373493149857291
0.09834299433929487
0.0968146974604158
0.11690169235747992
0.12004042170143243
0.06412127542441763
0.10039603232843555
0.0772983332578326
0.06462183884716702
0.07678861538183528
0.06823381230316913
0.10207944339382698
0.07420298462951579
0.08462514467373065
0.08767570504480636
0.08279569785702541
0.11417566438011051
0.06305610480441308
0.09569710562008188
0.07692199006182797
0.10726686071518333
0.08059974462943698
0.09594081575589115
0.1090020383659103
0.0881326806858401
0.059930277289847844
0.10124860521878498
0.08330287807948815
0.09261998183000476
0.10362768218876503
