0.5705828070640564, 0.001014784094877541, 0.07150077819824219 
0.5871420502662659, 0.001562203629873693, 0.09072861820459366 
0.3463316559791565, 0.00027474379749037325, 0.03163331001996994 
0.26119157671928406, 0.0003565656079445034, 0.03246480971574783 
0.3135851323604584, 0.0002238022134406492, 0.03229329362511635 
0.37186163663864136, 0.00017467910947743803, 0.03885813057422638 
0.3743429183959961, 0.00046461468446068466, 0.03578723222017288 
0.3112505376338959, 0.00023358495673164725, 0.027227718383073807 
0.30447250604629517, 0.00021452315559145063, 0.04174540191888809 
0.5071635842323303, 0.0001743852481013164, 0.0334056057035923 
0.4134714901447296, 7.632978667970747e-05, 0.017655013129115105 
0.21055148541927338, 7.761192682664841e-05, 0.012957162223756313 
0.34814590215682983, 5.085092197987251e-05, 0.016734058037400246 
0.5521936416625977, 9.475344995735213e-05, 0.019873974844813347 
0.3993130624294281, 5.103035073261708e-05, 0.016466783359646797 
0.44605979323387146, 4.918209378956817e-05, 0.0122295580804348 
0.28611528873443604, 4.1754428821150213e-05, 0.013613826595246792 
0.27199822664260864, 2.647287146828603e-05, 0.010237402282655239 
0.33320799469947815, 4.476172034628689e-05, 0.011706676334142685 
0.47128239274024963, 4.553013786789961e-05, 0.012125919573009014 
0.7460423707962036, 4.136022107559256e-05, 0.012793350964784622 
0.3190545439720154, 5.216844510869123e-05, 0.01210369635373354 
0.22689899802207947, 5.4509098845301196e-05, 0.013102060183882713 
0.2990895211696625, 3.4039694583043456e-05, 0.013497509062290192 
0.4623900353908539, 1.2329763194429688e-05, 0.01026467140763998 
0.2820895314216614, 1.2220898497616872e-05, 0.009460789151489735 
0.31216683983802795, 9.389952538185753e-06, 0.00881929136812687 
0.3410232663154602, 1.241109384864103e-05, 0.009934535250067711 
0.1601409763097763, 9.668892744230106e-06, 0.008437099866569042 
0.2246239334344864, 7.430303412547801e-06, 0.011089399456977844 
0.16689501702785492, 4.727244231617078e-06, 0.004177140071988106 
0.1437581479549408, 3.8047003272367874e-06, 0.005497654899954796 
0.22531776130199432, 4.7989383347157855e-06, 0.005485330242663622 
0.24221357703208923, 5.651504125125939e-06, 0.006271348800510168 
0.5629686713218689, 7.57351972424658e-06, 0.008721042424440384 
1.1489003896713257, 5.585433609667234e-05, 0.012684809975326061 
0.4712880551815033, 4.204042488709092e-05, 0.016611598432064056 
0.2989526689052582, 2.4264803869300522e-05, 0.01742907427251339 
0.4384183883666992, 4.049581184517592e-05, 0.023100798949599266 
0.523110032081604, 3.0486671676044352e-05, 0.021400922909379005 
0.5024738907814026, 1.3775832485407591e-05, 0.015667645260691643 
0.7777600884437561, 1.5577210433548316e-05, 0.020312337204813957 
0.5426523685455322, 1.4116961210675072e-05, 0.018560975790023804 
0.30988264083862305, 1.852322748163715e-05, 0.019207194447517395 
0.31529152393341064, 1.3725734788749833e-05, 0.015563433058559895 
0.32782047986984253, 1.9073144358117133e-05, 0.020909518003463745 
0.8640890717506409, 2.3472246539313346e-05, 0.023989612236618996 
0.7741662859916687, 2.3303366106119938e-05, 0.0260479599237442 
0.4251212179660797, 2.397301432210952e-05, 0.025678003206849098 
0.7715156078338623, 5.012709880247712e-05, 0.03949955105781555 
0.5839520692825317, 7.835219003027305e-05, 0.030277511104941368 
0.6943934559822083, 7.499957428080961e-05, 0.03245452046394348 
0.8572611808776855, 0.00011158958659507334, 0.04743197560310364 
0.5070717930793762, 0.0002123960730386898, 0.07140364497900009 
0.67529296875, 0.00035714154364541173, 0.08621083199977875 
1.3291995525360107, 0.0005098414840176702, 0.10667121410369873 
0.8301388621330261, 0.0011958300601691008, 0.17124390602111816 
0.8084064722061157, 0.001622652169317007, 0.2362223118543625 
0.89421546459198, 0.004417971707880497, 0.2446385771036148 
1.938646674156189, 0.007365867029875517, 0.31732532382011414 
0.9192894101142883, 0.007508002687245607, 0.6001608967781067 
0.9246792197227478, 0.01292867586016655, 0.33085182309150696 
1.0551494359970093, 0.01790654845535755, 0.7805290818214417 
1.2682188749313354, 0.030617764219641685, 0.9480344653129578 
1.580661416053772, 0.02610279619693756, 0.6965819597244263 
0.5045615434646606, 0.02108249068260193, 0.636415958404541 
3.427555561065674, 0.04062376543879509, 1.464447021484375 
1.7164990901947021, 0.03843037411570549, 0.8385343551635742 
1.182255506515503, 0.0359756164252758, 0.9123308062553406 
0.9854453802108765, 0.03588816896080971, 0.8968022465705872 
1.179614543914795, 0.04545008763670921, 0.800067126750946 
1.3816865682601929, 0.04098352789878845, 0.7022144794464111 
0.8897829651832581, 0.05023050680756569, 1.155947208404541 
1.5276769399642944, 0.03766615688800812, 1.0639595985412598 
2.7942473888397217, 0.060989025980234146, 1.1513519287109375 
1.781917691230774, 0.04895537346601486, 1.4593456983566284 
1.9482016563415527, 0.048196375370025635, 1.3039577007293701 
5.591548442840576, 0.05829450860619545, 1.3313379287719727 
1.4977729320526123, 0.07220999151468277, 1.173114538192749 
1.6529347896575928, 0.07048413902521133, 1.298896074295044 
1.5161540508270264, 0.049740709364414215, 1.5543937683105469 
2.075556755065918, 0.061440400779247284, 1.3494832515716553 
1.3683608770370483, 0.05019291117787361, 1.2511718273162842 
2.26650071144104, 0.05937682092189789, 1.0004100799560547 
3.850534439086914, 0.05451555177569389, 1.0743910074234009 
2.4284071922302246, 0.057054489850997925, 0.9107861518859863 
1.131693720817566, 0.07650095224380493, 1.861789345741272 
1.5908862352371216, 0.06880546361207962, 1.4581001996994019 
2.029266119003296, 0.05491340905427933, 1.2141872644424438 
1.1444939374923706, 0.06376034766435623, 1.0360736846923828 
1.1552176475524902, 0.074595145881176, 1.122949481010437 
4.32297420501709, 0.050918083637952805, 1.0565816164016724 
1.9599300622940063, 0.04433794319629669, 1.3336385488510132 
3.1614279747009277, 0.05333522707223892, 1.109710454940796 
1.6903411149978638, 0.06492916494607925, 1.2941590547561646 
2.7362985610961914, 0.07932722568511963, 1.3986021280288696 
2.5269534587860107, 0.05622421205043793, 1.0698771476745605 
2.087496757507324, 0.04987868666648865, 1.177115559577942 
3.1337697505950928, 0.0513811819255352, 1.775553584098816 
2.912977695465088, 0.05057678371667862, 0.8737240433692932 
4.326262950897217, 0.06050075963139534, 1.0439348220825195 
2.6064112186431885, 0.06641259789466858, 1.3771567344665527 
3.12781023979187, 0.14315912127494812, 2.30316424369812 
3.9649925231933594, 0.09696203470230103, 1.2471935749053955 
3.1144375801086426, 0.10771840065717697, 1.3751941919326782 
2.2438855171203613, 0.14683093130588531, 2.7416787147521973 
3.47348690032959, 0.1577812135219574, 3.2226486206054688 
2.1642048358917236, 0.11760392785072327, 1.6745282411575317 
3.7756080627441406, 0.16486097872257233, 1.988823413848877 
2.676640033721924, 0.10647603124380112, 1.5755707025527954 
4.758779525756836, 0.11574669927358627, 1.7343188524246216 
4.638943195343018, 0.13319717347621918, 2.668102979660034 
2.5204484462738037, 0.17650964856147766, 3.7682456970214844 
2.3554439544677734, 0.16649769246578217, 2.6872308254241943 
2.7789340019226074, 0.15613801777362823, 4.024704933166504 
2.652707576751709, 0.14047829806804657, 4.166050910949707 
4.879322528839111, 0.11339586973190308, 2.566720962524414 
8.499669075012207, 0.15281285345554352, 2.8284976482391357 
1.7197155952453613, 0.13837091624736786, 2.0962584018707275 
3.3385965824127197, 0.18452858924865723, 2.524193048477173 
3.809360980987549, 0.09135549515485764, 3.3396341800689697 
5.58009147644043, 0.1347479224205017, 3.822298526763916 
5.027015209197998, 0.14678005874156952, 2.668700695037842 
4.964897155761719, 0.1534796506166458, 2.4011523723602295 
3.652872323989868, 0.15576715767383575, 2.2140796184539795 
2.5154926776885986, 0.131707563996315, 3.367227077484131 
3.417570114135742, 0.11371548473834991, 2.8728909492492676 
3.055645227432251, 0.1419350802898407, 2.991438150405884 
5.358712673187256, 0.1815139800310135, 3.036785364151001 
6.610396862030029, 0.18863731622695923, 3.3699474334716797 
6.098354816436768, 0.15840570628643036, 2.3950791358947754 
2.6745047569274902, 0.14226819574832916, 3.0795531272888184 
3.520491123199463, 0.20023560523986816, 2.787411689758301 
6.795276165008545, 0.15656079351902008, 3.7093539237976074 
10.045838356018066, 0.16155798733234406, 4.11083459854126 
3.21602725982666, 0.16508963704109192, 2.5357675552368164 
3.954223394393921, 0.15788066387176514, 4.33966064453125 
6.667145729064941, 0.12939296662807465, 3.2568507194519043 
5.722754001617432, 0.15476062893867493, 4.853056907653809 
5.631682872772217, 0.22834107279777527, 2.967489242553711 
6.033488750457764, 0.17434275150299072, 2.3074934482574463 
6.846415042877197, 0.17002123594284058, 3.2324187755584717 
3.980112314224243, 0.13893961906433105, 5.280685901641846 
2.4097752571105957, 0.13850820064544678, 3.2359447479248047 
5.058688640594482, 0.1732434630393982, 3.987226724624634 
3.2935080528259277, 0.1663171648979187, 2.5764455795288086 
4.664494514465332, 0.175089493393898, 4.2812676429748535 
7.645630359649658, 0.11328580230474472, 3.606717109680176 
12.745909690856934, 0.17635725438594818, 3.094654083251953 
11.171513557434082, 0.15421830117702484, 4.057374000549316 
2.7904274463653564, 0.19369032979011536, 4.455704212188721 
10.519824981689453, 0.25650253891944885, 4.803617000579834 
9.438733100891113, 0.16281408071517944, 4.587091445922852 
6.098495960235596, 0.17254474759101868, 3.391899347305298 
13.9100923538208, 0.3074208199977875, 5.185102939605713 
7.6705427169799805, 0.1781463623046875, 3.2495687007904053 
5.409824371337891, 0.27373912930488586, 3.2293694019317627 
3.975947380065918, 0.17351245880126953, 3.6457886695861816 
7.058809280395508, 0.16505198180675507, 5.168509483337402 
3.365711212158203, 0.16180555522441864, 3.3760640621185303 
12.890511512756348, 0.20824404060840607, 3.682187080383301 
8.07898235321045, 0.16488969326019287, 2.928745746612549 
7.46640157699585, 0.16798172891139984, 3.4424526691436768 
13.110522270202637, 0.30990681052207947, 4.337632179260254 
6.506870269775391, 0.24217212200164795, 4.362021446228027 
14.460330963134766, 0.17658403515815735, 2.9481866359710693 
12.571056365966797, 0.2532886862754822, 2.947844982147217 
7.012038707733154, 0.23223844170570374, 3.9694855213165283 
6.985953330993652, 0.2879088521003723, 2.548438310623169 
20.2473087310791, 0.2884587347507477, 4.549478054046631 
14.42758846282959, 0.2460225224494934, 2.1075804233551025 
5.517881870269775, 0.1864050328731537, 3.5372092723846436 
8.784568786621094, 0.18385443091392517, 4.006359577178955 
9.904059410095215, 0.21889053285121918, 3.94176983833313 
14.377939224243164, 0.2569802701473236, 3.3037915229797363 
12.397987365722656, 0.23812715709209442, 3.6230592727661133 
16.752145767211914, 0.2635047733783722, 3.8838624954223633 
6.517959117889404, 0.22129309177398682, 3.237691640853882 
11.960306167602539, 0.1810319423675537, 3.333709955215454 
30.316423416137695, 0.3111465275287628, 5.270855903625488 
25.162046432495117, 0.2238190770149231, 4.306884288787842 
20.694110870361328, 0.23467285931110382, 3.693263292312622 
15.944733619689941, 0.27371659874916077, 3.014773368835449 
14.903517723083496, 0.19070471823215485, 3.487992286682129 
8.340377807617188, 0.28357815742492676, 4.695174694061279 
8.423256874084473, 0.17954371869564056, 3.9293911457061768 
18.5050048828125, 0.1816493272781372, 5.551555156707764 
24.864429473876953, 0.22811445593833923, 4.302181720733643 
13.210074424743652, 0.2071809023618698, 5.173545837402344 
49.57478332519531, 0.2111731469631195, 5.159735202789307 
11.295805931091309, 0.16090433299541473, 3.8265485763549805 
24.984004974365234, 0.19683857262134552, 6.338703632354736 
44.27998352050781, 0.17747871577739716, 4.702404022216797 
14.833232879638672, 0.20375916361808777, 2.549422264099121 
25.547685623168945, 0.22579878568649292, 2.991068124771118 
26.906047821044922, 0.26390814781188965, 4.869399070739746 
28.854232788085938, 0.2452538013458252, 3.2541966438293457 
8.676567077636719, 0.23489108681678772, 4.63495397567749 
9.026679992675781, 0.2208678126335144, 5.327117919921875 
11.767633438110352, 0.20336756110191345, 3.148449659347534 
11.765419006347656, 0.25011321902275085, 5.891055583953857 
15.508642196655273, 0.23105131089687347, 4.458854675292969 
20.847427368164062, 0.22484193742275238, 4.208449840545654 
21.961763381958008, 0.23366951942443848, 1.627244472503662 
8.76360034942627, 0.26268431544303894, 3.4284932613372803 
13.553847312927246, 0.22090111672878265, 2.9151670932769775 
16.730636596679688, 0.24705423414707184, 3.1902339458465576 
27.988935470581055, 0.23925352096557617, 3.0301167964935303 
21.310420989990234, 0.2618087828159332, 3.4584057331085205 
18.882137298583984, 0.2602141797542572, 3.0443506240844727 
24.891651153564453, 0.2818925678730011, 4.911799907684326 
29.100643157958984, 0.20022182166576385, 3.821924924850464 
36.16513442993164, 0.22694313526153564, 2.6896817684173584 
32.10694885253906, 0.20085199177265167, 3.694045305252075 
47.275997161865234, 0.20983313024044037, 2.8372721672058105 
29.87918472290039, 0.15885129570960999, 3.755028486251831 
42.35123825073242, 0.1977996826171875, 2.3947548866271973 
18.600055694580078, 0.23688285052776337, 2.1211419105529785 
68.3514404296875, 0.2554475665092468, 7.21714448928833 
23.812318801879883, 0.21817238628864288, 4.082989692687988 
28.55082893371582, 0.29613184928894043, 2.5784873962402344 
22.442922592163086, 0.21496303379535675, 3.0485031604766846 
143.2774658203125, 0.22103500366210938, 7.119523525238037 
18.86009407043457, 0.2219986766576767, 2.7076406478881836 
16.21772003173828, 0.21555007994174957, 3.3671536445617676 
7.876664638519287, 0.36735913157463074, 5.2919487953186035 
31.578006744384766, 0.27953508496284485, 3.188755750656128 
27.503477096557617, 0.18043947219848633, 2.609363079071045 
20.044233322143555, 0.2657319903373718, 2.380159378051758 
14.78520679473877, 0.302439421415329, 3.836134910583496 
34.5523567199707, 0.2716764807701111, 4.4575629234313965 
9.559447288513184, 0.19095909595489502, 4.734670162200928 
24.50621223449707, 0.2568971514701843, 4.104537487030029 
75.23069763183594, 0.20617012679576874, 5.008668899536133 
70.04302215576172, 0.18879158794879913, 5.206943511962891 
54.43336868286133, 0.20509597659111023, 3.552783727645874 
28.761821746826172, 0.2478371411561966, 5.620580196380615 
21.665002822875977, 0.23776286840438843, 3.4276840686798096 
34.09717559814453, 0.33531561493873596, 2.4840471744537354 
42.23761749267578, 0.21555203199386597, 3.8187782764434814 
18.615665435791016, 0.2210976928472519, 4.848720550537109 
21.73777198791504, 0.16621938347816467, 3.4988856315612793 
75.22830963134766, 0.16371016204357147, 2.4431638717651367 
22.995573043823242, 0.22824780642986298, 5.284324645996094 
17.89434814453125, 0.2670295834541321, 4.2907915115356445 
14.55300235748291, 0.2106277346611023, 5.105439186096191 
23.439006805419922, 0.25649386644363403, 3.2855992317199707 
47.40413284301758, 0.2124333679676056, 3.2693991661071777 
21.755125045776367, 0.26015669107437134, 3.036630392074585 
199.54241943359375, 0.2858841121196747, 3.9303250312805176 
23.695140838623047, 0.23836764693260193, 4.298320770263672 
10.700092315673828, 0.2043558657169342, 5.011285781860352 
62.57469940185547, 0.1744510382413864, 4.0767388343811035 
31.298494338989258, 0.25235238671302795, 3.631732225418091 
31.092241287231445, 0.3385642170906067, 1.6683993339538574 
82.0895004272461, 0.2117457240819931, 6.480556488037109 
53.736351013183594, 0.21852947771549225, 4.456909656524658 
167.74270629882812, 0.4199416935443878, 2.7422549724578857 
19.536563873291016, 0.2481480836868286, 3.4841766357421875 
47.8693962097168, 0.2646426260471344, 4.501462459564209 
44.615177154541016, 0.21217498183250427, 4.469024658203125 
17.9705753326416, 0.2046845406293869, 3.374195098876953 
31.341102600097656, 0.22865928709506989, 5.6398444175720215 
32.66183090209961, 0.2363460659980774, 1.9895970821380615 
32.34023666381836, 0.24775049090385437, 4.669360637664795 
63.27040481567383, 0.2666334807872772, 2.863661050796509 
38.49967956542969, 0.25350090861320496, 5.05754280090332 
70.64364624023438, 0.16930705308914185, 3.4039626121520996 
10.469661712646484, 0.2756590247154236, 5.1129231452941895 
26.348115921020508, 0.2760307490825653, 8.009612083435059 
21.844057083129883, 0.2306012064218521, 3.21445369720459 
21.438982009887695, 0.322380006313324, 4.442193508148193 
14.747467994689941, 0.2326900213956833, 3.9176106452941895 
90.77974700927734, 0.2481212615966797, 3.729602813720703 
199.5565643310547, 0.19600822031497955, 3.7931363582611084 
45.37778091430664, 0.23752674460411072, 5.278899192810059 
14.383362770080566, 0.19764474034309387, 2.5936615467071533 
26.10536766052246, 0.2632084786891937, 2.9955639839172363 
148.55966186523438, 0.23581311106681824, 6.925069808959961 
25.37200355529785, 0.24852438271045685, 6.42498254776001 
24.416229248046875, 0.21270649135112762, 3.3196473121643066 
23.136911392211914, 0.19562599062919617, 3.9324023723602295 
40.578033447265625, 0.31065160036087036, 4.895082473754883 
51.247154235839844, 0.2624290883541107, 3.487778425216675 
62.46548080444336, 0.3267505466938019, 2.729790687561035 
58.23450469970703, 0.25733181834220886, 4.238711357116699 
22.481117248535156, 0.25216445326805115, 3.1533989906311035 
75.49272918701172, 0.41766223311424255, 3.340424060821533 
52.007415771484375, 0.2419172078371048, 5.0409064292907715 
109.48382568359375, 0.18019819259643555, 4.860355854034424 
116.1872787475586, 0.19997163116931915, 6.305901050567627 
50.686100006103516, 0.19843149185180664, 3.4279096126556396 
63.04122543334961, 0.2736455202102661, 2.109900951385498 
20.071260452270508, 0.2018323540687561, 4.95326566696167 
24.454526901245117, 0.21889925003051758, 5.788451194763184 
252.3944091796875, 0.22351405024528503, 3.89746356010437 
32.080718994140625, 0.25190624594688416, 4.516505241394043 
33.21205520629883, 0.24220122396945953, 5.806511402130127 
104.21073150634766, 0.22362211346626282, 6.160285949707031 
21.463027954101562, 0.21733476221561432, 2.736764907836914 
15.837153434753418, 0.21898388862609863, 5.638589382171631 
26.7545108795166, 0.2312447428703308, 2.678475856781006 
49.25983428955078, 0.299481600522995, 4.030367851257324 
39.14377212524414, 0.25331801176071167, 4.373376846313477 
17.391809463500977, 0.25163596868515015, 4.1932220458984375 
20.620067596435547, 0.2578476369380951, 4.405815124511719 
18.200942993164062, 0.4320105016231537, 4.1070404052734375 
47.08066177368164, 0.24688008427619934, 3.824479818344116 
20.44317054748535, 0.21076087653636932, 4.0345611572265625 
89.6821517944336, 0.22832319140434265, 2.901944637298584 
35.23477554321289, 0.309258371591568, 5.687989234924316 
42.5220947265625, 0.32980233430862427, 2.735579013824463 
62.033016204833984, 0.2574295103549957, 2.510561943054199 
222.75497436523438, 0.34762346744537354, 3.5795319080352783 
55.94530487060547, 0.27059289813041687, 2.431547164916992 
79.21231842041016, 0.2223130315542221, 5.5166015625 
28.534255981445312, 0.20938892662525177, 2.545288562774658 
39.16489791870117, 0.24081169068813324, 5.7517499923706055 
33.11501693725586, 0.2032896727323532, 2.9547224044799805 
27.11693572998047, 0.3715338408946991, 3.328230381011963 
36.75107955932617, 0.16884905099868774, 4.953011989593506 
162.25132751464844, 0.22858001291751862, 3.8156747817993164 
22.318424224853516, 0.2292870134115219, 4.701082706451416 
14.998074531555176, 0.30059388279914856, 5.669608116149902 
40.91596984863281, 0.28226616978645325, 4.3883867263793945 
36.865455627441406, 0.20681221783161163, 5.479706287384033 
30.681333541870117, 0.2802038788795471, 3.804525136947632 
27.42176628112793, 0.21518249809741974, 5.458743572235107 
42.5693359375, 0.2580990493297577, 2.491758346557617 
62.840755462646484, 0.2685365676879883, 3.5663392543792725 
61.78328323364258, 0.22460590302944183, 4.0066986083984375 
87.1090316772461, 0.20264260470867157, 2.555152416229248 
11.55571174621582, 0.17253457009792328, 3.379242420196533 
30.334585189819336, 0.2681465148925781, 3.2867722511291504 
28.851470947265625, 0.24021461606025696, 4.316659450531006 
20.862016677856445, 0.20781312882900238, 6.593380451202393 
67.81767272949219, 0.19813409447669983, 20.60116195678711 
31.12458610534668, 0.2308364063501358, 6.027995586395264 
108.2042236328125, 0.24738609790802002, 5.189537048339844 
13.81795597076416, 0.2105756551027298, 2.6064536571502686 
63.17903137207031, 0.4692147374153137, 5.630765438079834 
23.228342056274414, 0.2617638111114502, 9.404045104980469 
51.29448318481445, 0.3220066428184509, 7.105988025665283 
41.48106384277344, 0.2752241790294647, 5.724902629852295 
276.5361633300781, 0.29040756821632385, 6.8997697830200195 
21.176607131958008, 0.2596134841442108, 5.112285137176514 
33.362159729003906, 0.23123830556869507, 5.19588041305542 
28.489198684692383, 0.2026011198759079, 3.758936882019043 
250.7059783935547, 0.26253262162208557, 4.4551873207092285 
23.410715103149414, 0.2551427483558655, 3.6675710678100586 
77.09916687011719, 0.27442431449890137, 4.038704872131348 
31.539669036865234, 0.3491097390651703, 3.4479243755340576 
102.36766052246094, 0.26416337490081787, 4.878799915313721 
34.03378677368164, 0.2288617491722107, 6.070638656616211 
140.9199981689453, 0.1974828541278839, 1.697089433670044 
36.969825744628906, 0.3806130886077881, 2.844771146774292 
35.879581451416016, 0.2894689440727234, 2.4484848976135254 
55.812713623046875, 0.252971887588501, 5.4997453689575195 
32.24904251098633, 0.2691044211387634, 5.4329023361206055 
58.13376998901367, 0.2963937520980835, 4.275537967681885 
48.48066711425781, 0.28795740008354187, 3.464266300201416 
122.63015747070312, 0.2513497769832611, 5.461683750152588 
24.22159194946289, 0.4708974361419678, 3.6515860557556152 
61.1561164855957, 0.332040935754776, 5.616406440734863 
21.223421096801758, 0.27272701263427734, 5.44359016418457 
57.538116455078125, 0.2424672544002533, 2.9911584854125977 
45.43204879760742, 0.2311849445104599, 4.7798943519592285 
82.83706665039062, 0.285493403673172, 2.7234814167022705 
43.60540008544922, 0.20325449109077454, 8.496529579162598 
44.976810455322266, 0.2555128037929535, 2.283052921295166 
19.169485092163086, 0.29221785068511963, 4.555088996887207 
44.51594924926758, 0.20833510160446167, 7.874024868011475 
20.111284255981445, 0.2999192476272583, 2.804607629776001 
131.74935913085938, 0.3232954442501068, 3.3123738765716553 
67.54894256591797, 0.28411224484443665, 3.222740650177002 
27.913677215576172, 0.2834832966327667, 5.4371232986450195 
44.39809799194336, 0.2749673128128052, 3.9414222240448 
113.63217163085938, 0.32142943143844604, 3.1345152854919434 
24.790769577026367, 0.39433345198631287, 3.385850667953491 
183.30545043945312, 0.32116878032684326, 2.1111042499542236 
113.49291229248047, 0.22082087397575378, 6.715455055236816 
92.3558120727539, 0.25124499201774597, 6.344207286834717 
55.00373840332031, 0.2599557638168335, 5.132473468780518 
76.83984375, 0.4051928222179413, 4.521153926849365 
143.2045440673828, 0.302999347448349, 4.497757434844971 
36.2386474609375, 0.2714363932609558, 2.862555503845215 
37.44416809082031, 0.39766180515289307, 3.174238443374634 
50.021053314208984, 0.2419377863407135, 4.550364017486572 
32.417808532714844, 0.260459303855896, 4.627004623413086 
128.6102294921875, 0.2858646512031555, 3.318035125732422 
33.9603157043457, 0.2959091067314148, 1.5031383037567139 
79.69868469238281, 0.36133766174316406, 6.0760931968688965 
43.00271987915039, 0.24099169671535492, 2.7607297897338867 
39.63132095336914, 0.24010363221168518, 4.006891250610352 
30.038345336914062, 0.24071118235588074, 5.996615886688232 
289.5226135253906, 0.2788616418838501, 4.992829322814941 
72.24732208251953, 0.2448236495256424, 3.759159564971924 
52.481868743896484, 0.19023647904396057, 2.482365369796753 
46.9038200378418, 0.22044101357460022, 3.650485038757324 
42.443870544433594, 0.2552873194217682, 4.6229329109191895 
45.07840347290039, 0.27737051248550415, 3.955031394958496 
46.551292419433594, 0.3855510950088501, 5.085752487182617 
44.4942741394043, 0.18629597127437592, 3.7988479137420654 
26.797992706298828, 0.23290933668613434, 6.5086669921875 
74.20328521728516, 0.28211894631385803, 3.3598473072052 
21.78562355041504, 0.2370062917470932, 5.6833696365356445 
73.7010726928711, 0.3696649372577667, 4.397488117218018 
31.00458335876465, 0.327114075422287, 4.348855018615723 
30.96685791015625, 0.27886801958084106, 4.653470993041992 
18.095561981201172, 0.3155005872249603, 4.170752048492432 
71.84614562988281, 0.22847774624824524, 8.454276084899902 
42.14729309082031, 0.21295109391212463, 3.4612362384796143 
39.69809341430664, 0.2925761044025421, 2.851686954498291 
22.12708282470703, 0.31543564796447754, 3.683948278427124 
40.8390998840332, 0.33423811197280884, 4.874581813812256 
66.4867172241211, 0.3337181806564331, 4.770758628845215 
31.390193939208984, 0.2456679344177246, 4.078743934631348 
15.460147857666016, 0.3003956377506256, 3.4897398948669434 
78.13614654541016, 0.27768439054489136, 6.5344462394714355 
53.186363220214844, 0.2791118919849396, 6.196631908416748 
16.87156105041504, 0.5261242389678955, 3.461585521697998 
41.323577880859375, 0.24347686767578125, 1.9451122283935547 
67.85719299316406, 0.24756303429603577, 3.6466684341430664 
62.4567756652832, 0.3273681104183197, 3.7757885456085205 
34.7614860534668, 0.21278342604637146, 4.49981164932251 
141.95018005371094, 0.2789166271686554, 3.4301950931549072 
41.86271667480469, 0.27012956142425537, 3.8005244731903076 
35.96521759033203, 0.2955192029476166, 2.8870785236358643 
33.57905197143555, 0.29497474431991577, 6.525758743286133 
47.64909744262695, 0.38855037093162537, 2.6974565982818604 
391.2525939941406, 0.40256622433662415, 2.0346293449401855 
22.37538719177246, 0.4718254506587982, 3.553314685821533 
47.16096878051758, 0.4425899088382721, 3.0318756103515625 
58.472042083740234, 0.23996828496456146, 4.46299934387207 
58.6928596496582, 0.2336205244064331, 3.2397396564483643 
115.8134536743164, 0.29860153794288635, 4.3389668464660645 
48.05711364746094, 0.30292999744415283, 1.4343807697296143 
45.47034454345703, 0.2620218098163605, 4.035741329193115 
52.8925666809082, 0.3099163770675659, 1.9146140813827515 
73.37538146972656, 0.3365374803543091, 6.323612689971924 
198.34584045410156, 0.20240437984466553, 3.435452938079834 
41.72664260864258, 0.2706204354763031, 4.506680011749268 
125.4440689086914, 0.30842944979667664, 5.257794380187988 
24.23257827758789, 0.3321821689605713, 3.3334460258483887 
56.131221771240234, 0.2469273805618286, 5.419035911560059 
69.13502502441406, 0.2606312930583954, 7.5096564292907715 
75.76337432861328, 0.31523433327674866, 5.453114986419678 
177.80393981933594, 0.2730172574520111, 6.910706520080566 
101.7457504272461, 0.21851378679275513, 4.164312362670898 
151.81690979003906, 0.2448071986436844, 3.6844420433044434 
107.30559539794922, 0.2988589406013489, 4.465147495269775 
97.11373138427734, 0.3001577854156494, 3.179034948348999 
31.32851791381836, 0.18266434967517853, 5.655797958374023 
73.62803649902344, 0.3125321865081787, 2.3700459003448486 
46.0160026550293, 0.3085668683052063, 2.4889590740203857 
61.946327209472656, 0.28474161028862, 5.364518642425537 
29.375934600830078, 0.2289794534444809, 4.449950218200684 
24.118526458740234, 0.2206251621246338, 4.688042163848877 
53.268314361572266, 0.2515818178653717, 4.3803606033325195 
53.0634765625, 0.2892875671386719, 7.157909393310547 
81.46995544433594, 0.3773486912250519, 2.3346104621887207 
49.0068359375, 0.25276267528533936, 3.1092820167541504 
91.83873748779297, 0.3452132046222687, 3.675077438354492 
142.15760803222656, 0.2852783799171448, 5.3917059898376465 
176.4582061767578, 0.2532290816307068, 4.831455230712891 
36.577056884765625, 0.21075674891471863, 1.9179857969284058 
61.80559158325195, 0.30490201711654663, 2.8244469165802 
45.83998107910156, 0.29832372069358826, 11.107280731201172 
65.78569793701172, 0.22296826541423798, 4.314452171325684 
74.88031768798828, 0.21019354462623596, 6.083798885345459 
57.748653411865234, 0.2909349203109741, 2.6824123859405518 
133.7747344970703, 0.2461349219083786, 4.088437557220459 
128.67698669433594, 0.39001747965812683, 3.608222484588623 
63.161376953125, 0.28196844458580017, 5.740150451660156 
99.17522430419922, 0.23720254004001617, 3.199209451675415 
294.75457763671875, 0.2786836326122284, 2.803734302520752 
49.81095504760742, 0.1690884679555893, 6.801207542419434 
109.64669799804688, 0.29779860377311707, 4.064290523529053 
45.03097152709961, 0.3322582542896271, 2.39237380027771 
63.377342224121094, 0.2799808084964752, 2.7328333854675293 
78.11009979248047, 0.3272477388381958, 3.0157294273376465 
63.690223693847656, 0.26564380526542664, 4.148095607757568 
47.05344009399414, 0.28838640451431274, 6.286365985870361 
35.06253433227539, 0.23636724054813385, 4.702420234680176 
109.54390716552734, 0.22001396119594574, 2.83066987991333 
40.495906829833984, 0.22630567848682404, 3.002047300338745 
34.415313720703125, 0.2350507378578186, 2.5615954399108887 
25.525699615478516, 0.2803310453891754, 4.20874547958374 
62.74462127685547, 0.26804500818252563, 7.2263031005859375 
45.49012756347656, 0.2573894262313843, 3.7198944091796875 
64.49430084228516, 0.222195103764534, 4.617264270782471 
46.43275833129883, 0.3287625312805176, 5.197060585021973 
46.097442626953125, 0.36804795265197754, 6.70322847366333 
95.48857116699219, 0.2890036106109619, 5.627164840698242 
420.22149658203125, 0.2168155312538147, 5.269479751586914 
70.8019027709961, 0.28635019063949585, 1.8708080053329468 
130.11952209472656, 0.23781566321849823, 1.7387242317199707 
68.97879791259766, 0.21151447296142578, 4.415346622467041 
290.0003356933594, 0.2227001190185547, 2.016012191772461 
312.889892578125, 0.2595062255859375, 2.7148759365081787 
83.6755142211914, 0.21933460235595703, 5.147763729095459 
29.520648956298828, 0.26914721727371216, 3.2489938735961914 
79.40066528320312, 0.22680120170116425, 4.567996501922607 
643.421142578125, 0.3195544183254242, 6.898556232452393 
84.450927734375, 0.34172093868255615, 2.778182029724121 
145.75318908691406, 0.3666152060031891, 3.448967218399048 
36.80131149291992, 0.26517874002456665, 4.338927745819092 
47.164772033691406, 0.25515419244766235, 4.424925327301025 
37.661163330078125, 0.2484426647424698, 2.3808751106262207 
25.88616371154785, 0.2600559890270233, 7.307745456695557 
92.23939514160156, 0.31022435426712036, 4.332306861877441 
62.567142486572266, 0.27861934900283813, 1.7699109315872192 
61.587074279785156, 0.2114553600549698, 2.68461012840271 
74.72026824951172, 0.245098277926445, 1.7841938734054565 
346.83917236328125, 0.30179938673973083, 10.561938285827637 
103.35167694091797, 0.2581852674484253, 5.64469575881958 
68.5231704711914, 0.3165796101093292, 3.7222821712493896 
112.91329193115234, 0.24781714379787445, 9.474864959716797 
35.40231704711914, 0.6725975275039673, 4.443723201751709 
86.22343444824219, 0.3008567690849304, 3.740748405456543 
76.89643859863281, 0.49855461716651917, 3.28698468208313 
29.35745620727539, 0.35374629497528076, 2.8764402866363525 
138.54685974121094, 0.28920555114746094, 5.033519744873047 
76.9280776977539, 0.32242849469184875, 2.4060122966766357 
77.03929138183594, 0.3401602804660797, 4.131380081176758 
55.228878021240234, 0.2890932261943817, 2.3126144409179688 
148.95631408691406, 0.2539927065372467, 2.443511486053467 
164.78921508789062, 0.2868712246417999, 2.833207130432129 
79.78324127197266, 0.2651323080062866, 2.6996042728424072 
47.56764221191406, 0.3002585470676422, 3.1412763595581055 
93.3091049194336, 0.43019211292266846, 2.8058698177337646 
49.54051971435547, 0.30481088161468506, 3.9827892780303955 
252.46734619140625, 0.33058568835258484, 3.278087615966797 
33.27304458618164, 0.26873087882995605, 3.88309907913208 
46.73983383178711, 0.4043169319629669, 6.027209758758545 
58.6266975402832, 0.2561984658241272, 6.506678581237793 
48.68405532836914, 0.27400293946266174, 2.7159335613250732 
51.39179611206055, 0.2412865161895752, 3.5683279037475586 
113.93412017822266, 0.3120019733905792, 3.488088846206665 
60.307865142822266, 0.29407188296318054, 5.594712734222412 
184.77748107910156, 0.37859681248664856, 3.660818338394165 
45.84123992919922, 0.27098238468170166, 2.1131949424743652 
97.1491928100586, 0.2875097692012787, 3.1614792346954346 
82.53141021728516, 0.39223960041999817, 3.0206100940704346 
67.36470794677734, 0.25569695234298706, 4.575685024261475 
58.76380157470703, 0.24168993532657623, 3.9666624069213867 
30.07560920715332, 0.3045618236064911, 2.9386961460113525 
59.66303253173828, 0.17969276010990143, 2.8599448204040527 
55.92584991455078, 0.2217373251914978, 4.340480327606201 
51.92336654663086, 0.41069838404655457, 11.182086944580078 
95.6930160522461, 0.3855993151664734, 4.134620666503906 
41.2147331237793, 0.217917338013649, 5.336479187011719 
66.98152923583984, 0.222095787525177, 3.7756199836730957 
39.384254455566406, 0.2207709550857544, 6.136477947235107 
101.60179901123047, 0.18782886862754822, 2.5264909267425537 
183.32730102539062, 0.20681196451187134, 1.9812449216842651 
65.7092514038086, 0.17328286170959473, 5.260209083557129 
125.404052734375, 0.25146055221557617, 2.6765427589416504 
193.13290405273438, 0.32056379318237305, 4.175449371337891 
52.27419662475586, 0.3390732705593109, 2.6006805896759033 
95.23908233642578, 0.20227034389972687, 2.722909450531006 
144.9943084716797, 0.3404611051082611, 5.763603210449219 
38.40861892700195, 0.26779046654701233, 1.6839916706085205 
154.4391326904297, 0.32606029510498047, 4.205697059631348 
109.46248626708984, 0.21291594207286835, 5.018789291381836 
130.35879516601562, 0.3521391749382019, 3.167860269546509 
114.30953216552734, 0.2544651925563812, 7.6239423751831055 
414.0135803222656, 0.39411741495132446, 5.0581536293029785 
108.38236999511719, 0.2526458501815796, 5.254614353179932 
85.96366882324219, 0.2783222496509552, 10.284305572509766 
97.82589721679688, 0.2074853628873825, 6.445649147033691 
18.82395362854004, 0.2943004369735718, 2.4593253135681152 
99.6329116821289, 0.3647412061691284, 7.242448806762695 
56.66099548339844, 0.4300289452075958, 2.648576498031616 
38.8425178527832, 0.23246043920516968, 3.9536242485046387 
109.50479888916016, 0.33007746934890747, 2.7848055362701416 
65.34728240966797, 0.28892946243286133, 2.369541645050049 
81.84265899658203, 0.25206610560417175, 3.1747329235076904 
45.39937973022461, 0.2751157581806183, 2.0817060470581055 
285.4385986328125, 0.25236836075782776, 4.782811164855957 
68.20108032226562, 0.324042409658432, 3.341567277908325 
129.81129455566406, 0.36163654923439026, 2.3654582500457764 
83.32432556152344, 0.19251231849193573, 4.663658142089844 
52.281158447265625, 0.2357860505580902, 5.182677268981934 
136.55393981933594, 0.31521591544151306, 3.362245798110962 
65.22985076904297, 0.24463555216789246, 3.1775999069213867 
121.18367767333984, 0.27796995639801025, 4.261897087097168 
102.67896270751953, 0.3983443081378937, 3.7727363109588623 
236.6349334716797, 0.22928741574287415, 5.851382255554199 
30.09977912902832, 0.2262028306722641, 2.412442445755005 
177.0133819580078, 0.2578822374343872, 2.9278299808502197 
110.31082916259766, 0.2486608475446701, 3.7805306911468506 
69.90460205078125, 0.20115861296653748, 3.4497854709625244 
86.32530212402344, 0.2703830599784851, 2.4492576122283936 
60.060482025146484, 0.21357247233390808, 2.747739553451538 
96.19503784179688, 0.4241291582584381, 3.565217971801758 
129.3182373046875, 0.28532058000564575, 5.270099639892578 
81.97309875488281, 0.23668546974658966, 4.540455341339111 
94.29763793945312, 0.21674728393554688, 3.636101245880127 
137.71560668945312, 0.31227320432662964, 3.273031234741211 
62.39458084106445, 0.2948746383190155, 2.2350516319274902 
423.33074951171875, 0.24154143035411835, 3.337405204772949 
95.49288940429688, 0.32114744186401367, 2.8417484760284424 
157.72494506835938, 0.21385817229747772, 4.643542766571045 
107.13675689697266, 0.31733301281929016, 4.782482147216797 
79.8013916015625, 0.3367612361907959, 3.065281391143799 
178.5648956298828, 0.25686386227607727, 4.421686172485352 
81.03436279296875, 0.25812193751335144, 2.69130277633667 
79.19580841064453, 0.3088604211807251, 5.3402910232543945 
145.72695922851562, 0.26666316390037537, 3.3129124641418457 
59.123451232910156, 0.3546026647090912, 3.9543209075927734 
168.55442810058594, 0.15921416878700256, 5.329211711883545 
40.873958587646484, 0.4239032566547394, 3.980992078781128 
113.49784088134766, 0.22445091605186462, 4.499107837677002 
61.82963180541992, 0.2887585163116455, 6.1576056480407715 
123.19129943847656, 0.26205816864967346, 3.40626859664917 
70.51301574707031, 0.2329450398683548, 6.2507452964782715 
169.98793029785156, 0.268409788608551, 4.910549640655518 
444.55096435546875, 0.24872556328773499, 5.386953353881836 
35.65083694458008, 0.3096543848514557, 3.116530418395996 
108.81517028808594, 0.4185824394226074, 3.1095242500305176 
45.52895736694336, 0.31415531039237976, 10.566219329833984 
135.72044372558594, 0.20409055054187775, 1.810926914215088 
63.88766098022461, 0.2015044242143631, 4.274974822998047 
116.06201934814453, 0.2710573077201843, 3.0658953189849854 
131.3259735107422, 0.22853584587574005, 5.158953666687012 
120.14642333984375, 0.2219713032245636, 2.627025604248047 
66.68791198730469, 0.26456621289253235, 4.544174671173096 
60.052947998046875, 0.39573153853416443, 2.145914077758789 
200.74642944335938, 0.21874240040779114, 4.505831718444824 
70.11096954345703, 0.33360931277275085, 4.856518268585205 
36.82358932495117, 0.32834404706954956, 3.2051587104797363 
100.66511535644531, 0.25023117661476135, 4.977227210998535 
77.88614654541016, 0.2681197226047516, 2.2945244312286377 
169.0438995361328, 0.37030941247940063, 3.6257760524749756 
2955.402099609375, 0.38075971603393555, 1.9502805471420288 
128.89002990722656, 0.2647009789943695, 5.974154472351074 
163.56320190429688, 0.39257559180259705, 8.38929271697998 
44.92571258544922, 0.18491771817207336, 5.457460880279541 
61.72371292114258, 0.3168928921222687, 3.8789710998535156 
75.7901382446289, 0.25913530588150024, 4.759096145629883 
78.9691390991211, 0.31058818101882935, 3.066546678543091 
105.07167053222656, 0.21807906031608582, 2.1369869709014893 
51.99025344848633, 0.3633117973804474, 2.981605052947998 
83.54976654052734, 0.3461732864379883, 6.7148237228393555 
89.21038055419922, 0.20928440988063812, 2.5066792964935303 
104.99897003173828, 0.27960851788520813, 4.4414896965026855 
124.55677795410156, 0.3734363615512848, 6.2393903732299805 
89.00220489501953, 0.3502802550792694, 2.8879268169403076 
61.89846420288086, 0.31605005264282227, 4.633398056030273 
216.896484375, 0.40229713916778564, 3.2762420177459717 
65.90052032470703, 0.2432578057050705, 2.614610433578491 
90.91536712646484, 0.3571591079235077, 11.896380424499512 
124.0930404663086, 0.2938593327999115, 5.695990085601807 
42.223854064941406, 0.5259619355201721, 5.558985233306885 
142.5430145263672, 0.2567107677459717, 4.5599188804626465 
100.08991241455078, 0.2544459402561188, 4.128284454345703 
82.61299133300781, 0.2514073848724365, 1.7322279214859009 
84.06100463867188, 0.2898659110069275, 3.506545305252075 
383.1837158203125, 0.3262280225753784, 2.7476048469543457 
179.4306182861328, 0.2560293674468994, 4.410227298736572 
94.11656188964844, 0.24907286465168, 0.9476101398468018 
56.82587814331055, 0.31820282340049744, 2.797238826751709 
178.9066162109375, 0.2878189980983734, 4.118288993835449 
171.170166015625, 0.2620467245578766, 3.5029101371765137 
105.64744567871094, 0.3212759494781494, 4.243742942810059 
30.185609817504883, 0.20738114416599274, 2.5708372592926025 
53.28187942504883, 0.24059133231639862, 2.6459617614746094 
357.3401794433594, 0.36421799659729004, 3.8145434856414795 
88.12397003173828, 0.2820989191532135, 3.913384437561035 
31.973297119140625, 0.32228806614875793, 4.283234119415283 
80.72442626953125, 0.4391178786754608, 4.758135795593262 
74.58769989013672, 0.25560134649276733, 2.2280147075653076 
55.02668380737305, 0.396696001291275, 3.993938684463501 
101.21701049804688, 0.33796948194503784, 5.077111721038818 
130.44151306152344, 0.22652879357337952, 4.200014591217041 
557.3793334960938, 0.21040919423103333, 2.657221794128418 
62.80800247192383, 0.33855995535850525, 4.147830963134766 
153.21363830566406, 0.29372215270996094, 2.6675214767456055 
26.944740295410156, 0.16338922083377838, 2.096964120864868 
138.3564453125, 0.3441256880760193, 6.449578285217285 
63.04214096069336, 0.29821792244911194, 2.526155948638916 
104.27104949951172, 0.26597315073013306, 4.124307155609131 
99.52146911621094, 0.2821304202079773, 3.2350101470947266 
139.94161987304688, 0.2849251925945282, 6.821657657623291 
41.562400817871094, 0.25530946254730225, 3.5927295684814453 
90.51984405517578, 0.2398519068956375, 3.1420845985412598 
150.1830596923828, 0.22610712051391602, 4.790238857269287 
66.12489318847656, 0.19297246634960175, 2.0023176670074463 
95.29644012451172, 0.37729811668395996, 5.990071773529053 
279.6767578125, 0.1953943520784378, 2.4709010124206543 
40.77384948730469, 0.23566411435604095, 2.824977397918701 
169.57977294921875, 0.3038276433944702, 3.9291908740997314 
158.68626403808594, 0.3979016840457916, 2.083000421524048 
186.0002899169922, 0.2739052176475525, 9.455389022827148 
122.5860824584961, 0.2942259907722473, 1.1359447240829468 
65.34362030029297, 0.2907746732234955, 2.1389081478118896 
25.465328216552734, 0.3474904000759125, 3.1971845626831055 
164.60903930664062, 0.5011704564094543, 7.478733539581299 
126.2685317993164, 0.24236971139907837, 5.618340015411377 
80.84125518798828, 0.32851144671440125, 5.719951629638672 
104.78878784179688, 0.2398800551891327, 3.185586929321289 
125.38211059570312, 0.4626094698905945, 3.790544271469116 
142.1234130859375, 0.32114604115486145, 2.2156639099121094 
131.8550567626953, 0.3025265336036682, 3.8482508659362793 
38.86780548095703, 0.2676573097705841, 3.311994791030884 
43.62885665893555, 0.3502354025840759, 1.2796971797943115 
115.75093841552734, 0.2723792493343353, 3.819929361343384 
85.34495544433594, 0.26552844047546387, 7.158868789672852 
110.2496337890625, 0.4165510833263397, 3.714449644088745 
34.15465545654297, 0.35689136385917664, 3.125694990158081 
46.43659591674805, 0.3223952054977417, 2.22305965423584 
165.21023559570312, 0.2882598340511322, 2.39337420463562 
43.939022064208984, 0.30949121713638306, 1.6243445873260498 
92.6370849609375, 0.29471516609191895, 1.322492003440857 
96.5286865234375, 0.36666274070739746, 8.198851585388184 
156.27468872070312, 0.24635085463523865, 2.611400604248047 
47.602054595947266, 0.35726943612098694, 7.208383083343506 
54.228851318359375, 0.26329633593559265, 3.7371439933776855 
46.27250671386719, 0.2556052803993225, 2.4141671657562256 
210.79295349121094, 0.3016231060028076, 5.604522228240967 
47.959842681884766, 0.2755456864833832, 2.8247742652893066 
62.55537033081055, 0.37704187631607056, 2.1430420875549316 
163.54962158203125, 0.4908490478992462, 2.5102458000183105 
40.23679733276367, 0.28934207558631897, 1.3478347063064575 
130.5985565185547, 0.26943439245224, 3.54356050491333 
59.69294357299805, 0.3358384370803833, 4.654046058654785 
252.7073516845703, 0.25010183453559875, 2.7794313430786133 
54.61456298828125, 0.4928359091281891, 8.138668060302734 
153.36209106445312, 0.33865103125572205, 3.745770215988159 
40.97783279418945, 0.331554651260376, 2.2804746627807617 
92.99402618408203, 0.28163397312164307, 3.2852611541748047 
295.9608459472656, 0.3575713038444519, 4.7568559646606445 
78.24053192138672, 0.34867286682128906, 4.095825672149658 
162.83544921875, 0.2849314212799072, 9.252700805664062 
71.37321472167969, 0.3397982120513916, 4.605780601501465 
175.95692443847656, 0.2458476424217224, 2.103929281234741 
85.83939361572266, 0.3155946135520935, 7.23365592956543 
163.48475646972656, 0.3338364362716675, 3.630070447921753 
519.8192749023438, 0.29156258702278137, 7.258652210235596 
28.64036750793457, 0.3156924247741699, 2.466362237930298 
61.76152038574219, 0.39233914017677307, 7.947731971740723 
122.8562240600586, 0.3285795748233795, 8.65798282623291 
39.876426696777344, 0.37511515617370605, 3.41684627532959 
184.90122985839844, 0.4143379330635071, 2.103771448135376 
39.11752700805664, 0.3318176865577698, 3.53291392326355 
102.24494171142578, 0.270588755607605, 7.051136016845703 
124.08097076416016, 0.2977355122566223, 2.8206002712249756 
81.98338317871094, 0.19880519807338715, 4.0414228439331055 
99.22241973876953, 0.3554600179195404, 2.783869981765747 
177.08065795898438, 0.2499418556690216, 2.6684741973876953 
38.6936149597168, 0.30876705050468445, 1.2098588943481445 
235.6570281982422, 0.28739237785339355, 7.581958770751953 
76.59676361083984, 0.294534295797348, 7.663256645202637 
104.86204528808594, 0.36272257566452026, 4.722434043884277 
71.4573974609375, 0.23720812797546387, 2.93194580078125 
162.31207275390625, 0.18099328875541687, 2.879298210144043 
862.1344604492188, 0.2484588772058487, 3.5265791416168213 
78.7162094116211, 0.4625711441040039, 7.141329288482666 
100.05573272705078, 0.2654477059841156, 3.300689697265625 
172.6400604248047, 0.304609090089798, 4.434110641479492 
36.45646286010742, 0.19614167511463165, 3.0527539253234863 
117.94539642333984, 0.29300111532211304, 4.857150077819824 
37.779720306396484, 0.25265002250671387, 6.434116840362549 
130.52487182617188, 0.3745131194591522, 3.175802230834961 
81.64093780517578, 0.24819010496139526, 3.090876579284668 
257.8621520996094, 0.3774852156639099, 3.9283251762390137 
115.49026489257812, 0.27003198862075806, 4.419169902801514 
115.9681625366211, 0.3520834743976593, 6.942998886108398 
113.20555114746094, 0.3195408880710602, 13.20624828338623 
62.650115966796875, 0.2304638922214508, 3.297773838043213 
69.09952545166016, 0.2821047306060791, 2.8611254692077637 
158.87646484375, 0.22638128697872162, 7.379236698150635 
203.49093627929688, 0.3020915389060974, 2.4791359901428223 
51.20396041870117, 0.23620454967021942, 1.7748997211456299 
151.72145080566406, 0.3130528926849365, 3.8687281608581543 
290.7267761230469, 0.3278273046016693, 6.245668888092041 
84.05885314941406, 0.4123276174068451, 5.560844421386719 
68.4339828491211, 0.2336796373128891, 3.8427350521087646 
214.93357849121094, 0.26370397210121155, 3.3652145862579346 
418.22772216796875, 0.3624710738658905, 5.3702778816223145 
39.88215637207031, 0.2731543481349945, 8.68561840057373 
40.31300735473633, 0.1860668808221817, 5.060659408569336 
153.26248168945312, 0.21687892079353333, 6.868343830108643 
157.4998779296875, 0.33724936842918396, 2.0276687145233154 
108.8446044921875, 0.2117251753807068, 2.3663511276245117 
82.96167755126953, 0.33918333053588867, 3.1701927185058594 
71.12028503417969, 0.5374404191970825, 2.9502594470977783 
436.96014404296875, 0.33901849389076233, 4.606142520904541 
132.35496520996094, 0.3647089898586273, 2.0598392486572266 
44.86410903930664, 0.20606523752212524, 6.931005954742432 
63.765052795410156, 0.29845094680786133, 14.782792091369629 
525.4089965820312, 0.252898246049881, 3.8291900157928467 
93.7588882446289, 0.31376734375953674, 2.4362497329711914 
44.83987045288086, 0.323188453912735, 5.538875579833984 
143.65023803710938, 0.3754909634590149, 7.389188289642334 
186.5557403564453, 0.3150617182254791, 2.005194902420044 
74.27100372314453, 0.19702105224132538, 6.236242294311523 
109.53644561767578, 0.3539966940879822, 2.812236785888672 
62.03861618041992, 0.35893261432647705, 2.9094510078430176 
92.20206451416016, 0.26182326674461365, 5.5641560554504395 
47.6600456237793, 0.18894550204277039, 6.343232154846191 
479.9418640136719, 0.2056877762079239, 4.9640984535217285 
162.79335021972656, 0.47351762652397156, 3.3225150108337402 
53.742401123046875, 0.2472289651632309, 2.0177125930786133 
100.7305679321289, 0.3011597990989685, 3.8077898025512695 
78.00543975830078, 0.5274365544319153, 2.5513916015625 
67.10968017578125, 0.39400649070739746, 4.783607006072998 
142.83041381835938, 0.23946265876293182, 4.866786956787109 
51.55356979370117, 0.3027786314487457, 2.3571252822875977 
248.85888671875, 0.36005011200904846, 4.180817127227783 
50.27827453613281, 0.24697168171405792, 1.8689765930175781 
265.6373291015625, 0.24721290171146393, 4.158789157867432 
38.1191291809082, 0.3280647099018097, 2.4349164962768555 
144.19602966308594, 0.26290079951286316, 3.5149736404418945 
43.7069206237793, 0.3280906677246094, 6.662380695343018 
114.70158386230469, 0.2393120974302292, 5.155084133148193 
142.21145629882812, 0.277183473110199, 3.0061745643615723 
117.41812896728516, 0.2891884744167328, 3.9817559719085693 
103.53219604492188, 0.22375044226646423, 1.8526098728179932 
86.45341491699219, 0.24577926099300385, 1.5752747058868408 
122.59729766845703, 0.3444838523864746, 3.7177248001098633 
86.79118347167969, 0.34793025255203247, 5.724828720092773 
231.97824096679688, 0.344186007976532, 3.538158416748047 
254.9848175048828, 0.43384143710136414, 3.34649395942688 
84.7428207397461, 0.2642400860786438, 3.3656764030456543 
49.640193939208984, 0.2556317150592804, 8.889893531799316 
48.501983642578125, 0.22157640755176544, 8.64041805267334 
129.09535217285156, 0.33893147110939026, 10.703324317932129 
53.150447845458984, 0.28041234612464905, 4.018248558044434 
173.7596435546875, 0.2986448109149933, 5.812962532043457 
112.49653625488281, 0.47532859444618225, 10.379082679748535 
86.22498321533203, 0.2940392792224884, 2.738544225692749 
84.28448486328125, 0.2967321574687958, 4.201796054840088 
46.607398986816406, 0.41222137212753296, 3.7656328678131104 
115.67499542236328, 0.3196268379688263, 2.8997058868408203 
83.71723175048828, 0.33236002922058105, 4.32553768157959 
141.72039794921875, 0.30179524421691895, 3.8442766666412354 
75.97786712646484, 0.3682600259780884, 2.7824513912200928 
125.93252563476562, 0.29055023193359375, 4.71454381942749 
109.81724548339844, 0.24222318828105927, 2.093409776687622 
112.43281555175781, 0.4206635653972626, 5.640120506286621 
662.8573608398438, 0.5136587619781494, 7.131420135498047 
91.34270477294922, 0.3024853467941284, 2.234323263168335 
198.41790771484375, 0.26652008295059204, 5.199818134307861 
223.5437774658203, 0.2974356710910797, 4.874368190765381 
98.85342407226562, 0.3351116478443146, 2.2452268600463867 
151.75650024414062, 0.2596336007118225, 7.057751178741455 
207.24720764160156, 0.2331983894109726, 1.7779611349105835 
162.60415649414062, 0.32304152846336365, 5.214778423309326 
124.47198486328125, 0.25990813970565796, 1.7284724712371826 
649.725830078125, 0.28198254108428955, 4.279105186462402 
59.77692794799805, 0.39056625962257385, 3.096447229385376 
220.1378936767578, 0.26134762167930603, 3.6391398906707764 
46.65324783325195, 0.38634005188941956, 2.932694435119629 
216.7884521484375, 0.23887090384960175, 4.140480995178223 
183.76187133789062, 0.5031864643096924, 2.707611322402954 
93.54374694824219, 0.2975710928440094, 2.4520423412323 
279.5723571777344, 0.3216590881347656, 4.272702693939209 
65.92516326904297, 0.289508193731308, 4.234426021575928 
98.44991302490234, 0.3207164406776428, 4.853751182556152 
94.74845123291016, 0.22745241224765778, 3.058910608291626 
139.43798828125, 0.23585756123065948, 5.4906325340271 
190.07479858398438, 0.2586611807346344, 5.9740400314331055 
47.22941970825195, 0.303989440202713, 3.759611129760742 
562.3740234375, 0.4300438463687897, 2.227828025817871 
35.81965637207031, 0.2989479601383209, 2.2924342155456543 
229.0421600341797, 0.2912391722202301, 4.941860675811768 
121.76213073730469, 0.3162733018398285, 2.2264151573181152 
67.10257720947266, 0.2928222119808197, 4.20669412612915 
579.7178955078125, 0.346794068813324, 3.4574472904205322 
147.24240112304688, 0.3340987265110016, 1.6494700908660889 
128.1995391845703, 0.24381960928440094, 2.7905688285827637 
290.5699462890625, 0.23831023275852203, 7.817494869232178 
120.49457550048828, 0.4328289031982422, 1.2653735876083374 
47.913299560546875, 0.33348146080970764, 7.873498439788818 
59.811927795410156, 0.24908287823200226, 2.853476047515869 
288.6057434082031, 0.20846591889858246, 5.896047115325928 
95.84587097167969, 0.24636425077915192, 5.265085220336914 
45.216617584228516, 0.2857586145401001, 7.817586421966553 
260.89996337890625, 0.2517282962799072, 5.347637176513672 
48.203575134277344, 0.2850518524646759, 3.1465675830841064 
74.62954711914062, 0.2568294405937195, 2.088282585144043 
36.319679260253906, 0.26027241349220276, 3.2628872394561768 
51.667686462402344, 0.30608364939689636, 2.5902557373046875 
58.58200454711914, 0.23170137405395508, 3.008802652359009 
106.05549621582031, 0.3115522861480713, 3.2566399574279785 
51.45490264892578, 0.3083427846431732, 3.270587682723999 
116.89586639404297, 0.22102810442447662, 3.077988624572754 
100.06299591064453, 0.41823554039001465, 3.247868299484253 
337.7824401855469, 0.2887756824493408, 5.026854515075684 
44.55108642578125, 0.30032578110694885, 3.603891611099243 
116.26343536376953, 0.3163258731365204, 2.424037456512451 
248.6317596435547, 0.33656442165374756, 4.955064296722412 
64.30743408203125, 0.24025395512580872, 4.571334362030029 
250.41159057617188, 0.33696720004081726, 5.285567760467529 
146.19952392578125, 0.32908815145492554, 2.8790977001190186 
142.74703979492188, 0.29715612530708313, 10.820085525512695 
145.47213745117188, 0.3069716989994049, 2.542004346847534 
71.17894744873047, 0.2908552885055542, 5.077409267425537 
112.82005310058594, 0.28988203406333923, 3.2405738830566406 
51.002540588378906, 0.3220212161540985, 4.304179668426514 
419.15411376953125, 0.22710391879081726, 2.110210418701172 
128.3892059326172, 0.25863638520240784, 7.739692687988281 
45.07564163208008, 0.29865241050720215, 2.4218266010284424 
162.90536499023438, 0.2713080048561096, 5.600968837738037 
60.811790466308594, 0.385803759098053, 5.545699119567871 
190.59190368652344, 0.2165687531232834, 4.399052143096924 
59.64796447753906, 0.27407488226890564, 4.8343024253845215 
46.38936996459961, 0.3221109211444855, 4.795436382293701 
41.75910568237305, 0.3376672565937042, 6.96134090423584 
420.0174865722656, 0.33039188385009766, 1.539607286453247 
117.388671875, 0.2150774598121643, 4.466426849365234 
45.939273834228516, 0.2732366919517517, 2.7556698322296143 
186.70985412597656, 0.27724185585975647, 1.5274016857147217 
96.1106185913086, 0.28047996759414673, 8.40002727508545 
84.03095245361328, 0.3608018159866333, 3.2262864112854004 
45.41624069213867, 0.28294700384140015, 3.8585829734802246 
556.2868041992188, 0.3922647535800934, 2.831005573272705 
383.1534729003906, 0.23516778647899628, 4.3321614265441895 
68.0046615600586, 0.24925291538238525, 1.8697422742843628 
37.70694351196289, 0.46082064509391785, 0.7984343767166138 
106.29414367675781, 0.27230072021484375, 3.966583013534546 
163.31491088867188, 0.33751243352890015, 4.62808895111084 
324.23480224609375, 0.24536128342151642, 8.606901168823242 
91.3986587524414, 0.28560981154441833, 7.127172946929932 
93.1646499633789, 0.383993536233902, 3.0151727199554443 
124.48448944091797, 0.2227386087179184, 2.6984059810638428 
113.45626831054688, 0.3657360076904297, 0.7832552790641785 
86.33467102050781, 0.28713589906692505, 1.345832347869873 
476.8216857910156, 0.2026441991329193, 6.017231464385986 
105.16719055175781, 0.39600610733032227, 2.8377628326416016 
500.4357604980469, 0.4286794364452362, 7.49907922744751 
81.36814880371094, 0.32504966855049133, 5.485487461090088 
121.46318817138672, 0.3119316101074219, 3.107503890991211 
306.2283630371094, 0.26891469955444336, 5.365918159484863 
59.840980529785156, 0.2752452492713928, 3.173842430114746 
60.41616439819336, 0.18115349113941193, 4.754051208496094 
128.8485107421875, 0.32963183522224426, 2.2803683280944824 
86.35565948486328, 0.19414980709552765, 2.6123735904693604 
291.17425537109375, 0.20063717663288116, 4.326838970184326 
41.780765533447266, 0.19929607212543488, 1.8087201118469238 
70.92164611816406, 0.24975763261318207, 0.8286963701248169 
97.67354583740234, 0.38729777932167053, 3.0031800270080566 
48.53132629394531, 0.22718669474124908, 5.723754405975342 
60.47380828857422, 0.3022400140762329, 0.3760627806186676 
99.1570816040039, 0.3461439907550812, 5.774370193481445 
85.810302734375, 0.2871479094028473, 3.820955276489258 
1705.0538330078125, 0.24831858277320862, 6.244145393371582 
62.568092346191406, 0.2747844159603119, 11.819108009338379 
35.719852447509766, 0.27999040484428406, 1.655957579612732 
77.38998413085938, 0.36576735973358154, 3.036083698272705 
65.41986846923828, 0.4459148347377777, 4.507576942443848 
91.57703399658203, 0.33823496103286743, 4.949227809906006 
354.68475341796875, 0.29583632946014404, 8.451841354370117 
538.0093994140625, 0.3128966689109802, 1.8246161937713623 
70.66255187988281, 0.398337185382843, 2.605991840362549 
168.54986572265625, 0.399888277053833, 3.4087629318237305 
45.11887741088867, 0.2412831336259842, 2.554058074951172 
275.007080078125, 0.35643136501312256, 3.2580673694610596 
47.943485260009766, 0.2412773221731186, 0.797229528427124 
136.648681640625, 0.3349412679672241, 2.3453009128570557 
219.7037353515625, 0.2398490458726883, 6.338980674743652 
118.88189697265625, 0.30258652567863464, 3.1473007202148438 
49.093727111816406, 0.49053266644477844, 1.9966518878936768 
74.80754089355469, 0.2538362145423889, 2.8666574954986572 
83.94143676757812, 0.2743246257305145, 4.101718902587891 
136.7716064453125, 0.5352280139923096, 3.232405424118042 
309.3675231933594, 0.28914663195610046, 7.790311336517334 
81.37187194824219, 0.3166203498840332, 4.970271587371826 
168.79637145996094, 0.2742798626422882, 2.9187848567962646 
154.683349609375, 0.26959237456321716, 4.150456428527832 
55.51747131347656, 0.3238273561000824, 5.210108280181885 
156.70135498046875, 0.4058321714401245, 2.0719375610351562 
196.02052307128906, 0.31181609630584717, 5.7438788414001465 
174.4495849609375, 0.2876896858215332, 4.751225471496582 
196.47779846191406, 0.28474801778793335, 4.44771671295166 
283.8393859863281, 0.26420003175735474, 2.6898579597473145 
42.95233917236328, 0.31132498383522034, 2.469259262084961 
66.86521911621094, 0.24176746606826782, 6.737034797668457 
70.7254867553711, 0.22399793565273285, 2.5892841815948486 
771.319091796875, 0.22187121212482452, 4.325160503387451 
52.39275360107422, 0.22174863517284393, 5.955024719238281 
89.8920669555664, 0.409577339887619, 6.488925457000732 
157.8145294189453, 0.2434634417295456, 2.8726325035095215 
59.24959182739258, 0.29692909121513367, 3.175140857696533 
286.2842102050781, 0.22614800930023193, 1.5364701747894287 
103.42403411865234, 0.41555559635162354, 8.081850051879883 
115.30901336669922, 0.25778326392173767, 10.026790618896484 
207.7014617919922, 0.27474790811538696, 5.035149574279785 
317.8207092285156, 0.3490697741508484, 1.655714511871338 
68.81503295898438, 0.24414287507534027, 3.4274072647094727 
96.93497467041016, 0.2780427038669586, 5.761829376220703 
59.93522262573242, 0.34155452251434326, 3.483314275741577 
156.7857666015625, 0.633860170841217, 2.889125347137451 
216.21038818359375, 0.28660494089126587, 3.167740821838379 
66.38626861572266, 0.3557876646518707, 3.2807514667510986 
96.28233337402344, 0.36556464433670044, 5.873155117034912 
125.05709838867188, 0.3948166072368622, 6.599411487579346 
175.9730682373047, 0.2895551919937134, 9.536859512329102 
290.418212890625, 0.45626142621040344, 7.469210147857666 
52.62153244018555, 0.29289186000823975, 4.449456214904785 
119.30638122558594, 0.227107435464859, 4.6262993812561035 
264.2293701171875, 0.22178974747657776, 7.260204792022705 
332.9091491699219, 0.30300989747047424, 3.9628231525421143 
58.81660079956055, 0.19467703998088837, 2.5173325538635254 
68.56646728515625, 0.24857039749622345, 2.4955966472625732 
51.072322845458984, 0.2609971761703491, 2.657729387283325 
119.56830596923828, 0.3495115637779236, 3.468656539916992 
111.754638671875, 0.22870828211307526, 1.7856066226959229 
230.6185302734375, 0.5189610123634338, 10.174164772033691 
101.54707336425781, 0.342756062746048, 3.332141399383545 
118.46990966796875, 0.22013156116008759, 7.646268844604492 
191.66917419433594, 0.32052430510520935, 3.092261791229248 
118.6563491821289, 0.16160282492637634, 4.5557332038879395 
154.37380981445312, 0.26462480425834656, 0.9666593074798584 
133.35118103027344, 0.23679442703723907, 4.0828728675842285 
441.6659240722656, 0.2614264488220215, 3.9662561416625977 
59.83531188964844, 0.23807473480701447, 4.2367472648620605 
67.34597778320312, 0.20408762991428375, 4.647423267364502 
342.0171203613281, 0.2149907350540161, 3.100188732147217 
144.66343688964844, 0.20742402970790863, 6.1605544090271 
78.41546630859375, 0.37615469098091125, 3.9741475582122803 
280.22833251953125, 0.2248707413673401, 3.9476306438446045 
42.69487762451172, 0.31888914108276367, 3.639590263366699 
97.35948181152344, 0.23930053412914276, 1.7460744380950928 
213.753662109375, 0.3067164123058319, 3.929377555847168 
72.29408264160156, 0.23827502131462097, 1.8069555759429932 
58.35709762573242, 0.3774580657482147, 3.737133502960205 
114.8065414428711, 0.24917320907115936, 3.8554699420928955 
319.0862731933594, 0.33055025339126587, 1.657554030418396 
193.5116729736328, 0.4889785349369049, 2.8509931564331055 
141.3175048828125, 0.31793415546417236, 3.352620840072632 
119.27644348144531, 0.314502090215683, 4.930008888244629 
200.83824157714844, 0.29883942008018494, 1.9687778949737549 
116.66670989990234, 0.2755407392978668, 1.482698917388916 
125.75836181640625, 0.3772936463356018, 3.069133996963501 
84.24043273925781, 0.32620683312416077, 1.1019072532653809 
98.523193359375, 0.28466281294822693, 3.7415709495544434 
144.83639526367188, 0.2613418698310852, 3.0386767387390137 
117.91879272460938, 0.4748510420322418, 2.815596103668213 
248.36367797851562, 0.28724727034568787, 3.9256443977355957 
51.32987594604492, 0.22570760548114777, 2.348184823989868 
69.45632934570312, 0.3100150525569916, 3.8823001384735107 
41.015380859375, 0.20492753386497498, 4.36165714263916 
70.77992248535156, 0.2746542990207672, 3.672755241394043 
88.64464569091797, 0.3438282907009125, 4.268222332000732 
432.47406005859375, 0.2848796546459198, 3.144191026687622 
233.11085510253906, 0.3119162619113922, 2.8468353748321533 
156.2095947265625, 0.3243744373321533, 6.08790922164917 
197.4783477783203, 0.2638169527053833, 3.422053337097168 
61.259613037109375, 0.4362907409667969, 2.816894292831421 
261.37481689453125, 0.24803966283798218, 2.8428852558135986 
102.40776062011719, 0.3403615951538086, 9.046324729919434 
86.27344512939453, 0.2758327126502991, 2.8875246047973633 
644.1460571289062, 0.2469179630279541, 2.4679832458496094 
98.41878509521484, 0.23035494983196259, 3.10442852973938 
344.2240295410156, 0.22926127910614014, 1.3425533771514893 
115.87240600585938, 0.3267318904399872, 6.6112213134765625 
73.72248077392578, 0.3702826499938965, 5.954751014709473 
103.43672943115234, 0.2771299481391907, 4.782537460327148 
266.5876159667969, 0.3263064920902252, 10.406980514526367 
118.7540283203125, 0.40296462178230286, 2.4589879512786865 
158.8222198486328, 0.2028157263994217, 2.651446580886841 
281.6116943359375, 0.4705323874950409, 4.767995834350586 
113.78360748291016, 0.20922653377056122, 1.8492896556854248 
263.2489929199219, 0.47045499086380005, 9.195632934570312 
137.71621704101562, 0.3198634684085846, 3.3355026245117188 
87.4024429321289, 0.2840835452079773, 3.478933095932007 
127.29637908935547, 0.380643755197525, 4.883978843688965 
53.936519622802734, 0.2186686396598816, 5.094989776611328 
144.49551391601562, 0.26638662815093994, 4.62388801574707 
216.68882751464844, 0.39626747369766235, 3.888731002807617 
51.77589416503906, 0.20159338414669037, 4.721401214599609 
139.15061950683594, 0.29985520243644714, 2.874229907989502 
73.95722961425781, 0.33275723457336426, 5.874958038330078 
102.0290298461914, 0.255891352891922, 3.109687566757202 
105.6183090209961, 0.39558354020118713, 4.53612756729126 
61.19103240966797, 0.3325735926628113, 3.11719012260437 
272.8440856933594, 0.24948349595069885, 1.6377978324890137 
50.81861877441406, 0.2689083516597748, 6.883559703826904 
362.074462890625, 0.3360461890697479, 2.8485326766967773 
104.4364242553711, 0.25680169463157654, 5.104045867919922 
245.69509887695312, 0.33246421813964844, 3.295745611190796 
96.28515625, 0.2049776017665863, 3.2963831424713135 
236.9331817626953, 0.25038281083106995, 3.3727035522460938 
267.41845703125, 0.2381712645292282, 5.410263538360596 
325.7988586425781, 0.2828206717967987, 4.851067066192627 
41.008670806884766, 0.2574898898601532, 1.5631840229034424 
35.558197021484375, 0.2353709638118744, 2.7648444175720215 
40.84841537475586, 0.22057855129241943, 5.154216766357422 
75.0031967163086, 0.2625584304332733, 1.2375308275222778 
51.800384521484375, 0.38179200887680054, 3.9322001934051514 
1662.9141845703125, 0.3081875443458557, 1.7569270133972168 
120.10426330566406, 0.3420688211917877, 4.013304710388184 
248.55430603027344, 0.3110286295413971, 4.942169189453125 
48.87687301635742, 0.2762271463871002, 1.0364981889724731 
91.22386932373047, 0.4563114643096924, 4.018100261688232 
81.43132781982422, 0.33589887619018555, 2.0359513759613037 
109.90077209472656, 0.3070610761642456, 4.189821243286133 
144.1436004638672, 0.28400012850761414, 4.204174518585205 
46.95589065551758, 0.44724759459495544, 4.041594982147217 
83.72676086425781, 0.3994521200656891, 3.544788360595703 
61.490055084228516, 0.2697991132736206, 1.2817997932434082 
68.7916259765625, 0.2839237451553345, 1.1730427742004395 
73.55941009521484, 0.2557438015937805, 2.9117300510406494 
98.08785247802734, 0.2660588324069977, 4.909495830535889 
1125.3875732421875, 0.26636987924575806, 3.0445642471313477 
176.47499084472656, 0.3199089467525482, 6.220607757568359 
112.82357788085938, 0.31872251629829407, 3.521287202835083 
757.6912841796875, 0.2873980700969696, 5.329502582550049 
81.33470916748047, 0.32765984535217285, 2.523017644882202 
37.73591995239258, 0.26254183053970337, 2.4657363891601562 
171.50711059570312, 0.2745114266872406, 2.0656442642211914 
38.23186492919922, 0.4041083753108978, 15.190408706665039 
36.71508026123047, 0.3826128840446472, 3.6737234592437744 
291.0429382324219, 0.39841383695602417, 5.935417175292969 
254.08084106445312, 0.3410243093967438, 10.26671028137207 
161.9922637939453, 0.3698689639568329, 5.155863285064697 
73.75180053710938, 0.4893537163734436, 3.4107112884521484 
142.02325439453125, 0.29509830474853516, 3.4633402824401855 
87.33595275878906, 0.2767501175403595, 3.656980276107788 
101.2652587890625, 0.4745010733604431, 4.0274152755737305 
50.38484573364258, 0.4012928307056427, 2.7995829582214355 
159.5222930908203, 0.16731925308704376, 3.7916250228881836 
31.34868621826172, 0.3029676675796509, 8.642302513122559 
77.05193328857422, 0.3794054090976715, 1.3230578899383545 
129.57815551757812, 0.34891393780708313, 5.427036762237549 
93.80158996582031, 0.27392128109931946, 4.802920341491699 
117.90772247314453, 0.28596705198287964, 1.5718774795532227 
80.56177520751953, 0.363263338804245, 6.230567932128906 
86.16777038574219, 0.36715784668922424, 2.2031543254852295 
262.2574157714844, 0.2987523674964905, 5.013980388641357 
320.77142333984375, 0.310510516166687, 1.4336191415786743 
101.48831176757812, 0.2644810378551483, 4.563425064086914 
221.1696014404297, 0.33341100811958313, 3.445963144302368 
132.4208526611328, 0.20268893241882324, 3.777167558670044 
141.1110382080078, 0.2339591234922409, 3.527578592300415 
323.2599792480469, 0.1715896725654602, 6.784447193145752 
79.61392974853516, 0.25752177834510803, 7.148797512054443 
52.128170013427734, 0.2290540337562561, 2.8755013942718506 
103.12966918945312, 0.34436696767807007, 8.126358032226562 
337.32757568359375, 0.246839240193367, 6.026190280914307 
69.24312591552734, 0.2757418751716614, 1.707194209098816 
160.5102081298828, 0.342314213514328, 12.351855278015137 
61.83354187011719, 0.29746130108833313, 3.3369555473327637 
873.3096313476562, 0.38664233684539795, 5.210402011871338 
137.5271453857422, 0.34867063164711, 8.156123161315918 
371.72283935546875, 0.4090059995651245, 3.939417839050293 
105.06069946289062, 0.283037394285202, 13.436699867248535 
328.7828063964844, 0.2163069248199463, 2.8544692993164062 
142.57598876953125, 0.35776829719543457, 4.36286735534668 
98.7811279296875, 0.2630218267440796, 10.173431396484375 
78.5433120727539, 0.3095301389694214, 3.8126049041748047 
92.5816421508789, 0.36884137988090515, 2.745635509490967 
78.2442398071289, 0.2868417501449585, 2.4804439544677734 
192.74566650390625, 0.5081807971000671, 2.585206985473633 
64.779296875, 0.30357518792152405, 4.352263927459717 
160.75999450683594, 0.19462060928344727, 6.633127689361572 
108.93054962158203, 0.27401140332221985, 4.368872165679932 
187.8193359375, 0.2798070013523102, 2.6208856105804443 
79.23786926269531, 0.24257312715053558, 2.4125781059265137 
252.24993896484375, 0.2965954542160034, 4.7926249504089355 
122.24493408203125, 0.23241664469242096, 4.30339241027832 
114.10053253173828, 0.3318162262439728, 2.155691146850586 
67.85848999023438, 0.34369704127311707, 1.315459966659546 
160.90716552734375, 0.2786671221256256, 4.265377044677734 
963.9000244140625, 0.4147784411907196, 5.085539817810059 
151.9104461669922, 0.3116207718849182, 2.491475820541382 
124.5468521118164, 0.3465360105037689, 4.521505355834961 
158.90260314941406, 0.4618457853794098, 2.2803828716278076 
119.89803314208984, 0.24684612452983856, 8.61578369140625 
323.7528076171875, 0.19781318306922913, 3.998887538909912 
105.52951049804688, 0.2849896550178528, 4.047060012817383 
68.49749755859375, 0.28892406821250916, 7.233732223510742 
122.0455551147461, 0.3166327178478241, 1.235304594039917 
289.1692199707031, 0.3287390172481537, 4.4105730056762695 
125.41590118408203, 0.29792720079421997, 2.5167956352233887 
88.47093200683594, 0.3144294023513794, 5.73811149597168 
398.5931396484375, 0.27214011549949646, 5.026148796081543 
120.55155181884766, 0.29630598425865173, 3.778895616531372 
23.819486618041992, 0.1454996019601822, 1.0751806497573853 
72.90764617919922, 0.3410847783088684, 11.433931350708008 
76.76502227783203, 0.31944912672042847, 2.7360706329345703 
44.53860092163086, 0.33510610461235046, 9.12580394744873 
80.06126403808594, 0.21921131014823914, 2.906118869781494 
116.25505828857422, 0.41765081882476807, 3.709005117416382 
178.9739990234375, 0.4663708806037903, 2.112773895263672 
49.365726470947266, 0.2337702363729477, 3.894988775253296 
215.34559631347656, 0.2529430091381073, 1.7202768325805664 
71.19625854492188, 0.37832164764404297, 3.620203971862793 
299.82281494140625, 0.3551137447357178, 8.150511741638184 
407.97607421875, 0.3231629431247711, 3.077991247177124 
284.45458984375, 0.30801263451576233, 3.4372220039367676 
105.01644897460938, 0.2600063383579254, 2.3782060146331787 
387.9036865234375, 0.37195518612861633, 7.911126613616943 
54.0155143737793, 0.4147651195526123, 2.2875425815582275 
200.02859497070312, 0.31622621417045593, 2.732069253921509 
114.09307098388672, 0.34241509437561035, 3.3055968284606934 
61.577999114990234, 0.23797209560871124, 1.4129823446273804 
324.0843200683594, 0.3051856458187103, 3.8507814407348633 
79.12528991699219, 0.2931542992591858, 10.456647872924805 
260.1650085449219, 0.21490353345870972, 9.953301429748535 
321.58551025390625, 0.24541786313056946, 2.1813547611236572 
84.4948501586914, 0.3110309839248657, 1.7845994234085083 
110.76913452148438, 0.27282577753067017, 1.8888378143310547 
224.45993041992188, 0.2174665927886963, 3.657172679901123 
1312.1683349609375, 0.224502831697464, 10.566753387451172 
59.25804901123047, 0.18170607089996338, 0.8330202698707581 
407.7381286621094, 0.2100449502468109, 0.9782401919364929 
133.56854248046875, 0.2556522786617279, 1.6709767580032349 
44.20048141479492, 0.2635175883769989, 3.6104371547698975 
36.05029296875, 0.27389028668403625, 2.664125919342041 
270.8720397949219, 0.26899170875549316, 3.935300350189209 
202.7384490966797, 0.34636956453323364, 7.059981346130371 
101.23362731933594, 0.43551889061927795, 5.976276874542236 
178.8623504638672, 0.23217882215976715, 2.733711004257202 
58.533599853515625, 0.3826402425765991, 3.281323194503784 
208.79757690429688, 0.3419417440891266, 2.7172701358795166 
129.3059539794922, 0.2683027982711792, 1.6447174549102783 
71.5872573852539, 0.2742741107940674, 2.891486644744873 
301.56280517578125, 0.3362046480178833, 3.300297260284424 
407.64471435546875, 0.24937783181667328, 4.054905414581299 
44.83597183227539, 0.35521483421325684, 3.5994935035705566 
104.35150146484375, 0.23348863422870636, 5.137180805206299 
100.45189666748047, 0.2655300796031952, 1.6836614608764648 
955.1766357421875, 0.20575930178165436, 2.888749837875366 
56.06597900390625, 0.25109410285949707, 1.4664556980133057 
157.03604125976562, 0.39589864015579224, 10.394731521606445 
111.61587524414062, 0.28472569584846497, 6.781630039215088 
139.1598358154297, 0.2440653294324875, 3.302410125732422 
679.2590942382812, 0.3612058162689209, 5.063160419464111 
220.163330078125, 0.44307324290275574, 3.2743470668792725 
84.38663482666016, 0.36250218749046326, 5.460277080535889 
419.6589050292969, 0.2604396641254425, 2.5060551166534424 
194.9990997314453, 0.27766311168670654, 5.571514129638672 
170.3031463623047, 0.19577111303806305, 1.1435588598251343 
90.24010467529297, 0.36048001050949097, 4.12761926651001 
566.3006591796875, 0.2955498695373535, 3.9133806228637695 
94.87845611572266, 0.4239044487476349, 5.266032695770264 
839.413330078125, 0.5366809964179993, 4.68427038192749 
736.3557739257812, 0.37716400623321533, 5.6954545974731445 
1449.69189453125, 0.2509078085422516, 3.565260648727417 
58.02595138549805, 0.3138982653617859, 1.3066192865371704 
74.87071228027344, 0.33316174149513245, 3.246091604232788 
340.5856018066406, 0.46295425295829773, 5.470412731170654 
149.76678466796875, 0.2705743610858917, 6.351111888885498 
145.9926300048828, 0.2585178315639496, 2.3559017181396484 
119.94902801513672, 0.32786139845848083, 2.723855495452881 
67.6299819946289, 0.287605345249176, 1.770752191543579 
90.68054962158203, 0.38387516140937805, 1.8881895542144775 
144.8714599609375, 0.3617362380027771, 3.571821689605713 
44.71365737915039, 0.43893545866012573, 4.250680923461914 
194.08175659179688, 0.2505037486553192, 9.396733283996582 
193.87474060058594, 0.2342204451560974, 7.5309247970581055 
240.4638214111328, 0.4007132351398468, 2.2785708904266357 
740.4908447265625, 0.40052393078804016, 1.793623924255371 
87.91831970214844, 0.2202087938785553, 2.2003819942474365 
236.4182586669922, 0.3258373737335205, 3.454956293106079 
120.49539184570312, 0.25394025444984436, 2.524573564529419 
59.44296646118164, 0.3282310366630554, 2.1474149227142334 
505.3199768066406, 0.3284871578216553, 3.0401415824890137 
67.92231750488281, 0.4948766529560089, 2.7528076171875 
456.297607421875, 0.4563785493373871, 2.1749613285064697 
97.88468933105469, 0.26012709736824036, 3.898468255996704 
128.4561004638672, 0.5257623791694641, 4.817235946655273 
143.7983856201172, 0.283832848072052, 3.024834156036377 
174.25823974609375, 0.3354898989200592, 5.078272819519043 
198.2946014404297, 0.25330641865730286, 3.169670343399048 
138.71505737304688, 0.277442067861557, 2.9349288940429688 
152.51315307617188, 0.23729202151298523, 3.608705997467041 
169.06280517578125, 0.34097424149513245, 5.283667087554932 
156.7659454345703, 0.9688000679016113, 6.5534987449646 
1049.6600341796875, 0.43425893783569336, 4.788222312927246 
53.44864273071289, 0.22879739105701447, 2.3249168395996094 
79.87992858886719, 0.24130785465240479, 10.874685287475586 
166.31301879882812, 0.2557767629623413, 1.8007228374481201 
228.47377014160156, 0.278380811214447, 2.009964942932129 
60.8342170715332, 0.3390360474586487, 3.256645679473877 
178.33758544921875, 0.30637678503990173, 3.6382243633270264 
36.26087188720703, 0.18961644172668457, 2.6500673294067383 
50.05824661254883, 0.3615134656429291, 5.844563007354736 
92.1781005859375, 0.32048505544662476, 1.7686353921890259 
256.640380859375, 0.2554246485233307, 2.537705659866333 
182.5060577392578, 0.24610178172588348, 1.292067289352417 
252.8779296875, 0.3028793931007385, 6.092047691345215 
101.9256820678711, 0.2457890808582306, 3.371461868286133 
176.60443115234375, 0.2520281970500946, 3.1980929374694824 
156.13143920898438, 0.31867098808288574, 1.9249972105026245 
284.83221435546875, 0.32289767265319824, 6.5572919845581055 
163.26846313476562, 0.2959481477737427, 7.055502414703369 
189.51535034179688, 0.34009742736816406, 6.806482315063477 
103.89205932617188, 0.24524328112602234, 4.956291198730469 
110.00750732421875, 0.21773716807365417, 2.400291681289673 
601.0162353515625, 0.3746781647205353, 3.7918782234191895 
65.91876983642578, 0.349094420671463, 4.891041278839111 
78.06095886230469, 0.27634337544441223, 6.8594279289245605 
70.97566223144531, 0.35811275243759155, 1.1368647813796997 
235.75689697265625, 0.31476402282714844, 9.315421104431152 
285.70025634765625, 0.31859472393989563, 1.8164827823638916 
272.37713623046875, 0.36467698216438293, 2.3385202884674072 
99.32366180419922, 0.34102746844291687, 2.6650607585906982 
140.33383178710938, 0.36513760685920715, 3.282106876373291 
422.43017578125, 0.32583004236221313, 2.0938644409179688 
94.97659301757812, 0.40587425231933594, 4.157073974609375 
93.88910675048828, 0.3114868998527527, 1.7968924045562744 
134.697265625, 0.24212031066417694, 2.9914960861206055 
29.07830238342285, 0.23296861350536346, 8.757939338684082 
366.5592041015625, 0.2354646772146225, 7.977255344390869 
227.07827758789062, 0.30098703503608704, 1.7488590478897095 
94.39007568359375, 0.2874143421649933, 13.065754890441895 
42.97618865966797, 0.24358679354190826, 2.673279047012329 
163.8037567138672, 0.39179590344429016, 1.9777487516403198 
74.80278015136719, 0.35047221183776855, 4.9027099609375 
51.964298248291016, 0.298354834318161, 4.39259672164917 
92.92382049560547, 0.3031271696090698, 3.2837655544281006 
156.08526611328125, 0.3708157539367676, 8.777456283569336 
88.3771743774414, 0.26262474060058594, 2.027181386947632 
58.56488037109375, 0.3359575867652893, 5.254730701446533 
98.91407012939453, 0.2866692543029785, 2.6581943035125732 
266.962890625, 0.28356462717056274, 2.5131828784942627 
50.43156051635742, 0.21882151067256927, 6.934082508087158 
70.47795104980469, 0.3122621476650238, 3.533135175704956 
350.817626953125, 0.5542781949043274, 3.40189266204834 
360.5571594238281, 0.3140937387943268, 2.661860704421997 
136.0299835205078, 0.36500412225723267, 2.743638515472412 
115.196533203125, 0.22837533056735992, 1.3489534854888916 
312.41949462890625, 0.29574933648109436, 5.936264514923096 
86.52921295166016, 0.28617382049560547, 2.2525365352630615 
65.04885864257812, 0.4661894738674164, 2.854640245437622 
220.43917846679688, 0.2882889211177826, 2.4444336891174316 
80.86296081542969, 0.27622684836387634, 5.5890398025512695 
188.46875, 0.3952382504940033, 0.8024875521659851 
122.89059448242188, 0.3010135889053345, 3.37015700340271 
103.4327163696289, 0.3795779347419739, 8.754995346069336 
458.1717529296875, 0.40882524847984314, 3.8604485988616943 
28.116085052490234, 0.3040957450866699, 2.2940735816955566 
58.324825286865234, 0.28455421328544617, 1.927233338356018 
96.06037139892578, 0.34518811106681824, 1.914368987083435 
206.66244506835938, 0.33558815717697144, 3.846904754638672 
145.60874938964844, 0.32789117097854614, 5.368145942687988 
90.07637023925781, 0.3217122554779053, 2.624650716781616 
277.9092712402344, 0.46677160263061523, 2.7119672298431396 
118.55964660644531, 0.37640827894210815, 2.9271016120910645 
274.1537780761719, 0.24463561177253723, 3.009779214859009 
247.7874755859375, 0.20696720480918884, 4.3604536056518555 
101.15060424804688, 0.4510180652141571, 1.8215010166168213 
468.4034118652344, 0.448903352022171, 4.006354808807373 
208.3844451904297, 0.3930915892124176, 2.4588418006896973 
102.18659210205078, 0.38108327984809875, 3.715775728225708 
699.6234741210938, 0.4314393699169159, 3.6257638931274414 
198.79449462890625, 0.3448527157306671, 2.0788300037384033 
138.98663330078125, 0.2900982201099396, 6.034587860107422 
288.12396240234375, 0.36053597927093506, 1.677072525024414 
81.72412109375, 0.5715168118476868, 12.429080963134766 
580.1531982421875, 0.3129499852657318, 2.376190185546875 
189.58566284179688, 0.35848942399024963, 4.244978427886963 
276.26373291015625, 0.4335152506828308, 4.1194915771484375 
361.4587097167969, 0.4161693751811981, 5.841477870941162 
178.12057495117188, 0.21697548031806946, 5.188464164733887 
211.294677734375, 0.22941185534000397, 7.021014213562012 
342.53057861328125, 0.35742273926734924, 2.0461151599884033 
194.62744140625, 0.3953142464160919, 5.132162570953369 
61.51663589477539, 0.29632270336151123, 2.1197710037231445 
191.81520080566406, 0.3038749396800995, 2.6689963340759277 
1365.78076171875, 0.2562686800956726, 1.6941391229629517 
79.30815124511719, 0.24774566292762756, 7.91061544418335 
141.4046173095703, 0.23946376144886017, 2.3272392749786377 
313.6429748535156, 0.3519807755947113, 2.941176414489746 
351.0977783203125, 0.38048914074897766, 4.018908500671387 
63.09016036987305, 0.25705164670944214, 4.2397541999816895 
887.5770874023438, 0.3167298436164856, 6.7639970779418945 
384.6114807128906, 0.367340087890625, 4.672513961791992 
98.30091094970703, 0.3262532949447632, 2.8259410858154297 
103.2577133178711, 0.27871647477149963, 2.042006254196167 
100.30231475830078, 0.2628454864025116, 1.7185579538345337 
128.23263549804688, 0.39047133922576904, 5.250111103057861 
613.5494384765625, 0.31217649579048157, 4.213018417358398 
51.30671310424805, 0.22912180423736572, 3.4932053089141846 
131.7608184814453, 0.375215619802475, 3.5229568481445312 
102.90939331054688, 0.36998820304870605, 9.757680892944336 
96.97648620605469, 0.28123754262924194, 2.145110845565796 
573.810302734375, 0.2738211154937744, 4.993065357208252 
154.0580596923828, 0.2786671221256256, 11.662941932678223 
244.86952209472656, 0.2495201975107193, 7.706483840942383 
120.70648956298828, 0.3116375505924225, 3.8429200649261475 
102.70482635498047, 0.3463783264160156, 6.0759663581848145 
82.1603775024414, 0.4023895561695099, 2.508155107498169 
170.76669311523438, 0.3073873817920685, 4.286311626434326 
100.38443756103516, 0.2740159332752228, 1.3387213945388794 
190.04498291015625, 0.38467246294021606, 2.0070507526397705 
142.8660430908203, 0.40248242020606995, 7.155942440032959 
294.62933349609375, 0.3306490480899811, 3.0840916633605957 
71.44500732421875, 0.26384496688842773, 3.4545605182647705 
144.13719177246094, 0.338763952255249, 7.780330657958984 
129.16854858398438, 0.21982258558273315, 2.9973442554473877 
128.6876678466797, 0.3109101951122284, 8.373641967773438 
77.61270904541016, 0.22166654467582703, 1.2973424196243286 
113.29154968261719, 0.32617589831352234, 2.654697895050049 
175.30020141601562, 0.4469875693321228, 2.182647228240967 
