0.43632015864008583
0.4216404953276232
0.4395179195235127
0.4157399327112233
0.43525381911597494
0.4627205789140705
0.4101705914062838
0.4440178978793357
0.41371490119651716
0.45556093121273655
0.46570599958094583
0.45388035222990997
0.4327779808918589
0.45502070066291617
0.5107961600551957
0.45640227253535925
0.4229775566590546
0.41911738940991017
0.3805918003419577
0.41708396430114447
0.4680101651749853
0.49403793660039724
0.45298570844297587
0.43182530075586334
0.45015881215715736
0.4100111616165957
0.42724559829497394
0.45436459748838354
0.4215414932486923
0.5112186158376355
0.45281074965192425
0.4279680304306512
0.4005403789575748
0.4011813472904917
0.4530787242894074
0.45273745636786183
0.48584368124535554
0.4317764115223687
0.46812141399985085
0.4060109826491519
0.40824113571630094
0.4191825858870959
0.49594995152840415
0.48292707806358687
0.4450793796420647
0.42461061162642344
0.3964201252443999
0.3802865936940167
0.37117509746469113
0.4121189995535782
0.4207388197977422
0.42178969147018575
0.39605859090243617
0.4623982388577703
0.4290193395028191
0.38111045899959756
0.3590162748015971
0.4650852957628839
0.46223032778377904
0.437889207412021
0.41670802135175
0.41788689053965056
0.3898091472616668
0.37075320033845816
0.43592834003990694
0.3638986005846943
0.348092727105601
0.4325113898392097
0.33118977295106045
0.3858765803174489
0.3618714874653223
0.4316998481201137
0.37445998308570705
0.41155205018097357
0.35428936212980255
0.4008026073605234
0.48645905546054313
0.427607724331491
0.41788127496495225
0.362682400957986
0.434624310024941
0.38471918982294845
0.3754620521848652
0.42258654593185346
0.41020274500487036
0.4002280343529953
0.374855969496037
0.410742022406121
0.36618708729881294
0.3943076990716468
0.3939387353871035
0.36813959798642565
0.3474333420189844
0.3661136768311949
0.39765346437812815
0.34791183155802535
0.3601493374852266
0.3131136686159169
0.4124286090998056
0.3702575863609391
