1.0, 1.0, 135.0 
1.0, 1.0, 135.0 
1.0, 1.0, 135.0 
1.0, 1.0, 135.0 
1.0, 1.0, 135.0 
1.0, 1.0, 135.0 
1.0, 1.0, 135.0 
1.0, 1.0, 135.0 
1.0, 1.0, 135.0 
1.0, 1.0, 135.0 
1.0, 1.0, 135.0 
1.0, 1.0, 135.0 
1.0, 1.0, 135.0 
1.0, 1.0, 135.0 
1.0, 1.0, 135.0 
1.0, 1.0, 135.0 
1.0, 1.0, 135.0 
1.0, 1.0, 135.0 
1.0, 1.0, 135.0 
1.0, 1.0, 135.0 
1.0, 1.0, 135.0 
1.0, 1.0, 135.0 
1.0, 1.0, 135.0 
1.0, 1.0, 135.0 
1.0, 1.0, 135.0 
1.0, 1.0, 135.0 
1.0, 1.0, 135.0 
1.0, 1.0, 135.0 
1.0, 1.0, 135.0 
1.0, 1.0, 135.0 
1.0, 1.0, 135.0 
1.0, 1.0, 135.0 
1.0, 1.0, 135.0 
1.0, 1.0, 135.0 
1.0, 1.0, 135.0 
1.0, 1.0, 135.0 
1.0, 1.0, 135.0 
1.0, 1.0, 135.0 
1.0, 1.0, 135.0 
1.0, 1.0, 135.0 
1.0, 1.0, 135.0 
1.0, 1.0, 135.0 
1.0, 1.0, 135.0 
1.0, 1.0, 135.0 
1.0, 1.0, 135.0 
1.0, 1.0, 135.0 
1.0, 1.0, 135.0 
1.0, 1.0, 135.0 
1.0, 1.0, 135.0 
1.0, 1.0, 135.0 
3.167150008621773e-06, 2.999996830886572, 2.6506166072789353e-07 
4.630228863505111e-06, 2.9999953675470343, 3.0025387204215055e-07 
4.721264143120417e-06, 2.9999952765389732, 2.965792634018696e-07 
4.588132566401535e-06, 2.999995409656302, 2.985028197124792e-07 
4.67370382079772e-06, 2.999995324065917, 3.010854441183679e-07 
4.370617872437117e-06, 2.9999956271831527, 2.968616568625397e-07 
4.753096607414866e-06, 2.9999952447143827, 2.955163729881122e-07 
5.001267533124973e-06, 2.9999949966622372, 2.79480974620948e-07 
4.892462291162936e-06, 2.9999951051086042, 3.2792918807472336e-07 
5.241336675736964e-06, 2.9999947565088494, 2.9085410304046715e-07 
5.1157016655786815e-06, 2.999994881822062, 3.3429683578562955e-07 
4.509289328457732e-06, 2.999995488613736, 2.830863261935015e-07 
5.652621067847366e-06, 2.999994344922193, 3.316597709098524e-07 
4.842593209483463e-06, 2.9999951552780377, 2.87381592740351e-07 
5.487190968772166e-06, 2.9999945105481935, 3.052130845430732e-07 
5.330242458455295e-06, 2.999994667595692, 2.9184973569948595e-07 
4.629418883794031e-06, 2.999995368605939, 2.666489361117175e-07 
4.032065313017867e-06, 2.9999959660074236, 2.6018062464913585e-07 
5.343333778508988e-06, 2.9999946545060423, 2.9162417952599045e-07 
4.25292597855744e-06, 2.999995745162934, 2.5799678184261316e-07 
6.044441951177436e-06, 2.9999939533162063, 3.0264868578151365e-07 
5.405396581734095e-06, 2.9999945923646814, 3.0222947728722504e-07 
4.7143380108568496e-06, 2.999995283408585, 3.0420954608143834e-07 
4.542384282068081e-06, 2.9999954553014634, 3.1242440170597535e-07 
4.806771879683124e-06, 2.9999951908472906, 3.214120199625556e-07 
4.835462733990418e-06, 2.9999951624895305, 2.764443085091948e-07 
5.988441799121295e-06, 2.9999940092111967, 3.1684551131717594e-07 
5.014267854408613e-06, 2.999994983695889, 2.748946781271347e-07 
5.172894575759765e-06, 2.999994825181661, 2.5970805640855785e-07 
5.555912056839014e-06, 2.999994441747816, 3.1591711486015455e-07 
5.039855594684891e-06, 2.9999949581714853, 2.6634421431314356e-07 
5.83479299329092e-06, 2.999994162952885, 3.0430640045265983e-07 
5.8675013232642954e-06, 2.9999941300124378, 3.35642321690829e-07 
5.311206861024855e-06, 2.9999946864878844, 3.1120941353516556e-07 
5.149262524616943e-06, 2.9999948488432553, 2.5571972686247994e-07 
4.492778755676299e-06, 2.99999550530867, 2.581975190096125e-07 
5.126889292939011e-06, 2.9999948710205304, 2.821738867801046e-07 
5.64509143835893e-06, 2.999994352498782, 3.2532019715033594e-07 
4.913165002831012e-06, 2.9999950845364682, 3.1030138471153283e-07 
4.332832534193119e-06, 2.999995665534155, 2.204969959290574e-07 
5.832796927623868e-06, 2.9999941649405315, 3.0544297934883466e-07 
4.2823931699319065e-06, 2.9999957152893795, 3.1285585481519743e-07 
4.95352441984463e-06, 2.999995044359537, 2.85665786170323e-07 
5.2178972730204256e-06, 2.999994780123614, 2.671801908454603e-07 
4.168368823811245e-06, 2.9999958299761316, 2.2343103806192315e-07 
4.218971711096895e-06, 2.9999957790934197, 2.612072730083432e-07 
4.3558130800659e-06, 2.9999956421378613, 2.766229266853642e-07 
5.74165219543681e-06, 2.99999425617027, 2.93967135846441e-07 
5.409033991552185e-06, 2.999994589139137, 2.4662765419268707e-07 
4.429886001088277e-06, 2.9999955681916064, 2.595230213970466e-07 
4.860678592270453e-06, 2.9999951374507203, 2.525428335076968e-07 
5.561593924117327e-06, 2.9999944361773263, 3.0088122811286856e-07 
4.942841286854749e-06, 2.999995055146351, 2.716689648966734e-07 
4.3436666277509385e-06, 2.99999565442312, 2.578840881208798e-07 
4.853107800168331e-06, 2.9999951445629844, 3.1444401576712535e-07 
5.6311822364268766e-06, 2.9999943664990862, 3.1302143516402936e-07 
5.1056310261580525e-06, 2.999994892111999, 3.0469157834079213e-07 
4.901337303550391e-06, 2.999995096486323, 2.9381040650069737e-07 
4.733887310946848e-06, 2.9999952642268464, 2.545887310175365e-07 
4.94398238362295e-06, 2.9999950537294957, 3.0889628281652666e-07 
4.541005769416943e-06, 2.999995456876617, 2.8587782688549154e-07 
3.989245581416116e-06, 2.999996008448547, 3.1129262902646103e-07 
4.827004875490619e-06, 2.999995170869231, 2.8699557320980974e-07 
5.479716006327102e-06, 2.999994518246552, 2.750545506735043e-07 
5.151716226589643e-06, 2.999994845989399, 3.097405226262495e-07 
5.263403718609783e-06, 2.999994734419388, 2.9388061574907114e-07 
5.934103721466437e-06, 2.999994063746377, 2.902366478622438e-07 
5.891194498455254e-06, 2.9999941070185843, 2.4123385649921534e-07 
4.501227007995661e-06, 2.9999954966858193, 2.817683281474396e-07 
4.131858600920595e-06, 2.9999958661255466, 2.7214007159714287e-07 
5.700553017062829e-06, 2.999994297158962, 3.0888284236873407e-07 
4.919561077130565e-06, 2.999995078326908, 2.851220611618052e-07 
4.966695186311908e-06, 2.999995031238349, 2.789727394329572e-07 
5.51524961083206e-06, 2.9999944825468083, 2.974834277444675e-07 
5.592663917906145e-06, 2.9999944054147822, 2.593754320368954e-07 
5.628432941064434e-06, 2.999994369534896, 2.7434205520366695e-07 
5.117298574138491e-06, 2.999994880719657, 2.6753878357143135e-07 
7.142210416485814e-06, 2.9999928556127125, 2.938776071094364e-07 
5.037866289039562e-06, 2.999994960032267, 2.8369492351640066e-07 
4.967529936699646e-06, 2.999995030191969, 3.075427598094127e-07 
5.28306380792941e-06, 2.999994714688844, 3.0339202919848165e-07 
4.845973811123252e-06, 2.9999951521173585, 2.57692130249898e-07 
5.541565655102033e-06, 2.99999445650494, 2.604696754077966e-07 
6.216105083370159e-06, 2.999993781559872, 3.152310019784702e-07 
5.444840402405135e-06, 2.9999945530274466, 2.8784037975327774e-07 
6.462517041499926e-06, 2.999993535815142, 2.251552569837293e-07 
5.90486361867924e-06, 2.999994093123339, 2.7176074516826473e-07 
8.936878727968832e-06, 2.999991061089259, 2.7432175055380293e-07 
6.275171071990499e-06, 2.9999937227252933, 2.839906213783845e-07 
6.17250890784397e-06, 2.999993825592632, 2.5629216181387095e-07 
6.5199262090315085e-06, 2.9999934783084288, 2.3832385640509397e-07 
6.818050812319329e-06, 2.9999931802362343, 2.3124871901692416e-07 
7.721701541888022e-06, 2.999992276500023, 2.427887145227163e-07 
6.729001442431677e-06, 2.9999932688066493, 2.959075433623596e-07 
7.790216425190576e-06, 2.999992207872106, 2.5804830873421585e-07 
8.766159371363873e-06, 2.9999912318624395, 2.6705549524220073e-07 
9.790033356429672e-06, 2.999990207735523, 3.0120132932342913e-07 
8.12415625476002e-06, 2.9999918739963, 2.494051583115625e-07 
1.1124859534109148e-05, 2.999988872956804, 2.947944425765026e-07 
9.952164974875971e-06, 2.9999900455823845, 3.04106523050457e-07 
1.158246327534081e-05, 2.9999884153355687, 2.971560701083942e-07 
1.309940970621268e-05, 2.9999868983632907, 3.006454091500516e-07 
1.407117961700865e-05, 2.999985926731568, 2.819899896660889e-07 
1.2822788940374749e-05, 2.9999871749817753, 3.009534011014895e-07 
1.4021999337758568e-05, 2.999985975887436, 2.8528553691143613e-07 
1.3416808474703646e-05, 2.99998658112825, 2.785421778920681e-07 
1.7478832262444343e-05, 2.9999825192162723, 2.6344780384919057e-07 
1.6611453115536876e-05, 2.9999833865346788, 2.716478247545588e-07 
1.794354408274142e-05, 2.9999820543460154, 2.848367262854838e-07 
2.001143951197909e-05, 2.9999799864777437, 2.8117049580194355e-07 
2.2144335885499732e-05, 2.9999778538706545, 2.421171381050266e-07 
2.5925832368135395e-05, 2.999974072104031, 2.7858611376193334e-07 
2.1406758779051674e-05, 2.999978591118709, 2.865390628949087e-07 
3.306769094238369e-05, 2.999966930319714, 2.685614122132067e-07 
2.5582286577137478e-05, 2.9999744158487784, 2.517270517864911e-07 
3.440479575788896e-05, 2.999965592875217, 3.144184335282947e-07 
2.2386514572553156e-05, 2.9999776114005465, 2.814589097940022e-07 
3.1614793458672646e-05, 2.999968383222509, 2.6784441791675173e-07 
3.6042423650569214e-05, 2.9999639551378303, 3.292000027263034e-07 
3.702937912490304e-05, 2.9999629686817473, 2.6178224527525177e-07 
3.51482617369556e-05, 2.999964849879675, 2.5090942611932645e-07 
5.386828627962356e-05, 2.9999461295592305, 2.908561251101019e-07 
4.758609912090216e-05, 2.9999524118035223, 2.831431362315743e-07 
5.8399745254063005e-05, 2.9999415981921893, 2.7844511633162613e-07 
5.5138076247169304e-05, 2.9999448599161576, 2.710253366795135e-07 
5.9254768328419915e-05, 2.999940743054513, 2.93916380025232e-07 
8.325324895598104e-05, 2.999916744726774, 2.732764780486649e-07 
7.962303281644862e-05, 2.999920374950341, 2.722738115815395e-07 
6.781871993465111e-05, 2.999932179426297, 2.5025875195772595e-07 
7.375459630953625e-05, 2.999926243556498, 2.4937095848658453e-07 
8.587624709992841e-05, 2.9999141217223557, 2.741234710094858e-07 
0.00010645710869758815, 2.9998935408333893, 2.778183086516009e-07 
8.056927463655182e-05, 2.9999194285326554, 2.960155702315489e-07 
9.808862775665085e-05, 2.99990190938974, 2.67637970325543e-07 
8.910287965712115e-05, 2.999910895370984, 2.3616356886387576e-07 
0.0001121494887050848, 2.999887848693579, 2.4539162823775265e-07 
0.00010927359013074277, 2.9998907244691244, 2.6200062535748775e-07 
0.00012385416260629926, 2.9998761442592237, 2.1305298110897154e-07 
9.429905176591046e-05, 2.9999056990233197, 2.598634753697418e-07 
0.00010727528753082136, 2.9998927230499133, 2.2444508791381506e-07 
0.00010568409316203237, 2.9998943142387695, 2.2518930503795379e-07 
9.97802217250002e-05, 2.9999002178368577, 2.6209140223786744e-07 
9.499099070055605e-05, 2.999905006977211, 2.7433193350301234e-07 
8.07827015401789e-05, 2.999919215532557, 2.383968956232328e-07 
8.065015754605274e-05, 2.9999193479832833, 2.509880295462474e-07 
0.00013123070589981582, 2.999868766931071, 3.190089397682462e-07 
9.565686325666554e-05, 2.9999043412352684, 2.566991397572051e-07 
8.573961321544079e-05, 2.9999142587055014, 2.2697318835845063e-07 
0.0001148067245033973, 2.9998851916614924, 2.1789055441672247e-07 
6.926164928493903e-05, 2.999930736686272, 2.2469973471586045e-07 
3.148297943302595e-05, 2.9999685156900875, 1.7961470793408113e-07 
3.376631590831636e-05, 2.9999662321511886, 2.069419475255589e-07 
2.568093404279849e-05, 2.999974317616496, 1.9567725784722537e-07 
3.3116187731869586e-05, 2.9999668820385534, 2.3945154817311595e-07 
2.2622269840593796e-05, 2.9999773762627457, 1.9810083255428066e-07 
3.062177583978618e-05, 2.999969376836553, 1.873268948578895e-07 
3.382980267486309e-05, 2.9999661687758157, 1.91903734230621e-07 
2.8899272928210016e-05, 2.999971099492537, 1.6666227306519303e-07 
4.242308821322786e-05, 2.9999575756349985, 1.7236643546060097e-07 
4.364955244696104e-05, 2.9999563487993925, 2.2250165566086732e-07 
3.853823203597899e-05, 2.999961460661573, 1.493627458878004e-07 
4.064141479718841e-05, 2.999959357205577, 1.8624952121270924e-07 
4.953891402028069e-05, 2.99995045976098, 1.7887496675204294e-07 
5.6566406239232425e-05, 2.999943432237647, 1.8307534809841364e-07 
7.135993531596338e-05, 2.999928638788032, 1.7234799084575305e-07 
8.231306574478605e-05, 2.9999176853206078, 2.1784236778348913e-07 
8.321175472990741e-05, 2.999916786880209, 1.842832829019662e-07 
9.11143014845105e-05, 2.999908884380703, 1.7790469881284796e-07 
6.391157004644789e-05, 2.999936087129402, 1.7557446207127228e-07 
7.071226323286115e-05, 2.9999292863780367, 1.834285645626352e-07 
