0.34054003978010766
0.3523747466229898
0.353467475923319
0.3424328933190984
0.36247632170980154
0.31738077846145435
0.3445816251539415
0.3565379338562145
0.3472874982246039
0.3436321276046919
0.32543800791407923
0.33010799846985306
0.33601217362080155
0.3326516442520175
0.33522803731389295
0.32316290688044325
0.3559875967418818
0.3566187169007991
0.3551332860979067
0.35058994933615184
0.34849606128194915
0.3218714505265583
0.35090269403497815
0.359994732933591
0.37128937382182353
0.34838167516179896
0.34327791793237566
0.3360640862913725
0.34521398701477574
0.3540701887265603
0.3401270169241156
0.3335859497991918
0.35318127471078103
0.3113415433600339
0.35757007762309045
0.3408370811947136
0.33004906013756047
0.35134764022380544
0.33892735829448095
0.34471962717683635
0.3490089543060773
0.3464817460283019
0.33590076982005057
0.332973958581068
0.3395021447079248
0.3277233175864692
0.3357472086136448
0.3439466242296492
0.32918331531747697
0.34726265556080277
0.34385970312981834
0.32293652985159155
0.3256273679821516
0.3335081923316868
0.3160862702005092
0.3313727039792296
0.328924002941303
0.3226975212925144
0.3212318878174515
0.34427063679966374
0.34050103712908514
0.3450293252030001
0.3329342226347616
0.32192364503835513
0.34617882304339914
0.3355621140716331
0.3318184397662432
0.3078731203511838
0.3170051969537374
0.33782145762944826
0.3111840896480094
0.3464909441219772
0.3037522731065613
0.32843974354561023
0.32729998782002434
0.33392423176751707
0.31010552734128
0.32743773910470203
0.33758868526427016
0.35109531792730503
0.35142187019252147
0.3235643785583684
0.33811445203545387
0.32009827874360547
0.32809507973011465
0.3131907035849886
0.3155375391583941
0.3070500930942904
0.2964651316194044
0.3266948306512448
0.3294757231039935
0.309178637787013
0.31026464243192003
0.3358243287365008
0.3131748820582087
0.3054994768656207
0.3388900799075386
0.33439520952476337
0.3107431360868059
0.3172471295990702
0.3232974230916956
0.3233118790463643
0.3235287131668682
0.3143576571314428
0.3234743663036878
0.3284915563766308
0.3202139766852496
0.3330844675495465
0.3223192147987847
0.32216073480361757
0.3180225434973793
0.311469687472692
0.3300538142308301
0.3118761916717832
0.3383417942900262
0.322336615694146
0.3072905795056424
0.3168229807151078
0.30585805653950654
0.34268781451791663
0.30478655627589624
0.3025084876966092
0.3214971698769089
0.3068098486465518
0.3375557522688593
0.3205782861882297
0.3136761858715989
0.3191825088547019
0.33293889504149216
0.33038461877865727
0.31240361446540477
0.33185324402877947
0.3015168125028743
0.3105646805206855
0.3262085417620323
0.30399930646668794
0.3087088526720138
0.32301213538428675
0.33742838888643695
0.31366421960933727
0.3274560325912067
0.32950184764104473
0.3325791210236569
0.32493170660658643
0.34349586098231716
0.3151277045371689
0.3054928497716029
0.3253893117433251
0.33365820276160396
0.31257385012912586
0.31998267734620706
0.31759838952172187
0.3075897872688309
0.30410581902699535
0.30659093718958613
0.3199557357377583
0.29778615776277767
0.3112823929023942
0.3222169951634473
0.3172734392815471
0.3211751336635258
0.3112061102037674
0.3131933129898998
0.33745255716110706
0.31254199950892503
0.3187599344702635
0.32485259379247367
0.3247371054670778
0.32245595864672644
0.3113442029769657
0.3225775289302048
0.3115721326578872
0.32635801860607716
0.3203039565874684
0.31595266220687723
0.3303339156549647
0.31026092505571756
0.32141396215331447
0.3160973560335415
0.32412461784972985
0.30732077887187353
0.3193910066462186
0.33022579291517834
0.3150845434053153
0.32598316945856615
0.29883150184690127
0.3115936199735318
0.33430733083863207
0.31890934046512376
0.2969596541748481
0.3221381595143662
0.3136424685309079
0.31760002590698716
0.3111948262994534
0.31903406119291683
0.33213829520385935
0.32617025821757273
0.3083686530911943
0.3022763580255519
0.31078236451381086
0.3322923996138133
0.3088484017633348
0.31033221906917985
0.3213405339605248
0.3076449224228052
0.34027450437301315
0.3288185289258369
0.31654082465710864
0.3200151072739954
0.32194686229104685
0.31768636992587473
0.30743410606752686
0.32242261470308364
0.31802060792956516
0.3195601989475427
0.3033876735759976
0.32064636483410813
0.3133742773405401
0.3084605799876325
0.30395742128109604
0.3210108432069009
0.314737461268052
0.31135967074279686
0.31260355528495554
0.3034612353384701
0.31373604764724106
0.3409156364298636
0.29178092484512635
0.326962123320262
0.3039045023006572
0.3194357085509509
0.3103460740246531
0.3148076960018703
0.32554880394020935
0.30803937084698185
0.32148719763529193
0.32192947784189807
0.3079295126541007
0.32144175727383884
0.30222669665053625
0.3048034805701488
0.34107050824961904
0.3233209550037362
0.3101076977971237
0.2871270293116672
0.339615882537435
0.3236074679282232
0.340451119761605
0.33729380472619
0.31192500984579463
0.3005068911682634
0.3376893696803299
0.31817386165467276
0.31094321009406845
0.31599078998227137
0.3345837268274501
0.30838933494800386
0.3183227914776052
0.3023169651533121
0.31258944468787325
0.3246868272839878
0.3063494640355286
0.3190222212332322
0.35215530926490435
0.31944729951918466
0.3206389322104405
0.32702098420739584
0.29931548150247694
0.32423717309699357
0.30325413842938737
0.30647468510242654
0.31294429423673775
0.3178848169984356
0.32533271660521834
0.32327380644861387
0.3046004318381115
0.3365087122291601
0.33462568385202507
0.3007905350178309
0.29752308126401655
0.3149120246794092
0.32202229090893325
0.3171163206310591
0.301985376501619
0.31882581357685374
0.3109519053100338
0.33440059989321685
0.3163194307190482
0.32417979990539875
0.31995987184431557
0.32395207615835325
0.3019039067117849
0.3036024767544962
0.3144064010957831
0.30907260489645777
0.3027787171875573
0.32619812021521244
0.3274083448754203
0.32385852114052815
0.3105127692205428
0.3232814775230492
0.3111333943697439
0.29906513547945407
0.3094214043077854
0.3152186327961527
0.3213150987030363
0.3237909205522912
0.3119558889221954
0.3212955220847086
0.3280369944286786
0.32359644909676866
0.3346721051509754
0.3188221283291342
0.3030003241664614
0.3204050555928237
0.3180133647710291
0.3083094288401889
0.31102763990172044
0.33391483653388265
0.3291851135168207
0.3107368450199816
0.3044241413748759
0.3189218274831626
0.3044550043470677
0.309794299064144
0.31880976863995125
0.30499370705147494
0.3463763310745667
0.3073062856814691
0.32669828562194714
0.3270980246485241
0.3180160768381599
0.3086353247933742
0.3029819785269655
0.31843325390999766
0.30755703830190245
0.32982531109232505
0.31776865169165597
0.3228376332084618
0.30687959226543593
0.32566296217602586
0.3055983087657371
0.32043247148909604
0.3096511838313896
0.3169647409378933
0.32125057749158364
0.32532671201235963
0.3476407723458407
0.3067371633042225
0.3139999759713969
0.3132677883390457
0.327472534545693
0.32016941965965356
0.3019817587940992
0.31896437092980345
0.3162143813609253
0.2925501421988783
0.31319049338934607
0.3353001693529742
0.31473281952951637
0.31376904036317554
0.29453864034419786
0.30484572083856654
0.3159943066606049
0.3231569849714328
0.32167453890932457
0.30904235532893565
0.2981403192316401
0.31984114780816064
0.3289329958950869
0.30909702707133535
0.3056186814513487
0.3144725545433946
0.31465268487857506
0.3163426753727951
0.2866433653765903
0.3184646424335269
0.31256370045553705
0.3168599795429937
0.3082388546918669
0.286466940082953
0.3191045418828039
0.3066016777916404
0.3020713405022698
0.3039794155023134
0.3099356119098219
0.3218084203748865
0.3194206262732671
0.30989398820162645
0.2958751489850371
0.31609843008666544
0.33319134450590554
0.31578345040571854
0.33588359429402287
0.310288769909994
0.33211604640754755
0.3137671356926316
0.31980139158734805
0.3143549559955498
0.3205160079223494
