-139.35699989608906
-326.11007537050733
-440.52138592241
-435.82532653061475
-515.3795250220232
-426.37431130211473
-559.2917228558097
-540.5306563838835
-612.4292701708007
-560.7800646443521
-534.5560681655111
-613.5390799693797
-619.7133655229471
-682.242305575428
-707.9912270016384
-636.9801753039734
-782.6541882879723
-798.3824286570747
-779.3268344720938
-822.0801694272301
-746.2980832394367
-731.3153525288753
-803.9301895150392
-870.8472249958372
-872.1027944011073
-846.2037741313882
-829.8274907098937
-846.5680768237136
-845.506742174175
-903.0797136104601
-830.3149319398239
-852.7163868038335
-873.0861586997037
-802.1097629740491
-921.2748495005243
-884.5463229104671
-831.4751691818237
-917.1536396055178
-884.8194605216453
-874.9395707917104
-909.0094833374023
-924.7899335342618
-878.634187962053
-880.5195231459658
-904.3142010033955
-870.8251395511188
-870.4447885482542
-927.8019663727229
-896.7205133042577
-947.0061412363009
-944.2879102153163
-864.5864393524311
-908.2320554267426
-932.5149655100388
-882.8306711829753
-920.515033387918
-911.4803618505803
-904.16541464977
-909.3856330533182
-938.2254192202871
-963.3604956596129
-985.4076878771804
-953.4199607603011
-893.7489097283183
-998.5706146697295
-935.1650567999633
-962.0961499346017
-895.0305821994483
-935.3692316613439
-980.3044376285395
-912.5190941771054
-1007.4057603475685
-884.2496950351698
-962.7900980584633
-947.9695430351293
-966.0129169165264
-936.5302667002524
-985.5217639466035
-992.9416511113742
-991.0616799104049
-1036.648944133987
-962.7747025346976
-988.8836884388726
-952.2012647198093
-994.6085654755342
-921.4370510699013
-958.7405245117328
-949.0154655210433
-894.5268748257017
-984.6246572046236
-990.6019904316845
-940.3127732342839
-940.2853510632493
-993.2704559537123
-952.8169512946484
-949.8403325091858
-1009.3169067466314
-1016.5644705987746
-963.565615974813
-977.7747333368399
-991.7847963851718
-1011.582412825202
-992.5561122147169
-975.3477104468279
-996.5623571510139
-1032.666097227879
-973.0698948170183
-1014.120988169024
-999.5397342163296
-996.2150628226144
-987.0253838635809
-954.9182524758
-1019.3916324184787
-952.0715062409502
-1060.5781135031705
-1025.4216855308428
-959.2877827657533
-973.0243802400229
-967.4106020202286
-1057.9736429029895
-975.5878622257216
-946.3932593912573
-1024.0707647262082
-963.8000975841751
-1033.6603197370257
-1009.1142726669663
-935.4770058486869
-1006.0561587162282
-1036.6071147830805
-1031.6021011633807
-987.8404120695756
-1044.898295072916
-939.4062560252879
-1019.8881206446529
-1039.5404318532635
-960.7830007966213
-969.6588261512018
-1020.9807491741972
-1038.3792246234032
-990.1898728603592
-1042.7681100731072
-1039.4059596622046
-1029.823246432889
-1033.9264043113603
-1082.6599412821406
-1010.0845897999777
-958.6512592333253
-1039.4395334094352
-1061.5952345676685
-1005.4903271758611
-1002.6453935473745
-1014.6676633984263
-995.8075085125761
-967.3616077229724
-995.8051280272172
-1029.2407307207309
-954.3059335524036
-998.1562268832862
-1041.2271736689977
-1031.5718607309227
-1022.4623608215613
-1016.6923460191296
-996.5191153930629
-1089.565279384912
-1014.9634946491311
-998.5538837063697
-1048.0107319827453
-1043.1274475941461
-1047.470119063206
-1008.7777832048829
-1051.4634136076897
-1022.5805429555304
-1058.7999602990217
-1065.3979357442547
-1057.6765496390205
-1066.2684238978795
-1004.2704311142319
-1063.602110040902
-1046.8117464698405
-1047.7404689613027
-1033.8432097544867
-932.8561849572142
-1033.4379166985436
-1027.512339824905
-1049.187592822835
-956.9347144623506
-1010.20533105525
-1078.7674933314872
-1029.39620824014
-960.8351010617023
-1055.0908723822388
-1003.0467786393407
-1029.83636178399
-1021.4275790095878
-1027.8733293032317
-1060.2968178674373
-1074.3849649517217
-1005.2901628951323
-955.0246939241612
-1017.3672718100834
-1096.815556715161
-1017.4193639447612
-1022.5905630577545
-1058.8721468173962
-1003.4038982061746
-1089.6770695277623
-1041.8917213123516
-1041.5707898645358
-1061.471664569345
-1049.19963706144
-1055.268435043124
-1025.8096687035627
-1074.8625328046385
-1043.082720044571
-1046.9463500075626
-997.9964689439342
-1037.517208152103
-1027.6594382936505
-1014.9427057433238
-1002.8527054676812
-1039.5094060238605
-1028.7733896415905
-1028.0363132459227
-1026.1494420135077
-997.9910032650292
-1021.1152803974767
-1134.0984188027096
-989.3950941375873
-1081.063474804575
-1033.5960415079846
-1056.983263604652
-1050.975070302937
-1049.7203357450423
-1040.0397306169782
-1016.8925357765866
-1041.3051644953714
-1045.3154893866333
-1035.4852449267692
-1064.3916920604793
-1006.7886285628042
-990.0500601843205
-1098.9176226760935
-1069.8029544847902
-1039.1430523076915
-969.0377780061713
-1136.012427685997
-1090.5171814975652
-1122.5503607016005
-1115.0963438622962
-1032.5289838764525
-1000.3086997770494
-1111.9608566354498
-1059.437671802011
-858.0307057112593
-983.843176485756
-1031.1499253901468
-988.3512604796941
-1028.3441047053184
-962.9834075743153
-1006.3909817269321
-1060.9184396102132
-998.12550164148
-1034.1057855720344
-1147.635139816917
-1046.3671821646976
-1044.6648478705763
-1083.575987811462
-1015.8313368872014
-1049.7616307834326
-1006.6766115707187
-1032.712977220386
-1046.14478558659
-1007.1182595090382
-1060.9337130603703
-1075.8733667821928
-1038.9605546283283
-1115.3949043256346
-1101.9978666437387
-1007.4528042665825
-1010.567815490582
-1056.5640749074346
-1045.6232617285943
-1037.2851275255055
-1019.9286139879358
-1060.3592800281015
-1049.3996526173182
-1109.4080703489242
-1068.9768627887497
-1064.6425881451726
-1041.1001721571117
-1065.36511107414
-1022.8257348548432
-1042.5457952121435
-1065.1041389852076
-1034.728500539806
-1007.6695423115234
-1064.3711794180804
-1119.7820199887324
-1097.0269360520324
-1000.5697835139964
-1091.1630411455708
-1050.828739746375
-1009.2149472214659
-1045.2106376946797
-1078.4469126160793
-1080.571884423357
-1089.8810129440326
-1040.3768145104157
-1105.7220740603962
-1108.3774274834839
-1075.3523247362832
-1116.1382758848129
-1065.9406459474344
-1032.1532121385846
-1099.236346249207
-1048.3624756632862
-1009.7123175238684
-1054.2099321426883
-1138.5237837760678
-1072.7081112488074
-1040.9807843348947
-1002.4221212413454
-1087.956388842675
-1008.1771110631354
-1060.7337778328751
-1083.3885142946024
-1061.908068081201
-1146.4648169240643
-1052.9273769361082
-1077.2578826412077
-1090.6767245174003
-1079.4936796267461
-1054.0880387653403
-1041.9164595625916
-1088.3653840095767
-1051.6424715244275
-1109.2422191602293
-1063.565546800464
-1077.574370122725
-1044.7929415505052
-1111.932494800761
-1047.8371490267564
-1069.203963143485
-1055.7342700430875
-1068.0106237033544
-1071.3714166192965
-1080.4235546863574
-1156.0749125326834
-1059.0280985211448
-1052.4771141896051
-1068.5929731993083
-1127.6205960990096
-1108.8145489582819
-1039.0379118501864
-1052.9237477614583
-1061.8784373762421
-1001.6544236169982
-1073.888680339409
-1107.2352748993903
-1050.8483088972382
-1073.0729417229577
-1003.1723934120846
-1035.4164082751297
-1041.85922486002
-1082.4152616729384
-1101.8109985474616
-1048.7400363271686
-1036.8882366215578
-1084.3967903945852
-1097.8320155341505
-1039.3667653167304
-1061.7169263110184
-1079.29306954942
-1060.9057318955522
-1073.2147420891968
-979.3863463599561
-1084.469737672586
-1086.6437090684742
-1088.900026699365
-1063.8573816360965
-985.0571188860774
-1079.9762909709034
-1041.5277926031895
-1032.7597947713966
-1032.8919890970678
-1062.4709390231542
-1100.2225158005815
-1102.8385964307918
-1057.7369381777153
-1024.1704715078326
-1084.91410047118
-1075.9676070323187
-1091.7737593057518
-1116.7342121634065
-1049.5895078270116
-1129.2580650742702
-1080.1734796163673
-1127.3748935224824
-1075.6264964512416
-1077.6592512702064
