0.085
0.11
0.085
0.11
0.09
0.095
0.11
0.105
0.07
0.105
0.075
0.075
0.07
0.1
0.1
0.135
0.095
0.11
0.125
0.135
0.1
0.115
0.11
0.09
0.1
0.13
0.1
0.1
0.09
0.095
0.1
0.04
0.115
0.12
0.09
0.09
0.115
0.08
0.125
0.085
0.1
0.11
0.14
0.11
0.1
0.075
0.1
0.12
0.085
0.065
0.115
0.11
0.07
0.11
0.135
0.1
0.125
0.11
0.12
0.12
0.125
0.135
0.145
0.175
0.125
0.11
0.14
0.165
0.195
0.21
0.175
0.16
0.165
0.16
0.16
0.16
0.2
0.18
0.185
0.175
0.18
0.215
0.175
0.19
0.22
0.245
0.15
0.23
0.19
0.19
0.19
0.21
0.25
0.225
0.26
0.175
0.205
0.235
0.22
0.225
0.22
0.205
0.23
0.235
0.24
0.23
0.26
0.21
0.25
0.17
0.21
0.225
0.235
0.235
0.25
0.225
0.29
0.32
0.325
0.31
0.26
0.315
0.25
0.22
0.35
0.285
0.305
0.27
0.265
0.365
0.335
0.345
0.34
0.345
0.33
0.325
0.345
0.365
0.315
0.37
