0.3382065256259271
0.3521001641960463
0.3422335308251156
0.3311581042131692
0.3467473315296605
0.3315160862247412
0.33418125335839555
0.35079413632302187
0.3468378916863472
0.3484692762389646
0.35237802454637374
0.3345489879267522
0.34366779409274933
0.3426907834798647
0.3481202935156185
0.3397811065805638
0.3406310886045926
0.329985988837096
0.3504369852695322
0.34203250786881845
0.3193730493945237
0.32781880109867056
0.33745364011544304
0.34743906546401265
0.3434583211568729
0.3415698782811242
0.32781759825613443
0.34811861413930145
0.32435388369957835
0.3575213088241968
0.3347970609969464
0.33513872149241614
0.33568040153638284
0.3277832057950954
0.35898928585878576
0.34730178995856215
0.3390400131117158
0.34454461650639634
0.3565872669528981
0.34519196207278885
0.3410308175218133
0.340984800165253
0.3551278885583767
0.35687990355131555
0.3155591715479158
0.34125512808964753
0.34699131747544637
0.3464219482896704
0.35346346870810436
0.35578646099710975
0.3422226095872541
0.3328253012000313
0.36369445277935897
0.3319329170570258
0.33607916015496453
0.3415194817642737
0.3340010050564043
0.3483811574837854
0.3411304315880439
0.3242156565047732
0.32553048364062737
0.336049513831254
0.353330332219326
0.3418340863067708
0.3222800062342723
0.3210386747520091
0.3424975440026291
0.35124069007654346
0.31880085497304866
0.3328876820380031
0.3320800002475488
0.3244861763245362
0.32662562894622027
0.31938223416105876
0.34692024710171854
0.33758236608609626
0.33073293711466517
0.3061669593084655
0.3326915879926992
0.32547721254729456
0.31985419725973485
0.3312817752910649
0.3194101692264801
0.3298521583668098
0.3318074012887643
0.3264845276792203
0.326182613528574
0.33468677946430747
0.326074745038241
0.31619071644357477
0.3112829430736945
0.30368933173900786
0.31956628779773405
0.3067784535737219
0.3362458412120256
0.31720221948955846
0.3302058433847768
0.3310852939529078
0.311118155239313
0.3402030200349845
0.32155994241327596
0.33815331336471344
0.3052543653819006
0.32431113988822025
0.3212422536093793
0.311494480797051
0.3167176495482158
0.32507716057487346
0.31986216811918167
0.32755794593300414
0.3046268002765279
0.32823219897079575
0.28928116572943563
0.29471599657414693
0.3107689408551095
0.3176531515981195
0.31103562316449557
0.32938256174377445
0.3128592479150004
0.308788932559471
0.32497487849800544
0.3132346134959003
0.32246177465534737
0.33505130892250395
0.29548698049982847
0.31213125031203254
0.29522667508271916
0.3124903316871362
0.3080415539615165
0.3082922618827581
0.29966003362793253
0.3265376092934732
0.3111260002779384
0.3195659712832507
0.2841463736558874
0.3114791398498869
0.30553693617458033
0.3010051177067828
0.3016370087947851
0.2978752543248476
0.32160668801151493
0.2992113793594977
0.30863914267945397
0.3001997547067513
0.30544185727697365
0.2858110772239791
0.2935255406948004
0.30410750701268147
0.285453399327854
0.29933032636693785
0.30058089879766314
0.2959889460071784
0.30497890246027765
0.309289677004214
0.2798101441024841
0.3034547714619524
0.3032425872998716
0.2977563850924991
0.28968106905504853
0.2931216370265004
0.2977243480637395
0.29189576756226304
0.2988147358603192
0.30355607214800084
0.28515585379305936
0.28888510205795825
0.3088984570169847
0.27534252003882476
0.30140064824651497
0.30561771611189514
0.27988065359470204
0.3059852873726237
0.3032898672422918
0.28625793724368037
0.2871059004157301
0.2964022950642669
0.2977248217807525
0.2917049146656479
0.2767490378671115
0.3022636795236218
