0.085
0.075
0.1
0.085
0.09
0.075
0.085
0.08
0.08
0.085
0.11
0.08
0.08
0.05
0.105
0.1
0.085
0.105
0.11
0.09
0.105
0.085
0.08
0.075
0.115
0.085
0.07
0.075
0.12
0.1
0.09
0.1
0.095
0.115
0.115
0.125
0.115
0.135
0.12
0.135
0.155
0.15
0.19
0.16
0.2
0.18
0.16
0.185
0.17
0.15
0.205
0.2
0.22
0.255
0.22
0.215
0.22
0.195
0.23
0.245
0.24
0.235
0.24
0.245
0.27
0.255
0.28
0.3
0.33
0.285
0.315
0.32
0.31
0.31
0.305
0.31
0.37
0.325
0.35
0.375
0.31
0.36
0.3
0.36
0.39
0.36
0.4
0.4
0.335
0.385
0.38
0.365
0.42
0.36
0.45
0.42
0.39
0.4
0.42
0.43
0.415
0.45
0.395
0.505
0.425
0.475
0.44
0.46
0.4
0.485
0.495
0.445
0.465
0.445
0.455
0.475
0.54
0.485
0.455
0.54
0.45
0.5
0.55
0.515
0.515
0.485
0.49
0.49
0.52
0.56
0.525
0.55
0.56
0.47
0.53
0.485
0.485
0.585
0.56
0.555
0.62
0.56
0.6
0.57
0.54
0.55
0.63
0.565
0.63
0.585
0.64
0.565
0.57
0.615
0.585
0.585
0.65
0.605
0.575
0.575
0.66
0.615
0.58
0.635
0.67
0.645
0.65
0.715
0.645
0.63
0.695
0.63
0.635
0.685
0.67
0.685
0.72
0.72
0.675
0.625
0.71
0.715
0.705
0.725
0.685
0.745
0.68
0.715
0.715
0.705
0.735
0.715
0.705
0.73
0.695
0.735
0.76
0.73
0.755
0.73
0.78
0.74
0.71
0.785
0.72
0.785
0.79
0.735
0.765
0.795
0.715
0.765
0.775
0.76
0.795
0.755
0.81
0.795
0.755
0.745
0.76
0.765
0.805
0.8
0.82
0.78
0.77
0.73
0.79
0.75
0.825
0.79
0.805
0.805
0.785
0.795
0.815
0.775
0.8
0.81
0.79
0.82
0.81
0.89
0.78
0.81
0.825
0.825
0.795
0.835
0.81
0.785
0.805
0.81
0.825
0.835
0.86
0.82
0.8
0.83
0.805
0.82
0.8
0.81
0.855
0.86
0.85
0.86
0.815
0.835
0.89
0.83
0.84
0.81
0.85
0.84
0.855
0.855
0.87
0.895
0.91
0.825
0.86
0.845
0.87
0.86
0.82
0.815
0.86
0.82
0.865
0.82
0.885
0.835
0.88
0.845
0.865
0.895
0.845
0.875
0.86
0.865
0.85
0.84
0.895
0.82
0.92
0.85
0.83
0.88
0.825
0.86
0.84
0.845
0.835
0.835
0.85
0.86
0.855
0.875
0.865
0.825
0.88
0.85
0.89
0.84
0.815
0.88
0.855
0.85
0.795
0.81
0.875
0.87
0.885
0.865
0.87
0.905
0.88
0.825
0.865
0.89
0.86
0.86
0.845
0.91
0.895
0.895
0.87
0.825
0.87
0.89
0.885
0.845
0.875
0.865
0.885
0.905
0.875
0.865
0.935
0.845
0.875
0.845
0.805
0.86
0.895
0.835
0.845
0.865
0.885
0.875
0.885
0.885
0.82
0.9
0.905
0.9
0.855
0.905
0.85
0.835
0.88
0.87
0.85
0.89
0.885
0.865
0.88
0.855
0.86
0.84
0.86
0.8
0.885
0.89
0.835
0.895
0.88
0.855
