4.325053448754671e-06
-2.078721033109312e-05
-2.0083730649749784e-06
4.4886458506269576e-07
1.458670386773306e-07
6.87108610926458e-08
7.750022404006822e-08
6.689726546737738e-08
-6.40025616063109e-08
-7.043863486437807e-08
2.1143370587516535e-07
2.203062935459969e-07
2.892030392483818e-07
2.817897114230089e-07
-4.054871663144712e-07
2.7560412290378704e-07
1.4055369715678558e-07
-2.5957853766936417e-07
3.3472635491112485e-07
3.5237240847679475e-08
1.6419110639069543e-07
-2.457751275736767e-08
5.3248412510816586e-08
4.2807800686168595e-07
2.4493443296533e-07
1.304326108903668e-07
-1.5193788358705068e-07
-8.959159436237385e-08
-1.2738613089689746e-06
-4.096690081485816e-06
-1.3675331486243674e-05
-4.93166474251652e-05
-6.198397822589667e-05
-0.00019644883913165443
-0.0007196645287456569
-0.001680942830264346
-0.0032394599648399324
-0.003926814478670931
-0.007188428338986555
-0.00874638940064054
-0.007606264910306246
-0.01004676401473705
-0.012540637878275465
-0.01282107494413746
-0.014094531644417563
-0.011128490539417597
-0.01322372157226204
-0.01367917507410021
-0.016258438834022816
-0.01306886703262112
-0.015308165527399773
-0.017203616210695508
-0.017375087408958868
-0.01863687787863028
-0.018942575691324688
-0.0182058097392903
-0.019305105005339565
-0.020597375996179997
-0.020688138218315652
-0.020946552455155594
-0.019368355056410873
-0.01871791388488922
-0.021307014826117427
-0.021757739692851052
-0.02234605112290141
-0.02231269925234617
-0.023701787198797532
-0.022149828587688217
-0.02131248613832341
-0.02156703447252993
-0.02374243912037829
-0.023259729338523456
-0.022392962454167827
-0.022908612833171974
-0.024646911493516496
-0.026093556832325754
-0.024110058238106767
-0.023243248493830398
-0.02531008556520497
-0.02364807495912384
-0.026257709293108937
-0.0254522936801648
-0.02638198261428242
-0.024922875360369315
-0.027773020920353126
-0.026740976007737893
-0.02924649740873039
-0.026367409370501273
-0.0285585563313686
-0.029783574288613664
-0.032630646717871276
-0.0351564245398387
-0.03346563967003841
-0.0317262465687919
-0.03296064916930376
-0.03034924849234471
-0.032646484433838927
-0.03517430862715192
-0.03745427387444075
-0.034991459725081005
-0.03635593614130535
-0.04047831832468533
-0.038528570227604794
-0.038514699584131125
-0.03923194706571144
-0.03879726983559265
-0.039140019008133915
-0.037498295192383756
-0.044692993191044174
-0.041651622909120535
-0.045628143739331835
-0.04575866782903911
-0.050807317322409194
-0.051160395972074356
-0.05011846344016174
-0.04915617003915569
-0.052360006038563
-0.05698359243931389
-0.05077366849489946
-0.05161884457798515
-0.053073537949157853
-0.0522930900452324
-0.05596807687103359
-0.054471591102755124
-0.05492820458031946
-0.06054162327200174
-0.05579955190389544
-0.05595394378452028
-0.05837118848196358
-0.05847857341815354
-0.06446160567692642
-0.0605602832259654
-0.06155935045716488
-0.05928336820147599
-0.06184057765798818
-0.05889569542073695
-0.06067533556430955
-0.06359244177436037
-0.06373526020130764
-0.06157954381926405
-0.06381269015629772
-0.07138081453467321
-0.06674331325399274
-0.06289107454802378
-0.06588929010072868
-0.06946263716891851
-0.07133693824562642
-0.07260682520854501
-0.0718801788348451
-0.06863100591094884
-0.07112527761369208
-0.0696720865407129
-0.06746800801664277
-0.07021964594946974
-0.06912506638771003
-0.07126514875808809
-0.07416797253825733
-0.06875331541942815
-0.07368404022417963
-0.07600077972698197
-0.0702624639590214
-0.0683542074578886
-0.07178239024878094
-0.07336661236557017
-0.07185909813958627
-0.07457828138685642
-0.07359306405499542
-0.06813497549144797
-0.07261693464895981
-0.07308573087244491
-0.07606224135928591
-0.07598118215144564
-0.0770835643612338
-0.07715414126049465
-0.07490541958543365
-0.07788716763735666
-0.07353456655424055
-0.0816547436551501
-0.07035786533174039
-0.07732859242296485
-0.07439807021319852
-0.07490267138272313
-0.07734271931050958
-0.07390404031407194
-0.07888587711662046
-0.07407566058742399
-0.07651032777634305
-0.07788226733360212
-0.07877686976984213
-0.08502330483558278
-0.08261879482590746
-0.08312959090299345
-0.0815996190078824
-0.07564234180308162
-0.08028445853534737
-0.07930796003043476
-0.07573385954604422
-0.07912033466467012
-0.07574676869378617
-0.07866708979561506
-0.07945654476573598
-0.08314872864210768
-0.08270689094015025
-0.07707705311050533
-0.08184932621453885
-0.08860519618405895
-0.08000052342189938
-0.08504108141464435
-0.08128228274440752
-0.08552933651888349
-0.08456843325807036
-0.08665494928180192
-0.0819507706385683
-0.08361694218367863
-0.07823062048429194
-0.08336722955709988
-0.08098642893043727
-0.07827597624032558
-0.08338574086263462
-0.08244403538159993
-0.08772093346047306
-0.08278971373053276
-0.08604996439786584
-0.09032531890516794
-0.08943913390142887
-0.08634535193479097
-0.08645520960155682
-0.08911069181087501
-0.08406987070980998
-0.0854541240706127
-0.07810651344963007
-0.08333418470051221
-0.07804846837067268
-0.0844808470144482
-0.08747930374016172
-0.08430323050048737
-0.07723292601918566
-0.08389383508896776
-0.07788504168671062
-0.08620247256039192
-0.08361627490471768
-0.09060895896709126
-0.08491863363024564
-0.08062392788289005
-0.09510467656392893
-0.0916044501130832
-0.08544794944361751
-0.08718323197512026
-0.08736876059181652
-0.08407052930120922
-0.08424943077767119
-0.0950920417428808
-0.09143656906792064
-0.08953186646628548
-0.08679444043560416
-0.08464039341620926
-0.0826417976064485
-0.09615560167659284
-0.09593500726664451
-0.08758721378863628
-0.08445456797287673
-0.08700521526726492
-0.0918457849096603
-0.09654161409899033
-0.09264695674746391
-0.08764724930783323
-0.09254402629872609
-0.0914557939756032
-0.08862571105221068
-0.09197212095166175
-0.09024011054619525
-0.08452667241113723
-0.09138697229323278
-0.09521276685365523
-0.09290801892997129
-0.09289909290049242
-0.09201427788969473
-0.09131843970537605
-0.08970576962671994
-0.08958462419214072
-0.09125519123602278
-0.08736740668102587
-0.08709956224878787
-0.09348320550406511
-0.0938630418708263
-0.09528016917444264
-0.0967438624638347
-0.09543843120736455
-0.08862960671631555
-0.08583309445770658
-0.08570280395330153
-0.08839249995891267
-0.0985005712483686
-0.08531021365991069
-0.0970474130016141
-0.089891775538806
-0.08865207794697369
-0.08648988121968558
-0.09197384741445871
-0.08183220502955428
-0.09840865689657734
-0.09021461004896325
-0.094025391409777
-0.09143872855989864
-0.09461849794543825
-0.09180555870169511
-0.10016785282996907
-0.09062808591765124
-0.09086027628474015
-0.09387963675489942
-0.08956163616068312
-0.08816710412038403
-0.10030854519357836
-0.096120822483055
-0.09666696474029346
-0.08716231079904926
-0.0963838975723194
-0.09772437620916767
-0.09611516378048213
-0.09759786860301911
-0.09179912296893346
-0.09527616582574769
-0.09489789662747142
-0.09440255367870447
-0.09531179349828499
-0.0909890619356911
-0.09550240612042273
-0.09584855269708747
-0.09998791318571527
-0.09243770622311623
-0.09257069183567324
-0.10193902655894609
-0.10484386923678653
-0.08879138668315888
-0.08697273721693012
-0.09939399995578604
-0.09690399949135262
-0.09378148811927257
-0.0972204942413619
-0.10423456495403675
-0.10052709933588973
-0.09746838911401519
-0.09485062178849579
-0.0968308078940573
-0.09152796090648295
-0.0911391377312398
-0.09971610914482386
-0.08868732977387421
-0.09117267327760195
-0.09885851366493519
-0.09767528068484135
-0.09766943165223538
-0.09777179817975709
-0.10377731747671681
-0.09647499903175158
-0.10131126573120948
-0.09417358545877232
-0.091946713403392
-0.09619055039406767
-0.10532678275898169
-0.09120944247607299
-0.0980872763112666
-0.09796210643704194
-0.09351775239497008
-0.0986517857478854
-0.10099885891248503
-0.09800521364575471
-0.09949535058817865
-0.1013464675101281
-0.10300765571309753
-0.09521283011472491
-0.09747954380640841
-0.09496803503557864
-0.09550950775565711
-0.09057341064185642
-0.09623320521557258
-0.09826540267379176
-0.09761287863836339
-0.0976527255790788
-0.09498186467626425
-0.0995125038358831
-0.09297824812795587
-0.10345184174716429
-0.09867602247010235
-0.09756711256645097
-0.09744504180260248
-0.10261073681643941
-0.09900851651398736
-0.08787226582022123
-0.09841512691582573
-0.09828491873291492
-0.09809695944298516
-0.10197071005380384
-0.09717754707420288
-0.10152708803316657
-0.10199027550235573
-0.10036221720024663
-0.1035981840648614
-0.1042453068438432
-0.10179923334379763
