training sample sizes: 10 20 40 60 80 100 600 1000 3000 
0.2007 0.3318 0.4328 0.529 0.4448 0.5218 0.2523 0.4489 0.4168
0.2137 0.2676 0.5407 0.5978 0.4784 0.6564 0.5377 0.4545 0.4067
0.231 0.3579 0.5566 0.6201 0.5994 0.6299 0.6235 0.4045 0.4829
0.2592 0.4701 0.6602 0.6357 0.6911 0.7014 0.5957 0.5432 0.4298
0.2341 0.3888 0.6091 0.6973 0.7075 0.7271 0.6589 0.4978 0.5282
0.2522 0.4691 0.6845 0.743 0.7153 0.7672 0.6702 0.5947 0.5453
0.3713 0.6713 0.8052 0.8664 0.8174 0.8529 0.7778 0.7093 0.6828
0.3801 0.7121 0.8495 0.8888 0.8283 0.859 0.8182 0.7215 0.7177
0.4771 0.7904 0.8821 0.9217 0.8613 0.8851 0.8626 0.7934 0.7817
