training sample sizes: 10 20 40 60 80 100 600 1000 3000 
0.2088 0.2629 0.3176 0.5002 0.6169 0.644 0.5052 0.3992 0.3645
0.2041 0.3482 0.6661 0.5732 0.662 0.6483 0.6655 0.499 0.5459
0.2554 0.6002 0.7089 0.6785 0.7598 0.7355 0.7143 0.5791 0.4159
0.3668 0.6565 0.6143 0.7127 0.7961 0.8237 0.7246 0.6574 0.6396
0.3643 0.6569 0.7796 0.8315 0.7796 0.7714 0.7939 0.7524 0.6913
0.2906 0.6781 0.8162 0.8459 0.8295 0.79 0.8214 0.7622 0.7304
0.4478 0.8211 0.9108 0.9252 0.891 0.9215 0.8882 0.874 0.8001
0.4557 0.8424 0.9225 0.9422 0.9056 0.9363 0.9146 0.8789 0.8419
0.4748 0.8412 0.9304 0.9531 0.9149 0.944 0.926 0.891 0.8347
