training sample sizes: 10 20 40 60 80 100 600 1000 3000 
0.1422 0.2531 0.351 0.5418 0.3677 0.5064 0.4414 0.4621 0.3019
0.2196 0.356 0.4876 0.5758 0.4808 0.5125 0.5315 0.4442 0.3699
0.308 0.3643 0.4971 0.6334 0.5356 0.6327 0.6528 0.663 0.5707
0.2713 0.5481 0.6844 0.725 0.5891 0.7011 0.678 0.6736 0.6767
0.2549 0.6022 0.7137 0.7044 0.6199 0.653 0.6801 0.7484 0.6387
0.2676 0.6161 0.6865 0.7338 0.7213 0.7624 0.7747 0.7655 0.6725
0.3529 0.7062 0.8613 0.8894 0.8089 0.8496 0.8841 0.8733 0.7584
0.338 0.733 0.8752 0.9149 0.8434 0.8854 0.8986 0.885 0.7831
0.3706 0.7494 0.8849 0.9212 0.8538 0.8991 0.9073 0.8875 0.7832
