41.564411653901026
-369.1666357506255
-389.25818419566355
-397.5039948142619
-408.60579354422435
-417.7599662394018
-448.41375289424775
-460.14276629329277
-490.6316895375054
-513.4524859591014
-523.7261488426666
-543.9787186301799
-573.0622461556289
-592.8126458374586
-604.9868803947203
-615.2575289818549
-612.1824463875063
-643.2821231965096
-647.024422922442
-652.4532870103686
-664.3206396146853
-684.6599430488551
-691.3321358816964
-702.7185936149914
-717.1150393156412
-730.9039021153604
-736.9143839893253
-744.9157173402848
-761.3087492912047
-765.2958070253997
-778.7856241393199
-714.551524992912
-766.6888017083094
-776.877932922082
-797.1369704848611
-793.9531735187302
-804.8374285016741
-811.8152863814535
-818.5430160030241
-827.2670130575857
-831.3657991611464
-831.8733714582734
-841.7146680981333
-849.731418451406
-852.1286652033231
-856.4491482923657
-866.9883202056182
-867.4539336455033
-870.4501053067396
-873.1261039769046
-875.3870422082014
-873.714103593255
-890.7336102323048
-883.490955686789
-887.3391673004572
-893.0693713772681
-886.2702968614991
-900.5918753487723
-903.1314815398185
-913.2987119613156
-914.6038236134613
-915.1467490481891
-914.3208677230343
-924.1993340698805
-925.3262981643326
-920.8092991701469
-924.4651584888933
-931.0377734487507
-931.7060012465798
-933.2322449574273
-945.1685571626584
-943.2327022991972
-950.2835999941497
-941.9938011345226
-952.9329572405134
-956.6777023104479
-956.9427867133496
-954.2948163994996
-955.7701844949327
-961.0334076068368
-968.7402135611679
-967.7541855491252
-967.5261469546551
-971.6641989149806
-974.3033430389545
-974.5159388950893
-978.7999728857646
-978.0487580892677
-983.7921108825965
-988.0917439966158
-987.4889118528586
-989.3377336774554
-991.538321077549
-992.605212233583
-992.8331765733006
-995.8696196244059
-997.307851765013
-996.0290698917231
-995.0324898293491
-1000.1444420880437
-1003.4156404134865
-977.9280612084174
-997.4947357880905
-1003.3138163342454
-1008.5404606832337
-1013.1377372214322
-1015.6906518892209
-1017.8689817085793
-1018.703868110059
-1019.8455492714033
-1020.5625300956762
-1020.7712152015229
-1021.1159187000468
-1022.1152940038162
-1021.9027529949417
-1022.6965481103291
-1022.5344463295651
-1022.8831376458094
-1023.8226616503456
-1023.4264821698589
-1022.9149153045795
-1022.5721604307676
-1022.694086171515
-1024.236325031052
-1020.8502796366467
-1023.1438528315812
-1024.3682799449164
-1022.8950386574741
-1023.7622843799503
-1019.2793109384
-1020.2709465905818
-1022.9301839380221
-1019.9061099285354
-1018.8370639783446
-1018.4739095802131
-1015.4056073026173
-1013.6007873253889
-1010.3229431996148
-1013.5066342683432
-1004.3333098943332
-1015.5674607237363
-1015.4440248550907
-1013.9703172253024
-990.1125828615532
-1012.8242738785282
-1013.7954962242584
-1014.0347385670183
-999.9070665210073
-998.6787553778441
-999.0515676753312
-1011.3749642789638
-1012.7311826081869
-1013.9683899769585
-1017.0974607687392
-1002.2737491449453
-1004.5352032217562
-1015.4910863357754
-1014.0578953615532
-1018.3645250171011
-1016.1528134675619
-1021.9108065416186
-1025.044441750522
-1016.2324682842202
-1020.3000592350411
-1013.4657384635117
-1024.8768032091555
-1015.3658812914026
-1027.6573320380005
-1022.7651842530422
-1033.7812997844362
-1022.7619991741972
-1025.2583336896062
-1018.539064750144
-1030.7967098956833
-1028.1689270300799
-1033.0893183413739
-1020.6110319497948
-1022.1524326306884
-1041.5032421762494
-1021.0063203732539
-1024.5562223794823
-1025.5229947841663
-1046.2628356652326
-1029.7687549503169
-1035.2725877893686
-1046.978741764473
-1032.103531657276
-1029.9192732709894
-1047.2632429412981
-1037.2826445267497
-1036.0150174611176
-1043.4146883213025
-1043.6522866525959
-1044.7497308265229
-1048.3729444934477
-1052.8641562747516
-1047.8465618362075
-1054.5454062184979
-1052.1186180290538
-1053.870847077963
-1058.5384071455574
-1046.365230999784
-1039.6626671294464
-1055.4232557446176
-1060.524888561618
-1058.1905118177563
-1046.7806289602534
-1056.1858936784454
-1052.402093140211
-1052.0473047775058
-1055.766812232233
-1067.7592216526857
-1054.3929859636016
-1070.9819608767461
-1052.0812605756769
-1033.0506763370356
-1017.9106030442198
-960.0221177905386
-1035.2913809921336
-1058.7693754275274
-1058.6341021137853
-1066.9174565609699
-1036.9264194470945
-1062.4217191775274
-1064.3399118168563
-1067.1578782604586
-1068.3396600819951
-1044.5637592368412
-1071.729498937932
-1075.8101435366864
-1069.3663045997444
-1062.1770525813652
-1073.750283236877
-1075.013912359141
-1077.345198811474
-1044.263653873848
-1076.5984249554472
-1077.5195720338602
-1075.673597485239
-1070.8372214884253
-1081.7535113497263
-1081.5634906259002
-1073.2639120778729
-1079.022705921929
-1063.616652246994
-1079.1479978781142
-1081.2446831909742
-1084.3086890998525
-1063.0169987129177
-1073.3610350437427
-1085.7724288729478
-1059.8133083642354
-1085.7140519805769
-1088.4445269184728
-1075.5126328710037
-1083.3532844227032
-1072.6189772082914
-1058.1410184939336
-1069.1732532132057
-1079.3462549728183
-1085.9624535345263
-1090.596659717472
-1081.1963858186923
-1091.7362530264436
-1052.2130301339287
-1089.6611100297919
-1083.7453540151569
-1084.6569081671228
-1092.0871902676772
-1056.556611373128
-1081.909900014851
-1092.5767670380903
-1097.9901606827837
-1084.452352356801
-1093.913792482719
-1089.1677665183072
-1089.3040602723574
-1096.0716012699813
-1099.0337189705142
-1084.8726013464861
-1091.124268703197
-1095.2050997826361
-1093.7897004158267
-1078.165043844056
-1095.5866997362832
-1102.0917625603038
-1093.2845405543455
-1085.751023534256
-1094.6735161987867
-1099.0421193206366
-1104.2476578813544
-1094.4905190182171
-1100.5771073723718
-1087.5154618645593
-1096.9092620990243
-1097.076918641543
-1100.5154795844435
-1087.1810538999496
-1100.6129881687427
-1107.4825754473286
-1101.7571492700533
-1099.2276740711407
-1101.273175639491
-1095.785917923747
-1098.2473912392893
-1105.8425509545111
-1096.1635252781177
-1108.3252445344
-1091.1124953872047
-1076.104226951775
-1107.0292805614558
-1107.5315759896134
-1102.976061842958
-1110.5034770350303
-1113.0841117894045
-1098.1077478646134
-1102.8212221207157
-1105.666452434206
-1105.0819404004355
-1084.3211239581833
