41.5841111930834
-369.1151639876827
-389.16753136067894
-397.38053739345565
-408.15484872281826
-415.5621645879086
-443.6709833804363
-455.2532954062185
-485.332752491472
-508.0634976927586
-517.325382795202
-536.8500157017862
-565.16615580194
-585.0270028531826
-596.1303986580141
-606.0433899488318
-603.4923503541727
-633.5541419807117
-636.7957492248254
-641.9202890703755
-653.8359836279521
-673.1018552999892
-680.0414119316137
-690.6615895917339
-704.5998042937248
-718.312481576946
-724.3167007375972
-731.8036830919679
-747.1936469715312
-750.6516806606872
-764.1343448480703
-696.6090414864676
-751.2285859420003
-761.8524306336856
-781.2262383386287
-777.6250646916403
-788.1436688823085
-795.5369864608834
-801.6721672374532
-810.026606265301
-815.3019587784868
-815.0648317117295
-823.6927270845334
-831.1451162874424
-833.5654692056542
-836.2276857437625
-847.4056735412316
-847.9254864811348
-849.5534971738191
-852.4673287527902
-855.7481236611643
-853.626951859294
-870.0966230119977
-862.6036624468966
-865.9753780804472
-871.7456888647123
-865.1655439385621
-878.5935303296911
-880.9275940222674
-891.5899759459605
-892.4849690380184
-893.7868424516669
-890.7005814934656
-901.9235223866827
-903.499747421335
-899.1192792901246
-901.2998696604083
-908.0936926213278
-908.7841417163198
-910.0897551505797
-922.4606129167266
-921.354007844002
-925.7136815506192
-917.2004189205609
-927.7839794246831
-932.4165863177743
-931.6502837431595
-929.7322787095874
-930.844011016705
-935.7883382348971
-944.9561770390806
-943.3079336140013
-942.2199043238767
-947.1251046316964
-948.752926312284
-948.5882838376656
-954.2657394760764
-951.3469893635693
-958.9477044030818
-963.4602295484411
-961.5268866894982
-962.8536661033806
-966.9438417496219
-966.8089447724655
-966.9399985036542
-969.0969623618412
-970.1994597966769
-970.5843061455934
-968.6270501624604
-972.4184173724618
-978.0835962251584
-949.5782085365963
-968.8512697000108
-973.8065565258677
-982.0719413229947
-987.1632583547847
-988.0259773500504
-991.1413270449309
-990.7615387384793
-994.4541803175404
-993.2604243546587
-991.5135528986356
-996.0931905579457
-995.2585975189912
-994.9042054628997
-995.2745184129284
-994.8306052212341
-994.0435757263465
-996.3574573147681
-995.9190395372804
-993.8968522735455
-991.4888854136665
-995.5033082742295
-995.0721317414315
-990.3037033432639
-994.7597352480559
-993.3708839240711
-993.6778952602966
-993.7391118344074
-988.6739200996363
-991.5114028860347
-994.8140731319304
-989.4108158234627
-989.8163024621076
-988.916747484339
-987.2268159224691
-984.0079781668527
-981.7872367894046
-986.530766781574
-976.8957061064408
-986.7292879869311
-986.5690704205069
-984.3073952670471
-960.9650628577729
-983.6800902757776
-985.3643315047163
-985.0290710167951
-971.2701806978147
-970.150892407114
-971.8021476499496
-982.4080532091554
-985.412831108691
-985.6108727521062
-987.8200953611031
-973.669444281934
-975.8280020858834
-985.6247896115351
-984.347888014833
-991.238774031538
-988.1424130206833
-993.5857740832913
-997.4273825087306
-987.4859174737184
-994.1175753685736
-986.776851530998
-996.7919165264077
-989.7594950451829
-998.3087653234807
-994.3862684399302
-1005.5664149693081
-996.5696383006012
-998.1427013203845
-991.1475427864883
-1003.0901359874532
-1002.2751546411471
-1006.1778210055444
-993.722423922631
-993.7952267695132
-1015.8917812927527
-993.7695394067721
-995.5146689700641
-998.1600662442396
-1018.2028935164351
-1002.7321099487867
-1007.848395422307
-1018.2783551897321
-1005.6114625711045
-1003.2420240832913
-1019.884048954133
-1010.3391715194772
-1008.131114766345
-1015.5346052459857
-1015.2435856832337
-1016.6738374068441
-1020.4195598830826
-1024.094468921011
-1019.4664880427347
-1027.0815691266741
-1024.8809685069843
-1026.958725608439
-1030.289745699975
-1018.7617021551879
-1012.4245557653189
-1028.3601721135153
-1033.7685788765482
-1031.2316438877087
-1020.63573937482
-1030.504615045363
-1024.2379518851706
-1023.6774207611787
-1028.8346203219505
-1039.471478018343
-1026.1597118465581
-1043.4993671469974
-1023.5121535903298
-1005.3844722624748
-990.6545123262889
-934.579328264509
-1009.2341311406431
-1031.4382082328268
-1031.434571437572
-1039.7373435024842
-1010.3889348605811
-1033.6408339821248
-1035.7838306339106
-1039.6279291249639
-1041.3740940357684
-1017.5453119937176
-1043.6378190704206
-1048.051059142785
-1041.425268217166
-1035.6016811950965
-1045.9976469119024
-1047.3489326441893
-1048.8458029751405
-1016.1202558526246
-1049.123810798891
-1050.599398986535
-1046.7981978034095
-1042.3615002610168
-1053.5110268307171
-1053.0382575109807
-1046.2508578674035
-1050.5589073638214
-1035.4676128334713
-1050.5817305745068
-1053.078610187302
-1055.2599757321968
-1034.5854863461261
-1046.1024802774878
-1058.1822391633063
-1031.8353417743735
-1058.5607482628889
-1060.4733647640949
-1048.0358158234626
-1054.550279186618
-1044.124524094542
-1028.9491759972639
-1039.9796601044966
-1051.6829181442613
-1056.8525294993879
-1063.9510064894152
-1053.3438625072004
-1061.8607816212739
-1023.7830686788955
-1060.9176883258028
-1054.8833390336981
-1055.656755438598
-1062.965846189156
-1026.6177784440704
-1054.5369071433072
-1063.9223359982539
-1068.891338576919
-1055.9061515561996
-1065.7048176708308
-1059.674076484645
-1060.8534233690957
-1065.9790953183503
-1069.537389236661
-1055.5846405732466
-1061.7297956756731
-1067.1566055227534
-1064.9840897942468
-1049.6113939417123
-1066.8130315965223
-1074.0734261367727
-1064.3167223952332
-1056.619855889527
-1066.729750110257
-1070.6008950510334
-1076.2708104568692
-1066.345966391849
-1070.7784691032725
-1058.3436113348755
-1067.62257968885
-1067.516624907744
inf
-1059.0978095410605
-1071.773671796245
-1079.0259382537981
-1071.6264406547018
-1069.3952254194269
-1071.5493813791584
-1067.758078860797
-1068.530515609249
-1075.8941146920904
-1067.094761158464
-1079.1473776821717
-1062.3929257722493
-1045.9049716369348
-1080.3190088228146
-1077.4895793018254
-1073.0228679322977
-1081.0644120598718
-1083.6744252569665
-1069.7258373910931
-1073.4264917329708
-1076.1197262249784
-1076.5545443345875
inf
