0.05
0.11
0.14
0.09
0.07
0.1
0.08
0.12
0.07
0.09
0.06
0.07
0.17
0.11
0.07
0.08
0.12
0.14
0.11
0.11
0.08
0.07
0.09
0.07
0.08
0.11
0.13
0.1
0.14
0.14
0.1
0.11
0.07
0.11
0.1
0.13
0.15
0.13
0.08
0.06
0.09
0.07
0.03
0.12
0.11
0.11
0.14
0.08
0.12
0.12
0.08
0.09
0.12
0.11
0.14
0.11
0.12
0.14
0.11
0.14
0.07
0.09
0.15
0.09
0.1
0.11
0.11
0.14
0.08
0.06
0.11
0.14
0.13
0.13
0.15
0.1
0.08
0.09
0.09
0.16
0.12
0.15
0.1
0.11
0.12
0.17
0.24
0.15
0.12
0.14
0.11
0.11
0.14
0.11
0.13
0.13
0.07
0.11
0.05
0.14
0.15
0.14
0.15
0.15
0.12
0.15
0.13
0.15
0.16
0.2
0.22
0.15
0.21
0.21
0.23
0.29
0.29
0.28
0.31
0.3
0.32
0.31
0.38
0.39
0.3
0.39
0.38
0.36
0.4
0.34
0.36
0.45
0.38
0.46
0.4
0.32
0.39
0.35
0.44
0.44
0.42
0.4
0.43
0.53
0.38
0.45
0.46
0.39
0.52
0.5
0.47
0.53
0.45
0.61
0.56
0.53
0.46
0.52
0.47
0.52
0.54
0.6
0.52
0.6
0.49
0.48
0.5
0.46
0.51
0.48
0.54
0.52
0.51
0.58
0.53
0.53
0.51
0.55
0.59
0.67
0.49
0.59
0.58
0.55
0.58
0.56
0.58
0.62
0.57
0.62
0.63
0.64
0.49
0.72
0.6
0.61
0.59
0.61
0.59
0.6
0.63
0.61
0.61
0.65
0.65
0.6
0.66
0.7
0.72
0.59
0.66
0.67
0.65
0.68
0.67
0.71
0.67
0.67
0.62
0.63
0.67
0.72
0.68
0.64
0.65
0.68
0.75
0.67
0.63
0.61
0.74
0.69
0.64
0.69
0.72
0.61
0.67
0.67
0.67
0.64
0.74
0.65
0.7
0.7
0.63
0.64
0.7
0.69
0.66
0.71
0.66
0.72
0.78
0.64
0.71
0.73
0.65
0.74
0.74
0.74
0.66
0.73
0.7
0.66
0.64
0.65
0.74
0.68
0.72
0.63
0.73
0.66
0.74
0.75
0.7
0.64
0.66
0.67
0.69
0.72
0.67
0.69
0.69
0.7
0.72
0.8
0.72
0.71
0.74
0.7
0.71
0.7
0.7
0.74
0.74
0.7
0.74
0.77
0.72
0.78
0.67
0.71
0.75
0.71
0.69
0.73
0.71
0.77
0.77
0.66
0.7
0.67
0.68
0.74
0.76
0.77
0.78
0.7
0.72
0.71
