3.0732057039800465e-05
8.468140820000393e-06
-3.946070818390514e-08
2.2688760396318719e-07
1.0880116260921375e-06
1.4286269499829074e-06
5.117499230424233e-06
2.062369219011547e-06
1.1119135643722612e-06
3.455533015365978e-07
1.3915386474646736e-06
-3.39435353139861e-07
4.815688509509314e-08
7.5814213383807e-07
5.922138117761454e-06
0.00010562018511899317
6.368499779757073e-05
-8.535435538379392e-05
0.00014313346091847655
-5.998357379790782e-05
5.1013141621479424e-05
5.195975470772697e-05
-8.889776240370388e-06
-2.220943445615883e-05
1.3046123228570633e-05
1.3786264956499408e-05
-1.5486952997647298e-06
-1.0895309435402301e-07
1.807462518841566e-05
7.055136117746413e-06
3.6306166329423383e-06
-1.797710015995309e-06
-6.267395659125938e-07
-2.2480523915725285e-06
2.58232120812725e-06
-5.009223373605078e-06
1.0327268325584425e-06
2.3935988141589563e-06
-3.900689600549065e-06
-8.33848018262761e-06
-1.0683267838406667e-05
-1.1543125133760939e-05
-2.749668218322248e-05
-3.20277480189315e-05
-0.00013214938994699917
-7.402535660508656e-05
-0.00017271209735512382
-0.00025466352035604663
-0.00035574721728182053
-0.00044662627200615484
-0.0005141623273630103
-0.0007782143394390071
-0.0005710228546511157
-0.0008033935572950825
-0.001020568833871965
-0.001383328175414697
-0.0014167347498970913
-0.0017619972582688542
-0.0014507428942514317
-0.0016734695473384362
-0.0024120957751045955
-0.0024132792644484626
-0.002669483081397143
-0.0031110722810209165
-0.00430534911576137
-0.003787633290255232
-0.0031932578696570227
-0.0033103054963336737
-0.0038026903128889305
-0.003713956625642194
-0.003948522153709348
-0.003967355921861693
-0.0038715206327513377
-0.004058301752232807
-0.004533967464822084
-0.0044079613742112255
-0.004918682460647939
-0.004741817214280127
-0.004343073593186447
-0.005312965823221288
-0.004432017921254442
-0.006371913519925341
-0.006876552713327303
-0.006630162997756042
-0.006222801861457295
-0.005298787448498231
-0.005506681212327874
-0.005486713229058405
-0.007000056950027801
-0.007236398813638767
-0.009549492796894253
-0.008138706400995314
-0.0077816774877655205
-0.006959325046769949
-0.009154856498640198
-0.008705640723030211
-0.007314725245739664
-0.00864144546012791
-0.007872169295715893
-0.009783600823077984
-0.009601317418134725
-0.011047187217644416
-0.02402966135100479
-0.026731793841396453
-0.03283658233140745
-0.03331312332366709
-0.03300100471971938
-0.03954386367775878
-0.04345535734278892
-0.03994925525712712
-0.04485363814885104
-0.0480516754382629
-0.04745418422754579
-0.048797588759546665
-0.04898788259753073
-0.050280905832978576
-0.048127923536324696
-0.0468511389008367
-0.05073418326023805
-0.05138581965444824
-0.05609797534280969
-0.05139982840797353
-0.05261507993220665
-0.050900711694331024
-0.05562675005245593
-0.05562760228771837
-0.056295425269520985
-0.06007693982940631
-0.05321891794961873
-0.0574969962091198
-0.05679388183291383
-0.059888062200375965
-0.057283953467409734
-0.06052405674714372
-0.054342804437992484
-0.0573953494390962
-0.058061213339872075
-0.05218891518014539
-0.06710875325424227
-0.05940295635692535
-0.056270728836239486
-0.06067874762208162
-0.058361372373963834
-0.06114640458559935
-0.056665331754680026
-0.05936220342889943
-0.0654443051292634
-0.059575384351841176
-0.05750870281854035
-0.05599423022047522
-0.06707175830293292
-0.06338022602507458
-0.06400478103580082
-0.05878824483515257
-0.06976196272427448
-0.06052395524532204
-0.07148939061884163
-0.06659117502520882
-0.0656158709785931
-0.06547521117405133
-0.061727984028349066
-0.06433853266378736
-0.07125549676478304
-0.07167215115167544
-0.06614459647415077
-0.06828142353226238
-0.0686870563371871
-0.06645902084918427
-0.0651672435538148
-0.0688539718917232
-0.07390745467032105
-0.07272296043248067
-0.07204654569038048
-0.07354508629841258
-0.07078429378895304
-0.07390832450468317
-0.07465497521503318
-0.07700698188621946
-0.07167762852690186
-0.06682358415178259
-0.07492412623363517
-0.06672263093730478
-0.07347390610265464
-0.07388134294566119
-0.07323204740251024
-0.07408559055728538
-0.06789552246344872
-0.07209148730069811
-0.07455901478386102
-0.06832926610242232
-0.07754147704046924
-0.0722990895949802
-0.07813557900471209
-0.07883263167776039
-0.07774980740261174
-0.08025888859161309
-0.07918357876266786
-0.07225221989854466
-0.07296305487961358
-0.07456274739410813
-0.083160256416524
-0.07195729836993228
-0.07949875666725574
-0.08033306616002239
-0.07906802803973242
-0.07615923477094813
-0.09074258930017648
-0.08177634739544466
-0.08054067455631818
-0.07521135785280564
-0.07326563108660933
-0.08176646117241151
-0.08611485059051195
-0.08278982251590711
-0.08496223804154669
-0.08677309318252492
-0.0837354164931082
-0.08297329545176635
-0.08251621838753467
-0.07632363908645194
-0.09211165744656791
-0.08245422978658005
-0.08200830359479695
-0.08725319855925863
-0.08775189171774819
-0.07882178159943494
-0.0898043862951722
-0.08928708189911712
-0.08815315914727116
-0.08774291215494516
-0.08173881944543618
-0.0854142003323591
-0.08519164342347378
-0.09009946628327778
-0.08916013917890013
-0.09455592438797487
-0.09617319083901354
-0.08957847237183544
-0.09266929037242372
-0.09366902232401862
-0.08824203557802647
-0.08889290314888762
-0.09310048544100241
-0.09004955817215694
-0.08217023657892362
-0.08766038195028351
-0.09109278001622963
-0.0880556273175412
-0.09488441376659315
-0.08675025274906273
-0.09313405164268537
-0.09596390877142205
-0.096817640306574
-0.0907719827746363
-0.09017854073317721
-0.09009056757869464
-0.09146205515038514
-0.09497186869666117
-0.08905989118886055
-0.08407944423996325
-0.09128695282192412
-0.08830870346548164
-0.08971440599810693
-0.0924595991591601
-0.09263884603187511
-0.10095792073525235
-0.09022385987945648
-0.09215524029587546
-0.09384409687213582
-0.09195258658731245
-0.09285032276433253
-0.09066511544695098
-0.09638664337231301
-0.10292955610484275
-0.0979968163287825
-0.09843462248346747
-0.09562016235158054
-0.09681342128870261
-0.09530251638101164
-0.09791535694497608
-0.09619056431507941
-0.10040178564044513
-0.09707152675665606
-0.08815637435592402
-0.09431399675601158
-0.09695059636796606
-0.09506099058684253
-0.09247279490777699
-0.08739975804512921
-0.09588194634198868
-0.09595938812735307
-0.08845079176488423
-0.0934248983206588
-0.09806145810037165
-0.09439634318218872
-0.09658940640907984
-0.09741392831236537
-0.09066452829527759
-0.0933026734831816
-0.09553201527394835
-0.0941223261549571
-0.09742377577070575
-0.09485139948431798
-0.10019577496987124
-0.09393979431760888
-0.10205728390730472
-0.09915099683548173
-0.10271553270312773
-0.09412187014809437
-0.09463908969454708
-0.09597803654647025
-0.09683045960559342
-0.0981274847743801
-0.09732567131828328
-0.09511544649416263
-0.10058697794611278
-0.09856885745649308
-0.09688195743606627
-0.09438094290398268
-0.10638438010897298
-0.09590231674489423
-0.10055859020400432
-0.09879640355483041
-0.09753104879452165
-0.09840492320714801
-0.09136642893338533
-0.10111148430523785
-0.09808233125062342
-0.10301449642332125
-0.1044337513378053
-0.09895725760282734
-0.10120848763287754
-0.09910883233037
-0.09450472441978307
-0.10367260470316844
-0.09736106688079471
-0.09760779508900258
-0.1062994783879408
-0.10337913574968477
-0.09970814867743424
-0.09974244773207654
-0.10495603020079777
-0.10169523240395388
-0.1068704112729032
-0.10069773073494863
-0.09696762819725092
-0.10275688709279153
-0.10409097833674796
-0.1039319168883569
-0.1008902833966564
-0.10311725156270139
-0.11079729626208441
-0.10147689807782387
-0.09997399567630709
-0.10020057093952933
-0.10727131877133134
-0.10460974363618732
-0.10353528273566562
-0.10509494806463886
-0.10663955389148629
-0.10156992897562991
-0.10462750369052012
-0.0998748164797794
-0.10326715189886326
-0.09998075790437204
-0.10651661470008816
-0.09911225337432139
-0.10101844901798404
-0.10362757309388224
-0.1065982180896477
-0.09857573693624616
-0.10276399089735912
-0.10076115520033677
-0.09889333384929114
-0.10549757652379538
-0.1082116160077721
-0.10531468438048963
-0.09516364995021082
-0.10828378854946058
-0.09928378465366529
-0.10409223368339893
-0.10451793010144876
-0.10600158443442688
-0.0981057472956208
-0.10168390312824346
-0.10902671528991402
-0.10599671959585172
-0.10243391346836608
-0.10295479773427896
-0.10875076932557923
-0.10763450070769282
-0.10079872875993702
-0.10245635233012625
-0.10016106726807726
-0.10453101645399761
-0.09657320042874681
-0.10187343698132285
-0.10203666281822021
-0.10759052246903425
-0.10100106028453683
-0.10153969204748556
-0.10880506044674304
-0.10796998627913025
-0.10561188764028973
-0.11254833713345538
-0.10498921335073969
-0.10298818090693458
-0.09794877449850968
-0.1099253707031037
-0.10063679962449017
-0.11158250043091411
-0.10853388735569568
-0.10828118268032945
-0.10668396636466002
-0.10481394261490845
-0.1085458190860613
-0.1057385826077793
-0.10048392102924875
-0.11042032704564146
-0.10825234115464948
-0.10427511701025584
-0.10436374634667407
-0.09602695656189274
-0.10224761764523209
-0.10914697966212192
-0.10847831397931079
-0.10572364017762209
-0.10724313233894284
-0.10476485235522146
-0.11031900623610484
-0.10099131572822083
-0.0975120198185457
-0.11368120881763162
-0.10986258347372821
-0.10380957931363827
-0.10830211869874445
-0.10511309206314076
-0.11448058091567546
-0.10591666775536702
-0.10354266554752391
-0.10835330699858028
-0.10645942268828745
-0.10457428028079582
-0.10517988974563262
-0.10176162859253277
-0.10814373844092892
-0.11232190877778567
-0.10840746999636705
-0.11102584057191413
-0.10739758894628575
-0.11016369314890029
-0.10776333028959188
-0.11208791316654276
-0.10374114264343534
-0.11080754281360708
-0.11291268491508087
-0.1109384650279755
-0.11197160200477677
-0.11210889877828722
-0.10183802652623385
-0.10752439747397113
-0.10342951591527905
-0.1033669425869867
-0.10739185483396603
-0.10800510188693413
-0.11265800444115262
-0.10400964450270843
-0.10853623151607503
-0.11046635164999433
-0.10402926453067342
-0.1117226117706862
-0.10683819882503029
-0.10085388822298634
-0.10864021539181677
-0.11196162202288204
-0.10548098356149713
-0.10966049247203515
-0.10844937914956687
-0.10706975902693587
-0.10551287764511694
-0.11170880172684926
-0.11033014359150065
-0.10949317753220553
-0.10697421352572155
-0.10455755634079923
-0.10914877470376717
-0.10817133278418589
-0.09904156531280224
-0.10437214568424713
-0.09811930304118496
-0.10477266469455328
-0.10814935205856227
-0.11172012971716284
-0.1091325472147646
-0.11459486791434857
-0.10293328978147032
-0.10198895214393752
-0.10406632975391907
-0.10528812973335179
-0.10617965180426836
-0.11025560848535068
-0.10476359154402454
-0.1093802272689782
-0.11396828301740201
-0.10660272669090036
-0.10594657103183426
-0.1100214389174284
-0.1121024380962167
-0.11429820208239459
-0.10812941354094288
-0.11365914524104746
-0.10585072727885723
-0.11429773254050714
-0.11124537299357114
-0.10784437776487406
-0.1085842256231742
-0.11152245041464717
-0.10227120186584199
-0.10809640306121056
-0.10745034960403282
-0.10343592144626146
-0.11027313258352986
-0.10616457581193903
-0.10721179128040813
-0.11376022172379328
-0.1045072596168257
-0.10936218503678072
-0.10371751186957213
-0.11305449898290332
-0.11063630376783659
-0.10436415473591484
-0.1026029400441641
-0.10501122595162951
-0.10830444150093582
-0.10620380466490606
-0.11499141546155107
-0.10676963814032105
-0.1056423317297675
-0.11176702515318698
-0.11283783009061203
-0.11096867610816308
-0.11012113239688043
-0.11420927470558524
-0.12083747160882788
-0.10622592119731798
-0.116605707637382
-0.11767115289761688
-0.11043332949654126
-0.10356913998611443
-0.11375158847404068
-0.11274824103969257
-0.10264580388079196
-0.10595513603431152
-0.10584127848049463
-0.11387119215402391
-0.10449013854191888
-0.10954021925561576
-0.10065424241273652
-0.10394729429282987
-0.10965047618653197
-0.1078679488227737
-0.10777387228549763
-0.10770576513986091
-0.10976055034217404
-0.11261833342616254
-0.11453665743157061
-0.11327233408418944
-0.1093512388216632
-0.11029482525902101
-0.10414216179260662
-0.11315173792013306
-0.10824958619571501
-0.11308308134567903
-0.10751509492088127
-0.10791879718960155
-0.10537583257816303
-0.10552036443356133
-0.1094545818015521
-0.11434428878640863
-0.11728247769245628
