17.602515609857672
-225.3788135074388
-322.7544159284935
-270.5021482854395
-351.6011008930646
-411.4578104216932
-413.25085692251884
-422.4700377350029
-452.51361565875567
-487.0429643870499
-432.55296701110456
-472.3743994730409
-499.3843681076155
-557.1673106883528
-536.8172656424034
-583.7421504077823
-559.5819649828195
-593.9935539779575
-625.6514487804905
-597.3011925308385
-639.3294050858317
-664.1554412676992
-616.7330101646037
-623.3126705099361
-656.4284762808804
-474.1472872643976
-580.8399119465032
-625.167053131464
-663.4467674202633
-662.9954714258695
-649.4972968672827
-691.5241562979562
-665.5082896931381
-699.2222045511694
-695.2630430740146
-686.0212833551767
-727.9401622851324
-665.3997323205394
-711.7704484792349
-701.124103851582
-701.0643265895579
-727.034624156864
-702.9920439753115
-754.6599232540702
-746.0408433351648
-741.8048908216064
-734.8507909126546
-766.5673701016035
-730.2824123411135
-808.4175506561033
-783.0105118487837
-744.2942422375701
-709.3154771327972
-819.1072850897565
-782.4487992250425
-753.5214373340256
-753.5162071412609
-807.460937289049
-795.5810777415878
-808.6731587774742
-801.1545649937221
-775.2139757283821
-784.9967988883295
-758.9276708919332
-787.7877372514267
-769.8339854473343
-779.9146826783633
-806.8464750298707
-793.210140295567
-829.1118488520522
-787.3989934240069
-807.711140582089
-766.9262372854118
-801.9977777449903
-797.2199184729757
-853.2182967640837
-817.6673026315627
-848.7075579013281
-802.2501035220063
-847.3230251804475
-822.0753550199869
-795.7653350764156
-798.395431719068
-833.5808014309351
-820.716099586355
-839.6141937778842
-794.0990881150768
-844.3303617857019
-834.0908709176674
-844.3692592080288
-854.2063146626346
-888.0687058867397
-847.6683780147183
-848.0819682594268
-836.4915021971074
-872.5864938645868
-861.9668056668224
-880.0741131503632
-825.3594560749519
-851.8572023727927
-813.4919122517933
-835.9011222052684
-875.3244107154107
-871.3174257750885
-836.7949629302399
-869.5946184149535
-878.2328989901301
-854.5271267132825
-864.2269747461179
-813.863399889612
-891.6997765044463
-913.0418856528497
-894.0805888099055
-885.2682713187785
-845.8525470703978
-817.135329135552
-865.505398232816
-857.4571568740678
-854.7264100114047
-910.8095061482372
-846.6811278217948
-843.20702187147
-830.5762531054185
-875.4338330881936
-893.8340853996541
-877.5724099297678
-799.3096597255101
-859.2013762982278
-866.7000527069324
-835.6599669489443
-875.2393336531101
-865.5723435845792
-861.7045820943222
-922.8719132067421
-874.2917902019167
-838.0843796208158
-828.5717164990942
-907.4203078098561
-885.7569751146202
-870.9167163163286
-842.8942858832223
-889.1470535295899
-865.1845918634932
-869.3220951043515
-854.2810243829604
-869.4319463039873
-886.1509524880466
-884.0173697953375
-891.727455988183
-872.8341569938967
-953.0027412877929
-906.4508503691941
-896.4400776758584
-926.815076028147
-927.3101072531142
-878.856013877326
-898.5504166566282
-868.2418671847076
-886.3099819803567
-842.7665467411966
-833.4399417880493
-889.1381492719123
-884.9854533234042
-886.0008197588854
-886.4518165462028
-894.6688632681914
-857.191238844999
-904.2608742527149
-858.7374577847276
-857.804262323775
-899.304263330275
-920.5437795078287
-917.6222621338434
-892.9417291699054
-912.3689883656378
-864.5263448922105
-885.5707954767113
-920.1425234408972
-866.2891793224943
-859.8289290037573
-885.2757698132696
-897.7419130008342
-847.5514299420792
-912.7739133126175
-916.863604246746
-906.7986939675797
-904.0733585304791
-911.7613184877804
-939.2256560787077
-909.409571516246
-923.6296081883567
-910.5077706039776
-892.3295730425963
-882.0575726241011
-877.3616017570916
-926.9920437551589
-877.953858617264
-935.8548976829799
-900.0395053564678
-962.846571201553
-942.4675515275535
-888.301052570755
-924.4914351432554
-912.6084804007535
-949.3048497208047
-880.7558803885214
-931.0600164400812
-928.4456746572723
-903.9284438816278
-884.0307338812521
-910.0226530857933
-890.5335202898298
-913.3651691911407
-890.1289649451933
-941.3426870844469
-929.3070533871651
-900.5617338292867
-881.7554405140712
-895.4038380214146
-898.7701104155609
-915.8865867641139
-884.0168559060148
-909.0769602456603
-918.9702380511069
-938.2746426432913
-881.2155976712978
-937.3898623928445
-902.767215115855
-921.9173093001414
-932.7351085805948
-880.1629622217079
-928.7596279817247
-879.8064088600812
-924.8479577912713
-916.5485778833623
-879.1149568691644
-891.9965594578448
-931.5208297473891
-909.6635270564718
-902.2032712995598
-910.3475532991826
-931.3185000409724
-881.8699652108429
-963.784673564857
-969.0799703894675
-924.5348407195597
-876.9420713923087
-898.8151209820663
-948.5960299216333
-913.9351084387135
-875.7103580703384
-918.2448363051436
-935.5790072849819
-969.0882684574012
-905.6827586600433
-907.9027366925011
-904.9948913043854
-916.4926510235802
-866.7046761437051
-911.0200559006224
-954.7321163748459
-937.8414740808768
-960.6607938201579
-899.2181163337659
-937.2240680586032
-883.3762556654101
-919.3028439658132
-947.7006327006751
-899.7468790968892
-950.5886288731647
-929.5168783045806
-922.9464293213085
-919.5684041155648
-946.200686126559
-978.9091107065227
-989.6962656117804
-898.451862195537
-970.1187533892794
-915.3851569325144
-945.9984898461009
-945.8519189308723
-887.00687975749
-989.8249163649599
-947.2596175850077
-942.046341405623
-864.6474998338596
-941.918535546549
-913.4224845697162
-909.0065929050887
-961.3289500293644
-954.7371490056613
-933.145318323566
-942.2947937386766
-923.2706908839605
-910.4571103232522
-925.7152424177267
-957.150085044896
-926.818520307734
-931.5202743367116
-943.0032718584429
-980.5500643559805
-894.5924065601647
-922.5776857191449
-950.6521331150337
-938.6113178235595
-934.3684067200303
-939.5957234711279
-936.506046366453
-921.5130225150818
-941.8624174804105
-957.7465994265017
-966.2316785101319
-941.4980056030898
-941.9648584337554
-996.108682652719
-923.0689175089275
-969.9919917286816
-936.768524387081
-968.1991816596653
-937.1441171679362
-974.8634532102242
-929.5616846248031
-942.2256738241528
-955.2838567587705
-960.1347207627538
-936.0787665478645
-926.4471806817203
-953.219327671462
-941.0931799536751
-956.8621361951242
-942.2816649338398
-946.222091464549
-986.0720655369602
-941.9205108101013
-908.3405643361642
-996.0000544698214
-958.0080566818264
-939.2487756052325
-949.2973994153986
-924.5209642916749
-950.2745196444926
-930.9521462082866
-947.0846695114087
-962.2581717094602
-953.2675604940079
-988.2862326059886
-973.4010782450915
-968.2567568026797
-974.7659749265091
-975.964274501192
-930.8723127693625
-930.4033933901593
-967.1719138325634
-996.1586219583254
-948.2105364110407
-922.0818350644707
-916.0147103753868
-972.3534479097287
-944.5920873545282
-944.2705533406922
-968.3799772843776
-942.0064105954588
-921.8799197456524
-910.7293967560561
-979.6147306591685
-1001.3633256441987
-992.3532049488851
-947.9006864958278
-920.8117586750825
-968.739862855129
-949.9934621523706
-916.7683078220913
-979.2110014873715
-966.6716924137006
-962.5696873139195
-963.7428147108874
-974.2956932426048
-993.59338501961
-986.4485664609856
-982.8382068808296
-939.4898329495738
-934.6650099189072
-973.0513569094618
-957.3010387354217
-1001.1543368853731
-953.0832998225014
-906.7531101557221
-968.7608017108407
-1009.7058812907915
-954.1026655364146
-972.4887563978807
-979.9315754058479
-999.4485080678256
-984.4662254345582
-997.5707384629416
-965.9652203820959
-976.2141219954564
-925.6123734259708
-867.5103895747095
-950.3857279182047
