524.5190522173594
-44.760440462907866
-217.4868664762899
-388.4037578223532
-551.5960954743116
-601.7821314516624
-642.0053294913116
-662.0942087216227
-680.3318235115086
-701.0933490291304
-724.286923806229
-744.9854164294597
-767.2780966993939
-778.7018470935222
-789.1721270779323
-798.2558752496146
-806.5429780558086
-817.3369124202985
-823.550223448886
-828.4778018147422
-832.8345369758093
-841.2190168577459
-845.6813639140449
-851.7063396094626
-855.2097348610916
-857.8788805221762
-866.3626079473795
-866.4827366302901
-869.6583347748214
-875.3788972178917
-885.1029912153167
-894.9034185708906
-900.5146533641046
-907.4099821766396
-911.0159389341893
-919.3445502995376
-925.3786632041761
-931.2525749719731
-933.8972715369255
-939.2367485285874
-938.3356219236092
-943.5421027624019
-948.19071187246
-953.3582473549608
-954.2698377942825
-964.2035766054162
-974.7758397671139
-994.4692459448571
-1019.5398072383864
-1035.1892834308437
-1043.636693843277
-1054.4586085845538
-1067.4045957556755
-1077.6353896615751
-1085.0764091731187
-1092.8208366359831
-1099.3309854413362
-1104.8180095860776
-1112.8005819962164
-1115.4602792508933
-1124.193816180721
-1124.6934414850757
-1130.4275490799291
-1135.2485072388242
-1135.458976711393
-1142.78805336717
-1143.7391310892833
-1146.1776038199796
-1150.1585843894513
-1153.2768885864805
-1156.334725281583
-1161.9036257619814
-1161.530202822835
-1168.2366565653026
-1167.7767916965913
-1174.7996924703966
-1174.719621461603
-1176.78384330989
-1182.144389199569
-1186.3922214935712
-1180.034811387682
-1191.8527914141325
-1193.5918067282091
-1196.9048398963005
-1198.7207392534333
-1196.927858087514
-1202.6248834036926
-1208.6542125753224
-1209.1717392446749
-1210.192076815618
-1211.975447992573
-1216.6544058077004
-1215.1134175527257
-1226.4973358017446
-1221.5277548477789
-1229.653718546367
-1227.597717011456
-1235.74816620831
-1240.4917933716367
-1238.9662106090598
-1243.0192564549468
-1246.0788415472605
-1249.3594478042671
-1248.3692659797155
-1257.4202508627031
-1253.9339938997687
-1266.0362592620165
-1255.3911981283281
-1267.1682232912347
-1263.328062048942
-1273.0988944699411
-1273.8377685546875
-1277.8530235119465
-1276.5839794483954
-1278.3127414036226
-1282.8832027965598
-1288.2302662118134
-1289.1662822090457
-1286.706795867783
-1292.312129957259
-1295.2591777168582
-1294.7602385790358
-1297.2260172890976
-1309.0866748484796
-1309.3239844625841
-1314.0752949393918
-1312.7481443122897
-1306.605430979365
-1313.7045728743344
-1320.0588017621917
-1318.9187712391397
-1320.619274190723
-1317.9034489516187
-1328.6459845983395
-1324.9590840018918
-1326.6135155374159
-1327.1556473120445
-1324.7452195513943
-1330.9478469643357
-1328.8306474215246
-1333.778384358359
-1330.3786763417882
-1339.3766640975336
-1342.6094937859095
-1345.700870257322
-1337.6142797085201
-1344.8174906503993
-1347.8554961200252
-1351.0191973356923
-1347.4398943298065
-1354.910012831068
-1354.1499379247828
-1361.4932751848023
-1357.8536606861337
-1350.536944607448
-1363.3210794081067
-1362.5004992292602
-1367.8708162179441
-1371.407727981362
-1360.6904707425379
-1375.3255117099916
-1370.683597034403
-1376.5875851755186
-1375.2350203851947
-1381.1796475397632
-1377.1868962172437
-1379.4392845256446
-1383.9103746628014
-1383.1135626138594
-1385.5820629992293
-1386.929385882322
-1390.1060478997338
-1395.1121136447239
-1399.54998916147
-1391.2723224451724
-1399.18079434382
-1393.9769993256025
-1399.2356416847674
-1404.4167310774594
-1403.856189129064
-1403.0907787100616
-1401.1174119342068
-1406.387160502207
-1405.4362053978068
-1411.6555356423416
-1412.1980615453335
-1412.7312909455577
-1409.6417378652257
-1418.401754747057
-1418.9838653701304
-1417.6865737983464
-1417.8547210009108
-1427.0897156582819
-1421.8592551192896
-1425.6929438980171
-1420.5223043809558
-1427.8609099110147
-1429.228822716683
-1431.5751416672506
-1430.6564957828266
-1432.1249611345643
-1430.5834999255535
-1433.6599471430072
-1428.9669041654988
-1442.0692757234444
-1442.119810095817
-1442.9552275653377
-1443.8399981169423
-1446.25914706243
-1446.9675139696608
-1434.7488406057314
-1445.9892424852858
-1446.3804438980171
-1447.6034510317404
-1451.5374936501541
-1452.5847425246986
-1447.199640795789
-1454.5400494631097
-1451.244549533177
-1451.0103026248948
-1451.5955536846623
-1454.6744204123459
-1458.8309238587794
-1457.456665586463
-1459.9915306193946
-1463.8072197747338
-1464.8256184530899
-1463.6377818017797
-1461.8412357894829
-1472.4887969012752
-1462.5508316108464
-1469.5887259581698
-1468.9697566695277
-1468.3274982264224
-1469.4432143138663
-1472.0142767525574
-1469.6610994210691
-1473.82048602596
-1474.5636424248528
-1486.8462204184768
-1478.1446763111337
-1477.2543698982272
-1478.9797204535105
-1481.3499701119324
-1483.8927188069297
-1481.8215923223795
-1484.3238629396722
-1490.1991574411436
-1474.2357478804652
-1486.099681084466
-1480.5524453475336
-1494.2893247048416
-1487.4602964940093
-1494.121258517552
-1495.5739811781812
-1496.3435217339895
-1501.0091322826163
-1499.399220830122
-1490.5517944883338
-1499.396779423872
-1504.9875559443315
-1501.5413309276905
-1501.0184238587794
-1500.6951553960553
-1502.2656523700252
-1498.4686542049117
-1507.1547785874438
-1504.2722501883059
-1511.9124317938972
-1512.5103327319227
-1514.2532969932386
-1510.4955135054652
-1509.6266679293371
-1509.3845838880325
-1515.1294115006656
-1514.8502531179934
-1514.2203642840877
-1518.1680875359095
-1511.7402726930354
-1520.8476600818035
-1521.3215912275784
-1517.618210591543
-1524.4885773936728
-1524.0293094652116
-1514.1286659411785
-1529.8294798162485
-1526.0153408991382
-1528.374810052025
-1530.1064825357344
-1533.1333462154919
-1535.9599040078476
-1535.119440053076
-1532.6742835622197
-1533.6435820575252
-1534.1701829850406
-1534.8447440793161
-1533.9329625972184
-1541.6637860627452
-1541.101027689707
-1531.0201492651695
-1538.7191342751541
-1540.7895398332398
-1548.5906418599354
-1543.8439656757987
-1547.1723474066355
-1538.8695112151415
-1549.614128625981
-1549.5068693289309
-1547.0199806658143
-1547.2949853734585
-1558.6594172593188
-1549.075974263418
-1555.1250065688062
-1556.8473748861406
-1560.1628511026836
-1560.4513913826022
-1566.090162884494
-1556.1490960228068
-1558.888962544668
-1565.6481747477578
-1563.9959163922365
-1556.141850082329
-1554.045793336603
-1564.6577975012262
-1563.3830254387963
-1562.3070878512121
-1567.7803106607344
-1567.6919399654919
-1567.586294405129
-1566.9767119403377
-1565.5283203125
-1570.5443876121076
-1566.6847728506866
-1571.718875902116
-1572.1255873607413
-1571.5629986818597
-1580.6181027536436
-1579.8465817028098
-1571.4051918748248
-1576.3854821722605
-1578.8573102052972
-1579.5451961226527
-1580.7339354373948
-1581.6261555624649
-1578.1596345773191
-1581.4161316739069
-1582.9778642183996
-1576.4900312894129
-1583.6091658930072
-1582.9356881043302
-1586.9072610487317
-1582.9878373081908
-1585.422543376016
-1582.0964787915148
-1573.7875177357764
-1571.6997354960763
-1588.9437573351668
-1589.4973418231502
-1593.2522487212725
-1583.8240238754204
-1590.0989420937851
-1592.3205079219802
-1585.046804385335
-1597.2370233236406
-1587.0431253065442
-1593.019463919738
-1598.8114927830718
-1606.3174813445908
-1598.7770711445487
-1597.3520064418092
-1597.5056842068386
-1593.5841338153377
-1600.9182451872548
-1599.012571599986
-1596.739943705332
-1598.9923960595922
-1606.3925523971764
-1601.0942574402677
-1606.1102606940162
-1598.0192433173347
-1603.5540043441704
-1607.1589629169002
-1608.6702579789098
-1610.481133841613
-1605.482985150119
-1604.0980897911995
-1610.7262357018988
-1610.2083729286364
-1611.8263070829246
-1609.5518552497897
-1609.8037985215808
-1613.3733939269198
-1616.362936387682
-1616.1076933856502
-1617.636419321924
-1607.1200131814041
-1618.492007405234
-1615.225649983359
-1618.608761911435
-1619.585067133198
-1620.6690307069787
-1615.1511279734796
-1623.3349346622758
-1623.0155483639294
-1624.5278561168723
-1619.6436017639435
-1628.3186774146932
-1625.5495835376962
-1619.835003087339
-1629.0818752408563
-1630.0364793170193
-1630.3083490619745
-1626.4097955130676
-1626.4477933190863
-1615.7450854382707
-1630.056471478244
-1629.3548348602158
-1636.7549797023894
-1638.4357620033982
-1636.6956726895319
-1633.4164847472323
-1634.7450389092278
-1633.1344136464757
-1633.1642327415568
-1641.3065420929092
-1634.1441978830928
-1629.640127960342
-1625.2043117642938
-1638.4194582267728
-1636.049315311449
-1635.8695730713985
-1640.6372590342978
-1650.4870162074342
-1643.6239276424117
-1648.6567048898191
-1644.9120562771511
-1641.2936152299958
-1636.3058748116941
-1647.7959203335201
-1638.1875114954105
-1647.387644404253
-1649.0708538790989
-1642.1069773857903
-1649.040296340737
-1648.1654742459011
-1652.9730410725547
-1654.8023938918861
-1642.5260403893988
-1645.37625847376
-1653.3114555598374
-1651.7917666584922
-1653.5423184382007
-1655.3893128809907
-1656.1223888995937
-1650.27415349986
-1651.0148498808855
-1660.091022303286
-1657.2619289517938
-1654.6755020757428
-1660.1382235539868
-1653.6954104846902
-1660.2802444252732
-1654.9039563918861
-1656.9927403745096
-1664.7162434530899
-1659.3255248476037
-1663.3989925641115
-1662.4549801403098
-1669.4497108630535
-1660.215895306369
-1659.6111250394129
-1666.7571873686238
-1670.205254935363
-1672.3484882987668
-1665.7226546077984
-1665.7314600923137
-1673.1429158711112
-1672.3779116232834
-1672.4581692956488
-1672.6163045429862
-1669.3340697694787
-1675.5370902159823
-1678.4267873721271
-1681.6281010238579
-1681.9529022079946
-1685.5722371601737
-1689.053522084326
-1686.6364976001962
-1690.1870358043723
-1692.3795308339757
-1688.3973443411926
-1690.7218794886842
-1691.0979923539098
-1695.6474954237317
-1700.0080692308366
-1701.2903231633618
-1705.483521055213
-1702.6024531206208
-1702.58516730749
-1707.1679692974005
-1710.1829237317825
-1706.8765513330297
-1705.0744771230382
-1709.890329951128
-1705.6957307139853
-1711.890355678952
-1719.7321520065514
-1716.188796791795
-1721.4853411618903
-1715.8735499360637
-1719.3918440609234
-1716.3494730722743
-1723.179324026065
-1718.593936663572
-1729.6205266430773
-1725.9241127732623
-1731.6273094827284
-1732.4390135623948
-1730.5678606931403
-1736.9142102981361
-1732.5813634213846
-1737.0285009546665
-1739.5836701671103
-1733.5420808663816
-1732.7701563813762
-1737.8849626891815
-1739.60179021861
-1742.4550638925868
-1739.5607767832118
-1745.4252902317476
-1738.3920241556896
-1742.0320836909684
-1743.7879408763663
-1732.5309412661154
-1746.0768687158422
-1741.1070436212515
-1744.5665721123528
-1749.6304126961884
-1746.7824701557245
-1759.1311193902395
-1750.0411245577004
-1744.9014033159333
-1754.9411029901205
-1753.8689512244255
-1749.4016824901905
-1741.590197370726
-1760.257518545929
-1764.0723543038816
-1757.4715855346133
-1755.7877498335902
-1755.1430926814742
-1753.0758905111406
-1748.2213030759528
-1762.2168351930354
-1763.0421870620796
-1767.535096583345
-1763.3137097551148
-1767.9957609304934
-1765.154469306159
-1766.5627085595922
-1768.0248169492713
-1764.1999506244745
-1763.92835293757
-1770.8609931158912
-1770.892082180143
-1773.654358731257
-1772.284196109515
-1775.1206634932034
-1773.357485920859
-1775.1202332364069
-1762.6796491819646
-1775.8298400057806
-1779.0082066283633
-1773.4206433488648
-1769.9426532283492
-1783.624528140765
-1772.3052058882777
-1782.9944843925168
-1780.9552204491313
-1775.9431322037906
-1777.9197718872617
-1776.9640675360847
-1777.0951787153167
-1773.2266544632848
-1779.0090682367572
-1778.290279918722
-1790.1362665971833
-1790.1419360242082
-1786.1822531661646
-1784.6112082442896
-1787.3552563586043
-1782.0893417837374
-1786.2822440793161
-1792.2166518138663
-1791.0433579517587
-1786.1346112580577
-1786.7299290131025
-1788.4257500481713
-1794.081303207329
-1793.2309367774312
-1793.2410226317265
-1797.1913197607203
-1799.063359418792
-1789.1100192903937
-1798.4783103498107
-1794.874877382287
-1799.7921153526136
-1795.4759132830018
-1799.6958254142728
-1791.6695748230802
-1797.237713595677
-1797.434392407336
-1802.2956236424468
-1791.5756310433017
-1797.1703751226178
-1807.4043258872268
-1811.9827568841088
-1802.1269241127732
-1804.309489844626
-1808.2656687920403
-1797.2130564873528
-1802.337403438551
-1809.2676350546524
-1797.7277618545054
-1803.3082581934907
-1813.565871439707
-1798.8430137463215
-1805.817874378153
-1818.636466945768
-1802.8087360741313
-1811.5224330200742
-1806.7139460131727
-1813.0573281600336
-1811.8260344774733
-1819.8004029962515
-1813.1345154629694
-1810.8818879405478
-1820.5177122381235
-1813.0171265195838
-1820.6221529699762
-1814.4779414018708
-1828.5750338293512
-1817.802313424012
-1800.281064431229
-1825.2552736564603
-1821.6153996899523
-1830.1554042662206
-1824.736635216683
-1830.067727674818
-1821.4807462820559
-1820.8717062911646
-1822.4883764976878
-1822.4331799152187
-1818.1205698877172
-1823.590274554197
-1823.768655409193
-1831.1867007952635
-1828.7607717471271
-1818.1647544142377
-1826.067025907371
-1827.7532176201653
-1832.5884117502803
-1827.5710607964895
-1830.520508907301
-1832.4025090649523
-1829.866577695838
-1823.445787643638
-1836.9236836112668
-1831.6953863990682
-1838.5977454762822
-1839.5882732579526
-1831.5351677454105
-1841.4070086970992
-1832.1052415787906
-1845.9573076872548
-1832.275745340527
-1835.669855639539
-1846.8235432577774
-1837.7582383775925
-1843.1930079438762
-1832.829956602088
-1845.7319188139363
-1847.521248992783
-1836.8307350056054
-1851.953617660454
-1848.025937478104
-1844.2601154139224
-1845.5073888120096
-1850.1703888076304
-1848.8467886202004
-1844.218078339581
-1843.5004034341719
-1852.9045311624159
-1848.048377614385
-1860.6023677261421
-1844.5318291497338
-1854.682555331243
-1854.6010660077425
-1849.1927665402536
-1853.9710682411364
-1855.185928960552
-1852.4673760247338
-1855.6434616294143
-1852.6064157528729
-1850.4605734786646
-1853.8304673267587
-1860.1393068595853
-1862.3237501751682
-1860.1236982816004
-1858.2223716017377
-1866.6383198964757
-1862.4820956242993
-1868.3458416173276
-1858.191225060433
-1862.1882274952704
-1861.4963701872548
-1867.451290113509
-1859.1442071889014
-1865.5464967462515
-1865.7369308129555
-1861.9160041295895
-1860.8455843390905
-1870.164491114595
-1870.841797969801
-1868.2542500175168
-1863.1996966306403
-1873.3067922549396
-1871.451348685363
-1864.8456177305213
-1874.1242506087094
-1864.6399199481502
-1879.8653564453125
-1867.8903529419492
-1868.0580096736617
-1873.6815628941283
-1868.3991140870235
-1872.8232805055354
-1880.1311735828897
-1876.3615120515694
-1866.2501395871286
-1878.6952386009318
-1878.8900338074552
-1877.4577877574973
-1886.0865741267867
-1881.8047208914309
-1872.0951420394829
-1888.6635424695207
-1882.129819861442
-1873.3030321608744
-1881.0183154734796
-1889.1211276888312
-1884.734791571784
-1878.0655139871776
-1886.4308249982482
-1886.7929588967909
-1881.9673519391115
-1881.6583646081488
-1883.8420744070559
-1888.844406333205
-1885.486396550063
-1890.2377075742713
-1893.398112891501
-1890.9005302121286
-1895.7004881717698
-1890.881941038397
-1891.7429609769129
-1889.294548547856
-1888.3862906828056
-1884.2627801595781
-1896.5170055440724
-1892.6003680720992
-1895.3360743501262
-1896.0264055055354
-1894.7136515117013
-1892.4127273901695
-1895.1538627864
-1893.7932134380255
-1899.926945570873
-1896.244082053146
-1897.141382602298
-1899.089291422891
-1900.6326882400854
-1890.8788120971133
-1891.4817157283492
-1902.085505601002
-1899.6219405785805
-1901.954934706068
-1892.7779497223585
-1906.034684390765
-1897.3006668432945
-1908.172443749124
-1901.766660134354
-1909.237187543792
-1899.5750475143639
-1907.3603356878855
-1912.2286059460832
-1902.0502114060748
-1913.6835598111688
-1905.7907955699973
-1909.1625385369955
-1897.0085279524594
-1912.3578160033633
-1910.0765057893077
-1909.6398290796665
-1911.9609522798137
-1907.8713783982623
-1907.391593898893
-1913.1435377180844
-1916.3699398297365
-1909.913212934417
-1913.9673705507287
-1915.3495666777605
-1908.9780180379414
-1921.0676559653518
-1919.2508440915778
-1915.9909914298978
-1918.0302301928602
-1917.678147662381
-1912.9980446853979
-1919.489220041865
-1925.5036818157932
-1923.7332719879835
-1916.8077742914447
-1931.2538734059697
-1925.684938165639
-1920.8538210744814
-1925.0237320014714
-1922.835979649839
-1920.485482938621
-1917.1071262787275
-1919.707224482378
-1921.0882655943456
-1927.8990215763383
-1917.072685481187
-1930.5944566940514
-1927.771479995796
-1909.5326809049188
-1925.888426639574
-1927.2983436755535
-1922.4470543284053
-1928.5370108429092
-1910.440556684417
-1928.0932250429162
-1935.6016621268918
-1932.416331475091
-1926.963215233499
-1920.3358274724985
-1932.6323225765484
-1935.5634683514925
-1928.7143894075812
-1933.0215226930354
-1923.4860478559417
-1936.1642633959852
-1929.6206421445838
-1927.1161709772632
-1928.5454216516605
-1937.582225577179
-1930.1414340579456
-1925.733287862598
-1936.4334662056824
-1927.8827325795264
-1933.0114466919492
-1942.4669485049396
-1928.6647128117993
-1944.782403372863
-1938.5859216253855
-1933.4633099337864
-1934.4433478795895
-1940.3802118002031
-1935.3118995016466
-1931.7480561808086
-1939.2617789640556
-1932.7670608315232
-1939.8598107308017
-1931.3173937605102
-1941.8779439199132
-1946.7636083765415
-1939.2635793643146
-1942.714899037451
-1947.755014188621
-1938.1138051122828
-1944.7965443700953
-1946.6286648463774
-1936.430793249019
-1941.1615729225057
-1944.974494420894
-1947.821347634354
-1940.1343085455787
-1944.6043536951724
-1948.8465198465526
-1948.0880876891815
-1941.5331308681334
-1945.3226082977158
-1943.92950302603
-1949.2002681167671
-1951.0767313183155
-1947.5545763776977
-1943.4428491977299
-1955.1634083563972
-1953.4445428548906
-1956.0143698106433
-1948.9962338845291
-1953.8027737878363
-1955.6907165253645
-1947.3601200120866
-1957.7251261210763
-1955.1187306220222
-1953.7349415595222
-1946.3687979522842
-1955.1861172663257
-1932.9699028254624
-1959.9561477455857
-1958.03679461971
-1955.5533091455297
-1946.982826403973
-1960.9160342366172
-1954.2343569357834
-1950.0972183295964
-1961.2874027816704
-1957.1214145266956
-1950.6357854321398
-1958.7184741101457
-1958.7235682192404
-1959.587281915639
-1953.2785425571049
-1963.1963667933717
-1966.3576101807735
-1961.5488538528236
-1956.929565977088
-1950.7647841928251
-1961.043693508268
-1953.1076786058366
-1961.1480274970222
-1958.7962591744324
-1956.6945401178882
-1965.3270307463915
-1957.5694842830367
-1970.2728627294703
-1960.1636125367854
-1956.063464519689
-1967.2533812929162
-1964.7639439330508
-1961.8003033693597
-1969.3650039193876
-1964.3015021764645
-1962.3069072090457
-1973.0835606870096
-1963.6927895310748
-1960.8810679345922
-1967.6748282257217
-1962.4731773752803
-1963.3172903018146
-1970.2441231081839
-1957.7084588705156
-1968.644290393778
-1969.7054788221692
-1965.125067330262
-1972.0447149576094
-1968.0452032388594
-1971.6089064251682
-1976.5661604671734
-1968.3865813524733
-1979.4424901029988
-1966.7700485434768
-1959.0873804477299
-1972.1741461646932
-1975.1599575436169
-1970.155841091823
-1963.6914330726247
-1964.5242854233813
-1967.6242829053392
-1958.6388344529498
-1979.6202545850267
-1971.9442959772632
-1983.0848136867644
-1943.780378538397
-1979.364013671875
-1971.9915662004273
-1955.0520785891956
-1977.753518690443
-1978.7951545202145
-1983.8404869455928
-1982.037100616592
-1981.0196281398894
-1970.6627098733534
-1978.897523888558
-1984.5741131017026
-1977.4103401765694
-1967.9959147500351
-1979.4073196205857
-1984.0352213906601
-1984.8164763172647
-1977.9327332364069
-1985.5043178951794
-1977.8834617169982
-1983.3092741688272
-1980.175713919738
-1975.88689227596
-1973.3940659595712
-1982.7519596938062
-1981.6179352490892
-1978.6912600940652
-1983.5294818963705
-1992.4587517297855
-1984.6132878188062
-1977.736774256411
-1990.705929880185
-1978.2845179810117
-1985.4779184110496
-1994.3655639101037
-1983.8561480740261
-1987.6728729111196
-1997.2794638321539
-1994.3533054232062
-1991.7574818700953
-1989.8426699788047
-1992.0511874211743
-1986.0143676210412
-1989.435062972954
-1985.5489173512822
-1988.240259555423
-1990.2042017367924
-1994.5114308173347
-1991.5626789999649
-1992.3124775565793
-1991.4727722989069
-1986.2311075663888
-1998.5351130053602
-1986.4326806859585
-2000.2432992704246
-1993.0916282756446
-1994.124397859445
-1979.690261635545
-1991.3852188726178
-1991.3734820584011
-2003.4678511683717
-1992.7656447064182
-1998.4023650986196
-1992.2287614078266
-1997.651181618729
-1985.9594502128293
-2001.0573883740892
-1989.9193547680773
-1998.911633136561
-1996.6055081628363
-2000.0329491311659
-1984.3772186142446
-1994.3120960184276
-1998.7899169921875
-2001.8214762734726
-1999.8565854470291
-2008.6652394110847
-1987.9545580945207
-1997.1765038186659
-1994.2070361766046
-2000.367962071714
-1997.374860960272
-2008.7747326495937
-2001.1558142691983
-2000.3537614078266
-1996.7034912109375
-2000.9168777807945
-1999.577085486442
-2008.6728258346764
-2000.4830201837515
-1998.186897859445
-2001.998898630185
-1996.0637360303392
-2001.0367929775084
-2003.6506194384108
-2007.935627342874
-2009.0844069681896
-2002.9123376410105
-2003.3983143348864
-2007.630441708415
-2014.342162538537
-2013.8273345536716
-1995.711939242923
-2002.6299758705857
-2010.0197107973654
-1998.9561844214195
-2004.9577740724847
-2018.8400342453756
-2006.825863688516
-2010.3148467059627
-1996.8195860995306
-2007.144418485496
-2013.7732705428461
-2012.3022997389994
-2013.3576709422296
-2001.209981738719
-2012.7235797146511
-2003.3798477788678
-2005.0551719494465
-2012.4485777440093
-2015.7321098567124
-2014.5920317098164
-2018.007825637612
-2013.2553617879414
-2006.9722139503924
-2006.8634399961463
-2008.7032826513453
-2009.444175549152
-2011.9142759861968
-2022.8960075891605
-2014.120837566564
-2014.9329636920193
-2008.8403725388873
-2009.5511819471692
-2016.3773811921944
-2019.881957460412
-2017.2473856151905
-2010.1719056544282
-2028.563274571714
-2019.9506797619465
-2014.3977784297927
-2012.5814887761
-2020.4250094152887
-2015.1882597919002
-2018.5456811194997
-2010.5520550509739
-2016.6653554599916
-2027.2089674055844
-2011.5636856694928
-2021.814631030164
-2028.9290683900294
-2014.320201925098
-2018.6914363570277
-2020.3858976492434
-2011.7039548591647
-2027.6567103638242
-2017.1236747433786
-2017.7539297882217
-2024.2528760422506
-2019.0155434373248
-2031.8639200663888
-2026.087029016606
-2025.2572328028657
-2030.6837097989069
-2016.1399079053392
-2037.8128350091088
-2028.254749246777
-2027.58814023963
-2018.438126226177
-2025.3166487484234
-2018.3754625534264
-2027.961918441704
-2024.5983908614771
-2029.4564778280899
-2014.5428986827353
-2031.63602409876
-2026.45186652624
-2027.907298271966
-2023.7385538554513
-2024.557739805213
-2030.3743464037977
-2029.3266338810258
-2032.1578079018357
-2020.079532366697
-2026.1154018795544
-2024.5079208852999
-2020.0291370340526
-2039.7996716691773
-2018.3080129580646
-2032.2315909210342
-2037.7717734024664
-2034.3759727306965
-2017.3296117397701
-2036.9637007777467
-2029.1880123668723
-2038.3243079762822
-2033.5855395398332
-2038.2006512971202
-2030.3639113079807
-2035.1001036776556
-2032.0392798180003
-2035.6289144610075
-2039.6188992213774
-2027.8326142315373
-2038.3968560599426
-2031.0962094704666
-2021.9694939172855
-2040.168957355311
-2037.4781614568735
-2043.0877871663047
-2032.7877766562149
-2022.2467998966508
-2035.8739577494396
-2035.7239743904147
-2029.5403751664098
-2036.3304974337864
-2035.4743302007428
-2028.0901590526905
-2037.9488924992993
-2045.9181493921665
-2036.6609001672855
-2038.6640553837935
-2044.66296660419
-2034.4291411942966
-2035.2196762016536
-2041.8694745393077
-2036.2596347962794
-2031.6650155242783
-2042.9354111196749
-2034.154355446854
-2044.0208893506517
-2042.084972980311
-2041.2988144399874
-2041.8673615733603
-2052.648486218645
-2029.1804281328825
-2043.8487050693666
-2043.0233937079597
-2044.5011238132356
-2044.86206602088
-2040.5669760939252
-2044.0272216796875
-2043.4008931386632
-2046.3784239901556
-2038.5524289255186
-2038.5112474381656
-2041.2439397290148
-2043.797893712339
-2048.1662493650156
-2046.7795388260229
-2033.4075194217698
-2046.9948845422855
-2040.3295591893218
-2045.4758174879134
-2044.3292028315934
-2034.2866358735637
-2031.8711222148263
-2050.1473815644267
-2055.150702095887
-2019.1611519715177
-2040.5527819988438
-2054.515086357904
-2042.9109620235427
-2055.995682652221
-2049.574573465527
-2052.786032638208
-2044.984378284403
-2034.2055182350057
-2048.990723751051
-2042.1064934837443
-2057.8157307577776
-2049.072807004099
-2046.8906797400505
-2038.08892138015
-2044.7541323264084
-2058.140465159053
-2042.3109453825673
-2064.203620944857
-2050.2797857036503
-2039.4943710806124
-2056.4770978576935
-2040.976435503083
-2060.562993755255
-2051.898401918967
-2052.7582055335624
-2057.8392344932386
-2055.24824229698
-2063.228567628048
-2045.8552547164027
-2045.9674991898473
-2048.2342759205085
-2061.8796091122476
-2051.68401689059
-2056.3933406539027
-2056.16439860391
-2059.532060700147
-2059.405695483289
-2055.2018440828197
-2043.0648592961743
-2059.0303708747897
-2049.354494377102
-2071.034988745446
-2054.009317303987
-2056.1248182630325
-2059.7629378109236
-2046.729491092699
-2055.8363310809627
-2047.0073247661505
-2059.6199009643005
-2062.284222384739
-2054.331314155339
-2046.4172713617572
-2058.2192251436377
-2058.7814634861966
-2053.556051074657
-2068.5202565556683
-2061.880218369009
-2059.637288593925
-2061.700004269724
-2062.2817831680914
-2056.1455236871147
-2068.5386054205787
-2062.3049102920054
-2054.8531061694225
-2060.238919518988
-2059.774743050203
-2059.256965124019
-2053.387327459361
-2054.751268326969
-2059.330062797786
-2051.4817693735986
-2059.176537757497
-2058.162025622723
-2061.3843331786015
-2066.453351623809
-2063.408688121847
-2055.9251391492085
-2068.3484784455577
-2052.121354860041
-2045.1540532817755
-2073.9221399418443
-2070.4626744018005
-2057.5030687272283
-2065.2559858245168
-2068.976242818105
-2070.6193645118065
-2056.427481475967
-2055.2665944462933
-2062.7107809434556
-2074.573951618554
-2061.8403161566353
-2054.029508171595
-2075.1060440679303
-2054.041789101913
-2076.341356217594
-2073.7272987536785
-2063.0673844547014
-2068.4347263216437
-2068.5704165060956
-2064.603686961358
-2065.0435117713005
-2039.6808091236337
-2072.3965445890553
-2068.3134327704597
-2077.469264556474
