0.5046122801960219
0.5015854713173825
0.5037474776592678
0.5053329489766504
0.49927933121937157
0.49192850965696167
0.5074949553185356
0.5067742865379071
0.5001441337561257
0.4916402421447103
0.48746036321706543
0.503170942634765
0.49956759873162293
0.4974055923897377
0.5024502738541367
0.489478235802825
0.4930815797059671
0.5008648025367541
0.5044681464398962
0.49927933121937157
0.5040357451715192
0.5020178725857596
0.4958201210723551
0.49870279619486885
0.4979821274142404
0.4896223695589507
0.4978379936581147
0.49769385990198906
0.4989910637071202
0.4969731911213606
0.4926491784375901
0.4953877198039781
0.5020178725857596
0.5025944076102623
0.4988469299509945
0.49495531853560104
0.5100893629287979
0.5037474776592678
0.5145575093686942
0.5275295474200058
0.5299798212741424
0.5288267512251369
0.5380513116171808
0.5481406745459787
0.5491496108388585
0.5455462669357164
0.5428077255693283
0.5360334390314212
0.5527529547420006
0.5498702796194869
0.5536177572787547
0.5624099164024214
0.5710579417699625
0.5583741712309023
0.5696166042087056
0.558950706255405
0.5608244450850389
0.572643413087345
0.5691842029403287
0.5769674257711156
0.5798501008936293
0.577688094551744
0.5815797059671375
0.5794176996252522
0.5883539925050447
0.5740847506486019
0.5742288844047276
0.5850389161141539
0.577688094551744
0.5857595848947823
0.5797059671375036
0.590948400115307
0.5981550879215912
0.5817238397232631
0.5962813490919573
0.5971461516287114
0.5861919861631594
0.6027673681176131
0.6027673681176131
0.6047852407033727
0.5985874891899683
0.5957048140674546
0.5910925338714327
0.601470164312482
0.60420870567887
0.6037763044104929
0.5980109541654656
0.5958489478235803
0.6026232343614875
0.5978668204093399
0.6063707120207552
0.6068031132891323
0.5980109541654656
0.612856731046411
0.6075237820697608
0.6101181896800231
0.607379648313635
0.6108388584606514
0.6092533871432689
0.6037763044104929
0.6037763044104929
0.6089651196310176
0.6173248774863073
0.6057941769962525
0.6062265782646296
0.6036321706543673
0.6081003170942635
0.6006053617757279
0.6031997693859902
0.6055059094840012
0.6026232343614875
0.6145863361199193
0.5985874891899683
0.601470164312482
0.6131449985586624
0.6033439031421158
0.6047852407033727
0.6059383107523783
0.6278466416834823
0.6052176419717498
0.6134332660709139
0.6036321706543673
0.5998846929950995
0.6053617757278754
0.601470164312482
0.6191986163159412
0.6137215335831652
0.5981550879215912
0.5981550879215912
0.6125684635341597
0.5965696166042087
0.6019025655808591
0.60420870567887
0.6098299221677717
0.6155952724127991
0.606947247045258
0.6059383107523783
0.609685788411646
0.6059383107523783
0.6017584318247333
0.6135773998270395
0.6105505909484001
0.6138656673392908
0.6101181896800231
0.611991928509657
0.6044969731911214
0.6154511386566734
0.602334966849236
0.6167483424618045
0.6049293744594985
0.6238108965119631
0.6161718074373018
0.6150187373882964
0.6098299221677717
0.602334966849236
0.6127125972902854
0.6200634188526953
0.6079561833381378
0.6056500432401268
0.6167483424618045
0.61790141251081
0.6215047564139522
0.6081003170942635
0.6033439031421158
0.6161718074373018
0.61790141251081
0.6161718074373018
0.6203516863649466
0.6115595272412799
0.622513692706832
0.6154511386566734
0.6111271259729029
0.6092533871432689
0.6265494378783512
0.6066589795330066
0.6106947247045258
0.6242432977803402
0.6106947247045258
0.6181896800230614
0.6145863361199193
0.6262611703660997
0.6167483424618045
0.6215047564139522
0.6130008648025368
0.61790141251081
0.615162871144422
0.614730469876045
0.6242432977803402
0.6207840876333237
0.6111271259729029
0.6168924762179302
0.6304410492937446
0.6207840876333237
0.6223695589507062
0.6249639665609685
0.6240991640242145
0.6279907754396079
0.6210723551455751
0.6281349091957337
0.6210723551455751
0.6154511386566734
0.6217930239262035
0.6226578264629576
0.6272701066589795
0.6253963678293456
0.6181896800230614
0.6217930239262035
0.6204958201210724
0.6321706543672528
0.6125684635341597
0.6239550302680887
0.6206399538771981
0.6321706543672528
0.6239550302680887
0.627558374171231
0.6259729028538483
0.6264053041222254
0.6232343614874604
0.617469011242433
0.6333237244162583
0.6161718074373018
0.6305851830498703
0.6331795906601326
0.625684635341597
0.622513692706832
0.6235226289997118
0.6259729028538483
0.6194868838281926
0.622946093975209
0.6327471893917556
0.6320265206111271
0.6184779475353128
0.6207840876333237
0.6215047564139522
0.6243874315364658
0.6255405015854714
0.6167483424618045
0.6271259729028539
0.6291438454886135
0.6301527817814933
0.6277025079273566
0.6274142404151052
0.6292879792447391
0.6253963678293456
0.625684635341597
0.6118477947535312
0.6300086480253675
0.6253963678293456
0.6313058518304987
0.622946093975209
0.6376477371000289
0.627558374171231
0.6272701066589795
0.6328913231478812
0.6478812337849524
0.6287114442202364
0.6337561256846354
0.6277025079273566
0.6295762467569905
0.6253963678293456
0.6235226289997118
0.6351974632458922
0.6189103488036898
0.6419717497837993
0.6253963678293456
0.6196310175843183
0.6239550302680887
0.6213606226578264
0.6189103488036898
0.628423176707985
0.6344767944652637
0.6251081003170943
0.6323147881233785
0.6289997117324877
0.631161718074373
0.628855577976362
0.6366388008071491
0.6228019602190833
0.6176131449985587
0.6320265206111271
0.6219371576823292
0.6235226289997118
0.6274142404151052
0.651772845200346
0.6240991640242145
0.6326030556356299
0.6343326607091381
0.6239550302680887
0.6177572787546843
0.6226578264629576
0.6340443931968867
0.6429806860766791
0.6363505332948977
0.6380801383684059
0.6327471893917556
0.6291438454886135
0.6330354569040069
0.6344767944652637
0.637071202075526
0.6428365523205535
0.6462957624675699
0.6388008071490343
0.6271259729028539
0.6297203805131162
0.6193427500720668
0.6239550302680887
0.6372153358316518
0.6318823868550014
0.6353415970020179
0.6372153358316518
0.6392332084174114
0.6377918708561545
0.6238108965119631
0.6324589218795041
0.6324589218795041
0.6367829345632747
0.6313058518304987
0.6349091957336408
0.6253963678293456
0.623378495243586
0.6315941193427501
0.636206399538772
0.6354857307581435
0.6390890746612857
0.6415393485154223
0.6445661573940616
0.6323147881233785
0.6379360046122802
0.6462957624675699
0.6399538771980398
0.636206399538772
0.6432689535889305
0.6369270683194004
0.6207840876333237
0.6327471893917556
0.6210723551455751
0.6369270683194004
0.6333237244162583
0.6360622657826462
0.6215047564139522
0.6298645142692418
0.628855577976362
0.6425482848083021
0.6425482848083021
0.639377342173537
0.6390890746612857
0.6347650619775151
0.6261170366099741
0.6359181320265206
0.6282790429518593
0.6266935716344768
0.6308734505621216
0.6331795906601326
0.6269818391467281
0.628855577976362
0.6398097434419141
0.6328913231478812
0.6383684058806572
0.6392332084174114
0.641251081003171
0.6360622657826462
0.6419717497837993
0.6298645142692418
0.6266935716344768
0.6527817814932257
0.6253963678293456
0.6323147881233785
0.6351974632458922
0.630729316805996
0.6426924185644278
0.6337561256846354
0.6354857307581435
0.6330354569040069
0.6478812337849524
0.6449985586624387
0.6431248198328049
0.6347650619775151
0.6281349091957337
0.6349091957336408
0.6291438454886135
0.6488901700778322
0.6442778898818103
0.6359181320265206
0.625684635341597
0.6473046987604497
0.6380801383684059
0.662727010665898
0.6364946670510233
0.6380801383684059
0.6323147881233785
0.6395214759296627
0.6279907754396079
0.6259729028538483
0.6460074949553185
0.6364946670510233
0.6406745459786682
0.6426924185644278
0.6409628134909195
0.6268377053906025
0.6471605650043241
