0.44385307701089965
0.4320358420091291
0.4469409086119195
0.4295800637264955
0.45467057577784986
0.3921491168954405
0.43102237379633335
0.4564835116189952
0.453064616168699
0.4180576852115069
0.38890856264099
0.43233563827376487
0.46492332800330105
0.42659252230936345
0.4409730838706142
0.3733621407471906
0.39713867106539313
0.46759226598909925
0.4664323347779463
0.4801081768172677
0.47243073392092905
0.4112355854654092
0.47909251360162614
0.4404454508513075
0.41557973678210913
0.42360796470383894
0.42639892847890953
0.47104222457941775
0.4512904567798505
0.494243637448357
0.38982110954649435
0.40316486304565785
0.46320310195538855
0.4883770848611533
0.4245048193947717
0.4352857537807957
0.472771565640165
0.464677800986624
0.4923331209539955
0.4077442564791249
0.4573337507996416
0.41972296255799485
0.44296681190828024
0.42056959943013256
0.40727654797312574
0.4214390108344673
0.4323218079446922
0.37026678576790795
0.4323926297303993
0.4329854619393151
0.42363218509931166
0.3823482412072371
0.41455858459155404
0.41711479985082206
0.40827959630003174
0.47960122801741145
0.40225076876271704
0.3669988843290487
0.38916117965763064
0.34909295587701733
0.37614917933666214
0.32359461389344685
0.37645129994210286
0.3372121265818996
0.3505845582584769
0.3734361899132553
0.3910301544849465
0.30329704669214064
0.3225855560381017
0.3559180611426929
0.3528725466849755
0.3583979087491189
0.3554526412438962
0.3760634896941998
0.33026576553758935
0.33075932078578507
0.34444786673454647
0.3038184029578064
0.34117812242719436
0.3869354041971369
0.3452392107021699
0.3120989956751397
0.3011772412858251
0.327784662886012
0.33520830874138163
0.29304521087951924
0.3167124714290354
0.33182094379195143
0.29973750566625923
0.31551796965266704
0.3005915364327793
0.27684134773669705
0.2935694653695355
0.27107775695021114
0.29913763684748507
0.293687862168122
0.29350848277077973
0.2955970606736599
0.32854285952956996
0.26454469374453965
0.29001175479808916
0.26432178583219307
0.29862339073182664
0.3079222792959107
0.2508502142473815
0.3122703872689728
0.24293652458828852
0.25019738278974035
0.2559208907358657
0.26692612331000065
0.24492108453631675
0.28823286139573645
0.2708217183016412
0.28898617783175085
0.2502679512031325
0.24061240908187656
0.2323880403684581
0.27029394717164945
0.25397044027327187
0.2775848260501288
0.25599695240846976
0.2825571584347893
0.2806299425992033
0.24996395836356805
0.28106653076770377
0.22487924516218186
0.24916700977608905
0.24311197807149712
0.2915948554272613
0.232262109933112
0.2710157699804122
0.221492981662639
0.2197678135493384
0.21110037435919116
0.21968628702071508
0.2426663464630529
0.21017023583891273
0.20913443319104646
0.21259563288132097
0.22246608518338698
0.19291182383165312
0.1972354739713418
0.22032683320646068
0.28378505398431353
0.18471967990720464
0.24226290008272067
0.20198861135315785
0.208803637058384
0.16368006243615107
0.16698415382332163
0.21725591421685256
0.16099896138289316
0.21512164528726296
0.19476630585590027
0.20184858212011977
0.18259726463668724
0.18075632964435767
0.20521431061984277
0.20129442879445164
0.22092655706683428
0.19710962630648485
0.17951913776070905
0.21460450376844795
0.20171714805963573
0.19381606951570524
0.17769302027342918
0.17984759585592844
0.1529613876342988
0.1771091225047444
0.15899777068821702
0.19156533373374393
0.17692956257322354
0.21076054062183586
0.12636238905563113
0.19579381931440107
0.24809790688805528
0.17108390527597117
0.16689337001020257
0.1513497766242714
0.173803765666596
0.18398327635191294
0.1932758778153408
0.1742021860686838
0.14079359795349383
0.15880943428642386
0.2003451423988568
0.16480899455743597
0.19424443166047947
0.13988741398444302
0.19486317752431573
0.16163325630405206
0.1745953653568112
0.13000541699144663
0.16515865617718448
0.16563183243724697
0.12292545081506814
0.12970019925025203
0.1429470446816976
0.17026623278851719
0.16929045407250082
0.1559144756799641
0.17066468790638656
0.17074919648011466
0.1643973448861515
0.16024473017030116
0.15457019039599526
0.14705947761932767
0.14671853130194037
0.14361511503553076
0.17980003130567487
0.13669020267295523
0.14445912748500053
0.15207293962834026
0.13358765091266553
0.11199498893917069
0.133250959435408
0.1290416376185625
0.13349507253732124
0.1281170975561412
0.12580770394222462
0.17717726352841331
0.14358697540293489
0.13471054824431164
0.15903859001213913
0.13235722412341833
0.13984722956239293
0.147252131409059
0.1182543846367765
0.16606487431141634
0.14556297602551488
0.12279698183764205
0.13270627778232172
0.17637290275955578
0.1121820821274416
0.12997659105167259
0.10443916291074638
0.148201721537325
0.16158060772663138
0.1303943177694664
0.13868230661198397
0.13298512250302366
0.11337928892684146
0.0973968067150341
0.13047973140372401
0.10370113940808648
0.1720019915944002
0.11698439263716252
0.11068742849438673
0.08947463029799681
0.11652863618980858
0.1224016005026616
0.11135403712139505
0.12509264680795015
0.09758675428177659
0.08591893838513599
0.09741399409248755
0.10036501070636543
0.11903072031844388
0.08611767212600095
0.14428498566634568
0.12287860261902868
0.10797859290770988
0.1092013969330006
0.14479875460847536
0.11448998697514086
0.10955430935793486
0.12641836495173844
0.09562897790101907
0.14261347720067086
0.10121906264458098
0.11275154947013677
0.07105012413906853
0.11377050601668466
0.10665310600504203
0.1576223280824084
0.12482208443404492
0.09159639696535467
0.13884373120513605
0.11801846343834248
0.0836565545500491
0.11344737722188025
0.09392328973026536
0.09046442969010057
0.08784519185224396
0.12456692479902767
0.08539289704077097
0.10853809422692581
0.16023606822816178
0.13505398264985793
0.11630833581779589
0.09687732404659136
0.08623632901847901
0.09988334697448202
0.13250428223555746
0.10510191229200518
0.1226645589237877
0.07761877737057189
0.12184840704589087
0.12322284566011996
0.07936423822791741
0.0943409619792723
0.08552308866115534
0.11956334551684998
0.10027872183658776
0.11029321831872631
0.12825332105220516
0.07324756692249616
0.11525396123845136
0.10468532229330571
0.08172240476572616
0.0811119536523513
0.09393069220974119
0.09970413925200497
0.11429236489983167
0.11003544309078866
0.09176969934822846
0.09117595798352969
0.10699530565983258
0.08324968986358643
0.12284606584603877
0.11187496913974465
0.08745512603453909
0.06424031062955951
0.10076752676080011
0.09274488773990314
0.09691434744173716
0.094058228773162
0.11180458521464107
0.0801436103995966
0.09271503157760225
0.07561280909833291
0.12420224106423615
0.09199210549473501
0.11746068683933489
0.11424908258157748
0.11073698311941976
0.0916942468860943
0.08611041828199655
0.059744272827889716
0.12255237566186045
0.08312749224341413
0.06359826832932132
0.07554656739101864
0.10142274387888103
0.10633402825340303
0.06106314040055702
0.10801334010726929
0.11714374027219639
0.1105104648192012
0.0979696203313321
0.10138291259324772
0.09814973697322474
0.09862617037384859
0.09672097895564537
0.10081903648000513
0.09738322675282537
0.0977591961089629
0.10034761680364161
0.059136558080752175
0.09456302863085185
0.0782967639339605
0.08393308349359185
0.08529398083764689
0.09480290990154978
0.07366847462476828
0.11326282792437128
0.0836764736580949
0.11258566437435828
0.0937401870143253
0.07408751785020157
0.10108862260342857
0.0884958025079555
0.06422664136707912
0.07767642371812893
0.07007022379041361
0.059630492644815895
0.07928478091286172
0.08162084367444558
0.10949386153690435
0.09418636172364961
0.15486519067800888
0.1358813039039722
0.19785631910480686
0.17201602364395654
0.18572546640445414
0.13881292030934922
0.16374173691634517
0.08059930735147315
0.24862578842347086
0.13957790797284134
0.11607910850275815
0.17162725168178772
0.18137577004330813
0.20421641459327744
0.12163629047030224
0.1801804301022044
0.19181332556637576
0.13732522025852215
0.2249389886399182
0.20964532328768232
