-121.46020249562329
-346.28635958922075
-369.8510169213818
-333.77777441900037
-444.1609492027265
-479.9740163719599
-486.841376713344
-504.71389142928587
-546.8246060648272
-605.5932107740833
-600.5893058601063
-604.7594561730662
-639.6122861589704
-632.9135023514796
-630.6636178504486
-713.2783759793928
-682.6748571439822
-648.8865196204955
-716.904477477623
-644.3834537470944
-691.0768598916893
-700.727784117246
-659.6521438255837
-742.481523724745
-767.050965709071
-774.2880213161767
-758.7244633002215
-784.045122463033
-800.1117781186433
-770.9611281381774
-846.3374511789067
-829.6115156901047
-763.3851849164831
-795.828410864975
-822.5195826231609
-850.4880001226328
-814.7520000747821
-848.3681688748197
-809.4535218691497
-890.2084052441857
-851.3749045183032
-856.4378943113687
-831.9796062416744
-898.0201505098474
-927.1913731482721
-851.0569020592122
-853.2870960411389
-893.1427807928779
-869.2669371119292
-874.2004092343941
-921.3406397164692
-960.3810216226885
-877.6395061158914
-870.7647690531296
-893.0878661019461
-900.4578185213327
-911.7257326715004
-917.4966477424867
-865.17639001943
-941.4227390552995
-900.9857369699786
-922.9140625175793
-966.8002264488678
-860.3698069137363
-961.8319010932324
-909.1060601159725
-831.9097673969884
-1003.3865442100208
-929.426748882241
-956.9805511263659
-907.5695039599722
-945.4895864785542
-934.8228258053828
-901.7166675884054
-935.7970422050371
-939.8259235417239
-915.5992086977453
-933.0224490473347
-927.3764302653651
-932.3133565885131
-903.3484128960816
-943.1483868366013
-989.5370084701046
-950.8084690076415
-920.1472596199281
-951.4109152341218
-949.8387053880823
-933.4382424991801
-956.7173897879464
-941.0863596129527
-998.2662287197904
-1004.1119179077413
-948.4482933958554
-1003.8125566051853
-976.57318334975
-955.0310653475573
-940.7840431318855
-1014.9271965905818
-888.3131300216446
-989.2191678587742
-966.4846738824098
-953.9803730485626
-960.1351335015714
-954.7267407535958
-1062.6447623028732
-979.5819790747857
-1011.3809832911337
-967.775955674835
-1004.8530710106072
-961.5442499960623
-1021.4140233685894
-927.463727495088
-980.3606335336711
-958.7073125795285
-981.8242585318429
-1015.9773845716555
-945.3712803537395
-940.7750646002281
-997.55504263601
-954.60645750371
-1003.9121651539605
-902.5906706251857
-975.7854955207367
-991.2579904635381
-943.0497027014807
-982.4007317679269
-949.8261565986317
-1021.6910421925206
-969.2447374998699
-1058.4891116937733
-898.9217055975566
-1040.6358293058686
-1043.340505380235
-1047.771799388569
-1037.186351283904
-954.0342861474385
-1001.609010230561
-973.3128178064725
-980.4441188381564
-984.2295097887242
-987.8147544289515
-1015.5724680676439
-1037.1990746353079
-935.8901615142822
-998.1400673158707
-969.8595293194468
-993.4445728178947
-958.6111275237827
-1064.849116101243
-1056.4770681847076
-1023.0460457164571
-1057.2955372190695
-897.5730448010879
-943.2308865911949
-1023.1910850155738
-973.7811362710416
-1037.2652867400702
-986.94068543043
-1025.196950059882
-975.663355251611
-1023.4028312226045
-1004.5244372945776
-983.4221447887509
-985.4026350030152
-1009.9742766173754
-1040.7645512945642
-1019.8732746493432
-1007.7605129364998
-997.8426796346216
-1063.8027025565573
-1056.2371397941342
-993.9929782476294
-948.4499696564565
-1113.0806106708017
-945.0292052519486
-975.4920811103785
-1042.215207719583
-1044.405021887221
-1044.30110145604
-972.2889583165744
-1074.6679395244967
-1058.3109244069744
-1067.1021403035809
-1077.2552674464916
-1064.8347534627958
-1047.0155075464381
-977.0664396681544
-1039.0489842287407
-1107.6605907739033
-934.3574114329255
-1036.5820060765138
-986.8413337848153
-1055.556304263629
-1063.5830547051496
-984.2257696318736
-1030.1287241904965
-1050.0290800261607
-1044.8068329947334
-1035.714277381721
-1083.0605097124653
-1016.2326245285948
-987.9233254990819
-1069.0797989401399
-1034.6073583787488
-1022.4480039535031
-1086.2710315510974
-1103.6361592376288
-993.2390521869132
-1096.5967585348315
-1072.3327959319963
-1066.7309093211652
-1024.3993967469387
-1091.4928730468048
-1009.5213408316336
-1124.699643130676
-1020.1302304421702
-1043.213878930439
-1004.0229008758123
-949.3220053466234
-1038.779133818666
-1011.9557202818207
-1079.7731679837275
-1069.1077928147558
-1098.7689966825847
-1053.6496637581681
-1084.102435095519
-1064.878043425248
-1089.9888082275743
-1062.82903756524
-1106.5922701611496
-1121.0675548166723
-1053.086771846367
-1044.898208336896
-1135.0601360127673
-1114.838392758699
-1095.8060463408722
-1061.4773232947846
-1037.793445080656
-1078.945633602582
-1072.057763859973
-1029.4783268831843
-1111.5954880077168
-1097.8816436556626
-1142.2778932773572
-1040.8950315202985
-1002.9395949543896
-1057.714689623925
-1110.1583677458873
-1125.672415016983
-1114.7519382002167
-1121.641724582092
-1062.7236022125192
-1081.610943948069
-1157.188979821271
-1080.5836363058486
-1043.8563952467957
-1032.053638598886
-1051.1904288349065
-1155.505748190638
-1065.9807044877434
-1066.7193718220233
-1124.936308082897
-1132.960337124662
-1104.4704594590148
-1142.146941927721
-1105.643911440801
-1121.168468352287
-1134.5176425353723
-1023.6666063053817
-1094.1648977253294
-1059.4703762674112
-1017.635725966247
-1066.9136696037608
-1045.3488357781266
-1043.599924818162
-1072.8605302379976
-1085.07349230507
-1110.0380551990825
-1098.3245068035917
-1057.9712571746193
-1015.5082053083429
-1047.0190540964154
-1122.5523207352458
-1152.9310332267514
-1043.5335369813276
-1052.8614170276624
-1063.2841286197786
-964.6531263782132
-1062.6749808843235
-1093.7731892458305
-1047.908068854688
-1145.0998961628857
-1060.0079955703102
-1043.0644334713984
-1111.007134951754
-1069.7920863859115
-1129.2083140781947
-1063.5459833804364
-1049.1354116975986
-1110.44057759931
-1107.367255689911
-1141.7978836973691
-1089.3923817691716
-1090.0356919424873
-1053.8897076795727
-1052.8934718364944
-1110.6103385099068
-1116.5831160655218
-1092.3071477160477
-1150.9376022760769
-1136.7657083608037
-1086.8275239302816
-1100.3312710177513
-1045.7292797422629
-1130.5047194309498
-1071.4038224022509
-1096.0910080940494
-1146.1308089884744
-1156.9275763727003
-1003.1834700096588
-1105.7566090948571
-1038.0881841281591
-1123.4685892553373
-1105.785726626348
-1106.925167488063
-1121.4051001764112
-1046.0952665553116
-1071.7572404712027
-1108.2083193981152
-1016.589491171771
-1022.1386600969024
-1106.4234862437445
-1103.1108220403644
-1047.852169722456
-1119.1000229444371
-1054.099634741858
-1071.6105151022634
-1089.9370453654346
-1119.414971224174
-1042.334618106965
-1141.0615229101224
-1212.6755384278188
-1046.3472021384173
-1034.2556019708309
-1147.9418595771087
-1145.517035110755
-1056.0052470018238
-1162.3384706281847
-1054.29943753827
-1095.1325756723431
-1085.8998546688238
-1106.5622959971977
-1088.5450644778766
-1055.3536346277333
-1059.9998293757988
-1078.7415373314361
-1114.3161592923002
-1098.7928995141235
-1061.13168473837
-1041.4451545943862
-1082.0794134799237
-1156.1739208731233
-1046.290356288857
-1062.8180038698258
-1141.9081230690952
-1071.8431922279744
-1099.4767882175709
-1080.7950186399821
-1086.654746411583
-1137.028681847357
-1047.3330654900194
-1031.9749218143077
-1064.1337806596184
-1157.347785387171
-1116.785106417221
-1133.2906248031125
-1061.8868672243461
-1087.1259316563057
-1037.994156072766
-1076.7247576471848
-1252.0046881935814
-1097.323012750799
-1000.6520646181973
-1086.143507454612
-1085.2077070756393
-1074.3392769553445
-1111.40627413663
-1282.9590324401856
-1071.6136072332208
-1017.365400834517
-1166.2222162420098
-1092.6935329090466
-1205.1558049982245
-1124.847627813166
-1199.1707833030007
-1071.868007590554
-1142.6392014936966
-1086.9351805600254
-1084.9754106001421
-1028.595599087802
