-88.7211655977135
-320.59858360817907
-375.4881340820119
-442.11642212582075
-388.4340395718676
-472.0664582241515
-479.08837322320807
-545.2965553740752
-557.7616228277233
-491.7115765958338
-648.390784470167
-687.6246195839298
-661.3266950422718
-691.5102121379518
-685.4669141846318
-728.3007000712206
-566.942030567178
-776.2039952278137
-729.1904946516187
-630.3116619372697
-767.2967624125943
-819.3573136725184
-781.8502290210416
-823.4228367816468
-797.6661089180801
-819.4055001054492
-768.3335195862203
-792.1208373170844
-819.317692933544
-838.9148604573193
-848.0205118282599
-839.0035492879455
-858.4380032917321
-768.3964004252913
-845.5096630171147
-866.6761244694758
-768.039934192385
-829.8920842498403
-849.4826750326815
-872.9039722038304
-850.3164551961257
-901.5441353430946
-958.5756642389956
-879.5419046834867
-859.5280336707418
-913.9006076056836
-851.1050221359675
-909.2728633287315
-845.257815101729
-908.764641146506
-948.4180555914953
-894.1801618529904
-912.9667868921833
-910.9721681445425
-941.5053803162641
-921.7105317478356
-953.3294981569738
-948.2570620198404
-929.4963697585092
-939.1193416151583
-975.4933537975435
-929.4611249711656
-933.6236359952233
-914.3463707497592
-907.313541447512
-878.364334066892
-901.1644181480057
-889.5999668710243
-922.144440916826
-959.6285097368302
-929.2902670065928
-924.0580957034766
-982.3797551245184
-892.4619843311574
-900.432827941833
-915.1300215259675
-940.3662460608416
-946.1837385744543
-956.8708501367526
-892.5606817254273
-914.6251346977076
-976.4429157758088
-892.6600582456808
-925.0624075924746
-940.3033151780405
-907.9310177762387
-914.4123981586799
-934.2862761822714
-964.0165315622008
-960.057987700959
-905.5401790922139
-919.2474008529417
-908.070734217969
-897.7856789486749
-973.6300606090352
-972.889106790591
-934.1485482954209
-931.345090277184
-929.9464350823433
-986.6020439341321
-964.1371260040916
-944.1442217574141
-926.2486816304071
-950.8430872062385
-968.035011502455
-936.8323828888379
-932.6916772105177
-975.6091991547615
-972.1540827948926
-953.5046580458567
-971.5285353418869
-943.1070412183137
-924.9070166239541
-947.210581057632
-957.3842432086918
-881.7180502123547
-944.1807611395137
-959.1436745516166
-920.6131589286339
-940.1636849224293
-940.7893719387494
-918.8239083004437
-980.2440485882869
-937.9672646506042
-948.681679594352
-909.2221894470229
-985.5352513196831
-985.6758311607871
-961.9171071096499
-906.0102620981805
-1013.9638307720835
-1012.2761300741802
-1016.0404588346657
-956.5028877917523
-930.9685311031781
-1001.9911765173283
-968.1341092035105
-964.6512162916122
-939.0003188046442
-938.6686783633473
-942.7590987462602
-1039.9195102118128
-981.0975933283705
-960.7793550301807
-956.7272991678133
-923.9759144008434
-986.8057317228361
-984.9353535131376
-892.3645503718732
-977.2409093347013
-978.1761730222659
-1016.2683594875072
-978.4131342892273
-1052.1947201649714
-990.1953099257386
-988.5866672377432
-957.0580847219388
-1016.3832540127539
-1023.280218226569
-926.0417461076639
-995.1357774470808
-967.0928439817945
-977.7333436045229
-953.016105797983
-1022.5847693379574
-993.4061672720492
-960.130797413637
-948.101673706336
-964.0290381172285
-983.1875111864459
-1032.4301195485252
-1010.2688745930448
-1025.5005924613795
-998.2708236616328
-1020.0383660452707
-910.2194411161308
-1040.9565090078363
-1020.4528216068646
-1015.2839524559162
-968.6281959917138
-999.5637285423718
-977.6970603740709
-993.5389661113238
-930.1027075390112
-993.3000204189582
-969.139301275328
-1023.0104056063885
-1043.4673666448637
-981.1386223789734
-1007.3178128053515
-1008.9621666422637
-1025.98950732853
-1001.8060480949516
-1075.2700310967484
-956.5657611623888
-1045.234662132329
-1010.1190719324322
-989.9630337420697
-938.9117532155481
-977.8178657073579
