90.15102134020098
-345.10642040270267
-379.35264313166044
-385.38550293390654
-391.8331016505369
-394.14825325188
-392.608520050752
-405.2344749204574
-417.69889768257667
-443.4432642360986
-456.2551965669553
-476.1475408176123
-495.9800259638492
-496.9310836440407
-520.3779720183342
-545.4191241989487
-550.637700164373
-573.379139843075
-594.0895401211927
-605.897704656223
-601.4683784449704
-618.2804109775526
-619.1185543218515
-637.8582399429813
-638.5103801955826
-641.3956668695547
-657.4659993395827
-665.6657219108898
-669.8999469247282
-664.4736804874262
-692.7933747603597
-689.3136629025507
-712.8395183229227
-720.4276883876818
-729.3663285075245
-742.116954610095
-741.9334792739236
-754.5445373816424
-765.7027154737904
-770.654524702081
-779.367180749568
-784.8585269769766
-794.3724078341014
-794.0005937567504
-799.7696350378924
-809.4381502916186
-803.7375671105451
-806.8878303211405
-815.6693624329457
-820.1012227282546
-827.4552826068368
-825.7540111629644
-835.4588994320636
-837.0984708021314
-834.5769372052312
-835.7631034323697
-846.9978002029629
-845.7395525813652
-851.0582441338746
-853.1385320848034
-852.3219283846666
-852.4595038769982
-855.3574761597242
-856.5014429048459
-865.074947234123
-867.7799165084066
-868.3125430340042
-876.4325648716518
-873.2020722138717
-874.0143426991827
-882.0315788022933
-872.2514147780458
-885.4814664076001
-885.0733864779846
-888.0288791920183
-894.6422040385585
-894.4981672577045
-902.5271434871831
-898.6676036641345
-896.1418932374172
-901.6436927900886
-909.1809745823733
-910.4309298607611
-907.0882267402613
-893.7859103295111
-907.6202454457085
-914.0118003177204
-918.032228812644
-918.8431379608295
-916.2698825537334
-923.4114107052851
-922.8497339767246
-925.7889902141237
-933.2584414152506
-927.8523784584713
-934.7774416312644
-937.2287105437248
-936.1667705483151
-942.4668646605883
-941.1455469087522
-939.4140332481279
-941.7199138869888
-946.4293586977067
-948.4189860963602
-950.2244527087233
-944.6208622664351
-949.1935863582769
-955.0194592453917
-952.3249058877268
-957.1656311316424
-955.1418997065812
-939.939206171695
-958.6150720833633
-955.022716328845
-960.9819133424539
-966.7169417280206
-964.7985859532511
-967.2179106962845
-954.5098089402721
-963.9980108726959
-894.2517594368227
-881.4744302072833
-935.2172950006301
-953.7296730428247
-954.6691284179688
-962.5993565150669
-971.8209987939229
-973.7024468628492
-979.30078687536
-975.4638278099799
-981.8108242052491
-980.1622384770126
-970.5290856427312
-980.0812560753889
-982.8896191856279
-981.3856412122876
-982.1421036258821
-983.9533069803967
-988.2016351233979
-987.7537670223394
-989.5176931636124
-991.4863039359519
-988.6760537986931
-989.5959323584209
-996.4543066068728
-989.6981929655998
-995.0707594348538
-998.0930054836009
-999.0330610846594
-1002.6624480216734
-1002.4621146065848
-1000.5014133717058
-1000.9114621773293
-1004.2020221481674
-1007.7265847201721
-1007.3492032240064
-1006.9220800443728
-1005.5249065627701
-1006.3218746624784
-1006.7858816401749
-1008.0823296753492
-993.7940268802204
-1009.1437068534887
-1016.9115777784779
-1012.4019314111104
-1015.4651978664134
-1014.5451013239847
-1014.4511164652038
-1013.6758856004284
-1010.9352732012348
-1020.4286726850519
-1014.4893416303644
-1019.9337175079205
-1023.0655838223646
-1021.4197674588673
-1021.1704155003421
-1025.3035224879393
-1021.1388490738407
-986.0137922577045
-1023.0733395062284
-1014.8560942900345
-1031.3663676037766
-1033.4012929327478
-1027.3724955897178
-976.4685100783951
-1005.849864766345
-1026.1817025039602
-1030.9972913891488
-1034.31882656115
-1034.9218218403478
-1038.1011929138465
-1022.9134096769693
-1037.9862564016596
-1039.3394103160101
-1033.4713205082626
-1026.1377313148041
-1025.3228472872263
-1040.9769523374496
-1038.301239154306
-1039.5870687599006
-1035.131543700047
-1041.321004700551
-1045.2039243636593
-1044.419424593174
-1047.1258120207194
-1045.5281844600554
-1021.5138091337845
-1045.6959107570385
-1049.2100700694843
-1050.7531932356171
-1048.0523214735742
-1052.199747252574
-1049.6089952881985
-1039.8328002367152
-1041.4205831360707
-1051.059361892911
-1050.866962485599
-1053.1110991728472
-1054.4901649018036
-1052.4796797932568
-1051.970478110599
-1051.274433188724
-1055.098877796929
-1058.8008951635404
-1058.3385108209425
-1046.0481786771854
-1059.8368834042878
-1058.6180715253277
-1060.9735672770557
-1063.7749754734302
-1056.953832670291
-1057.7173414098502
-1064.8046112763716
-1044.2142415552096
-1058.7374039751044
-1064.6019379927816
-1014.0070001980126
-1058.7354716639366
-1067.290049188148
-1063.3580161942864
-1065.4898000972062
-1067.7268803328413
-1058.4968796127953
-1055.89259500108
-1072.1117891232539
-1067.8831829299575
-1071.923817999352
-1070.9828179003457
-1072.474831014185
-1069.675791656916
-1072.5112524076542
-1074.4910210815992
-1075.33007390598
-1043.900910126998
-1077.68017578125
-1076.4751842867943
-1074.0069422568045
-1072.1005080262637
-1051.102347518991
-1073.3721926640806
-1077.6286919237832
-1077.4628695299
-1079.761255220334
-1079.2914555281538
-1078.1109374437465
-1079.1964912941928
-1068.2722094839069
-1071.6375937747516
-1082.5112119050618
-1084.1507371471773
-1082.351304014707
-1085.1954033495645
-1080.9358185798892
-1035.1023778959354
-1079.6371597782259
-1085.2400906470514
-1086.3793242142497
-1085.7635461482034
-1085.4348600185413
-1085.3625884869132
-1081.8517380112328
-1082.4768477057532
-1087.9000854492188
-1086.0843539611535
-1088.3743952737975
-1083.2272198233186
-1087.3044923000073
-1089.3163170880437
-1090.0900462629609
-1086.0638081774734
-1085.0968709497408
-1093.408418013753
-1090.6945407006049
-1091.4984763712378
-1087.1800447103615
-1094.5147232547884
-1092.7876797865063
-1089.7409336072508
-1094.428233625702
-1093.6294229393181
-1093.3342704245572
-1097.9630309777326
-1089.4439545380903
-1070.397216796875
-1096.0805132465978
-1095.0122804421983
-1097.762462703863
-1097.641609156736
-1100.232929282474
-1101.2394592003889
-1092.4342867943549
-1099.417225077405
-1095.7938766831078
-1096.4231907717094
-1100.308866861229
-1098.3220906763033
-1102.7533304944016
-1102.47703953053
-1077.648192515571
-1038.1459932810699
-1098.44579515589
-1102.153574578773
-1104.902114516579
-1106.007542763987
-1105.8263783257128
-1086.2233121669788
-1098.3131261025705
-1074.1695407568584
-1106.3224163846487
-1095.652835406466
-1097.0645628195205
-1109.1434081468715
-1109.232710737237
-1108.8144126224079
-1107.1728152789278
-1107.5981923468103
-1092.3084607102355
-1108.8554617183
-1110.7688562067972
-1108.010997860113
-1108.7101010089646
-1104.547617266255
-1106.8118820542015
-1112.229960498722
-1069.1561352426556
-1097.7451998802924
-1111.5071641772574
-1110.3529446509576
-1110.8993710284958
-1113.6583485405565
-1110.7218574488768
-1107.0743877920686
-1107.9146824146746
-1090.1657731719831
-1095.6562921902002
-1114.019034811978
-1114.6841377223143
-1115.9603181478615
-1117.4385930074525
-1115.7723304291474
-1113.4447614959856
-1113.5973282915106
-1111.7635675245715
-1100.9798119892173
-1111.6677915511593
-1115.359870031682
-1115.2681724442864
-1114.846875731297
-1116.5560283045616
-1119.8077299759684
-1108.188261392479
-1112.3012422482539
-1120.4161315074164
-1119.53025656142
-1117.6434944961477
-1122.0492345572616
-1119.5606368807603
-1040.1144184165287
-1111.9623123379897
-1118.0904709776426
-1119.6096886138214
-1123.8695473385296
-1122.6209159886232
-1032.9790677540864
-1078.9347311977967
-1108.0635823192683
-1116.5712794993879
-1119.6355540192071
-1119.5136094335037
-1121.5308500369024
-1119.9266138032833
-1119.1449632776498
-1121.5550905570456
-1123.276362405944
-1121.9946463448662
-1117.707021124352
-1104.7420083322834
-1119.8607419624857
-1122.7192827215943
-1110.0337549728183
-1113.858638921641
-1121.8827362763716
-1124.5050259779125
-1127.0438598070277
-1125.7124760359663
-1119.0804516489056
-1081.6303213093138
-1118.893049811438
-1127.215075233565
-1128.9699341382848
-1124.1601933773761
-1114.4860055106026
-1126.5746305263538
-1107.9595758816065
-1107.2671899751583
-1127.9531109365998
-1129.0439891903081
-1127.5758630427347
-1128.6554857948408
-1128.9457178071896
-1128.0175156835037
-1128.668943062356
-1129.4547985446068
-1120.0201846355667
-1127.9817558323732
-1130.1603027906285
-1123.8439024472566
-1129.7961105135728
-1126.4212404593893
-1130.0861543576289
-1121.7738315564695
-1127.060068719398
-1116.5285537649409
-1117.2520822270126
-1119.6945325438328
-1129.9868729411182
-1134.1014364919354
-1132.0249855990783
-1132.9711014004897
-1124.172837780368
-1131.8902073170184
-1133.3874506093389
-1133.0788332328268
-1133.4557593560987
-1135.6910065681705
-1131.6831532843103
-1119.373795047883
-1100.0974025462629
-1133.5607001660605
-1135.6458219888573
-1130.8131072576145
-1123.6304751629104
-1120.60404750279
-1099.9352085095945
-1132.3986034481206
-1135.5851223853326
-1131.952133530296
-1135.2214136079708
-1138.824204967868
-1134.7726243542086
-1132.603058845766
-1124.6473169282833
-1131.5666194511448
-1134.5157397573444
-1135.8682627875685
-1134.4429987894225
-1137.1992837229084
-1136.9771455685664
-1135.0227444556451
-1134.8618751912622
-1133.9721069335938
-1137.514176188526
-1133.8230565506192
-1103.8309902771277
-1124.388424077891
-1126.2440464002195
-1138.4971265661002
-1140.3026013352355
-1138.6668746174755
-1141.570825532834
-1140.9786835419966
-1138.2888914890552
-1136.1493125247516
-1123.4497233447942
-1135.4389114028297
-1136.3956678539926
-1139.8214707616287
-1141.0136423418598
-1138.2669804304976
-1138.6546827746977
-1140.0520748015374
-1073.208717732935
-1091.9741683467741
-1129.6706008559547
-1137.5977915399085
-1140.1672368906611
-1140.7612712526102
-1138.7546887375793
-1130.2718958700857
-1138.8717955136628
