1.5306878089904785, 0.0026439004577696323, 0.11892977356910706 
1.1056855916976929, 0.0028602455276995897, 0.11627127230167389 
0.9289525151252747, 0.0007175591890700161, 0.06764183938503265 
0.8385767340660095, 0.0004669899062719196, 0.056667260825634 
1.9816131591796875, 0.0002582701272331178, 0.04867099970579147 
1.1942784786224365, 0.00016626008437015116, 0.04853198677301407 
1.0525400638580322, 0.0001750405936036259, 0.042457129806280136 
0.9022037982940674, 0.00010883397771976888, 0.02815277874469757 
1.104364275932312, 0.00012877229892183095, 0.03472030162811279 
1.0610088109970093, 9.475935803493485e-05, 0.04141438379883766 
1.1708168983459473, 0.00011303657811367884, 0.027788374572992325 
0.9858754873275757, 9.626800601836294e-05, 0.03063766472041607 
1.0174612998962402, 6.989696703385562e-05, 0.03092336654663086 
2.3124680519104004, 0.0001260198769159615, 0.023436129093170166 
1.762710452079773, 0.00020836856856476516, 0.037544868886470795 
0.9777064919471741, 0.00012364418944343925, 0.030277596786618233 
1.2676119804382324, 7.19256786396727e-05, 0.024111632257699966 
0.913440465927124, 9.212208533426747e-05, 0.024979349225759506 
0.8443303108215332, 4.691554931923747e-05, 0.024568485096096992 
1.193827509880066, 4.972202441422269e-05, 0.031051062047481537 
1.3938939571380615, 7.11894390406087e-05, 0.020364293828606606 
0.8380672335624695, 4.290106153348461e-05, 0.02083568461239338 
1.4413092136383057, 2.505395605112426e-05, 0.01929274946451187 
0.7434520721435547, 3.803833169513382e-05, 0.022428220137953758 
0.6031747460365295, 2.1301768811099464e-06, 0.0017810520948842168 
0.7374339699745178, 9.774635145731736e-06, 0.003807192901149392 
0.8729481101036072, 4.785898909176467e-06, 0.0030894563533365726 
1.251334547996521, 3.6463868582359282e-06, 0.0033506213221699 
0.6667899489402771, 2.0715976916108048e-06, 0.0028875404968857765 
0.918601393699646, 1.5780781268404098e-06, 0.001612770720385015 
1.2510344982147217, 1.937834667842253e-06, 0.0022688971366733313 
0.5227442383766174, 2.1907051177549874e-06, 0.002160898642614484 
1.082209825515747, 1.1215586710022762e-05, 0.004373656585812569 
0.9215407371520996, 3.304857455077581e-05, 0.010647742077708244 
0.5884429812431335, 1.4351188838190865e-05, 0.008296300657093525 
0.5327855944633484, 3.57215030817315e-05, 0.011915089562535286 
0.8026487827301025, 2.3982998754945584e-05, 0.0077111078426241875 
1.0490602254867554, 2.348683301534038e-05, 0.007498226128518581 
0.7988704442977905, 1.3780342669633683e-05, 0.006918474566191435 
1.4715986251831055, 9.456484804104548e-06, 0.0057994406670331955 
0.7028143405914307, 6.707385182380676e-06, 0.0051078819669783115 
0.43584001064300537, 9.052743735082913e-06, 0.006236925721168518 
0.6132492423057556, 1.2756677278957795e-05, 0.006598722189664841 
1.6470706462860107, 1.2832784705096856e-05, 0.005651418119668961 
1.0469977855682373, 1.15106267912779e-05, 0.005132853053510189 
0.7587572336196899, 9.11948700377252e-06, 0.007190403062850237 
1.1458652019500732, 8.086763045866974e-06, 0.0074036624282598495 
0.6211585402488708, 9.805208719626535e-06, 0.00663011847063899 
1.2115392684936523, 1.4332878890854772e-05, 0.008323842659592628 
1.0646849870681763, 1.889822851808276e-05, 0.009621558710932732 
0.911614716053009, 1.3276413483254146e-05, 0.010970545001327991 
1.0748720169067383, 1.8594304492580704e-05, 0.01343842688947916 
1.6092959642410278, 2.1357691366574727e-05, 0.013501069508492947 
1.6736419200897217, 2.3711454559816048e-05, 0.01703619584441185 
1.2177515029907227, 3.1791703804628924e-05, 0.019053855910897255 
2.6972877979278564, 4.508925849222578e-05, 0.026210583746433258 
1.6468381881713867, 7.59557806304656e-05, 0.030720768496394157 
1.4338635206222534, 8.491554763168097e-05, 0.02841249667108059 
1.3863273859024048, 9.10638555069454e-05, 0.029416561126708984 
0.9384639263153076, 0.0001233917282661423, 0.04291558638215065 
2.002152681350708, 0.00018108422227669507, 0.04285523295402527 
1.5395811796188354, 0.0002527843462303281, 0.0506824366748333 
1.2261484861373901, 0.00021712853049393743, 0.04652182012796402 
0.9870040416717529, 0.0005402733222581446, 0.08530326932668686 
1.703583002090454, 0.0005347298574633896, 0.12038461118936539 
2.236210346221924, 0.0007714900420978665, 0.0957593321800232 
1.237736701965332, 0.0009155861916951835, 0.10648656636476517 
1.8674061298370361, 0.0018269580323249102, 0.13139335811138153 
1.257314682006836, 0.0022416957654058933, 0.18836882710456848 
1.7468205690383911, 0.003405315801501274, 0.26048949360847473 
1.6004794836044312, 0.005555347539484501, 0.2460649162530899 
2.383082866668701, 0.008560489863157272, 0.41325557231903076 
2.5103771686553955, 0.016591975465416908, 0.6157834529876709 
1.5535739660263062, 0.025457467883825302, 1.0353795289993286 
2.1104180812835693, 0.03795812651515007, 1.0533220767974854 
3.1343295574188232, 0.06797080487012863, 1.588344931602478 
2.090893507003784, 0.07354611903429031, 1.0603747367858887 
3.2608044147491455, 0.089370958507061, 1.5121763944625854 
2.1232523918151855, 0.07898307591676712, 1.6700797080993652 
3.2604386806488037, 0.07540551573038101, 1.4207806587219238 
4.981420993804932, 0.05685868114233017, 1.1050530672073364 
2.1376583576202393, 0.07375631481409073, 1.3581817150115967 
2.4139978885650635, 0.09752801805734634, 1.5635154247283936 
3.1803367137908936, 0.07986975461244583, 1.8260879516601562 
6.1417694091796875, 0.1082211285829544, 1.3755748271942139 
5.11286735534668, 0.10779253393411636, 2.352504253387451 
2.0061419010162354, 0.07748352736234665, 1.8906487226486206 
5.6215386390686035, 0.10587351024150848, 1.7389782667160034 
3.3128747940063477, 0.09183263033628464, 2.599600076675415 
3.1905651092529297, 0.10262691974639893, 2.112308979034424 
3.639810800552368, 0.09012514352798462, 1.7003767490386963 
3.1412436962127686, 0.10578116774559021, 2.728814125061035 
5.271397113800049, 0.09359970688819885, 3.704041004180908 
2.603553056716919, 0.09434981644153595, 2.3557050228118896 
2.7394182682037354, 0.11832801252603531, 1.8540650606155396 
4.704479217529297, 0.1028369590640068, 2.2625582218170166 
4.746467590332031, 0.0937456414103508, 2.065415859222412 
3.98169207572937, 0.1204911470413208, 1.6527438163757324 
3.600914716720581, 0.15295344591140747, 3.1907005310058594 
5.4648332595825195, 0.1105784922838211, 2.3485264778137207 
5.610965728759766, 0.0947587639093399, 2.121792793273926 
7.345390796661377, 0.12849664688110352, 3.332641363143921 
5.527103424072266, 0.28284406661987305, 8.899795532226562 
2.2476513385772705, 0.23984816670417786, 7.4182024002075195 
7.282220363616943, 0.18085215985774994, 4.925645351409912 
7.58636474609375, 0.1853867620229721, 5.548708915710449 
5.394033908843994, 0.1919853687286377, 6.687073230743408 
9.013650894165039, 0.22593197226524353, 5.933039665222168 
14.490575790405273, 0.24353493750095367, 5.155421733856201 
4.240091323852539, 0.3201388120651245, 5.748166561126709 
7.76115083694458, 0.19819582998752594, 5.865959167480469 
5.861636161804199, 0.1875862032175064, 6.53112268447876 
9.140445709228516, 0.24969913065433502, 7.093141078948975 
5.601364612579346, 0.21599183976650238, 7.882091999053955 
6.063258171081543, 0.28614339232444763, 5.90279483795166 
8.778382301330566, 0.2053600549697876, 3.821094036102295 
5.6131768226623535, 0.24074310064315796, 6.290161609649658 
11.303723335266113, 0.279893696308136, 6.063623428344727 
18.295413970947266, 0.309994101524353, 9.73188591003418 
3.051260471343994, 0.3193526864051819, 6.387469291687012 
5.316623687744141, 0.21207739412784576, 6.964106559753418 
4.722517013549805, 0.31561025977134705, 4.9554243087768555 
4.577679634094238, 0.3599106967449188, 8.228748321533203 
15.59538459777832, 0.4367075264453888, 11.841736793518066 
10.187698364257812, 0.509431004524231, 5.547970771789551 
10.65583610534668, 0.33070915937423706, 5.610318183898926 
11.701627731323242, 0.39740899205207825, 5.111568450927734 
7.895771503448486, 0.2708613872528076, 6.811463356018066 
10.219780921936035, 0.269485741853714, 6.638010025024414 
18.723154067993164, 0.43851056694984436, 7.093451976776123 
6.861717224121094, 0.5678882002830505, 7.338738918304443 
11.944816589355469, 0.38012343645095825, 8.541625022888184 
11.801376342773438, 0.37037748098373413, 4.414785861968994 
8.578397750854492, 0.49854061007499695, 6.548449993133545 
17.138792037963867, 0.6780128479003906, 4.586065292358398 
10.242734909057617, 0.40522000193595886, 3.9664430618286133 
10.265695571899414, 0.39242762327194214, 4.024333477020264 
17.0123233795166, 0.48035478591918945, 4.940857410430908 
10.4174222946167, 0.3093566298484802, 4.021673202514648 
30.482023239135742, 0.35932037234306335, 6.136784553527832 
8.53863525390625, 0.49779006838798523, 5.373237133026123 
15.948241233825684, 0.33121299743652344, 6.017677307128906 
10.479207992553711, 0.38296836614608765, 4.808948993682861 
9.640311241149902, 0.3548085391521454, 7.654526233673096 
12.852253913879395, 0.4122583270072937, 6.9817304611206055 
15.232725143432617, 0.25907060503959656, 4.857548713684082 
12.766656875610352, 0.4040677547454834, 6.522228240966797 
9.859582901000977, 0.39707502722740173, 7.960310935974121 
23.768184661865234, 0.3144901692867279, 6.091640949249268 
7.344396114349365, 0.2996642589569092, 5.273263454437256 
17.58531951904297, 0.4481213390827179, 6.833261489868164 
14.54809284210205, 0.355948805809021, 7.222856044769287 
29.85913848876953, 0.3891030251979828, 5.377086639404297 
10.386226654052734, 0.43437305092811584, 4.927647113800049 
12.540291786193848, 0.45767876505851746, 6.513556003570557 
15.121358871459961, 0.31921711564064026, 5.110501766204834 
16.384443283081055, 0.3424651622772217, 3.6084213256835938 
9.102493286132812, 0.3490561246871948, 4.915732383728027 
16.950416564941406, 0.5106616616249084, 5.709677696228027 
15.435066223144531, 0.3711796998977661, 5.101921081542969 
39.38127136230469, 0.4100149869918823, 5.373743057250977 
24.78043556213379, 0.29612094163894653, 5.490548610687256 
19.927459716796875, 0.34883204102516174, 6.2489848136901855 
21.032386779785156, 0.30443865060806274, 4.638551712036133 
18.4106388092041, 0.33036479353904724, 4.711661338806152 
82.29791259765625, 0.298854798078537, 7.274612903594971 
17.291404724121094, 0.4058845341205597, 4.924352645874023 
83.83776092529297, 0.4218714237213135, 5.3846354484558105 
30.612525939941406, 0.48137935996055603, 3.386963367462158 
17.53768539428711, 0.3188428580760956, 5.027043342590332 
11.225105285644531, 0.36960262060165405, 5.584590911865234 
14.675864219665527, 0.3009820878505707, 4.872284889221191 
14.276660919189453, 0.32014068961143494, 5.190912246704102 
23.12615394592285, 0.3986532390117645, 5.519147872924805 
45.70341110229492, 0.3313935399055481, 5.320512294769287 
11.777324676513672, 0.34372586011886597, 5.052190780639648 
12.164020538330078, 0.40180808305740356, 6.002084255218506 
14.205029487609863, 0.4103243052959442, 4.888607501983643 
12.986907958984375, 0.43223559856414795, 4.435225963592529 
43.78647994995117, 0.6578379273414612, 7.00673770904541 
25.967628479003906, 0.41787442564964294, 7.088042736053467 
72.92960357666016, 0.6647490859031677, 4.393544673919678 
9.557841300964355, 0.36094823479652405, 4.335823059082031 
151.2591552734375, 0.367662250995636, 10.608838081359863 
8.956546783447266, 0.3043834865093231, 4.432527542114258 
17.76060676574707, 0.2885892987251282, 5.775071144104004 
11.895515441894531, 0.3522457778453827, 5.304606914520264 
35.01606369018555, 0.30777478218078613, 6.713475227355957 
44.84926986694336, 0.3329894244670868, 4.684151649475098 
30.74844741821289, 0.48213663697242737, 6.226301670074463 
63.24827575683594, 0.5291299223899841, 4.844214916229248 
27.316295623779297, 0.2756316363811493, 3.640411615371704 
28.31879234313965, 0.5196965932846069, 5.764780044555664 
25.332244873046875, 0.379062294960022, 7.266115665435791 
41.79047393798828, 0.4016987085342407, 5.445156574249268 
29.09581756591797, 0.23136040568351746, 4.814650535583496 
48.48356246948242, 0.27827897667884827, 5.744922637939453 
19.357521057128906, 0.38850411772727966, 5.081894397735596 
35.86188507080078, 0.5249006152153015, 5.730223178863525 
28.534204483032227, 0.323191374540329, 7.007778644561768 
27.351850509643555, 0.5754892230033875, 5.604280948638916 
28.9129581451416, 0.39959412813186646, 6.510858535766602 
35.851318359375, 0.3587239980697632, 4.553572654724121 
34.28730392456055, 0.3523976504802704, 9.396149635314941 
31.073537826538086, 0.47546321153640747, 7.814059257507324 
120.2877426147461, 0.3002351224422455, 8.523504257202148 
26.612836837768555, 0.2842854857444763, 4.265915870666504 
47.04650115966797, 0.36459869146347046, 5.866328239440918 
23.86204719543457, 0.2563459575176239, 4.892094135284424 
75.98796081542969, 0.471396803855896, 4.734942436218262 
17.20996856689453, 0.5379932522773743, 3.614895820617676 
24.274169921875, 0.5573868155479431, 5.624977111816406 
116.56841278076172, 0.29173392057418823, 5.874527931213379 
27.39564323425293, 0.345215767621994, 5.784721374511719 
46.466670989990234, 0.3959541320800781, 5.349294185638428 
26.50063705444336, 0.3301985561847687, 7.191440582275391 
39.36602783203125, 0.48007065057754517, 6.907894611358643 
11.476497650146484, 0.4133090674877167, 4.241609573364258 
22.970109939575195, 0.5443463921546936, 4.27299165725708 
34.6893196105957, 0.4990183413028717, 5.7306718826293945 
27.19834327697754, 0.4601035714149475, 4.297890663146973 
49.316898345947266, 0.43358317017555237, 3.525801658630371 
14.800562858581543, 0.36198553442955017, 5.348284721374512 
19.701072692871094, 0.36833375692367554, 5.886877059936523 
48.63618087768555, 0.4113110303878784, 4.482614040374756 
18.345399856567383, 0.23474639654159546, 8.252731323242188 
31.441110610961914, 0.35555267333984375, 5.521475315093994 
71.6445541381836, 0.2550123631954193, 3.925847053527832 
42.93025207519531, 0.2765607237815857, 5.929158687591553 
60.5775260925293, 0.3744541108608246, 6.3506598472595215 
49.49737548828125, 0.4951626658439636, 4.1967453956604 
80.38715362548828, 0.2637208104133606, 5.759812831878662 
67.10648345947266, 0.47654780745506287, 4.170945167541504 
28.25301742553711, 0.40922319889068604, 7.114956855773926 
26.859621047973633, 0.2924116253852844, 4.829946517944336 
76.79530334472656, 0.46787554025650024, 6.652917385101318 
37.02155303955078, 0.2837904393672943, 3.998335838317871 
98.79806518554688, 0.2905713617801666, 4.1854095458984375 
35.35313415527344, 0.4424983263015747, 4.543642997741699 
63.36233901977539, 0.29412850737571716, 10.916752815246582 
27.759475708007812, 0.39840710163116455, 6.722973346710205 
34.90074157714844, 0.4078008532524109, 4.742570400238037 
32.3470458984375, 0.4017162322998047, 4.857046127319336 
53.570343017578125, 0.3267924189567566, 6.1451735496521 
37.70807647705078, 0.40772730112075806, 5.374747276306152 
53.2100715637207, 0.5112922787666321, 7.936817169189453 
254.44699096679688, 0.3208577334880829, 4.834978103637695 
14.088476181030273, 0.35796263813972473, 7.520198345184326 
27.923259735107422, 0.4550095796585083, 3.2284770011901855 
34.84696960449219, 0.4125821590423584, 4.255666732788086 
22.839595794677734, 0.3224571645259857, 5.262418270111084 
33.902374267578125, 0.29492300748825073, 4.675972938537598 
88.11614227294922, 0.2958226501941681, 7.0772013664245605 
60.96611404418945, 0.32937681674957275, 3.75174617767334 
29.07574462890625, 0.3380489945411682, 5.0836968421936035 
30.30044174194336, 0.3638792037963867, 3.718285322189331 
20.8822078704834, 0.24316227436065674, 3.210428237915039 
44.378299713134766, 0.3781830072402954, 4.931564807891846 
27.268213272094727, 0.3166700601577759, 4.179903984069824 
19.675830841064453, 0.4698372483253479, 4.650880336761475 
51.2204475402832, 0.3324853181838989, 7.616228103637695 
42.19749450683594, 0.2900756001472473, 6.272648334503174 
62.66517639160156, 0.44182825088500977, 5.8134870529174805 
29.24770736694336, 0.4349190890789032, 13.466209411621094 
54.71148681640625, 0.2866400182247162, 5.47865104675293 
33.78090286254883, 0.36462101340293884, 4.732544422149658 
35.06612014770508, 0.3257679343223572, 5.950428009033203 
75.98252868652344, 0.36392995715141296, 9.818744659423828 
31.532026290893555, 0.39291948080062866, 5.152163505554199 
88.01408386230469, 0.45241713523864746, 5.219571113586426 
56.590415954589844, 0.3341430127620697, 4.906931400299072 
34.9578971862793, 0.4503824710845947, 7.141796112060547 
116.37161254882812, 0.34573328495025635, 6.037327766418457 
49.41988754272461, 0.4300419092178345, 6.874810695648193 
43.89482879638672, 0.4667053520679474, 5.663220405578613 
40.109893798828125, 0.3998866081237793, 8.011016845703125 
84.70899963378906, 0.3756474554538727, 4.978542327880859 
39.38420867919922, 0.4258975386619568, 5.1234130859375 
90.49862670898438, 0.59909588098526, 4.227327346801758 
44.33070373535156, 0.4092588722705841, 5.575493335723877 
23.5845947265625, 0.32866787910461426, 4.883091449737549 
53.05967330932617, 0.28870508074760437, 5.563628673553467 
49.86809158325195, 0.38111409544944763, 4.217767715454102 
66.09374237060547, 0.38328057527542114, 8.066150665283203 
27.489992141723633, 0.643670380115509, 5.2172722816467285 
109.90216064453125, 0.3351565897464752, 4.2543721199035645 
122.11724853515625, 0.33869612216949463, 3.7696218490600586 
24.979867935180664, 0.2878543436527252, 6.3605217933654785 
39.803462982177734, 0.41670429706573486, 3.805414915084839 
76.2894287109375, 0.4960426390171051, 3.9706602096557617 
23.137786865234375, 0.3253535330295563, 5.784366607666016 
38.71907424926758, 0.49027642607688904, 3.8709495067596436 
67.75962829589844, 0.35533636808395386, 3.805288553237915 
28.730159759521484, 0.3605251908302307, 7.56913423538208 
27.542688369750977, 0.2790411412715912, 5.954415321350098 
75.83123779296875, 0.4498101770877838, 4.551544189453125 
21.48813819885254, 0.31237244606018066, 7.096451282501221 
46.357025146484375, 0.7377302646636963, 3.3125033378601074 
52.237823486328125, 0.35920450091362, 6.007123947143555 
73.46627044677734, 0.3814243972301483, 6.163204193115234 
53.01001739501953, 0.33423805236816406, 4.182153701782227 
62.19609832763672, 0.37227103114128113, 6.085154056549072 
151.76031494140625, 0.34106507897377014, 3.6865429878234863 
44.132713317871094, 0.2986938953399658, 6.081319808959961 
89.67362213134766, 0.36073434352874756, 7.126535415649414 
55.24913787841797, 0.2895609736442566, 6.737893104553223 
62.44852828979492, 0.34202632308006287, 4.8672261238098145 
76.85405731201172, 0.4098427891731262, 4.761279106140137 
64.87018585205078, 0.40619221329689026, 5.05684757232666 
51.000701904296875, 0.44868966937065125, 7.910670280456543 
33.54789733886719, 0.4147896468639374, 7.707342147827148 
106.10761260986328, 0.4293419122695923, 5.116023540496826 
32.790924072265625, 0.39385828375816345, 3.9464573860168457 
40.2857551574707, 0.290578156709671, 4.923911094665527 
25.26382827758789, 0.4127413034439087, 3.3854198455810547 
106.55752563476562, 0.2617514431476593, 5.026115417480469 
38.92918014526367, 0.3620438873767853, 7.883486270904541 
37.344058990478516, 0.3647449016571045, 6.7727227210998535 
38.531185150146484, 0.3704325258731842, 5.640084266662598 
146.75218200683594, 0.3342331647872925, 8.306756973266602 
29.973726272583008, 0.5167848467826843, 6.972628116607666 
54.417327880859375, 0.40776050090789795, 6.620311737060547 
61.651039123535156, 0.3101600408554077, 5.02518892288208 
53.90085220336914, 0.23321403563022614, 5.393255233764648 
56.57844924926758, 0.41148272156715393, 4.310052394866943 
44.8798828125, 0.34554725885391235, 4.010921001434326 
26.297027587890625, 0.30155712366104126, 4.379895210266113 
56.01129150390625, 0.3047727048397064, 6.039312839508057 
42.14869689941406, 0.4468991458415985, 5.8145670890808105 
41.12467956542969, 0.3659054934978485, 6.069294452667236 
88.92770385742188, 0.333069771528244, 7.015695095062256 
20.408533096313477, 0.3344408869743347, 5.573750019073486 
69.15457153320312, 0.33968958258628845, 3.7249691486358643 
85.3169937133789, 0.27521246671676636, 6.359310626983643 
79.6922378540039, 0.40527284145355225, 8.00332260131836 
47.030391693115234, 0.3448399603366852, 7.649476051330566 
189.68582153320312, 0.356671541929245, 4.501700401306152 
28.58794593811035, 0.3556336760520935, 6.316007137298584 
69.19295501708984, 0.43642038106918335, 5.492277145385742 
77.36165618896484, 0.36793386936187744, 6.658001899719238 
78.87181091308594, 0.32485780119895935, 6.959632873535156 
45.8190803527832, 0.31037837266921997, 4.986213207244873 
49.33527755737305, 0.3687295615673065, 4.631673336029053 
25.323474884033203, 0.3635317385196686, 4.921591281890869 
34.31987380981445, 0.5577770471572876, 4.546550750732422 
28.2364444732666, 0.45348137617111206, 4.405984878540039 
47.831695556640625, 0.33761605620384216, 6.997866630554199 
63.41228103637695, 0.40204691886901855, 4.681680679321289 
60.42365264892578, 0.3529893755912781, 6.087892055511475 
51.18302917480469, 0.3962303698062897, 3.654127836227417 
128.2723388671875, 0.36620858311653137, 4.54119873046875 
31.939666748046875, 0.43427708745002747, 5.561898708343506 
102.60231018066406, 0.3922136723995209, 3.7312865257263184 
88.29022979736328, 0.37421128153800964, 3.8569204807281494 
43.99946975708008, 0.35574987530708313, 4.342705726623535 
61.10040283203125, 0.4459872245788574, 4.012720584869385 
79.71871185302734, 0.33683812618255615, 7.0253119468688965 
139.71958923339844, 0.43026497960090637, 6.549272060394287 
45.473323822021484, 0.4342532157897949, 4.97518253326416 
56.810890197753906, 0.348156601190567, 6.6276936531066895 
40.17786407470703, 0.4301019608974457, 2.4354286193847656 
94.3119888305664, 0.3836860954761505, 3.2118327617645264 
91.88897705078125, 0.2361547350883484, 4.110031604766846 
79.10230255126953, 0.26624706387519836, 4.549132823944092 
32.34475326538086, 0.28307875990867615, 6.238223075866699 
76.38484191894531, 0.3119787871837616, 4.005041599273682 
44.17313766479492, 0.3073835074901581, 4.973331928253174 
132.57339477539062, 0.35462069511413574, 8.543954849243164 
70.78076171875, 0.3256450295448303, 5.597567081451416 
110.54551696777344, 0.5194146633148193, 2.9610788822174072 
72.28722381591797, 0.2673315405845642, 7.391421318054199 
99.2442398071289, 0.33488935232162476, 3.892172336578369 
100.53384399414062, 0.3003472089767456, 4.967464447021484 
57.14036178588867, 0.4935075342655182, 3.6942949295043945 
51.195411682128906, 0.35118982195854187, 5.925616264343262 
97.5693359375, 0.29940009117126465, 4.1422038078308105 
97.5152816772461, 0.39185938239097595, 3.340153455734253 
28.347396850585938, 0.41710996627807617, 3.0875954627990723 
105.9906234741211, 0.3595302402973175, 4.583145618438721 
59.502811431884766, 0.40068551898002625, 6.016885280609131 
51.63703536987305, 0.40867456793785095, 4.145314693450928 
83.1118392944336, 0.30530819296836853, 6.392787456512451 
38.48764419555664, 0.583420991897583, 4.597006320953369 
67.19190979003906, 0.38503164052963257, 8.205693244934082 
50.68257141113281, 0.36435168981552124, 4.4265546798706055 
41.056087493896484, 0.5742426514625549, 4.184267520904541 
80.62588500976562, 0.34812286496162415, 5.2079033851623535 
144.53961181640625, 0.2717994153499603, 6.574946880340576 
75.77143096923828, 0.30035537481307983, 6.286220073699951 
121.71092224121094, 0.33380815386772156, 9.29959487915039 
241.58523559570312, 0.323706716299057, 3.81076979637146 
61.52675247192383, 0.6759217381477356, 6.072899341583252 
39.781593322753906, 0.34643375873565674, 6.924795150756836 
52.075660705566406, 0.3253321051597595, 4.465710639953613 
90.47504425048828, 0.3771386444568634, 3.7305634021759033 
55.15184020996094, 0.32111629843711853, 4.04215669631958 
134.1133270263672, 0.3868333399295807, 6.348965167999268 
67.16493225097656, 0.23914633691310883, 3.3876683712005615 
27.668058395385742, 0.30622005462646484, 7.448594093322754 
271.84844970703125, 0.3915780186653137, 8.227544784545898 
34.63870620727539, 0.3963809013366699, 3.645904779434204 
37.548545837402344, 0.2273363620042801, 6.125853538513184 
85.87213134765625, 0.35517436265945435, 6.187947750091553 
105.12459564208984, 0.27258971333503723, 5.527798652648926 
74.27076721191406, 0.3321663439273834, 7.069357872009277 
241.32748413085938, 0.3701903223991394, 4.504762649536133 
110.08480072021484, 0.32459619641304016, 5.885284900665283 
29.95871925354004, 0.3185489773750305, 6.430736541748047 
68.83222961425781, 0.44672632217407227, 5.855008602142334 
30.971132278442383, 0.365506649017334, 4.25230073928833 
92.5716323852539, 0.3440576493740082, 5.678981781005859 
42.809078216552734, 0.2768399119377136, 3.5929133892059326 
52.14506530761719, 0.34701138734817505, 3.4223310947418213 
99.74630737304688, 0.36463481187820435, 8.1920166015625 
83.47095489501953, 0.2910043001174927, 5.188515663146973 
79.82453918457031, 0.43164917826652527, 3.8515217304229736 
43.63307189941406, 0.39414361119270325, 8.510223388671875 
153.35057067871094, 0.3102986216545105, 5.400291919708252 
106.9759292602539, 0.45552513003349304, 5.358353137969971 
112.54524993896484, 0.34006768465042114, 5.311131000518799 
55.08661651611328, 0.3714587092399597, 3.9115662574768066 
49.04974365234375, 0.4211924374103546, 7.667567253112793 
66.94538879394531, 0.3825194835662842, 3.0654513835906982 
44.604671478271484, 0.34337013959884644, 7.056838512420654 
140.81454467773438, 0.3799988031387329, 6.814211845397949 
45.75477600097656, 0.5566564798355103, 4.787938594818115 
183.19325256347656, 0.3494535982608795, 4.512269973754883 
24.78168296813965, 0.3309350311756134, 5.462520599365234 
51.30546569824219, 0.3429408371448517, 7.448111057281494 
42.498252868652344, 0.6966229677200317, 3.5643606185913086 
26.326810836791992, 0.29989495873451233, 6.953896522521973 
55.24259948730469, 0.3422996401786804, 3.304640054702759 
100.59046936035156, 0.29126033186912537, 4.117343902587891 
230.20631408691406, 0.37542420625686646, 5.946374416351318 
50.33619689941406, 0.4369046688079834, 4.019336700439453 
213.54312133789062, 0.38216185569763184, 5.278501033782959 
47.485801696777344, 0.29548633098602295, 3.0482993125915527 
51.98987579345703, 0.3033629357814789, 5.227231979370117 
86.45169830322266, 0.4961284399032593, 5.919003009796143 
124.13243865966797, 0.308498352766037, 6.731288909912109 
34.14149856567383, 0.4268389344215393, 4.8938446044921875 
94.50711822509766, 0.3283107578754425, 5.2238593101501465 
116.01138305664062, 0.40259841084480286, 7.024606704711914 
97.52318572998047, 0.47949984669685364, 5.416759014129639 
160.1339111328125, 0.415559321641922, 4.3471150398254395 
56.04129409790039, 0.36768481135368347, 3.697578191757202 
138.28392028808594, 0.29093611240386963, 3.336945056915283 
141.28030395507812, 0.3143717646598816, 5.590465068817139 
103.48551177978516, 0.6754488945007324, 3.3633580207824707 
80.60736083984375, 0.3086877167224884, 7.2931084632873535 
69.05597686767578, 0.3446480333805084, 3.1401708126068115 
54.16591262817383, 0.4026067554950714, 4.562750816345215 
80.69873809814453, 0.5123807787895203, 4.5963006019592285 
62.87202453613281, 0.3226213753223419, 3.714778423309326 
48.95961380004883, 0.42007458209991455, 6.193122863769531 
192.4927978515625, 0.4248507022857666, 3.8313679695129395 
53.69711685180664, 0.3762453496456146, 3.8185532093048096 
102.91098022460938, 0.3593601882457733, 4.454023361206055 
46.37226867675781, 0.32841888070106506, 7.246544361114502 
90.34854125976562, 0.39114615321159363, 4.058947563171387 
76.88660430908203, 0.2814454734325409, 5.304478645324707 
77.16381072998047, 0.3004940450191498, 3.1284263134002686 
189.2263641357422, 0.3240152895450592, 4.687218189239502 
87.23905944824219, 0.3348281979560852, 4.635183811187744 
121.81440734863281, 0.37522488832473755, 4.308757305145264 
197.80650329589844, 0.37314561009407043, 2.977872371673584 
100.21160888671875, 0.2999785542488098, 4.837175369262695 
81.6959457397461, 0.3738672733306885, 3.6058130264282227 
107.01289367675781, 0.3100636303424835, 4.903177261352539 
67.34679412841797, 0.40389809012413025, 5.6353068351745605 
38.74407196044922, 0.4950334131717682, 7.986819744110107 
95.80429077148438, 0.2829349637031555, 3.652114152908325 
61.60708236694336, 0.39939096570014954, 5.449230670928955 
125.99217987060547, 0.27082955837249756, 4.825479984283447 
91.37748718261719, 0.3467937409877777, 4.462342262268066 
36.251190185546875, 0.24582386016845703, 5.167707920074463 
353.3307800292969, 0.416784405708313, 4.995872974395752 
143.52938842773438, 0.3522309958934784, 5.612918376922607 
206.39280700683594, 0.3401930332183838, 5.157063007354736 
242.41136169433594, 0.3243946135044098, 8.14300537109375 
37.95764923095703, 0.3226856589317322, 4.451364517211914 
67.32431030273438, 0.45422619581222534, 5.464858055114746 
53.137245178222656, 0.40723004937171936, 3.4483695030212402 
85.50414276123047, 0.3575735092163086, 3.824908971786499 
105.5418472290039, 0.29779326915740967, 4.584627628326416 
44.29631805419922, 0.38931381702423096, 2.5947043895721436 
45.258541107177734, 0.25537121295928955, 3.4286317825317383 
64.15778350830078, 0.30037832260131836, 7.14109468460083 
81.90401458740234, 0.32233694195747375, 6.484114646911621 
33.284488677978516, 0.34221330285072327, 7.2950439453125 
116.40941619873047, 0.38464829325675964, 3.1502411365509033 
63.1121940612793, 0.2283145636320114, 7.961954593658447 
54.97124099731445, 0.37999868392944336, 5.989128112792969 
126.34576416015625, 0.32186445593833923, 6.607158184051514 
322.40692138671875, 0.4048011004924774, 10.002825736999512 
53.459556579589844, 0.45934271812438965, 6.557716369628906 
59.65947341918945, 0.4200022518634796, 5.579842567443848 
33.83217239379883, 0.40806981921195984, 5.133519172668457 
141.915283203125, 0.3773266077041626, 8.452879905700684 
41.59114074707031, 0.28655728697776794, 4.36395263671875 
78.53313446044922, 0.4197896122932434, 2.4132425785064697 
53.04854965209961, 0.32835516333580017, 5.069233417510986 
68.53605651855469, 0.2874234616756439, 3.5955424308776855 
59.66982650756836, 0.4107237756252289, 9.411567687988281 
113.28299713134766, 0.3764607012271881, 3.3580222129821777 
95.197998046875, 0.3224030137062073, 4.369475841522217 
252.40853881835938, 0.40508395433425903, 5.8800506591796875 
184.4813995361328, 0.3857850432395935, 5.341293811798096 
116.65778350830078, 0.4585752785205841, 4.134106159210205 
170.18601989746094, 0.3604264259338379, 3.9706976413726807 
49.00397491455078, 0.40442487597465515, 3.874044418334961 
212.358154296875, 0.41192182898521423, 3.0216736793518066 
89.07203674316406, 0.3327092230319977, 5.721578598022461 
56.65638732910156, 0.3773457705974579, 3.634124279022217 
153.15737915039062, 0.3583220839500427, 4.5777716636657715 
176.99502563476562, 0.28117814660072327, 5.082318305969238 
45.09852600097656, 0.39273521304130554, 3.9379098415374756 
371.7615051269531, 0.34963542222976685, 5.1693339347839355 
100.84007263183594, 0.40052497386932373, 4.321743488311768 
43.937442779541016, 0.31563666462898254, 3.522094249725342 
52.65070343017578, 0.31192854046821594, 2.398087501525879 
205.42349243164062, 0.3055485785007477, 3.365346670150757 
90.27884674072266, 0.34338754415512085, 5.4520487785339355 
60.56106185913086, 0.3228287398815155, 3.685115337371826 
208.8870849609375, 0.4101227819919586, 3.6882543563842773 
61.06010055541992, 0.29616838693618774, 5.4993367195129395 
72.67884063720703, 0.446259468793869, 6.225048065185547 
83.53926849365234, 0.37902623414993286, 4.114553451538086 
41.405242919921875, 0.41979873180389404, 3.1258721351623535 
96.35859680175781, 0.3397660553455353, 4.693051338195801 
50.21955871582031, 0.3614373803138733, 3.4712789058685303 
73.58983612060547, 0.38924309611320496, 2.708078384399414 
123.17272186279297, 0.30413296818733215, 8.666606903076172 
76.98790740966797, 0.39468780159950256, 3.0762100219726562 
72.67163848876953, 0.34272196888923645, 3.537503719329834 
169.47607421875, 0.3979145586490631, 3.2820885181427 
62.012943267822266, 0.34135526418685913, 3.8057050704956055 
129.55372619628906, 0.2724701166152954, 5.485983371734619 
53.19830322265625, 0.3218156397342682, 2.638612985610962 
121.29737854003906, 0.371586412191391, 5.786789417266846 
100.25947570800781, 0.31545257568359375, 8.072211265563965 
32.750282287597656, 0.36184054613113403, 7.919515609741211 
105.05703735351562, 0.3903418481349945, 7.049734592437744 
40.25559997558594, 0.4232425391674042, 5.502236843109131 
177.5210418701172, 0.47280922532081604, 3.636742115020752 
44.918190002441406, 0.32727932929992676, 3.0367228984832764 
285.6943359375, 0.3533771336078644, 5.839047908782959 
77.44658660888672, 0.3494119942188263, 3.6607913970947266 
85.1649398803711, 0.29477083683013916, 3.05422306060791 
135.29701232910156, 0.34380871057510376, 4.470998764038086 
102.7616195678711, 0.29141268134117126, 3.9647414684295654 
65.84493255615234, 0.466779500246048, 3.0069096088409424 
74.46025848388672, 0.377533882856369, 3.1367337703704834 
118.31095886230469, 0.2826578617095947, 5.084001064300537 
102.85237884521484, 0.3700600862503052, 8.612138748168945 
224.24154663085938, 0.5113173127174377, 3.664344072341919 
67.99165344238281, 0.36979565024375916, 10.047475814819336 
215.56629943847656, 0.27677109837532043, 4.2227325439453125 
45.04043960571289, 0.3782978355884552, 5.368080139160156 
146.932373046875, 0.4243975877761841, 3.3873963356018066 
120.95873260498047, 0.3208344578742981, 4.657907962799072 
70.02235412597656, 0.3515072762966156, 6.260553359985352 
73.20211791992188, 0.5552154779434204, 3.6072998046875 
89.28911590576172, 0.29824960231781006, 7.211369514465332 
137.10423278808594, 0.36246177554130554, 6.543773651123047 
105.07118225097656, 0.3624090850353241, 5.057938575744629 
145.7445831298828, 0.6492640376091003, 3.4597020149230957 
72.83991241455078, 0.3826282322406769, 3.3264341354370117 
90.94729614257812, 0.32881417870521545, 6.202342510223389 
94.32415771484375, 0.2965652048587799, 3.4093449115753174 
122.8329849243164, 0.30106502771377563, 4.901267051696777 
102.56080627441406, 0.2605297565460205, 6.948161602020264 
149.14453125, 0.2636147737503052, 5.100732803344727 
75.86649322509766, 0.35941624641418457, 2.233858346939087 
77.0892105102539, 0.3480435609817505, 4.849330902099609 
117.88229370117188, 0.3446272909641266, 2.453617572784424 
96.56720733642578, 0.4085189700126648, 4.889718532562256 
36.095008850097656, 0.37576866149902344, 5.123487949371338 
52.39720153808594, 0.2674844563007355, 6.482747554779053 
97.27418518066406, 0.33924558758735657, 1.8775608539581299 
126.66686248779297, 0.38639089465141296, 3.8739142417907715 
91.8167724609375, 0.4042765498161316, 4.329665184020996 
70.08583068847656, 0.35934990644454956, 6.870396137237549 
94.57840728759766, 0.39586278796195984, 4.3794755935668945 
68.23656463623047, 0.35631057620048523, 4.129117965698242 
50.852638244628906, 0.3695828914642334, 4.725995063781738 
87.38536834716797, 0.2992061674594879, 4.93758487701416 
141.26998901367188, 0.27977508306503296, 5.261157035827637 
75.69631958007812, 0.3020060956478119, 3.976344585418701 
68.82380676269531, 0.3860563039779663, 4.273778915405273 
208.62796020507812, 0.27996087074279785, 3.3247241973876953 
101.06321716308594, 0.2971879243850708, 6.27030086517334 
106.83580017089844, 0.2873404324054718, 4.413976192474365 
56.47235107421875, 0.2649592459201813, 7.781797409057617 
63.278682708740234, 0.27596327662467957, 3.991580009460449 
168.0825653076172, 0.45024412870407104, 2.6046698093414307 
119.36290740966797, 0.3801170587539673, 4.424299240112305 
65.67201232910156, 0.36873874068260193, 6.26429557800293 
66.94512939453125, 0.4077078402042389, 5.377656936645508 
87.2102279663086, 0.29734185338020325, 5.052338600158691 
166.67332458496094, 0.3808611333370209, 3.00698184967041 
35.511695861816406, 0.28165024518966675, 6.598247051239014 
50.29926681518555, 0.3157574534416199, 2.5355300903320312 
65.23072052001953, 0.2874602675437927, 10.626420021057129 
288.3056335449219, 0.42248672246932983, 2.1496286392211914 
73.62223815917969, 0.31231489777565, 1.810718059539795 
94.54668426513672, 0.3097451329231262, 3.96347713470459 
96.20032501220703, 0.3841104507446289, 2.819472551345825 
342.68206787109375, 0.29394325613975525, 3.545397996902466 
94.42060852050781, 0.3811153471469879, 2.612142562866211 
40.95665740966797, 0.3511747121810913, 4.1392316818237305 
60.34668731689453, 0.241924449801445, 8.263935089111328 
106.08052062988281, 0.38466766476631165, 5.951783657073975 
117.0633316040039, 0.37633219361305237, 2.945042610168457 
74.50758361816406, 0.323049932718277, 5.23649787902832 
52.049068450927734, 0.3870867192745209, 6.66851806640625 
90.78277587890625, 0.34361305832862854, 5.165676593780518 
78.53154754638672, 0.40076759457588196, 3.023099899291992 
76.02066040039062, 0.39234888553619385, 4.298384666442871 
101.48966979980469, 0.4646896719932556, 3.373404026031494 
183.2252960205078, 0.437084436416626, 4.093555927276611 
185.13766479492188, 0.3443833589553833, 4.42669677734375 
82.85187530517578, 0.2324918508529663, 1.705032229423523 
99.29505920410156, 0.39083072543144226, 4.138567924499512 
117.63349914550781, 0.3076997995376587, 2.595972776412964 
77.12708282470703, 0.41718462109565735, 5.740928649902344 
90.35160827636719, 0.3318566679954529, 5.497297763824463 
142.05111694335938, 0.3520474135875702, 3.3897933959960938 
200.6265106201172, 0.4604231119155884, 2.677111864089966 
71.60388946533203, 0.35456138849258423, 5.160719871520996 
135.41400146484375, 0.4394775629043579, 2.3970627784729004 
258.44561767578125, 0.32308441400527954, 6.571542263031006 
156.1554718017578, 0.35659846663475037, 6.527477741241455 
64.92308807373047, 0.35073983669281006, 3.0088040828704834 
77.31161499023438, 0.296939879655838, 3.919236183166504 
83.09268188476562, 0.408456414937973, 4.915517330169678 
41.57113265991211, 0.24070395529270172, 5.343080520629883 
119.57302856445312, 0.38252201676368713, 3.965895414352417 
142.96075439453125, 0.3102056384086609, 3.6563446521759033 
138.27247619628906, 0.4500969350337982, 3.629152774810791 
107.56108093261719, 0.41546568274497986, 3.774949073791504 
129.88885498046875, 0.3098449409008026, 5.899877071380615 
55.674049377441406, 0.3813822269439697, 2.170788049697876 
740.1661987304688, 0.2678288221359253, 4.98911190032959 
81.29705047607422, 0.38321179151535034, 5.237725257873535 
82.56671905517578, 0.35862621665000916, 8.117170333862305 
65.30213928222656, 0.31853148341178894, 3.2495625019073486 
113.60733032226562, 0.558919370174408, 7.763808727264404 
101.59759521484375, 0.3002171814441681, 6.593133449554443 
45.04688262939453, 0.40300166606903076, 3.627396583557129 
186.36090087890625, 0.5096965432167053, 7.361380100250244 
127.78646850585938, 0.6262516379356384, 5.770269870758057 
139.17855834960938, 0.3977288603782654, 6.742367744445801 
68.18297576904297, 0.32264235615730286, 3.0834383964538574 
60.000431060791016, 0.5526681542396545, 3.8120322227478027 
69.52792358398438, 0.4079262316226959, 3.536972761154175 
96.94580841064453, 0.32950320839881897, 5.017971992492676 
67.2405776977539, 0.3426041305065155, 3.8659965991973877 
244.0081787109375, 0.3322901427745819, 5.908893585205078 
42.19092559814453, 0.3134605884552002, 3.827256441116333 
53.60137939453125, 0.34995362162590027, 5.2334818840026855 
37.04419708251953, 0.34118902683258057, 4.355104446411133 
144.68113708496094, 0.5272199511528015, 4.7465901374816895 
74.865234375, 0.35550591349601746, 4.168227672576904 
216.8744354248047, 0.32421550154685974, 3.1104063987731934 
149.3468475341797, 0.4100785553455353, 3.3904693126678467 
49.483882904052734, 0.26934510469436646, 2.8224713802337646 
72.00679016113281, 0.4085114002227783, 5.290279865264893 
64.91986846923828, 0.3658580183982849, 5.838119983673096 
87.64666748046875, 0.3278154134750366, 2.109670639038086 
115.07247161865234, 0.5352472066879272, 6.156932830810547 
58.49000549316406, 0.37279972434043884, 4.199891090393066 
121.19113159179688, 0.24690811336040497, 4.093567371368408 
51.520938873291016, 0.3387264013290405, 5.424501895904541 
164.17599487304688, 0.3110837936401367, 5.535017490386963 
34.41525650024414, 0.32207635045051575, 6.617153644561768 
237.4982147216797, 0.3872883915901184, 3.6908364295959473 
63.16079330444336, 0.3160199522972107, 3.129316806793213 
116.89189910888672, 0.4351731538772583, 3.737518072128296 
247.36294555664062, 0.46570277214050293, 4.208163738250732 
115.76189422607422, 0.47865960001945496, 4.551308631896973 
116.00811767578125, 0.28627508878707886, 4.413995742797852 
623.7593383789062, 0.37648510932922363, 4.21881103515625 
46.209110260009766, 0.3447605073451996, 3.655020236968994 
542.951416015625, 0.39811787009239197, 2.436361789703369 
198.10133361816406, 0.3879677951335907, 6.8631696701049805 
57.760860443115234, 0.24760515987873077, 2.491164445877075 
70.36121368408203, 0.3397657573223114, 4.606319904327393 
208.48777770996094, 0.2929706573486328, 3.662914276123047 
50.85306930541992, 0.2615876793861389, 3.2647438049316406 
130.2434844970703, 0.38477665185928345, 4.04751443862915 
251.8527069091797, 0.3777919113636017, 8.08207893371582 
88.82522583007812, 0.2598140239715576, 4.292813777923584 
40.09323501586914, 0.37237751483917236, 5.248920917510986 
167.13160705566406, 0.33554255962371826, 3.4777987003326416 
245.3900146484375, 0.3150889575481415, 3.367919445037842 
48.03036880493164, 0.3347706198692322, 5.553699016571045 
209.1986083984375, 0.2791670858860016, 3.1054983139038086 
57.23734664916992, 0.4314107894897461, 4.5219244956970215 
85.05793762207031, 0.447584867477417, 5.689640522003174 
139.0817413330078, 0.570526659488678, 4.487332820892334 
78.93634033203125, 0.4741424024105072, 3.3359363079071045 
70.53662109375, 0.49920758605003357, 4.46319580078125 
274.96942138671875, 0.4084954261779785, 6.09459114074707 
128.84194946289062, 0.3685332238674164, 3.4968278408050537 
70.78096771240234, 0.31236186623573303, 4.768286228179932 
460.4789123535156, 0.32588109374046326, 7.231832027435303 
96.1621322631836, 0.33126136660575867, 3.747683048248291 
82.9907455444336, 0.3487412929534912, 2.7189981937408447 
145.34149169921875, 0.2708851993083954, 5.105967044830322 
51.394840240478516, 0.34320250153541565, 4.285460472106934 
112.82188415527344, 0.23635344207286835, 4.572776794433594 
75.75306701660156, 0.2964209318161011, 6.9061198234558105 
87.27423858642578, 0.43331167101860046, 9.807741165161133 
102.26117706298828, 0.28961557149887085, 4.980018138885498 
88.61137390136719, 0.2547399699687958, 4.102214813232422 
288.00347900390625, 0.377916157245636, 3.5649631023406982 
210.41921997070312, 0.3923618793487549, 5.105896949768066 
152.79037475585938, 0.3847281038761139, 6.619635581970215 
145.2884521484375, 0.34800955653190613, 6.390007972717285 
75.83161163330078, 0.2820020020008087, 6.274964809417725 
48.32860565185547, 0.3991820812225342, 6.10552453994751 
153.87249755859375, 0.2697107791900635, 4.748629570007324 
67.98686981201172, 0.34487637877464294, 1.9037103652954102 
106.55217742919922, 0.2946195900440216, 3.1154749393463135 
80.73210906982422, 0.4277578592300415, 3.6548385620117188 
65.66978454589844, 0.38530421257019043, 5.145910739898682 
88.269775390625, 0.3429146707057953, 3.2823052406311035 
79.41128540039062, 0.24509595334529877, 5.70783805847168 
160.28004455566406, 0.3713058531284332, 4.705210208892822 
348.4188537597656, 0.32247012853622437, 3.3214151859283447 
77.0302505493164, 0.3439713418483734, 2.7637171745300293 
293.82244873046875, 0.35642319917678833, 5.949581146240234 
106.84395599365234, 0.36523565649986267, 4.359364032745361 
314.210205078125, 0.3313644528388977, 3.4215357303619385 
85.46126556396484, 0.3824596703052521, 3.71040678024292 
113.61937713623047, 0.46885818243026733, 5.296435356140137 
110.17816925048828, 0.5074389576911926, 3.4055063724517822 
80.59872436523438, 0.30110660195350647, 4.516739845275879 
163.05906677246094, 0.3795413076877594, 3.3240344524383545 
268.9148254394531, 0.335443913936615, 4.820560455322266 
36.589515686035156, 0.47812744975090027, 10.427809715270996 
68.91094207763672, 0.39760300517082214, 4.614129066467285 
95.6941909790039, 0.34219005703926086, 3.5184926986694336 
74.61186218261719, 0.47587132453918457, 3.2044482231140137 
133.50132751464844, 0.2813141942024231, 6.005014896392822 
67.99276733398438, 0.3338240385055542, 1.6071226596832275 
158.2979278564453, 0.3227013051509857, 6.888553142547607 
64.29606628417969, 0.6618939638137817, 4.194671154022217 
406.2986755371094, 0.37100714445114136, 3.8754522800445557 
73.28510284423828, 0.31292611360549927, 3.0770397186279297 
56.18345642089844, 0.40977349877357483, 4.487480163574219 
305.1324768066406, 0.29945123195648193, 4.726114273071289 
243.19140625, 0.2844459116458893, 5.190181255340576 
121.17350769042969, 0.3348938226699829, 3.5234224796295166 
89.15140533447266, 0.30212122201919556, 5.149404525756836 
100.03436279296875, 0.44879552721977234, 5.141909122467041 
188.72885131835938, 0.32707616686820984, 5.718777179718018 
77.40975189208984, 0.34043434262275696, 5.1223039627075195 
345.2629699707031, 0.33405062556266785, 5.179996967315674 
181.38320922851562, 0.38009703159332275, 4.187281131744385 
123.64271545410156, 0.3825632929801941, 6.507274150848389 
57.986289978027344, 0.40078112483024597, 2.415369987487793 
78.18415832519531, 0.38057446479797363, 3.8120100498199463 
94.77546691894531, 0.33969685435295105, 3.984781503677368 
170.57273864746094, 0.3373221457004547, 4.965147972106934 
197.938232421875, 0.36376136541366577, 4.502415657043457 
93.28730773925781, 0.27323856949806213, 3.1178083419799805 
308.453857421875, 0.44993001222610474, 3.711501121520996 
97.85624694824219, 0.489935040473938, 4.014255046844482 
194.56871032714844, 0.35182419419288635, 5.362876892089844 
76.36766052246094, 0.35960277915000916, 8.195330619812012 
243.6979522705078, 0.40169551968574524, 4.510494232177734 
126.10769653320312, 0.41626766324043274, 3.442716598510742 
212.1865234375, 0.42136988043785095, 2.3970155715942383 
65.21966552734375, 0.34585121273994446, 3.334317207336426 
60.24198532104492, 0.32376551628112793, 4.912683486938477 
185.127685546875, 0.28778353333473206, 3.500337839126587 
82.21736145019531, 0.3063405752182007, 3.075524091720581 
94.70719909667969, 0.36549636721611023, 3.7487359046936035 
281.9373474121094, 0.28616687655448914, 6.368669033050537 
76.59497833251953, 0.25837594270706177, 4.475819110870361 
100.9836654663086, 0.29550039768218994, 8.791332244873047 
117.15019226074219, 0.3674386739730835, 5.31639289855957 
262.5081787109375, 0.34250780940055847, 3.8700575828552246 
51.0549430847168, 0.44321975111961365, 6.1612653732299805 
176.39805603027344, 0.36013710498809814, 3.570418357849121 
82.26929473876953, 0.2843339443206787, 5.88454532623291 
331.2898864746094, 0.2905270457267761, 4.2052001953125 
224.66513061523438, 0.2721971273422241, 5.866154670715332 
79.50935363769531, 0.3763808012008667, 3.999032735824585 
89.95074462890625, 0.35278335213661194, 8.349347114562988 
105.07330322265625, 0.29659926891326904, 2.8595340251922607 
78.35478210449219, 0.32041025161743164, 3.3895227909088135 
88.81817626953125, 0.38646212220191956, 3.3378496170043945 
81.75990295410156, 0.37811535596847534, 3.874437093734741 
109.98802185058594, 0.34845760464668274, 3.13628888130188 
114.99442291259766, 0.6378979086875916, 12.425521850585938 
260.1207275390625, 0.4650317430496216, 3.7575037479400635 
197.14686584472656, 0.39946049451828003, 4.577127456665039 
147.58258056640625, 0.44591400027275085, 5.128754138946533 
141.02001953125, 0.4006480574607849, 6.784368515014648 
99.00382995605469, 0.3071291446685791, 3.888129234313965 
85.01020812988281, 0.3818865120410919, 3.4663631916046143 
127.15544891357422, 0.33289048075675964, 7.920265197753906 
88.9173583984375, 0.298348993062973, 6.3614020347595215 
219.3247528076172, 0.374534010887146, 7.541530609130859 
58.54084014892578, 0.5350114107131958, 7.314955234527588 
145.62013244628906, 0.41712552309036255, 4.2188639640808105 
283.30633544921875, 0.4321957230567932, 5.559494972229004 
341.35101318359375, 0.30157628655433655, 5.722349166870117 
108.02873229980469, 0.24865815043449402, 4.26473331451416 
68.89643859863281, 0.3360554277896881, 3.7607836723327637 
192.0704345703125, 0.3024011552333832, 4.0636725425720215 
89.3041763305664, 0.28692299127578735, 2.4636027812957764 
88.021240234375, 0.5021581649780273, 5.504983901977539 
318.4153747558594, 0.37881267070770264, 6.791884422302246 
103.45191955566406, 0.3405236601829529, 4.1500959396362305 
93.73030853271484, 0.2634734511375427, 4.153974533081055 
373.5798645019531, 0.37072715163230896, 4.487639904022217 
108.00806427001953, 0.3300274610519409, 4.607585906982422 
189.03134155273438, 0.3389996290206909, 3.7159616947174072 
159.40924072265625, 0.31205350160598755, 4.872620582580566 
104.34624481201172, 0.41848835349082947, 6.134660243988037 
217.7078094482422, 0.419367253780365, 3.5567548274993896 
91.25796508789062, 0.5790255665779114, 5.947454929351807 
154.3150634765625, 0.3539145588874817, 4.898863315582275 
83.26316833496094, 0.36559510231018066, 6.264150142669678 
124.00360107421875, 0.39544981718063354, 6.261871814727783 
78.48485565185547, 0.29298439621925354, 4.391729354858398 
64.54476928710938, 0.327441543340683, 4.8302717208862305 
104.50470733642578, 0.2957752048969269, 2.4843485355377197 
57.76884078979492, 0.3207510709762573, 5.945454120635986 
189.58206176757812, 0.48416972160339355, 5.416673183441162 
97.91053009033203, 0.3247128427028656, 3.488032341003418 
198.06979370117188, 0.3615660071372986, 3.893425464630127 
89.45274353027344, 0.3415317237377167, 5.466498374938965 
83.42499542236328, 0.299421101808548, 3.3426403999328613 
60.607704162597656, 0.3478271961212158, 5.0201029777526855 
326.3569030761719, 0.3754008710384369, 6.103202819824219 
162.93658447265625, 0.262070894241333, 4.388031005859375 
42.969017028808594, 0.280852347612381, 3.1626458168029785 
96.8580551147461, 0.27027076482772827, 5.988865375518799 
156.9650421142578, 0.3722732961177826, 5.624874591827393 
47.31550216674805, 0.28590938448905945, 3.0925228595733643 
76.16641998291016, 0.30597591400146484, 5.941768646240234 
287.3268737792969, 0.36595165729522705, 1.8995349407196045 
67.15324401855469, 0.3441411554813385, 2.7093021869659424 
651.4318237304688, 0.41986382007598877, 6.3981523513793945 
110.71629333496094, 0.3927057385444641, 4.615894317626953 
178.09542846679688, 0.38241392374038696, 7.6963114738464355 
312.2583312988281, 0.4523100256919861, 5.008982181549072 
91.16366577148438, 0.3476126194000244, 2.6416776180267334 
54.30620574951172, 0.32130688428878784, 6.686926364898682 
219.29592895507812, 0.3244584798812866, 3.23128604888916 
346.06353759765625, 0.30865877866744995, 5.568299293518066 
86.9889144897461, 0.450273334980011, 3.239619493484497 
73.88422393798828, 0.2984658181667328, 3.3677237033843994 
214.3747100830078, 0.3924553096294403, 3.090815305709839 
227.1920928955078, 0.24891233444213867, 2.97786021232605 
83.64846801757812, 0.20973911881446838, 3.289257526397705 
209.15272521972656, 0.44204390048980713, 5.268486499786377 
76.6624755859375, 0.3185409903526306, 2.6162960529327393 
76.09031677246094, 0.29745325446128845, 6.109886646270752 
99.61019897460938, 0.299452006816864, 6.4297661781311035 
145.2369384765625, 0.44214075803756714, 6.283438682556152 
124.44702911376953, 0.28716808557510376, 2.0785064697265625 
107.73717498779297, 0.31480300426483154, 3.9885919094085693 
98.23988342285156, 0.25905629992485046, 4.165233612060547 
157.45867919921875, 0.2569967806339264, 6.590999603271484 
62.59358215332031, 0.3492778539657593, 2.267185688018799 
86.06752014160156, 0.45195865631103516, 4.3067402839660645 
93.82889556884766, 0.45811569690704346, 2.245966672897339 
186.81980895996094, 0.3747754395008087, 3.2991220951080322 
121.90798950195312, 0.3649137616157532, 5.323005676269531 
81.58111572265625, 0.2765386998653412, 1.644998550415039 
134.96141052246094, 0.30036765336990356, 2.7689764499664307 
273.549072265625, 0.3314497768878937, 4.972193241119385 
59.49158477783203, 0.30639904737472534, 5.303483009338379 
80.10436248779297, 0.3588869571685791, 2.026984930038452 
1153.034912109375, 0.49262675642967224, 9.121484756469727 
47.36945343017578, 0.28077432513237, 3.6405863761901855 
51.250640869140625, 0.43226101994514465, 4.2734503746032715 
240.335693359375, 0.25710102915763855, 6.432216644287109 
123.63580322265625, 0.31657904386520386, 4.059213161468506 
43.44648742675781, 0.31360509991645813, 8.560165405273438 
88.43171691894531, 0.3024170696735382, 5.990532875061035 
258.21435546875, 0.3472411036491394, 2.750389337539673 
115.39166259765625, 0.3387784957885742, 3.4898841381073 
127.92164611816406, 0.27956095337867737, 1.9148423671722412 
80.5774154663086, 0.50117427110672, 5.692894458770752 
41.55726623535156, 0.26380202174186707, 2.2640576362609863 
82.1693344116211, 0.30317071080207825, 3.806781530380249 
155.75875854492188, 0.32022377848625183, 4.370234966278076 
114.76786804199219, 0.21656106412410736, 3.7842471599578857 
61.518463134765625, 0.30434808135032654, 3.1986582279205322 
99.9361801147461, 0.21138925850391388, 3.4962351322174072 
103.08029174804688, 0.3165128231048584, 4.022167682647705 
293.0010681152344, 0.36591222882270813, 4.698146343231201 
63.578433990478516, 0.36095431447029114, 3.06239652633667 
95.67389678955078, 0.2798534631729126, 5.707213401794434 
73.62621307373047, 0.2810094952583313, 5.467471599578857 
144.1995849609375, 0.37532052397727966, 3.652606725692749 
61.572715759277344, 0.3617880046367645, 3.183206796646118 
192.21522521972656, 0.39325186610221863, 4.608787536621094 
203.01600646972656, 0.4232423007488251, 5.138922214508057 
78.30866241455078, 0.4602123200893402, 4.277891635894775 
134.4451904296875, 0.28708958625793457, 5.101919174194336 
71.2936782836914, 0.3753986954689026, 5.05695915222168 
225.4624481201172, 0.4938993752002716, 2.9307851791381836 
244.00967407226562, 0.39103376865386963, 4.715752124786377 
116.13411712646484, 0.606563925743103, 5.667754650115967 
361.214111328125, 0.27831149101257324, 4.963931560516357 
180.9354705810547, 0.37802448868751526, 4.678457736968994 
125.40026092529297, 0.3059689402580261, 2.9620797634124756 
61.588157653808594, 0.3756343126296997, 1.8843871355056763 
110.3593978881836, 0.30271974205970764, 3.1336004734039307 
122.59881591796875, 0.34176725149154663, 2.796416997909546 
57.11332321166992, 0.34860193729400635, 4.890465259552002 
140.05929565429688, 0.37776124477386475, 4.025102615356445 
115.28321075439453, 0.3025338053703308, 3.5284183025360107 
580.5169067382812, 0.36804115772247314, 4.382693290710449 
51.40949249267578, 0.48969390988349915, 3.1554431915283203 
110.9719009399414, 0.2951087951660156, 4.581780433654785 
172.61248779296875, 0.3520479202270508, 4.039785385131836 
551.2405395507812, 0.2700229287147522, 2.3989343643188477 
130.49932861328125, 0.3541280925273895, 5.229439735412598 
62.83614730834961, 0.2749587297439575, 4.732905387878418 
181.2401123046875, 0.38694584369659424, 5.518820762634277 
64.91877746582031, 0.3099803328514099, 4.278059005737305 
75.87646484375, 0.27576911449432373, 3.4700851440429688 
59.97047424316406, 0.25147998332977295, 4.749326229095459 
119.71087646484375, 0.28007951378822327, 4.138967990875244 
45.06283950805664, 0.2894599437713623, 2.039154291152954 
54.46432113647461, 0.31933218240737915, 4.7045512199401855 
121.5223159790039, 0.28995662927627563, 2.7986395359039307 
303.15167236328125, 0.306972473859787, 5.511473178863525 
40.12512969970703, 0.28363949060440063, 3.3300507068634033 
275.0655822753906, 0.3636300265789032, 6.639202117919922 
108.29718780517578, 0.25721636414527893, 7.349001407623291 
133.0474395751953, 0.3393401801586151, 3.394970655441284 
291.65240478515625, 0.33845528960227966, 4.008448123931885 
70.69340515136719, 0.3444051742553711, 4.272835731506348 
90.40776824951172, 0.5364395380020142, 2.438225746154785 
88.0819091796875, 0.4378814697265625, 2.081416606903076 
116.57492065429688, 0.3467710614204407, 6.420058250427246 
172.64175415039062, 0.5196230411529541, 7.496126651763916 
77.97176361083984, 0.31922250986099243, 5.448172569274902 
179.3726043701172, 0.27597692608833313, 8.243337631225586 
639.556640625, 0.3393062651157379, 3.452681303024292 
81.07231903076172, 0.2711951434612274, 5.31135368347168 
80.24519348144531, 0.3158870339393616, 5.073573589324951 
178.24388122558594, 0.4038274586200714, 4.78879976272583 
154.60720825195312, 0.29130199551582336, 5.175894260406494 
57.076622009277344, 0.41683316230773926, 4.524191379547119 
220.8269805908203, 0.37359264492988586, 4.0591912269592285 
110.41942596435547, 0.25715523958206177, 3.6213223934173584 
115.33181762695312, 0.42216047644615173, 4.425981044769287 
269.5381164550781, 0.49753427505493164, 3.6810262203216553 
152.98602294921875, 0.36833637952804565, 4.127212047576904 
43.985591888427734, 0.3161757290363312, 2.076655864715576 
87.16426849365234, 0.46478503942489624, 5.156646728515625 
1353.798095703125, 0.336298406124115, 4.871021270751953 
58.89857864379883, 0.35491371154785156, 3.394009828567505 
67.5192642211914, 0.32432153820991516, 8.582008361816406 
163.20745849609375, 0.3877483904361725, 2.739947557449341 
45.02969741821289, 0.3320445120334625, 2.7814478874206543 
92.82567596435547, 0.45196792483329773, 4.692721843719482 
130.74160766601562, 0.31386759877204895, 7.295543670654297 
167.49789428710938, 0.3957757353782654, 3.983794689178467 
142.1004180908203, 0.34991341829299927, 4.777456760406494 
189.1455535888672, 0.3240622878074646, 4.07565975189209 
146.8604736328125, 0.3315882682800293, 5.133148193359375 
60.71468734741211, 0.3443176746368408, 1.9642070531845093 
118.11238861083984, 0.23816601932048798, 4.0677900314331055 
68.12993621826172, 0.3458065688610077, 4.587810039520264 
55.97586441040039, 0.2994614839553833, 5.679497241973877 
171.47743225097656, 0.3128930628299713, 2.1511592864990234 
172.3287811279297, 0.30894967913627625, 3.184159755706787 
80.92418670654297, 0.3994002938270569, 6.647258758544922 
45.32712173461914, 0.31032001972198486, 5.488439083099365 
43.79456329345703, 0.302175372838974, 5.7948737144470215 
103.07925415039062, 0.389330118894577, 3.8493454456329346 
69.83011627197266, 0.36321431398391724, 3.685351848602295 
226.2830047607422, 0.34857943654060364, 8.25079345703125 
281.1905822753906, 0.32837721705436707, 4.253251075744629 
290.74053955078125, 0.28517284989356995, 5.591316223144531 
61.36383819580078, 0.38682982325553894, 2.873969078063965 
232.2193603515625, 0.3867327868938446, 2.8553407192230225 
59.397830963134766, 0.38737645745277405, 6.595425605773926 
198.1237030029297, 0.39654529094696045, 5.130806922912598 
180.83680725097656, 0.37381604313850403, 3.5707151889801025 
119.53144836425781, 0.29572245478630066, 2.8433220386505127 
599.1000366210938, 0.38205718994140625, 9.695696830749512 
62.40411376953125, 0.26057860255241394, 2.205085277557373 
72.9990463256836, 0.74280846118927, 3.8467538356781006 
142.65191650390625, 0.308272123336792, 4.068103313446045 
132.0665283203125, 0.38846948742866516, 5.225937843322754 
654.95166015625, 0.3556281626224518, 8.530863761901855 
214.12557983398438, 0.340149462223053, 2.9249353408813477 
72.1081314086914, 0.3890226483345032, 2.2329764366149902 
50.96784591674805, 0.2769439220428467, 7.218105316162109 
224.36343383789062, 0.3920493721961975, 5.432413578033447 
102.01288604736328, 0.31292712688446045, 4.678601264953613 
161.75927734375, 0.32096680998802185, 1.6560454368591309 
116.53207397460938, 0.34927669167518616, 3.303391933441162 
41.88886642456055, 0.3207775950431824, 3.6498684883117676 
103.40403747558594, 0.2806669771671295, 2.495488166809082 
194.117431640625, 0.32870104908943176, 2.195992946624756 
58.66851043701172, 0.4912341237068176, 3.246234655380249 
36.772010803222656, 0.418424129486084, 6.765803337097168 
87.45372009277344, 0.26234498620033264, 4.122559070587158 
150.5113983154297, 0.3583398163318634, 4.655355453491211 
245.6833953857422, 0.392894983291626, 4.853540897369385 
95.29720306396484, 0.3163281977176666, 3.805689573287964 
76.77085876464844, 0.2858489155769348, 5.240734100341797 
514.2612915039062, 0.32871198654174805, 3.7885165214538574 
108.31781768798828, 0.3980400860309601, 2.272477626800537 
397.7190856933594, 0.357002854347229, 3.149228572845459 
74.04882049560547, 0.31598860025405884, 6.633661270141602 
66.61730194091797, 0.24410034716129303, 4.775754928588867 
183.8709716796875, 0.4305066466331482, 4.969367504119873 
123.374755859375, 0.2197231948375702, 2.6386828422546387 
118.76084899902344, 0.3091670870780945, 2.9945735931396484 
107.90008544921875, 0.44409316778182983, 2.55016827583313 
78.93995666503906, 0.35275954008102417, 7.383981704711914 
162.96339416503906, 0.26185426115989685, 2.7600221633911133 
189.85693359375, 0.345071017742157, 4.431663990020752 
80.94992065429688, 0.3002062439918518, 3.6773622035980225 
98.2500228881836, 0.2879698872566223, 5.104229927062988 
430.94415283203125, 0.29267847537994385, 4.208165168762207 
63.36970520019531, 0.27902403473854065, 8.750242233276367 
58.305267333984375, 0.32267531752586365, 4.8804931640625 
304.4966125488281, 0.3484905958175659, 2.95584774017334 
198.1104736328125, 0.3796312212944031, 4.682438373565674 
281.8833923339844, 0.3656734228134155, 8.568994522094727 
63.49753952026367, 0.21905730664730072, 3.504490852355957 
251.29403686523438, 0.3150438964366913, 1.511099100112915 
230.09817504882812, 0.24533821642398834, 3.4266269207000732 
137.0996856689453, 0.3208194077014923, 5.041335105895996 
84.76927947998047, 0.35448673367500305, 2.939288854598999 
127.93482208251953, 0.3589368164539337, 4.095493316650391 
107.4676742553711, 0.8065256476402283, 3.426600933074951 
261.491455078125, 0.3413160443305969, 6.155827045440674 
254.77793884277344, 0.42621082067489624, 4.753520965576172 
176.265380859375, 0.3182191848754883, 5.06760311126709 
191.43370056152344, 0.33471471071243286, 5.973534107208252 
72.76917266845703, 0.35370156168937683, 4.483010768890381 
75.61318969726562, 0.38292884826660156, 4.7668585777282715 
78.0323486328125, 0.37330299615859985, 6.357551574707031 
312.549072265625, 0.39255213737487793, 5.895566463470459 
322.4865417480469, 0.32939913868904114, 2.332794427871704 
190.1357421875, 0.3155231177806854, 3.360961437225342 
111.74756622314453, 0.31738436222076416, 2.315155029296875 
71.29190063476562, 0.2804472744464874, 3.95599627494812 
46.78182601928711, 0.27496033906936646, 2.836935520172119 
316.542236328125, 0.3732435405254364, 3.652193546295166 
148.21238708496094, 0.38588330149650574, 4.472265243530273 
55.69355392456055, 0.24814726412296295, 5.25925874710083 
204.2430877685547, 0.3056458830833435, 6.9721245765686035 
354.8680419921875, 0.36050519347190857, 3.798955202102661 
286.94122314453125, 0.30092474818229675, 4.10750675201416 
219.4452362060547, 0.2924041152000427, 5.734247207641602 
89.30277252197266, 0.2921409010887146, 4.87576150894165 
100.7076187133789, 0.2811259627342224, 2.07664155960083 
539.2896728515625, 0.39121395349502563, 4.741881847381592 
43.47866439819336, 0.26184868812561035, 3.4038233757019043 
281.62823486328125, 0.457782506942749, 4.578525066375732 
90.8345718383789, 0.35655733942985535, 3.3800954818725586 
101.92396545410156, 0.31732815504074097, 5.945227146148682 
382.6104431152344, 0.37693849205970764, 7.48275089263916 
84.57040405273438, 0.30708715319633484, 3.492403984069824 
382.4375305175781, 0.279379278421402, 8.56374454498291 
316.5787353515625, 0.2872779369354248, 7.705247402191162 
395.24310302734375, 0.33920904994010925, 3.906287908554077 
101.96818542480469, 0.358048677444458, 4.859067440032959 
108.37740325927734, 0.5076943635940552, 4.913544654846191 
216.62628173828125, 0.40629643201828003, 4.540630340576172 
226.19793701171875, 0.25552743673324585, 5.0826096534729 
34.794456481933594, 0.28154975175857544, 9.322157859802246 
71.9751205444336, 0.321147620677948, 9.747383117675781 
81.32009887695312, 0.33235153555870056, 4.811469554901123 
203.5618133544922, 0.3930904269218445, 2.832028388977051 
90.23873901367188, 0.37082868814468384, 3.5468099117279053 
266.4326477050781, 0.36893612146377563, 4.193367004394531 
145.55442810058594, 0.4621214270591736, 4.2511067390441895 
263.1308288574219, 0.28904253244400024, 3.4950318336486816 
122.64789581298828, 0.3611060678958893, 2.525062322616577 
71.94950103759766, 0.3232569396495819, 4.660473346710205 
67.12800598144531, 0.39758938550949097, 2.566619634628296 
115.30044555664062, 0.36424511671066284, 3.519843101501465 
102.34978485107422, 0.3878333270549774, 5.352163314819336 
555.3916625976562, 0.4382008910179138, 4.233445644378662 
64.81501007080078, 0.3593665063381195, 5.833963394165039 
115.0201416015625, 0.30137455463409424, 3.3612000942230225 
86.86393737792969, 0.28457337617874146, 6.002021789550781 
83.07161712646484, 0.5320187211036682, 3.1563894748687744 
323.357421875, 0.27158498764038086, 5.555803298950195 
102.66448974609375, 0.728661835193634, 5.118310928344727 
105.57335662841797, 0.3467056453227997, 1.7371845245361328 
431.79827880859375, 0.43871015310287476, 3.8329076766967773 
59.15576171875, 0.3214581310749054, 4.558457851409912 
158.39378356933594, 0.35424625873565674, 6.9128265380859375 
253.0768585205078, 0.4118747115135193, 4.052245616912842 
55.12514114379883, 0.36548107862472534, 10.540217399597168 
78.04582214355469, 0.2938806712627411, 3.500554084777832 
216.4505157470703, 0.3004164397716522, 3.7973570823669434 
170.40927124023438, 0.38412347435951233, 5.273218154907227 
77.5257797241211, 0.36611488461494446, 6.952739238739014 
162.84344482421875, 0.3601475656032562, 7.656486511230469 
68.16358947753906, 0.32381853461265564, 3.8741438388824463 
91.88166809082031, 0.3477112352848053, 3.993335247039795 
92.5527572631836, 0.39751794934272766, 6.053706645965576 
118.52130889892578, 0.37343835830688477, 6.449009418487549 
106.6771469116211, 0.3008055090904236, 2.3181188106536865 
138.5903778076172, 0.3526107966899872, 2.4434287548065186 
122.61408233642578, 0.3456127643585205, 3.0449743270874023 
112.02326965332031, 0.351292222738266, 3.2436716556549072 
258.34765625, 0.4134450852870941, 4.4674296379089355 
157.2233428955078, 0.3581089973449707, 2.757763624191284 
130.1475067138672, 0.37950795888900757, 1.5455513000488281 
313.2661437988281, 0.2998392879962921, 3.195399761199951 
118.81693267822266, 0.357421875, 2.5734941959381104 
71.71003723144531, 0.40457579493522644, 2.735952615737915 
46.50657653808594, 0.30506452918052673, 1.6065196990966797 
96.42760467529297, 0.32935550808906555, 5.6232171058654785 
549.5620727539062, 0.3750249147415161, 5.813514709472656 
133.17674255371094, 0.3020098805427551, 4.426912784576416 
116.14115142822266, 0.3104313313961029, 3.002183198928833 
78.9721908569336, 0.2958005964756012, 5.188962936401367 
50.13956069946289, 0.3000473380088806, 5.265744209289551 
501.9503479003906, 0.3334411680698395, 7.711226940155029 
70.23621368408203, 0.3110957741737366, 7.821054935455322 
117.58309173583984, 0.3606848418712616, 4.0049285888671875 
110.73844909667969, 0.2807285487651825, 5.540412902832031 
217.06504821777344, 0.30824366211891174, 3.518275260925293 
204.1907196044922, 0.282173752784729, 6.207038402557373 
104.11771392822266, 0.3270878791809082, 2.663433074951172 
873.5263061523438, 0.28683310747146606, 1.9757293462753296 
117.9596939086914, 0.4659395217895508, 8.213257789611816 
78.4221420288086, 0.3350047469139099, 3.4930694103240967 
279.7883605957031, 0.22395668923854828, 7.30120849609375 
74.0504379272461, 0.3795267343521118, 8.633301734924316 
79.702880859375, 0.37399330735206604, 3.1615090370178223 
84.58685302734375, 0.39944523572921753, 5.426459789276123 
225.17654418945312, 0.3063311278820038, 7.289334774017334 
59.50581741333008, 0.2859015464782715, 4.5438008308410645 
159.1011505126953, 0.36040031909942627, 3.120709180831909 
167.63455200195312, 0.42037445306777954, 6.246147155761719 
93.43846130371094, 0.3481082022190094, 3.3328566551208496 
234.29551696777344, 0.3878414034843445, 2.5246241092681885 
120.18569946289062, 0.26193010807037354, 7.379211902618408 
97.0864028930664, 0.3700112998485565, 3.936875820159912 
88.44448852539062, 0.5821600556373596, 5.683835506439209 
87.55347442626953, 0.2749420702457428, 3.1959426403045654 
94.81066131591797, 0.2738456130027771, 4.155096054077148 
97.70140838623047, 0.2128230333328247, 3.3149893283843994 
97.492919921875, 0.27621322870254517, 4.218801021575928 
115.12969970703125, 0.3986104726791382, 3.1151645183563232 
303.5852966308594, 0.3620135486125946, 3.1017885208129883 
156.1056365966797, 0.30268052220344543, 2.862736225128174 
83.67489624023438, 0.4138101637363434, 4.191161155700684 
225.69386291503906, 0.3980308473110199, 4.9436469078063965 
233.84878540039062, 0.3192308247089386, 2.717707395553589 
441.001708984375, 0.5019089579582214, 5.673966407775879 
259.48974609375, 0.3781082332134247, 3.503352165222168 
138.1424560546875, 0.35296332836151123, 3.9907164573669434 
298.9565734863281, 0.39061734080314636, 5.298969268798828 
76.10758972167969, 0.26564905047416687, 2.9946095943450928 
63.618553161621094, 0.28828874230384827, 6.330905914306641 
542.6337280273438, 0.22435864806175232, 3.7285027503967285 
126.35941314697266, 0.3784266412258148, 5.7308549880981445 
133.59628295898438, 0.26118314266204834, 4.012856483459473 
80.17005157470703, 0.30679115653038025, 13.108098983764648 
432.4342346191406, 0.29376882314682007, 8.036721229553223 
169.7948455810547, 0.23017843067646027, 6.262422561645508 
199.22854614257812, 0.2775711417198181, 5.468748092651367 
97.59669494628906, 0.27843964099884033, 4.774055004119873 
66.2630386352539, 0.30491340160369873, 4.7064995765686035 
449.2240295410156, 0.4443005323410034, 2.749140501022339 
186.7978973388672, 0.34288910031318665, 3.3815534114837646 
118.63382720947266, 0.33730536699295044, 3.3892099857330322 
167.1085205078125, 0.32661521434783936, 4.434866905212402 
69.12142944335938, 0.3177129328250885, 3.7425217628479004 
87.26659393310547, 0.9977532029151917, 10.977094650268555 
433.5726318359375, 0.43923550844192505, 4.716947555541992 
90.6535873413086, 0.253945916891098, 3.9109010696411133 
195.07574462890625, 0.28733646869659424, 5.450752258300781 
127.55803680419922, 0.30983486771583557, 2.58050799369812 
105.10327911376953, 0.29126501083374023, 2.5500411987304688 
221.568603515625, 0.4798162579536438, 6.815661907196045 
102.06031036376953, 0.3396216630935669, 2.83150315284729 
59.924163818359375, 0.6678755283355713, 3.7841007709503174 
91.22237396240234, 0.2853950262069702, 4.782535552978516 
193.7600555419922, 0.23419538140296936, 5.017360687255859 
284.1368103027344, 0.4240414798259735, 7.016219139099121 
253.79832458496094, 0.40818098187446594, 1.4165198802947998 
247.95758056640625, 0.26731565594673157, 2.3588483333587646 
152.59628295898438, 0.48288461565971375, 3.1909849643707275 
79.37261199951172, 0.32526472210884094, 2.629563331604004 
149.72532653808594, 0.31439316272735596, 3.8947627544403076 
56.75482177734375, 0.5801011919975281, 5.941849231719971 
709.1148071289062, 0.4129382371902466, 3.658067226409912 
910.3585205078125, 0.32016289234161377, 4.003992080688477 
197.38421630859375, 0.3527767062187195, 2.570078134536743 
149.361328125, 0.38936275243759155, 3.00681471824646 
200.05809020996094, 0.2612365484237671, 5.028175354003906 
52.564910888671875, 0.27243074774742126, 3.2965376377105713 
106.3979263305664, 0.2517598867416382, 6.356518268585205 
175.25827026367188, 0.3712194859981537, 2.3412411212921143 
129.62876892089844, 0.40126317739486694, 5.151063442230225 
67.76265716552734, 0.37507814168930054, 5.104400157928467 
278.06927490234375, 0.31717291474342346, 4.956665515899658 
208.8871612548828, 0.3786159157752991, 3.4510385990142822 
114.14764404296875, 0.40694791078567505, 3.0165510177612305 
134.27789306640625, 0.3649426996707916, 10.582687377929688 
94.12855529785156, 0.373111367225647, 2.9992027282714844 
218.0118408203125, 0.28804439306259155, 3.380704879760742 
114.63127136230469, 0.29802650213241577, 3.3270905017852783 
157.12791442871094, 0.24401023983955383, 2.7819581031799316 
96.61837768554688, 0.2613617181777954, 2.7268331050872803 
64.34729766845703, 0.32512080669403076, 3.689354181289673 
57.542362213134766, 0.31044521927833557, 3.775001049041748 
106.52734375, 0.3951146602630615, 4.158987522125244 
462.4211730957031, 0.35097071528434753, 7.516835689544678 
81.65177154541016, 0.2686617374420166, 7.192669868469238 
156.5421905517578, 0.4420090615749359, 3.7018980979919434 
60.47689437866211, 0.30299967527389526, 2.393853187561035 
119.32734680175781, 0.5050292611122131, 2.9384407997131348 
76.35520935058594, 0.4255410432815552, 2.721874237060547 
125.13098907470703, 0.4397866427898407, 2.34448504447937 
129.11480712890625, 0.37440961599349976, 8.042489051818848 
717.9747314453125, 0.3933109939098358, 7.029186248779297 
103.968505859375, 0.6678485870361328, 2.287776231765747 
130.30445861816406, 0.23730231821537018, 10.133745193481445 
78.59319305419922, 0.3990147113800049, 6.496460914611816 
90.34468841552734, 0.29014527797698975, 4.336946487426758 
252.69766235351562, 0.27587220072746277, 4.241484642028809 
134.17601013183594, 0.2602922320365906, 2.781775712966919 
52.101356506347656, 0.4864281117916107, 2.7747719287872314 
86.3828125, 0.234172523021698, 4.720456600189209 
108.09577941894531, 0.34108155965805054, 2.36861515045166 
86.71161651611328, 0.3244493007659912, 9.664433479309082 
110.33785247802734, 0.3474672734737396, 15.12736988067627 
65.9924545288086, 0.371122270822525, 1.9112526178359985 
139.27627563476562, 0.5542349219322205, 4.635037422180176 
192.85772705078125, 0.32657793164253235, 4.504759788513184 
524.6270751953125, 0.2692757546901703, 3.0832841396331787 
111.9798583984375, 0.3711700439453125, 2.8731884956359863 
123.47428131103516, 0.4995124638080597, 3.84822940826416 
43.70583724975586, 0.3349563479423523, 9.421472549438477 
56.47005844116211, 0.436804860830307, 12.935546875 
84.16507720947266, 0.38736492395401, 8.822583198547363 
106.93000030517578, 0.28130286931991577, 3.1205530166625977 
179.96754455566406, 0.2750038802623749, 1.3619908094406128 
229.3886260986328, 0.34298062324523926, 2.758894443511963 
270.5502014160156, 0.32195183634757996, 2.360884189605713 
124.1819839477539, 0.33561035990715027, 2.200482130050659 
194.906982421875, 0.23962852358818054, 9.53859806060791 
426.5475769042969, 0.24493210017681122, 4.982436180114746 
81.99295806884766, 0.3193388283252716, 3.0255682468414307 
62.70804977416992, 0.43614569306373596, 3.8941407203674316 
102.81871032714844, 0.3911586403846741, 6.410377502441406 
113.19371795654297, 0.1802329570055008, 3.309304714202881 
373.53326416015625, 0.27796533703804016, 2.008793830871582 
315.0710754394531, 0.33567410707473755, 2.749786138534546 
139.01123046875, 0.30670228600502014, 5.363020420074463 
108.21176147460938, 0.2848597764968872, 1.687185287475586 
231.6926727294922, 0.3687201738357544, 4.811911582946777 
107.47440338134766, 0.3620116114616394, 3.753450632095337 
197.99200439453125, 0.39366230368614197, 3.585256576538086 
145.6806640625, 0.3199242353439331, 4.436590671539307 
41.86216735839844, 0.30789634585380554, 1.7541741132736206 
223.88043212890625, 0.5285650491714478, 3.5039291381835938 
272.73553466796875, 0.3549753427505493, 3.6881847381591797 
187.81146240234375, 0.5517235398292542, 4.762135028839111 
145.26380920410156, 0.4081605076789856, 2.324948787689209 
120.68449401855469, 0.22603638470172882, 2.018998146057129 
91.87641143798828, 0.36809486150741577, 1.7057946920394897 
59.35930252075195, 0.42087090015411377, 7.658520698547363 
111.09691619873047, 0.3194720149040222, 3.4051947593688965 
96.6151123046875, 0.3694142997264862, 2.6194334030151367 
155.69276428222656, 0.3177810311317444, 6.1201491355896 
103.0938720703125, 0.4273894727230072, 2.7126424312591553 
179.01617431640625, 0.44532060623168945, 2.316169261932373 
194.00889587402344, 0.4765298068523407, 4.674623966217041 
139.9195556640625, 0.37924742698669434, 7.979453086853027 
161.3814697265625, 0.31285977363586426, 11.616193771362305 
96.04753112792969, 0.2283293902873993, 4.83300256729126 
183.1795196533203, 0.3932360112667084, 4.218212604522705 
151.05799865722656, 0.39720451831817627, 1.7219668626785278 
486.83892822265625, 0.41048386693000793, 4.191342830657959 
56.23518371582031, 0.3113110363483429, 2.3065741062164307 
494.4059753417969, 0.5834066867828369, 5.335574150085449 
75.83831787109375, 0.35060226917266846, 5.517618179321289 
280.3443298339844, 0.29065465927124023, 4.1955342292785645 
110.40837097167969, 0.3626486361026764, 10.134125709533691 
181.08363342285156, 0.33941584825515747, 4.465867519378662 
459.1793212890625, 0.3047882318496704, 4.436260223388672 
294.2671813964844, 0.3037932813167572, 3.554272413253784 
798.58544921875, 0.501539945602417, 5.28023099899292 
341.56207275390625, 0.44209033250808716, 3.7342147827148438 
199.29432678222656, 0.2800111174583435, 4.929403781890869 
119.1197280883789, 0.30785393714904785, 4.155055522918701 
101.48429107666016, 0.28618547320365906, 3.1359479427337646 
51.68883514404297, 0.25713974237442017, 3.1560275554656982 
111.97002410888672, 0.37445035576820374, 4.406379222869873 
133.55735778808594, 0.27783331274986267, 6.825003623962402 
155.02105712890625, 0.2360232174396515, 2.639866352081299 
110.7693099975586, 0.3148026466369629, 3.1189444065093994 
342.4233703613281, 0.2792315185070038, 6.4713826179504395 
75.44285583496094, 0.4458140432834625, 3.583777666091919 
116.70147705078125, 0.4683643579483032, 2.033447027206421 
57.121097564697266, 0.34143775701522827, 4.640983581542969 
133.5285186767578, 0.46732524037361145, 5.103784561157227 
352.5089416503906, 0.39329567551612854, 4.562979698181152 
391.9574279785156, 0.41600707173347473, 3.3217966556549072 
252.73910522460938, 0.6421161890029907, 2.70076584815979 
245.15460205078125, 0.2754497528076172, 1.9912647008895874 
57.256900787353516, 0.2989414930343628, 6.127655029296875 
153.68209838867188, 0.33250218629837036, 3.322725534439087 
52.02607727050781, 0.30276936292648315, 3.516542434692383 
319.81964111328125, 0.401210755109787, 4.888059139251709 
52.547889709472656, 0.3331453800201416, 2.713482141494751 
75.97156524658203, 0.23302671313285828, 6.317327499389648 
167.75314331054688, 0.3815975785255432, 5.539985179901123 
113.53697967529297, 0.27602875232696533, 9.422250747680664 
159.15432739257812, 0.38209134340286255, 4.431062698364258 
109.78874969482422, 0.45764514803886414, 6.037425994873047 
144.84190368652344, 0.418849915266037, 4.11317777633667 
90.22401428222656, 0.2868599593639374, 8.32113265991211 
186.12571716308594, 0.401202529668808, 9.969243049621582 
112.26210021972656, 0.38585200905799866, 5.272009372711182 
193.070556640625, 0.3465215861797333, 5.612509727478027 
46.208740234375, 0.36379820108413696, 9.674063682556152 
245.90916442871094, 0.5046120285987854, 5.382973670959473 
106.18116760253906, 0.3266679346561432, 3.438140869140625 
464.4535217285156, 0.3811567723751068, 7.59495735168457 
99.5398178100586, 0.26403969526290894, 5.233609676361084 
87.3932113647461, 0.2460622638463974, 4.622795581817627 
