8.424062818288803
3.9164858162403107
2.5973199754953384
2.308747172355652
2.300435110926628
2.2831246107816696
2.2802882194519043
2.2824380844831467
2.275741383433342
2.2738800048828125
2.2735386937856674
2.274074211716652
2.2713463753461838
2.2705756425857544
2.2688645273447037
2.275669291615486
2.264456883072853
2.2658102959394455
2.270246207714081
2.2622538655996323
2.260066732764244
2.2579872012138367
2.258533775806427
2.2549529671669006
2.256962299346924
2.2595470547676086
2.256181687116623
2.249992147088051
2.250083804130554
2.250811219215393
2.249574914574623
2.247804880142212
2.251615196466446
2.2440372556447983
2.2496285438537598
2.2433398067951202
2.2510238587856293
2.245611548423767
2.235137954354286
2.232297822833061
2.234114497900009
2.236595034599304
2.228972092270851
2.2222214490175247
2.225728750228882
2.2281448543071747
2.2381381541490555
2.2341102063655853
2.226901203393936
2.22943577170372
2.2186781466007233
2.2165886759757996
2.217152774333954
2.209131896495819
2.20790758728981
2.2055893540382385
2.2056944668293
2.207819253206253
2.2061490565538406
2.1993648558855057
2.205337941646576
2.201801300048828
2.192699834704399
2.192433923482895
2.186874270439148
2.1858125627040863
2.1870549470186234
2.1822887659072876
2.1862407624721527
2.1814660876989365
2.176305815577507
2.1789731234312057
2.18155400454998
2.1682926416397095
2.197365716099739
2.1869265288114548
2.18871907889843
2.1687070578336716
2.179581731557846
2.1632224172353745
2.1618945449590683
2.15762060880661
2.1641727536916733
2.1531500071287155
2.1558798104524612
2.1633306741714478
2.147498592734337
2.150423675775528
2.176465928554535
2.1836220026016235
2.1526845395565033
2.1515259444713593
2.1429182440042496
2.146722286939621
2.145811006426811
2.1374872773885727
2.1330962255597115
2.1301215440034866
2.1364311948418617
2.129703976213932
2.1385106444358826
2.1301227062940598
2.1192487478256226
2.115878164768219
2.1161116659641266
2.1153464168310165
2.120645761489868
2.114650011062622
2.109957180917263
2.1113690733909607
2.107954829931259
2.1061465591192245
2.1048797219991684
2.096991315484047
2.097419798374176
2.096639044582844
2.1009346321225166
2.102714702486992
2.1070429235696793
2.1056831181049347
2.088286727666855
2.093271978199482
2.089527130126953
2.0841650664806366
2.0861565321683884
2.0801570042967796
2.08700243383646
2.080998696386814
2.083173915743828
2.07289320230484
2.0715799555182457
2.080827549099922
2.076457753777504
2.069383181631565
2.0682459250092506
2.0623259097337723
2.0625307112932205
2.0635349974036217
2.0577981173992157
2.0469279140233994
2.0572964176535606
2.0604927763342857
2.0517275258898735
2.0530321896076202
2.0491037368774414
2.0494156181812286
2.0460853949189186
2.0450747683644295
2.0484916791319847
2.0442270785570145
2.0371862947940826
2.0326980352401733
2.0386863052845
2.0506200566887856
2.0396806746721268
2.028705969452858
2.0284522399306297
2.026218444108963
2.033107042312622
2.0225265473127365
2.021832659840584
2.020939663052559
2.0287152230739594
2.0222025588154793
2.0186954215168953
2.014666795730591
2.017615430057049
2.0119581818580627
2.007878117263317
2.0118885785341263
2.0045486763119698
2.004058986902237
2.009389542043209
2.011391118168831
2.0234873220324516
2.0066321045160294
2.0217928141355515
2.008181393146515
1.9984548464417458
1.9951139315962791
1.9965933039784431
1.9923469871282578
1.9873071536421776
1.9957103356719017
1.9851091876626015
1.9825689494609833
1.9836138635873795
1.9813483133912086
1.9801105335354805
1.9791996106505394
1.980108566582203
1.97462098300457
1.9799344763159752
1.9800962060689926
1.9678434655070305
1.9801417365670204
1.9761915355920792
1.9673883020877838
1.9717531874775887
1.9668620079755783
