0.5001846381093058
0.5016976675524063
0.49302222550395036
0.49878129847108355
0.5016611295681063
0.4979519539466401
0.5020308692120228
0.49933515549974145
0.500886066602673
0.5054084985417359
0.49907667306840003
0.49741487554472263
0.49780353649082654
0.4989659502178891
0.502399586532782
0.4989843778852901
0.5032670087489387
0.49935383820108553
0.5013658176448874
0.4976551826003471
0.49676919100542777
0.501772133205346
0.4985051489314583
0.49774774774774777
0.5043192557590077
0.5030282886476106
0.503284860116631
0.5079013439669178
0.5087661019451519
0.5133818154970652
0.5151548713404954
0.5224167220621907
0.5288905298135499
0.5368032484311555
0.5357261548687271
0.542926775229866
0.5542840267267156
0.5506385177530081
0.5565233437903673
0.5681742661990031
0.5661031962796191
0.5746243862822548
0.5738860792203477
0.5818994165866628
0.5795983164734549
0.5837241073736292
0.5859115410174999
0.5880333677838476
0.5864564486947532
0.5904206211455372
0.5905180371450726
0.5986492471213464
0.5970022520028058
0.6021628404812873
0.6021191759580595
0.6010856319929102
0.5952969840156521
0.6032432033096927
0.6092365623154165
0.6041643592867427
0.5954085775448439
0.6093571138436542
0.6018166377432338
0.6044150762302042
0.6000590645649526
0.6067171064772098
0.6127793167128347
0.6103296784435338
0.612684115323563
0.6112013586354574
0.5999040094513771
0.6128341456210309
0.6085656267306627
0.6121507400435536
0.6091627288836385
0.6113714348965059
0.6172844063792085
0.6061892979799844
0.606746134258405
0.6204503506829088
0.6174657660650352
0.6133426862585838
0.6102658788774002
0.6112977662913052
0.6110496014171833
0.6151091090351881
0.6095832256635535
0.615498209473179
0.6121673003802282
0.6136866971799794
0.6116565775874797
0.6112095702259637
0.6108445297504799
0.60566239710605
0.6171854805952512
0.6113962849440526
0.62311242385084
0.6129627579079467
0.6211835936057888
0.6108054211750803
0.6067287096535933
0.6065125895296463
0.6179737959033031
0.6097984198478918
0.6207864131438066
0.6125590667454224
0.6197053066952251
0.619279598464718
0.6155379957167122
0.6133175845267976
0.6077164482185712
0.6205166051660517
0.6166254475656122
0.6109060031012331
0.6060158700867319
0.6202391496899912
0.6199844966963198
0.6189878557454506
0.6222771911688695
0.6200723460800236
0.6210320389782962
0.6199601240584847
0.6191073867621544
0.6163812195482061
0.6091915836101882
0.6141834022445364
0.6238606590649102
0.6181314623338257
0.6124649239403338
0.6110208302555769
0.611749067680833
0.6181724239740183
0.6228073414823295
0.6208347171482342
0.6104998892416746
0.612762657409801
0.6153391676821388
0.6213911245661966
0.605294247950971
0.6178186383104416
0.6146463900782518
0.6198035885697408
0.619374607745413
0.6058927780239256
0.607641196013289
0.6098290440497729
0.6234629444998339
0.6106086892325865
0.6222255050411789
0.6134047267355982
0.6160404517605373
0.6247092271904885
0.6140927210984792
0.6147114212916805
0.6121673003802282
0.6247230837394772
0.6184288245717661
0.6218062324619702
0.6159639666248247
0.6270304193738925
0.6121816168327796
0.614932978841254
0.6142086995052064
0.6144476025248238
0.6216595304887051
0.6111152141802068
0.618386560827026
0.6160747249501588
0.617704603344531
0.6194994093325458
0.6102289512555391
0.6131782945736434
0.6157651836810042
0.6098497434193525
0.6208436358268443
0.6249261447562777
0.6197526306073472
0.6146521498431445
0.6058491193087404
0.6260985156192305
0.6165632845960715
0.6310503968986524
0.6215527743936206
0.6263655152051963
0.6145325653522374
0.6247784342688331
0.6178663713547434
0.6250415267062862
0.630043932513752
0.6221844767742412
0.6181193930667848
0.6273945299523862
0.6233162342694764
0.6078720968873463
0.6231541642055523
0.6245569994093325
0.6215327793167128
0.6215308532624741
0.6257106992542273
0.6269896960519998
0.631794682422452
0.6317480245181302
0.6377630121816168
0.6268601602599608
0.6295954525321128
0.6301177686713183
0.6307164212158122
0.6371021342589174
0.6329160666149699
0.6349001218476535
0.622091734987813
0.6281251154030799
0.6343030124040165
0.637329790767187
0.6326244277063949
0.6321482630043932
0.6389617102979729
0.6329641934293098
0.6444895698726232
0.6268695298940138
