2.325936524073283
2.3075254281361897
2.2949219862620036
2.269867499669393
2.2445707003275555
2.213731034596761
2.180487298965454
2.1506829102834066
2.1104589462280274
2.0932061433792115
2.046577548980713
2.024666976928711
1.9936648925145468
1.975840973854065
1.94507044951121
1.9157303015391032
1.888589604695638
1.8698040167490642
1.858385197321574
1.8029885768890381
1.7834996223449706
1.7567767302195232
1.7295555909474691
1.7080745299657185
1.6932305812835693
1.655190404256185
1.6374905586242676
1.6083726247151693
1.589497943719228
1.570209757486979
1.5463706056276958
1.53156525293986
1.5054518699645996
1.491154130299886
1.4680624643961588
1.459392515818278
1.4369602839152018
1.4165144681930542
1.4025129636128744
1.386788296699524
1.3703919331232706
1.3557619869709014
1.3474314252535502
1.330862538019816
1.3169566551844278
1.313561733563741
1.2859594861666361
1.277592404683431
1.2732577045758566
1.262650199731191
1.2402132829030355
1.2358774264653525
1.2324601332346599
1.2133962472279867
1.212143075466156
1.2004249691963196
1.1912188430627186
1.1924600998560588
1.1781168937683106
1.1731123884518941
1.1749927202860515
1.1570929745833078
1.1547656456629436
1.1507811586062113
1.1259320020675658
1.1422996024290721
1.128807657957077
1.110435958703359
1.105291207631429
1.107975459098816
1.1014946103096008
1.0912251114845275
1.0841547091801962
1.0895331422487895
1.086537516117096
1.080684365828832
1.0697782039642334
1.066685688495636
1.052087159951528
1.057159165541331
1.0479532857735951
1.0426426966985067
1.039857675631841
1.0274720946947733
1.0375245292981465
1.0288473347822824
1.0191956718762716
1.0139755169550577
1.0310754299163818
1.008940005302429
1.0138445874055226
0.9977671881516774
1.0121818641821543
0.993497763077418
0.9942766646544139
0.9836032291253408
0.9883361021677654
0.97868625720342
0.9744132061799368
0.976242740948995
0.9899821519851685
0.9713855644067129
0.9649303674697876
0.9584234833717347
0.9580942034721375
0.9590778072675069
0.9548129677772522
0.9641011873881022
0.9519453426202138
0.9464238564173381
0.9443869252999624
0.9463152865568797
0.9396140694618225
0.9306531647841135
0.9269842664400737
0.9205231448014577
0.9237995028495789
0.9206890424092611
0.9138339161872864
0.9126353025436401
0.899666961034139
0.9038640856742859
0.8999348560969035
0.9132134278615316
0.8898312797149023
0.893381949265798
0.8948483089605967
0.8946824550628663
0.883917103211085
0.8813370764255524
0.8833163172006607
0.8731929083665212
0.8733509133259455
0.8678873658180237
0.8692480107148488
0.8636549214522043
0.8598186175028483
0.8538055777549743
0.8509551127751668
0.8589939832687378
0.8594919840494791
0.8485896746317546
0.8438980966806412
0.8442402025063832
0.837019149462382
0.8363528857628505
0.8310492555300395
0.8288443207740783
0.8341335554917654
0.8332094589869181
0.8208132366339366
0.839019403855006
0.8314364612102508
0.8203246166308721
0.823911186059316
0.8154152750968933
0.8084144453207652
0.8183454970518748
0.8074064373970031
0.8053336799144745
0.8078572303056717
0.8069054265817006
0.8056585570176442
0.800419561068217
0.803107351064682
0.7887360771497091
0.7905698875586192
0.8019516408443451
0.7929315825303396
0.7827414949735005
0.7828907271226248
0.7958438654740652
0.7818486829598744
0.7869324922561646
0.8009504755338033
0.7751775244871776
0.7735983600219091
0.7660484184821447
0.765243266026179
0.7671732485294342
0.764741857846578
0.768956043322881
0.7574838101863861
0.7590464174747467
0.7644279698530833
0.7650087515513102
0.7567045629024506
0.7614909768104553
0.7554449876149495
0.7459796408812205
0.7499488850434621
0.7508859018484751
0.7444872617721557
0.7425292889277141
0.7406514406204223
0.7559160848458608
0.7474381099144618
0.7385177592436473
0.7326523721218109
0.733276096979777
