0.0, 2.5505173653073143e-06, 0.0013202668633311987 
0.0, 2.929836909970618e-06, 0.0023278221487998962 
0.0, 1.8541170447861077e-06, 0.0022412165999412537 
0.0, 3.3985168101935415e-06, 0.002295014914125204 
0.0, 1.8828062593456707e-06, 0.001957827713340521 
0.0, 2.8513750294223428e-06, 0.0013993631582707167 
0.0, 2.375378699071007e-06, 0.002277995925396681 
0.0, 3.2147411275218474e-06, 0.0026196667458862066 
0.0, 2.3030029296933208e-06, 0.0017426412086933851 
0.0, 2.588551296867081e-06, 0.0014100272674113512 
0.0, 2.259431767015485e-06, 0.0017542574787512422 
0.0, 2.0790471353393514e-06, 0.0013805145863443613 
0.0, 2.109009756168234e-06, 0.003230232512578368 
0.0, 2.1843254671694012e-06, 0.0018519745208323002 
0.0, 1.6531284927623346e-06, 0.002830140059813857 
0.0, 1.1148056273668772e-06, 0.001292618690058589 
0.0, 1.0494615025891108e-06, 0.0010167628061026335 
0.0, 1.3845076409779722e-06, 0.0011231385869905353 
0.0, 1.3869010899725254e-06, 0.0011575252283364534 
0.0, 1.855841105680156e-06, 0.0011576585238799453 
0.0, 1.9514163795975037e-06, 0.00154873076826334 
0.0, 1.4458603345701704e-06, 0.001269722357392311 
0.0, 1.4180615153236431e-06, 0.0014901417307555676 
0.0, 1.3433810863716644e-06, 0.0020523620769381523 
0.0, 1.0711106597227626e-06, 0.000717885559424758 
0.0, 9.905817250910331e-07, 0.0008103830623440444 
0.0, 1.0391994464953314e-06, 0.001289453124627471 
0.0, 1.4826463257122668e-06, 0.0009893934475257993 
0.0, 9.956331723515177e-07, 0.000757822475861758 
0.0, 1.2629574257516651e-06, 0.0011089046020060778 
0.0, 1.0988586609528284e-06, 0.0008608837379142642 
0.0, 6.198748678798438e-07, 0.0007893862784840167 
0.0, 5.476822479977272e-07, 0.0010979368817061186 
0.0, 1.086379484149802e-06, 0.0006545817595906556 
0.0, 1.1794097645179136e-06, 0.0017350829439237714 
0.0, 8.094681902548473e-07, 0.0011672545224428177 
0.0, 9.11995300612034e-07, 0.0009515954297967255 
0.0, 9.7876852578338e-07, 0.0011381773510947824 
0.0, 1.1761325140469125e-06, 0.0006757164373993874 
0.0, 1.1558045116544235e-06, 0.000951622030697763 
0.0, 1.0170696214117925e-06, 0.0009535797289572656 
0.0, 9.954568440662115e-07, 0.0009463791502639651 
0.0, 1.221057573275175e-06, 0.0007973868050612509 
0.0, 1.2831056892537163e-06, 0.0011464759008958936 
0.0, 1.601720896360348e-06, 0.0007997329230420291 
0.0, 9.650291303842096e-07, 0.001167548238299787 
0.0, 8.127501587296138e-07, 0.0010934522142633796 
0.0, 9.396597420163744e-07, 0.00142744614277035 
0.0, 1.1930231949008885e-06, 0.0005170003278180957 
0.0, 8.358430818589113e-07, 0.001194944721646607 
0.0, 1.0809699233504944e-06, 0.0017309683607891202 
0.0, 9.142543149209814e-07, 0.000701062090229243 
0.0, 6.757586561434437e-07, 0.0007487430120818317 
0.0, 8.435898735115188e-07, 0.0015505593037232757 
0.0, 1.0669200491975062e-06, 0.0008179262513294816 
0.0, 7.429460424646095e-07, 0.0010260354029014707 
0.0, 1.1375557278370252e-06, 0.001719281543046236 
0.0, 1.4143242879072204e-06, 0.0009922042954713106 
0.0, 1.0216664350082283e-06, 0.0008252909174188972 
0.0, 7.391165581793757e-07, 0.0006351943593472242 
0.0, 6.867669526400277e-07, 0.0012316572247073054 
0.0, 9.721728702061228e-07, 0.0009564358042553067 
0.0, 9.067881023838709e-07, 0.0007095959153957665 
0.0, 1.0436825732540456e-06, 0.0007681205170229077 
0.0, 9.294161031903059e-07, 0.0006841920549049973 
0.0, 1.290731461267569e-06, 0.0011188616044819355 
0.0, 1.667700644247816e-06, 0.0010587869910523295 
0.0, 6.346539294099784e-07, 0.0017671793466433883 
0.0, 1.3491943491317215e-06, 0.0012793249916285276 
0.0, 1.4826002825429896e-06, 0.0008714229916222394 
0.0, 2.636686303958413e-06, 0.002343441592529416 
0.0, 3.2753227969806176e-06, 0.0017601927975192666 
0.0, 3.1907218271953752e-06, 0.003559056669473648 
0.0, 8.338838597410358e-06, 0.002386698266491294 
0.0, 4.534541403700132e-06, 0.0025597515050321817 
0.0, 5.162151410331717e-06, 0.0017707813531160355 
0.0, 4.084379270352656e-06, 0.0010704861488193274 
0.0, 3.1687986847828142e-06, 0.001209976035170257 
0.0, 2.9364557576627703e-06, 0.0012883332092314959 
0.0, 2.263349870190723e-06, 0.0013515787431970239 
0.0, 2.4447008399874903e-06, 0.0015202705981209874 
0.0, 2.0610309547919314e-06, 0.0010422178311273456 
0.0, 1.4766339972993592e-06, 0.0009099430753849447 
0.0, 1.0475421277078567e-06, 0.001431168057024479 
0.0, 1.958457914952305e-06, 0.0011223515029996634 
0.0, 1.1778383850469254e-06, 0.0013307036133483052 
0.0, 1.8823509435605956e-06, 0.0011078850366175175 
0.0, 1.6929529920162167e-06, 0.0015564572531729937 
0.0, 2.4376222427235916e-06, 0.0014760064659640193 
0.0, 1.631665440982033e-06, 0.0010511022992432117 
0.0, 1.220910917254514e-06, 0.0009160093613900244 
0.0, 8.714065415915684e-07, 0.0010467274114489555 
0.0, 8.62015951952344e-07, 0.0007120574009604752 
0.0, 1.0600180075925891e-06, 0.00065832823747769 
0.0, 6.650672617070086e-07, 0.0008615818805992603 
0.0, 1.0700993016143912e-06, 0.0012032798258587718 
0.0, 1.4867240452076658e-06, 0.0015032781520858407 
0.0, 1.2503610378189478e-06, 0.0009242212981916964 
0.0, 9.589243745722342e-07, 0.0007232738425955176 
0.0, 7.382238891295856e-07, 0.0006883490714244545 
0.0, 6.716659299854655e-07, 0.0009755357168614864 
0.0, 8.83506629634212e-07, 0.0006592485588043928 
0.0, 5.631368935610226e-07, 0.0006947046495042741 
0.0, 8.031321385715273e-07, 0.0004256468964740634 
0.0, 1.2453044746507658e-06, 0.0006302408291958272 
0.0, 1.5236362287396332e-06, 0.0009173130965791643 
0.0, 1.2305049494898412e-06, 0.0008302864735014737 
0.0, 1.4984419749453082e-06, 0.0007772838580422103 
0.0, 7.683129297220148e-07, 0.001347918063402176 
0.0, 9.462498269385833e-07, 0.0010878046741709113 
0.0, 1.4222081290427013e-06, 0.0007061747019179165 
0.0, 1.0444849749546847e-06, 0.0008577127009630203 
0.0, 9.54030838329345e-07, 0.0008171170484274626 
0.0, 1.4108900359133258e-06, 0.0008436083444394171 
0.0, 1.4976991451476351e-06, 0.0010765655897557735 
0.0, 1.0242765711154789e-06, 0.0018574021523818374 
0.0, 1.3867130519429338e-06, 0.0008532216888852417 
0.0, 9.230973319063196e-07, 0.0008779726340435445 
0.0, 8.223183272093593e-07, 0.0007799848099239171 
0.0, 1.0050968057839782e-06, 0.0006434546085074544 
0.0, 7.997825264283165e-07, 0.0007548375870101154 
0.0, 5.576250714511843e-07, 0.0010034493170678616 
0.0, 7.276246947185427e-07, 0.0008715270669199526 
0.0, 5.267651204121648e-07, 0.0011989877093583345 
0.0, 6.987432925598114e-07, 0.0007339319563470781 
0.0, 8.909474900065106e-07, 0.0012219680938869715 
0.0, 7.133932626857131e-07, 0.0006639329367317259 
0.0, 1.0288820249115815e-06, 0.0006911787786521018 
0.0, 6.015004601067631e-07, 0.00046532839769497514 
0.0, 7.191897566372063e-07, 0.0009168657707050443 
0.0, 5.761507395618537e-07, 0.0011716214939951897 
0.0, 1.1566000921447994e-06, 0.0009276316850446165 
0.0, 1.2391060408845078e-06, 0.0008727333624847233 
0.0, 8.175720154213195e-07, 0.0009299386292695999 
0.0, 8.988366744233645e-07, 0.000996249495074153 
0.0, 7.700996889070666e-07, 0.0008594428072683513 
0.0, 9.433164223082713e-07, 0.0008651271346025169 
0.0, 1.1951527767450898e-06, 0.0007769421790726483 
0.0, 8.769603141445259e-07, 0.001045935438014567 
0.0, 1.0187275165662868e-06, 0.0010636207880452275 
0.0, 7.013490517238097e-07, 0.0018179629696533084 
0.0, 7.698314448134624e-07, 0.0014855887275189161 
0.0, 9.965934850697522e-07, 0.0009152542916126549 
0.0, 1.3154756288713543e-06, 0.001403484377078712 
0.0, 6.575858151336433e-07, 0.0011453687911853194 
0.0, 9.575189778843196e-07, 0.0008490749751217663 
0.0, 6.097722007325501e-07, 0.0006459419382736087 
0.0, 1.1038838465537992e-06, 0.0010334838880226016 
0.0, 7.579712928418303e-07, 0.000607072317507118 
0.0, 8.941934197537194e-07, 0.0012130433460697532 
0.0, 1.0918580528596067e-06, 0.001136414590291679 
0.0, 1.4625405810875236e-06, 0.0006814206135459244 
0.0, 1.687552412477089e-06, 0.0032493299804627895 
0.0, 1.2453342606022488e-06, 0.0011931631015613675 
0.0, 1.1237212902415195e-06, 0.000640458834823221 
0.0, 6.911620857863454e-07, 0.0010646949522197247 
0.0, 7.681138072257454e-07, 0.0007047536782920361 
0.0, 6.020947580509528e-07, 0.0005927870515733957 
0.0, 6.00202668010752e-07, 0.001003827783279121 
0.0, 6.085674613132142e-07, 0.0006495080888271332 
0.0, 7.944046274133143e-07, 0.0009130197577178478 
0.0, 5.591128910964471e-07, 0.0007650577463209629 
0.0, 4.144532965710823e-07, 0.0008280902984552085 
0.0, 6.935931651241845e-07, 0.0007697560358792543 
0.0, 5.946365035924828e-07, 0.0005302123026922345 
0.0, 7.937239274724561e-07, 0.0011074841022491455 
0.0, 7.464070108653686e-07, 0.0006735114729963243 
0.0, 6.776576242373267e-07, 0.0015629366971552372 
0.0, 1.018874854707974e-06, 0.000794647668953985 
0.0, 7.096525109773211e-07, 0.0005319135379977524 
0.0, 6.500330300696078e-07, 0.0006934150587767363 
0.0, 1.1640016737146652e-06, 0.0009622711804695427 
0.0, 9.300981673732167e-07, 0.0010521500371396542 
0.0, 8.280726433440577e-07, 0.0011981124989688396 
0.0, 8.643432920507621e-07, 0.0015217493055388331 
0.0, 1.1780319937315653e-06, 0.0013021179474890232 
0.0, 1.2169222145530512e-06, 0.0014876212226226926 
0.0, 1.0489383157619159e-06, 0.0012137419544160366 
0.0, 7.868095508456463e-07, 0.003606086131185293 
0.0, 1.5585349046887131e-06, 0.001589742605574429 
0.0, 1.1485050208648317e-06, 0.001660078065469861 
0.0, 1.069628069672035e-06, 0.0009345636935904622 
0.0, 1.3982471500639804e-06, 0.0010129600996151567 
0.0, 1.13310159122193e-06, 0.0026821077335625887 
0.0, 1.3533508536056615e-06, 0.0012277455534785986 
0.0, 1.3029642786932527e-06, 0.0013830927200615406 
0.0, 9.715976148072514e-07, 0.001265695784240961 
0.0, 1.1275830047452473e-06, 0.0014334929874166846 
0.0, 1.0826080369952251e-06, 0.0017355353338643909 
0.0, 1.2844960792790516e-06, 0.0017758590402081609 
0.0, 1.1697759418893838e-06, 0.0011585034662857652 
0.0, 1.1588630286496482e-06, 0.0011051383335143328 
0.0, 1.0125725111720385e-06, 0.0010751247173175216 
0.0, 1.6363591157642077e-06, 0.0015203645452857018 
0.0, 1.970100584003376e-06, 0.0011955724330618978 
0.0, 9.649073717810097e-07, 0.0006659282371401787 
0.0, 8.881031021701347e-07, 0.0012023479212075472 
0.0, 1.7627364741201745e-06, 0.0012253845343366265 
0.0, 1.8958565988214104e-06, 0.0012902129674330354 
0.0, 1.1347709687470342e-06, 0.0014316600281745195 
0.0, 1.2541353271444677e-06, 0.0008897933876141906 
0.0, 7.41999599540577e-07, 0.001466327696107328 
0.0, 1.7760366972652264e-06, 0.0017767291283234954 
0.0, 1.7420526319256169e-06, 0.0011978046968579292 
0.0, 1.0494285334061715e-06, 0.00194264214951545 
0.0, 2.1672665297955973e-06, 0.00200350652448833 
0.0, 2.3767029233567882e-06, 0.004668601788580418 
0.0, 1.3810995369567536e-06, 0.001606862642802298 
0.0, 1.4361048670252785e-06, 0.0011028498411178589 
0.0, 1.448942157367128e-06, 0.0022842343896627426 
0.0, 1.956690539373085e-06, 0.0017321464838460088 
0.0, 1.5096205743247992e-06, 0.0026574961375445127 
0.0, 1.937256911332952e-06, 0.002170995343476534 
0.0, 2.003856479859678e-06, 0.001868442283011973 
0.0, 1.3434485026664333e-06, 0.001694783684797585 
0.0, 1.574496991452179e-06, 0.0020740320906043053 
0.0, 3.1833092180022504e-06, 0.002416275441646576 
0.0, 3.2785453640826745e-06, 0.0031770579516887665 
0.0, 2.9256716516101733e-06, 0.003181538311764598 
0.0, 1.8578106164568453e-06, 0.0036198997404426336 
0.0, 2.423628984615789e-06, 0.003126222174614668 
0.0, 2.031254325629561e-06, 0.0029204380698502064 
0.0, 2.313096047146246e-06, 0.004937884397804737 
0.0, 1.4465193771684426e-06, 0.0040506115183234215 
0.0, 1.7482602743257303e-06, 0.004772708751261234 
0.0, 1.6794884913906571e-06, 0.002472644904628396 
0.0, 9.166130325866106e-07, 0.0022062568459659815 
0.0, 1.2983638271180098e-06, 0.0023190700449049473 
0.0, 1.0645338761605672e-06, 0.002955830190330744 
0.0, 1.2554846762213856e-06, 0.0027370855677872896 
0.0, 1.7062081951735308e-06, 0.003017606446519494 
0.0, 1.8433933064443409e-06, 0.002435405971482396 
0.0, 2.327937863810803e-06, 0.0032765984069556 
0.0, 1.185863652608532e-06, 0.0023572861682623625 
0.0, 2.6408997655380517e-06, 0.004328387323766947 
0.0, 3.611756255850196e-06, 0.004146466497331858 
0.0, 2.7099347335024504e-06, 0.003536664415150881 
0.0, 2.845201834134059e-06, 0.005179451312869787 
0.0, 3.3615169741096906e-06, 0.00347541319206357 
0.0, 6.306281193246832e-06, 0.0028325975872576237 
0.0, 1.372165024804417e-05, 0.007473440375179052 
0.0, 1.218269972014241e-05, 0.006278527434915304 
0.0, 1.7161119103548117e-05, 0.007910989224910736 
0.0, 3.126956653431989e-05, 0.00999782606959343 
0.0, 4.694840026786551e-05, 0.011849253438413143 
0.0, 7.26841899449937e-05, 0.010765904560685158 
0.0, 0.00015431114297825843, 0.027357060462236404 
0.0, 0.0003628752310760319, 0.019659673795104027 
0.0, 0.0006697311764582992, 0.03884425014257431 
0.0, 0.0006729724700562656, 0.042635612189769745 
0.0, 0.0008046422735787928, 0.029858598485589027 
0.0, 0.0012022433802485466, 0.04585986211895943 
0.0, 0.0012938110157847404, 0.059761397540569305 
0.0, 0.001739333150908351, 0.02369382232427597 
0.0, 0.0028826205525547266, 0.05906253308057785 
0.0, 0.003220073878765106, 0.11218350380659103 
0.0, 0.001901324256323278, 0.03855167329311371 
0.0, 0.0035384304355829954, 0.06244734674692154 
0.0, 0.0054236180149018764, 0.09407208114862442 
0.0, 0.004685651510953903, 0.11755885183811188 
0.0, 0.001656192704103887, 0.056118663400411606 
0.0, 0.006832062732428312, 0.09676828235387802 
0.0, 0.011191098019480705, 0.05453932285308838 
0.0, 0.008509808219969273, 0.15566368401050568 
0.0, 0.006710551679134369, 0.16885465383529663 
0.0, 0.004889274947345257, 0.14665888249874115 
0.0, 0.006114086136221886, 0.03984588384628296 
0.0, 0.0073346225544810295, 0.05641217157244682 
0.0, 0.007483599707484245, 0.03341536223888397 
0.0, 0.007747470401227474, 0.08459030836820602 
0.0, 0.007682262919843197, 0.06529338657855988 
0.0, 0.009585912339389324, 0.09582994878292084 
0.0, 0.006567753851413727, 0.0988219827413559 
0.0, 0.00664195092394948, 0.09989292919635773 
0.0, 0.005185424350202084, 0.05945229530334473 
0.0, 0.012587819248437881, 0.12065213918685913 
0.0, 0.008130013011395931, 0.1148737370967865 
0.0, 0.010116679593920708, 0.13904479146003723 
0.0, 0.010388603433966637, 0.14846079051494598 
0.0, 0.009343868121504784, 0.13740220665931702 
0.0, 0.0068269157782197, 0.04801591485738754 
0.0, 0.012833783403038979, 0.14510685205459595 
0.0, 0.013002987019717693, 0.1120784729719162 
0.0, 0.014694752171635628, 0.11928896605968475 
0.0, 0.013547072187066078, 0.10114862024784088 
0.0, 0.010050670243799686, 0.11126556992530823 
0.0, 0.011709301732480526, 0.13777737319469452 
0.0, 0.01804843172430992, 0.17218030989170074 
0.0, 0.014579475857317448, 0.17808593809604645 
0.0, 0.018889963626861572, 0.15751929581165314 
0.0, 0.009630691260099411, 0.07830680906772614 
0.0, 0.019150886684656143, 0.14287368953227997 
0.0, 0.018834441900253296, 0.17663106322288513 
0.0, 0.017823683097958565, 0.24484890699386597 
0.0, 0.006664456333965063, 0.19926048815250397 
0.0, 0.011805647052824497, 0.16826394200325012 
0.0, 0.009907931089401245, 0.2647048532962799 
0.0, 0.016634603962302208, 0.2428581565618515 
0.0, 0.01725083775818348, 0.15407095849514008 
0.0, 0.016944780945777893, 0.22964860498905182 
0.0, 0.016288788989186287, 0.1838654726743698 
0.0, 0.011597417294979095, 0.2878437340259552 
0.0, 0.016063479706645012, 0.19150957465171814 
0.0, 0.016181565821170807, 0.11078152060508728 
0.0, 0.013365876860916615, 0.11622899025678635 
0.0, 0.012781412340700626, 0.26185542345046997 
0.0, 0.016018828377127647, 0.18809658288955688 
0.0, 0.017237775027751923, 0.11755720525979996 
0.0, 0.01116349920630455, 0.1511259377002716 
0.0, 0.018016483634710312, 0.38091036677360535 
0.0, 0.01343831978738308, 0.1927092969417572 
0.0, 0.016023924574255943, 0.17776072025299072 
0.0, 0.01715678721666336, 0.1396210789680481 
0.0, 0.018357090651988983, 0.1325680911540985 
0.0, 0.016462255269289017, 0.1604146957397461 
0.0, 0.015492681413888931, 0.1764085739850998 
0.0, 0.016550835222005844, 0.17036309838294983 
0.0, 0.016588350757956505, 0.23855268955230713 
0.0, 0.026179082691669464, 0.33025211095809937 
0.0, 0.006043965462595224, 0.23109070956707 
0.0, 0.014554567635059357, 0.1583099067211151 
0.0, 0.015493925660848618, 0.1488112360239029 
0.0, 0.01570713333785534, 0.26620233058929443 
0.0, 0.015116238035261631, 0.274583101272583 
0.0, 0.020284296944737434, 0.18446144461631775 
0.0, 0.020401759073138237, 0.14429432153701782 
0.0, 0.02063760533928871, 0.2608451545238495 
0.0, 0.016574256122112274, 0.20504069328308105 
0.0, 0.014803840778768063, 0.16061396896839142 
0.0, 0.020567620173096657, 0.1452195942401886 
0.0, 0.017841964960098267, 0.32954055070877075 
0.0, 0.020593563094735146, 0.27940690517425537 
0.0, 0.022387197241187096, 0.17436330020427704 
0.0, 0.02030114270746708, 0.25255799293518066 
0.0, 0.026225697249174118, 0.2590162456035614 
0.0, 0.011135835200548172, 0.22363637387752533 
0.0, 0.01662265695631504, 0.1670575886964798 
0.0, 0.013847789727151394, 0.1923825740814209 
0.0, 0.013970869593322277, 0.387851357460022 
0.0, 0.00661492720246315, 0.23840361833572388 
0.0, 0.020076381042599678, 0.13987435400485992 
0.0, 0.01698889583349228, 0.23130904138088226 
0.0, 0.022698767483234406, 0.1851951628923416 
0.0, 0.020351076498627663, 0.2521411180496216 
0.0, 0.015505959279835224, 0.18556895852088928 
0.0, 0.025431396439671516, 0.16877761483192444 
0.0, 0.012243962846696377, 0.18162845075130463 
0.0, 0.010305277071893215, 0.19524644315242767 
0.0, 0.01768125221133232, 0.1331627517938614 
0.0, 0.024520041421055794, 0.20174986124038696 
0.0, 0.014611221849918365, 0.20642177760601044 
0.0, 0.015911376103758812, 0.3569319546222687 
0.0, 0.01677023619413376, 0.24388931691646576 
0.0, 0.022068513557314873, 0.3446529805660248 
0.0, 0.01899985410273075, 0.31107771396636963 
0.0, 0.009688173420727253, 0.291002094745636 
0.0, 0.011556350626051426, 0.18800592422485352 
0.0, 0.00947501976042986, 0.18355989456176758 
0.0, 0.02033325657248497, 0.4045626223087311 
0.0, 0.029332155361771584, 0.3610059916973114 
0.0, 0.023598484694957733, 0.1777835190296173 
0.0, 0.016869716346263885, 0.25350990891456604 
0.0, 0.01719009317457676, 0.24613623321056366 
0.0, 0.02022692561149597, 0.15683792531490326 
0.0, 0.040247172117233276, 0.1717044860124588 
0.0, 0.02150704711675644, 0.2987920641899109 
0.0, 0.024526307359337807, 0.25449657440185547 
0.0, 0.013073364272713661, 0.1872236728668213 
0.0, 0.02176993153989315, 0.38836586475372314 
0.0, 0.014957652427256107, 0.3469066321849823 
0.0, 0.01742611639201641, 0.2464187890291214 
0.0, 0.013227312825620174, 0.3056390583515167 
0.0, 0.031293630599975586, 0.28495433926582336 
0.0, 0.016344144940376282, 0.18767642974853516 
0.0, 0.019159700721502304, 0.2698134481906891 
0.0, 0.02799440361559391, 0.2453422248363495 
0.0, 0.030627071857452393, 0.24220123887062073 
0.0, 0.02243356965482235, 0.2948338985443115 
0.0, 0.019105972722172737, 0.20610928535461426 
0.0, 0.020874209702014923, 0.4054052531719208 
0.0, 0.013218958862125874, 0.20041504502296448 
0.0, 0.02347593382000923, 0.22955161333084106 
0.0, 0.017268821597099304, 0.30247604846954346 
0.0, 0.03181074932217598, 0.19961458444595337 
0.0, 0.03221670910716057, 0.2779594659805298 
0.0, 0.013749637641012669, 0.20228786766529083 
0.0, 0.01658136583864689, 0.3797376751899719 
0.0, 0.026234084740281105, 0.24777746200561523 
0.0, 0.020148342475295067, 0.2590525448322296 
0.0, 0.02139153517782688, 0.27713727951049805 
0.0, 0.02150711417198181, 0.3127724826335907 
0.0, 0.02348683960735798, 0.15559302270412445 
0.0, 0.02132292650640011, 0.29581817984580994 
0.0, 0.016912007704377174, 0.14509214460849762 
0.0, 0.026385655626654625, 0.2771095037460327 
0.0, 0.02328883670270443, 0.27277764678001404 
0.0, 0.02297545224428177, 0.23178750276565552 
0.0, 0.02798096463084221, 0.2468564510345459 
0.0, 0.02453475445508957, 0.2561272382736206 
0.0, 0.01857965998351574, 0.26779043674468994 
0.0, 0.023219803348183632, 0.41180121898651123 
0.0, 0.01821889355778694, 0.2080817073583603 
0.0, 0.03143859654664993, 0.32252728939056396 
0.0, 0.021540233865380287, 0.31581419706344604 
0.0, 0.031979240477085114, 0.34739062190055847 
0.0, 0.018313346430659294, 0.46303072571754456 
0.0, 0.030594421550631523, 0.2214605212211609 
0.0, 0.0346287339925766, 0.24428147077560425 
0.0, 0.012870995327830315, 0.4389897882938385 
0.0, 0.03892919048666954, 0.25295066833496094 
0.0, 0.027568137273192406, 0.30749431252479553 
0.0, 0.022747009992599487, 0.25666478276252747 
0.0, 0.016224386170506477, 0.18468832969665527 
0.0, 0.019178306683897972, 0.26419079303741455 
0.0, 0.02947750873863697, 0.2996489703655243 
0.0, 0.02136026695370674, 0.41246163845062256 
0.0, 0.025075318291783333, 0.2812204658985138 
0.0, 0.024886582046747208, 0.26436683535575867 
0.0, 0.023908250033855438, 0.42030802369117737 
0.0, 0.025997158139944077, 0.444662481546402 
0.0, 0.02337430976331234, 0.1552291214466095 
0.0, 0.017856063321232796, 0.3142956793308258 
0.0, 0.026059186086058617, 0.46416234970092773 
0.0, 0.02420729026198387, 0.2308037430047989 
0.0, 0.026004789397120476, 0.29184892773628235 
0.0, 0.0357397124171257, 0.4234165847301483 
0.0, 0.0245974063873291, 0.3249228298664093 
0.0, 0.022251268848776817, 0.2915226221084595 
0.0, 0.021188335493206978, 0.31812044978141785 
0.0, 0.019896188750863075, 0.3376964032649994 
0.0, 0.022350536659359932, 0.2594125270843506 
0.0, 0.021739767864346504, 0.28851380944252014 
0.0, 0.02970079705119133, 0.27974724769592285 
0.0, 0.020186897367239, 0.20413687825202942 
0.0, 0.019026052206754684, 0.34414851665496826 
0.0, 0.021626312285661697, 0.3699078857898712 
0.0, 0.026054346933960915, 0.4147529900074005 
0.0, 0.04647119343280792, 0.27288320660591125 
0.0, 0.030719855800271034, 0.3203764855861664 
0.0, 0.02212872914969921, 0.18122923374176025 
0.0, 0.016044508665800095, 0.3667929768562317 
0.0, 0.018166612833738327, 0.5282622575759888 
0.0, 0.01924058236181736, 0.2343331277370453 
0.0, 0.025141222402453423, 0.19586768746376038 
0.0, 0.021504100412130356, 0.2612547278404236 
0.0, 0.027783503755927086, 0.3495229482650757 
0.0, 0.010293942876160145, 0.171834334731102 
0.0, 0.03755992650985718, 0.3216697573661804 
0.0, 0.019151166081428528, 0.4785451591014862 
0.0, 0.0300406776368618, 0.24738696217536926 
0.0, 0.016133131459355354, 0.3974594473838806 
0.0, 0.01300707459449768, 0.2955794632434845 
0.0, 0.048020511865615845, 0.28016215562820435 
0.0, 0.018329232931137085, 0.2614128589630127 
0.0, 0.02393043041229248, 0.3195885717868805 
0.0, 0.022857720032334328, 0.22762393951416016 
0.0, 0.030926978215575218, 0.3734995424747467 
0.0, 0.027941636741161346, 0.26956647634506226 
0.0, 0.03434924781322479, 0.24806779623031616 
0.0, 0.03394336253404617, 0.24928319454193115 
0.0, 0.021657247096300125, 0.311052531003952 
0.0, 0.03669394552707672, 0.3787960708141327 
0.0, 0.031781863421201706, 0.3587617576122284 
0.0, 0.027518082410097122, 0.3281465470790863 
0.0, 0.021519603207707405, 0.2813026010990143 
0.0, 0.030263714492321014, 0.4656256139278412 
0.0, 0.042396437376737595, 0.38626599311828613 
0.0, 0.051703982055187225, 0.3268626928329468 
0.0, 0.027623366564512253, 0.4285268783569336 
0.0, 0.022580748423933983, 0.4374167025089264 
0.0, 0.018822800368070602, 0.2548927068710327 
0.0, 0.033768605440855026, 0.28021228313446045 
0.0, 0.030301552265882492, 0.2706688642501831 
0.0, 0.022795774042606354, 0.28492307662963867 
0.0, 0.042000215500593185, 0.3169388175010681 
0.0, 0.03813232481479645, 0.4986055791378021 
0.0, 0.027952374890446663, 0.27786698937416077 
0.0, 0.014274775050580502, 0.34646669030189514 
0.0, 0.02270624414086342, 0.3758210837841034 
0.0, 0.03725680336356163, 0.44658389687538147 
0.0, 0.03180697187781334, 0.4422052204608917 
0.0, 0.014868211932480335, 0.2736806869506836 
0.0, 0.03140633925795555, 0.32533085346221924 
0.0, 0.03249829262495041, 0.45077767968177795 
0.0, 0.0166794266551733, 0.3226422369480133 
0.0, 0.017035363242030144, 0.6765380501747131 
0.0, 0.01957169733941555, 0.7796312570571899 
0.0, 0.022564036771655083, 0.4058743119239807 
0.0, 0.02741224318742752, 0.24857819080352783 
0.0, 0.031430672854185104, 0.31789758801460266 
0.0, 0.03365252539515495, 0.4459949731826782 
0.0, 0.04126322641968727, 0.4653085768222809 
0.0, 0.047092583030462265, 0.4919092655181885 
0.0, 0.03063560649752617, 0.24408240616321564 
0.0, 0.021294109523296356, 0.3924022912979126 
0.0, 0.01808498613536358, 0.3621331453323364 
0.0, 0.021903974935412407, 0.3792572319507599 
0.0, 0.03512208163738251, 0.32922762632369995 
0.0, 0.02134992927312851, 0.28591880202293396 
0.0, 0.02519693598151207, 0.3263729512691498 
0.0, 0.027047300711274147, 0.548155665397644 
0.0, 0.023034492507576942, 0.40154173970222473 
0.0, 0.030477436259388924, 0.41089966893196106 
0.0, 0.016603119671344757, 0.21724039316177368 
0.0, 0.03607313334941864, 0.2633185088634491 
0.0, 0.022734040394425392, 0.9783830642700195 
0.0, 0.033098798245191574, 0.4650416374206543 
0.0, 0.02740740217268467, 0.39951762557029724 
0.0, 0.039392825216054916, 0.6419672966003418 
0.0, 0.012894772924482822, 0.5315485596656799 
0.0, 0.038428809493780136, 0.5729057788848877 
0.0, 0.021729404106736183, 0.45809149742126465 
0.0, 0.019168388098478317, 0.326249361038208 
0.0, 0.027725202962756157, 0.5395770072937012 
0.0, 0.014933467842638493, 0.2776526212692261 
0.0, 0.03689217567443848, 0.3035636842250824 
0.0, 0.02244437485933304, 0.2790572941303253 
0.0, 0.035936515778303146, 0.26480841636657715 
0.0, 0.02826499752700329, 0.29204440116882324 
0.0, 0.02675674296915531, 0.7362129092216492 
0.0, 0.04100555181503296, 0.7913666367530823 
0.0, 0.012649661861360073, 0.23232845962047577 
0.0, 0.030974745750427246, 0.5287845134735107 
0.0, 0.01856483519077301, 0.5767306685447693 
0.0, 0.03039357252418995, 0.3467769920825958 
0.0, 0.030259614810347557, 0.49269309639930725 
0.0, 0.024129705503582954, 0.7111225128173828 
0.0, 0.03075765073299408, 0.4179978370666504 
0.0, 0.024460382759571075, 0.9147824645042419 
0.0, 0.03739723190665245, 0.9228343367576599 
0.0, 0.04259350150823593, 0.35376283526420593 
0.0, 0.041259389370679855, 0.41085711121559143 
0.0, 0.024662233889102936, 0.3202657699584961 
0.0, 0.028902271762490273, 0.3916734457015991 
0.0, 0.018793176859617233, 0.43819043040275574 
0.0, 0.03789994493126869, 0.5172078013420105 
0.0, 0.041449692100286484, 0.4471667408943176 
0.0, 0.01123396772891283, 0.30501383543014526 
0.0, 0.03291676566004753, 0.3942495584487915 
0.0, 0.023421986028552055, 0.5313016772270203 
0.0, 0.020131511613726616, 0.533805787563324 
0.0, 0.03630171716213226, 0.250873863697052 
0.0, 0.03698527440428734, 0.44645246863365173 
0.0, 0.032912321388721466, 0.5812415480613708 
0.0, 0.01998290978372097, 0.3685392737388611 
0.0, 0.025030367076396942, 0.24745269119739532 
0.0, 0.05881332606077194, 0.8173094391822815 
0.0, 0.024304131045937538, 0.24360956251621246 
0.0, 0.0279372651129961, 0.5240035057067871 
0.0, 0.04353496804833412, 0.36658528447151184 
0.0, 0.024840138852596283, 0.4649799168109894 
0.0, 0.0290212444961071, 0.42925676703453064 
0.0, 0.05230283737182617, 0.36155644059181213 
0.0, 0.02026243880391121, 0.452449232339859 
0.0, 0.03460441157221794, 0.43539923429489136 
0.0, 0.025490054860711098, 0.313181608915329 
0.0, 0.017782628536224365, 0.40642035007476807 
0.0, 0.05507860705256462, 0.5998153686523438 
0.0, 0.02151431143283844, 0.4957049489021301 
0.0, 0.025724677368998528, 0.2993300259113312 
0.0, 0.07569554448127747, 0.6465333700180054 
0.0, 0.028002550825476646, 0.28609687089920044 
0.0, 0.03514070436358452, 0.3811185359954834 
0.0, 0.028636373579502106, 0.5345877408981323 
0.0, 0.035198427736759186, 0.38710302114486694 
0.0, 0.019769644364714622, 0.4003083407878876 
0.0, 0.05102541670203209, 0.2551613748073578 
0.0, 0.03177880495786667, 0.5566564798355103 
0.0, 0.04014577716588974, 0.41537195444107056 
0.0, 0.021143008023500443, 0.3607923090457916 
0.0, 0.02901582606136799, 0.37920716404914856 
0.0, 0.04038943722844124, 0.2618076205253601 
0.0, 0.019866326823830605, 0.24546398222446442 
0.0, 0.05658057704567909, 0.3118688762187958 
0.0, 0.03453586623072624, 0.5314216613769531 
0.0, 0.023290354758501053, 0.4491865038871765 
0.0, 0.020542465150356293, 0.24260695278644562 
0.0, 0.02378336526453495, 0.5881784558296204 
0.0, 0.024106314405798912, 0.598435640335083 
0.0, 0.026545708999037743, 0.6348692178726196 
0.0, 0.018582401797175407, 0.36358797550201416 
0.0, 0.02638772688806057, 0.5301200747489929 
0.0, 0.029686735942959785, 0.23860348761081696 
0.0, 0.024203846231102943, 0.4557908773422241 
0.0, 0.03230015188455582, 0.7241503000259399 
0.0, 0.021984374150633812, 0.45520779490470886 
0.0, 0.029332535341382027, 0.6975127458572388 
0.0, 0.02154577150940895, 0.4146084785461426 
0.0, 0.047666214406490326, 0.3076102137565613 
0.0, 0.03460566699504852, 0.5147197246551514 
0.0, 0.04702811315655708, 0.33561140298843384 
0.0, 0.016721459105610847, 0.2756498157978058 
0.0, 0.027447722852230072, 0.665941059589386 
0.0, 0.0261068195104599, 0.6840922236442566 
0.0, 0.0585191585123539, 1.1602540016174316 
0.0, 0.042466528713703156, 0.5238394737243652 
0.0, 0.023291820660233498, 0.4017432928085327 
0.0, 0.032589033246040344, 0.40707266330718994 
0.0, 0.019219674170017242, 0.3898075819015503 
0.0, 0.019828639924526215, 0.26257723569869995 
0.0, 0.04372793063521385, 0.6338186264038086 
0.0, 0.018785834312438965, 0.35574400424957275 
0.0, 0.03150071203708649, 0.3068539798259735 
0.0, 0.017289379611611366, 0.2696143388748169 
0.0, 0.023952161893248558, 0.26868826150894165 
0.0, 0.01580030471086502, 0.3505675196647644 
0.0, 0.02785523049533367, 0.9782470464706421 
0.0, 0.015429566614329815, 0.7470436096191406 
0.0, 0.014510776847600937, 0.3809123933315277 
0.0, 0.014578149653971195, 0.4818176329135895 
0.0, 0.06068335473537445, 0.6415793299674988 
0.0, 0.024787334725260735, 0.5686095952987671 
0.0, 0.02196822129189968, 0.21402178704738617 
0.0, 0.03757506608963013, 0.3657052516937256 
0.0, 0.014493119902908802, 0.2535572946071625 
0.0, 0.041162148118019104, 0.4493526518344879 
0.0, 0.03196527063846588, 0.42002221941947937 
0.0, 0.029464537277817726, 0.4544749855995178 
0.0, 0.016401415690779686, 0.38075894117355347 
0.0, 0.03208399564027786, 0.564372181892395 
0.0, 0.07107963413000107, 0.48931071162223816 
0.0, 0.020731858909130096, 0.3185897171497345 
0.0, 0.028475478291511536, 0.4741765856742859 
0.0, 0.05050724372267723, 0.6815029382705688 
0.0, 0.019332488998770714, 0.3269440829753876 
0.0, 0.04003017768263817, 0.6982893943786621 
0.0, 0.02539409138262272, 0.3003358244895935 
0.0, 0.035758424550294876, 0.3276274800300598 
0.0, 0.03585977852344513, 0.9038968682289124 
0.0, 0.01680305413901806, 0.4465732276439667 
0.0, 0.03165324404835701, 0.3893119692802429 
0.0, 0.03279995918273926, 0.4474501609802246 
0.0, 0.04182453081011772, 0.2780894637107849 
0.0, 0.047341492027044296, 0.3638541102409363 
0.0, 0.016982343047857285, 0.2622055113315582 
0.0, 0.03126583993434906, 0.7666164636611938 
0.0, 0.05325954034924507, 0.4088324010372162 
0.0, 0.027686569839715958, 0.579120934009552 
0.0, 0.02203582413494587, 1.073657751083374 
0.0, 0.03568386286497116, 0.42087316513061523 
0.0, 0.03748820722103119, 0.48995399475097656 
0.0, 0.030676783993840218, 0.3744879961013794 
0.0, 0.024468591436743736, 0.36668434739112854 
0.0, 0.02001035027205944, 0.3791087567806244 
0.0, 0.05684685334563255, 0.6621991395950317 
0.0, 0.021677350625395775, 0.4158400893211365 
0.0, 0.03997403755784035, 0.5742131471633911 
0.0, 0.026080802083015442, 0.39380449056625366 
0.0, 0.03159560263156891, 0.465742290019989 
0.0, 0.025032591074705124, 0.3668646514415741 
0.0, 0.0623895637691021, 0.4872845411300659 
0.0, 0.03240678086876869, 0.33252131938934326 
0.0, 0.032259177416563034, 0.6312355399131775 
0.0, 0.03475607931613922, 0.5610615015029907 
0.0, 0.04823475703597069, 1.0585283041000366 
0.0, 0.0352407768368721, 0.41509580612182617 
0.0, 0.03326612710952759, 0.5574665069580078 
0.0, 0.019593561068177223, 0.3224664032459259 
0.0, 0.03083178400993347, 0.6672798991203308 
0.0, 0.07159644365310669, 0.4894528090953827 
0.0, 0.04390166327357292, 0.4285534620285034 
0.0, 0.03696810454130173, 0.6305519938468933 
0.0, 0.022210080176591873, 0.3766421675682068 
0.0, 0.030207768082618713, 0.37305769324302673 
0.0, 0.030697349458932877, 0.3759341239929199 
0.0, 0.026504728943109512, 0.3407868444919586 
0.0, 0.06260356307029724, 0.4516175091266632 
0.0, 0.02507133223116398, 1.2031558752059937 
0.0, 0.022429613396525383, 0.40805548429489136 
0.0, 0.052562348544597626, 0.5260648131370544 
0.0, 0.03661053627729416, 0.6824107766151428 
0.0, 0.02373305894434452, 0.4235583245754242 
0.0, 0.045660462230443954, 1.0428001880645752 
0.0, 0.033838652074337006, 0.6155701279640198 
0.0, 0.05254851654171944, 0.41999551653862 
0.0, 0.02815886214375496, 0.2956298291683197 
0.0, 0.04756472632288933, 0.4817754030227661 
0.0, 0.026452308520674706, 0.5189245939254761 
0.0, 0.029690153896808624, 0.8707940578460693 
0.0, 0.03448778763413429, 0.5373132228851318 
0.0, 0.04910602793097496, 0.5561415553092957 
0.0, 0.024206290021538734, 0.5520194172859192 
0.0, 0.0346575491130352, 0.7340583801269531 
0.0, 0.016299549490213394, 0.8116230964660645 
0.0, 0.02052154392004013, 0.5342597961425781 
0.0, 0.05038554221391678, 0.33288031816482544 
0.0, 0.026835747063159943, 0.4138014316558838 
0.0, 0.031319133937358856, 0.4521784484386444 
0.0, 0.03664759173989296, 0.559228777885437 
0.0, 0.053175970911979675, 0.7511934041976929 
0.0, 0.03195241466164589, 0.4748196601867676 
0.0, 0.04462771862745285, 1.359610676765442 
0.0, 0.028088126331567764, 0.3537387549877167 
0.0, 0.03557978570461273, 0.3593595325946808 
0.0, 0.02737572230398655, 0.36787089705467224 
0.0, 0.09296227991580963, 0.727116048336029 
0.0, 0.0315166674554348, 0.5928493738174438 
0.0, 0.03928719088435173, 0.483892023563385 
0.0, 0.05634015053510666, 0.468925416469574 
0.0, 0.03884712979197502, 0.49124962091445923 
0.0, 0.03439506143331528, 0.34639719128608704 
0.0, 0.021190568804740906, 0.41281065344810486 
0.0, 0.03067966364324093, 0.4230641722679138 
0.0, 0.030379867181181908, 0.6115313768386841 
0.0, 0.030011430382728577, 0.3797541558742523 
0.0, 0.03680557385087013, 0.3038862347602844 
0.0, 0.03123326413333416, 0.3079823851585388 
0.0, 0.027331998571753502, 0.31728899478912354 
0.0, 0.026717841625213623, 0.23958738148212433 
0.0, 0.022189609706401825, 0.4455929398536682 
0.0, 0.03301335871219635, 0.5159608721733093 
0.0, 0.024918796494603157, 0.6898072957992554 
0.0, 0.030332274734973907, 0.899623453617096 
0.0, 0.03797411546111107, 0.6085430383682251 
0.0, 0.04931306093931198, 0.37374186515808105 
0.0, 0.05312267690896988, 0.31550079584121704 
0.0, 0.026239732280373573, 0.7853588461875916 
0.0, 0.05248351767659187, 0.35031431913375854 
0.0, 0.022132055833935738, 0.3105835020542145 
0.0, 0.03472504764795303, 0.7742925882339478 
0.0, 0.023097779601812363, 0.48512130975723267 
0.0, 0.04723052307963371, 0.40241676568984985 
0.0, 0.024329064413905144, 0.4479483962059021 
0.0, 0.02961156889796257, 0.4016127288341522 
0.0, 0.03156441077589989, 0.4353797435760498 
0.0, 0.026006223633885384, 0.4280660152435303 
0.0, 0.04999581351876259, 0.2662394940853119 
0.0, 0.03218339383602142, 0.3984261453151703 
0.0, 0.04012921079993248, 0.354236900806427 
0.0, 0.02666139416396618, 0.46909990906715393 
0.0, 0.03547490015625954, 0.6667258143424988 
0.0, 0.06432943046092987, 0.5028077363967896 
0.0, 0.018591005355119705, 0.6458404064178467 
0.0, 0.041066668927669525, 0.6758275628089905 
0.0, 0.029174167662858963, 0.6159414649009705 
0.0, 0.05772854760289192, 0.30610188841819763 
0.0, 0.04098523408174515, 0.33039477467536926 
0.0, 0.041855182498693466, 0.9320297837257385 
0.0, 0.041548579931259155, 0.5466880798339844 
0.0, 0.04034767299890518, 0.49561452865600586 
0.0, 0.06579670310020447, 1.0986545085906982 
0.0, 0.04044278338551521, 0.9687330722808838 
0.0, 0.039410024881362915, 0.22917790710926056 
0.0, 0.03041265346109867, 0.9505813717842102 
0.0, 0.043098997324705124, 0.481663316488266 
0.0, 0.09624598920345306, 0.5950643420219421 
0.0, 0.04501393809914589, 0.24361662566661835 
0.0, 0.043969664722681046, 0.9141235947608948 
0.0, 0.02861868403851986, 0.40093594789505005 
0.0, 0.0657351091504097, 0.5006710290908813 
0.0, 0.046892426908016205, 0.4929340183734894 
0.0, 0.03510095924139023, 0.6860017776489258 
0.0, 0.025843268260359764, 0.3826512098312378 
0.0, 0.02162155508995056, 0.3375661373138428 
0.0, 0.030059874057769775, 0.5937042832374573 
0.0, 0.032483283430337906, 0.5454582571983337 
0.0, 0.02547874115407467, 1.0113849639892578 
0.0, 0.03526705503463745, 0.41477885842323303 
0.0, 0.042418550699949265, 0.7261363863945007 
0.0, 0.036509156227111816, 0.8794491291046143 
0.0, 0.023268606513738632, 0.5425935983657837 
0.0, 0.03727353736758232, 0.9759343266487122 
0.0, 0.04716955125331879, 0.8185301423072815 
0.0, 0.05001680925488472, 0.8281661868095398 
0.0, 0.028818495571613312, 0.47271275520324707 
0.0, 0.018757443875074387, 0.4138008654117584 
0.0, 0.02740537002682686, 0.5773918628692627 
0.0, 0.03049260564148426, 0.633531928062439 
0.0, 0.04022682458162308, 0.545074999332428 
0.0, 0.05749192461371422, 0.3738574683666229 
0.0, 0.03065386600792408, 0.9467058777809143 
0.0, 0.05711064115166664, 2.5145246982574463 
0.0, 0.03071339800953865, 1.8110460042953491 
0.0, 0.021855203434824944, 1.8649667501449585 
0.0, 0.01661856658756733, 0.7234408259391785 
0.0, 0.01704123057425022, 0.18555432558059692 
0.0, 0.02357591688632965, 0.509144127368927 
0.0, 0.0457444004714489, 0.2578742504119873 
0.0, 0.0229464303702116, 0.2996928095817566 
0.0, 0.01660827174782753, 0.45243892073631287 
0.0, 0.03439534828066826, 0.5232624411582947 
0.0, 0.028561223298311234, 0.3069188594818115 
0.0, 0.026831351220607758, 1.439229965209961 
0.0, 0.027090393006801605, 0.4154992401599884 
0.0, 0.02831796370446682, 0.7035523056983948 
0.0, 0.03590002655982971, 0.3891791105270386 
0.0, 0.026618698611855507, 0.3992588520050049 
0.0, 0.015266764909029007, 0.31735289096832275 
0.0, 0.031114837154746056, 0.39661088585853577 
0.0, 0.03760789334774017, 0.34254851937294006 
0.0, 0.031201079487800598, 0.2547142505645752 
0.0, 0.027128901332616806, 0.4342309534549713 
0.0, 0.04819231480360031, 0.3063298463821411 
0.0, 0.028657391667366028, 0.24487093091011047 
0.0, 0.022325722500681877, 0.3245885968208313 
0.0, 0.03672120347619057, 0.37668538093566895 
0.0, 0.02807680517435074, 0.2948773205280304 
0.0, 0.03126344829797745, 0.48493292927742004 
0.0, 0.030141746625304222, 0.3173235058784485 
0.0, 0.024920625612139702, 0.568994402885437 
0.0, 0.021656030789017677, 0.5545148253440857 
0.0, 0.03202849626541138, 0.46354860067367554 
0.0, 0.031238002702593803, 0.4243986904621124 
0.0, 0.017481092363595963, 0.3918713629245758 
0.0, 0.028634773567318916, 0.39978036284446716 
0.0, 0.041469525545835495, 0.37358108162879944 
0.0, 0.025440536439418793, 0.7706719636917114 
0.0, 0.03354545310139656, 0.4590713381767273 
0.0, 0.021621543914079666, 0.5102376341819763 
0.0, 0.02776305004954338, 0.5063448548316956 
0.0, 0.05576368421316147, 0.48911052942276 
0.0, 0.04121100530028343, 0.41081851720809937 
0.0, 0.030833611264824867, 0.8649091720581055 
0.0, 0.019409215077757835, 0.9261258244514465 
0.0, 0.028122341260313988, 0.32570719718933105 
0.0, 0.029818935319781303, 0.21718977391719818 
0.0, 0.021549297496676445, 0.5115005373954773 
0.0, 0.020733818411827087, 0.5088768005371094 
0.0, 0.04294256865978241, 0.6230459213256836 
0.0, 0.019981341436505318, 0.4276261627674103 
0.0, 0.028573399409651756, 0.3848856985569 
0.0, 0.029389364644885063, 0.2542743682861328 
0.0, 0.029129724949598312, 0.31086382269859314 
0.0, 0.024690115824341774, 0.5158011317253113 
0.0, 0.05133826285600662, 0.5770344734191895 
0.0, 0.0279771089553833, 0.3276735544204712 
0.0, 0.032009050250053406, 0.4520412087440491 
0.0, 0.031101901084184647, 0.40270256996154785 
0.0, 0.03586900606751442, 0.691814661026001 
0.0, 0.02865724079310894, 0.5294674038887024 
0.0, 0.02837877720594406, 0.44984525442123413 
0.0, 0.026065684854984283, 1.178918719291687 
0.0, 0.021840613335371017, 0.9459303617477417 
0.0, 0.035995230078697205, 0.6041997671127319 
0.0, 0.03615379333496094, 0.35006120800971985 
0.0, 0.026704316958785057, 0.4328048527240753 
0.0, 0.024232186377048492, 0.41622769832611084 
0.0, 0.045612286776304245, 0.3797949254512787 
0.0, 0.02884361520409584, 0.2532208561897278 
0.0, 0.03699268773198128, 0.5274954438209534 
0.0, 0.05405895784497261, 0.3033328056335449 
0.0, 0.02957914024591446, 0.3411615490913391 
0.0, 0.029620418325066566, 0.3295309841632843 
0.0, 0.031402356922626495, 0.6399745941162109 
0.0, 0.036493781954050064, 0.5619231462478638 
0.0, 0.02308247610926628, 0.3713354170322418 
0.0, 0.03036128729581833, 0.27336356043815613 
0.0, 0.043003033846616745, 0.47624635696411133 
0.0, 0.044077854603528976, 0.544675350189209 
0.0, 0.029902977868914604, 0.4310756027698517 
0.0, 0.04537661373615265, 0.8436416387557983 
0.0, 0.022212069481611252, 0.41559141874313354 
0.0, 0.06292963773012161, 0.581846296787262 
0.0, 0.05104171484708786, 0.42858314514160156 
0.0, 0.05419163405895233, 1.141939640045166 
0.0, 0.03840043395757675, 0.3892234265804291 
0.0, 0.0571662113070488, 0.36009129881858826 
0.0, 0.04737769067287445, 0.3992967903614044 
0.0, 0.03126014396548271, 0.4218425452709198 
0.0, 0.029927551746368408, 0.5166125297546387 
0.0, 0.04335814341902733, 0.49669328331947327 
0.0, 0.026710186153650284, 1.187598466873169 
0.0, 0.03858920559287071, 0.6644318699836731 
0.0, 0.04690068960189819, 0.4429579973220825 
0.0, 0.030294327065348625, 0.42548996210098267 
0.0, 0.03916675224900246, 0.3131006062030792 
0.0, 0.029332226142287254, 0.41475197672843933 
0.0, 0.017713190987706184, 0.5208251476287842 
0.0, 0.017032841220498085, 0.47343769669532776 
0.0, 0.03355308249592781, 0.4117778241634369 
0.0, 0.026783248409628868, 0.3675694465637207 
0.0, 0.024045635014772415, 0.508432149887085 
0.0, 0.0371890626847744, 0.4244230389595032 
0.0, 0.025682933628559113, 0.45503607392311096 
0.0, 0.04491538181900978, 0.43981558084487915 
0.0, 0.05404109135270119, 0.30590641498565674 
0.0, 0.0302411001175642, 0.667363703250885 
0.0, 0.026563966646790504, 0.36479586362838745 
0.0, 0.028577279299497604, 0.5702025890350342 
0.0, 0.02107352204620838, 0.5942831635475159 
0.0, 0.05440680310130119, 0.5060926079750061 
0.0, 0.034317098557949066, 2.3486390113830566 
0.0, 0.022464165464043617, 0.5394497513771057 
0.0, 0.02726844511926174, 0.3413977026939392 
0.0, 0.04507166147232056, 0.5021390914916992 
0.0, 0.024814294651150703, 0.4806821346282959 
0.0, 0.03623507171869278, 0.5549999475479126 
0.0, 0.033306192606687546, 0.7491484880447388 
0.0, 0.025528524070978165, 0.5963733196258545 
0.0, 0.01627395674586296, 0.43964919447898865 
0.0, 0.02436722442507744, 0.6351296901702881 
0.0, 0.07536507397890091, 0.4050356149673462 
0.0, 0.0403544045984745, 0.4959809184074402 
0.0, 0.032925039529800415, 0.3215656280517578 
0.0, 0.06489396095275879, 0.40510720014572144 
0.0, 0.027397625148296356, 0.3617078959941864 
0.0, 0.025670500472187996, 0.8140542507171631 
0.0, 0.04740245267748833, 0.3701282739639282 
0.0, 0.03170749917626381, 0.42032504081726074 
0.0, 0.025811247527599335, 0.3753529191017151 
0.0, 0.05199993774294853, 0.42835554480552673 
0.0, 0.07334321737289429, 0.3955427408218384 
0.0, 0.05054546892642975, 0.4717119336128235 
0.0, 0.02246732823550701, 0.7625453472137451 
0.0, 0.0384993851184845, 0.5384715795516968 
0.0, 0.08199164271354675, 0.41483134031295776 
0.0, 0.022698523476719856, 0.4267648458480835 
0.0, 0.05318671837449074, 0.5185806751251221 
0.0, 0.043042488396167755, 0.2864006459712982 
0.0, 0.04189108684659004, 0.3493938148021698 
0.0, 0.018288111314177513, 1.6067512035369873 
0.0, 0.025077179074287415, 0.5022949576377869 
0.0, 0.07415442168712616, 0.6328696012496948 
0.0, 0.04388150945305824, 0.49104806780815125 
0.0, 0.029596729204058647, 0.5796076059341431 
0.0, 0.014166316017508507, 0.8575801253318787 
0.0, 0.029854323714971542, 0.41992995142936707 
0.0, 0.03817962855100632, 1.1099766492843628 
0.0, 0.04686567559838295, 2.1863596439361572 
0.0, 0.028496576473116875, 0.8346652984619141 
0.0, 0.02490987814962864, 0.529127836227417 
0.0, 0.015089343301951885, 0.47981491684913635 
0.0, 0.026478901505470276, 0.3510309159755707 
0.0, 0.026388157159090042, 0.362412691116333 
0.0, 0.04543052241206169, 0.470126748085022 
0.0, 0.04597149416804314, 0.8763091564178467 
0.0, 0.05378874018788338, 0.2708483040332794 
0.0, 0.039036527276039124, 0.77474445104599 
0.0, 0.04190746694803238, 0.631722092628479 
0.0, 0.0523141585290432, 0.3469577729701996 
0.0, 0.019693931564688683, 0.5510133504867554 
0.0, 0.02020440250635147, 0.42041608691215515 
0.0, 0.027863800525665283, 0.29805153608322144 
0.0, 0.03302623704075813, 0.5604017972946167 
0.0, 0.06754924356937408, 0.38513001799583435 
0.0, 0.041747067123651505, 0.4063063859939575 
0.0, 0.028362538665533066, 0.38298043608665466 
0.0, 0.02160503715276718, 0.2632442116737366 
0.0, 0.02952161803841591, 0.5390415191650391 
0.0, 0.020117612555623055, 0.43589118123054504 
0.0, 0.10145247727632523, 0.5034574866294861 
0.0, 0.03344033658504486, 0.42265379428863525 
0.0, 0.024933237582445145, 0.46611425280570984 
0.0, 0.024218203499913216, 0.4001443386077881 
0.0, 0.034973129630088806, 0.6038225293159485 
0.0, 0.05140602961182594, 0.5765091180801392 
0.0, 0.03172018378973007, 0.3860202431678772 
0.0, 0.0313090980052948, 0.5511295199394226 
0.0, 0.03904881700873375, 0.6576030254364014 
0.0, 0.0282690841704607, 0.37282243371009827 
0.0, 0.03685925528407097, 0.273293137550354 
0.0, 0.0312204547226429, 0.5231026411056519 
0.0, 0.03622853010892868, 0.3210184574127197 
0.0, 0.04536996781826019, 1.4064171314239502 
0.0, 0.033284906297922134, 0.5008154511451721 
0.0, 0.023410942405462265, 0.4224645793437958 
0.0, 0.031448349356651306, 0.3327929377555847 
0.0, 0.025250134989619255, 0.3749794661998749 
0.0, 0.03313147649168968, 0.30226626992225647 
0.0, 0.024272462353110313, 0.2561793625354767 
0.0, 0.036926381289958954, 0.5910866856575012 
0.0, 0.0235116109251976, 0.5651293992996216 
0.0, 0.03269248455762863, 1.1672847270965576 
0.0, 0.0409407876431942, 0.41519707441329956 
0.0, 0.024909934028983116, 0.5165160298347473 
0.0, 0.03223540261387825, 0.30156707763671875 
0.0, 0.04467102140188217, 0.31706729531288147 
0.0, 0.03983181342482567, 0.5463917851448059 
0.0, 0.032720014452934265, 0.48124372959136963 
0.0, 0.05024081468582153, 0.3539692759513855 
0.0, 0.024799806997179985, 0.7371594309806824 
0.0, 0.0418986976146698, 0.47349125146865845 
0.0, 0.046525027602910995, 0.2776404917240143 
0.0, 0.02150302194058895, 0.7884926795959473 
0.0, 0.03672623261809349, 0.6448225378990173 
0.0, 0.04090024158358574, 0.3624981641769409 
0.0, 0.031056495383381844, 0.31980064511299133 
0.0, 0.033378150314092636, 0.8461315035820007 
0.0, 0.03677463158965111, 0.8120648264884949 
0.0, 0.029945742338895798, 0.5816273093223572 
0.0, 0.04856731742620468, 0.5053762793540955 
0.0, 0.027046047151088715, 0.6024037003517151 
0.0, 0.03705669939517975, 0.6571142077445984 
0.0, 0.033735863864421844, 0.508781373500824 
0.0, 0.03457091003656387, 0.4643886685371399 
0.0, 0.0288969948887825, 0.9662041068077087 
0.0, 0.04924969747662544, 0.3754296898841858 
0.0, 0.04818270727992058, 0.8985794186592102 
0.0, 0.026842162013053894, 0.5403520464897156 
0.0, 0.02473258227109909, 0.44492095708847046 
0.0, 0.02596898563206196, 0.4751901924610138 
0.0, 0.0628659725189209, 0.40627214312553406 
0.0, 0.04087139666080475, 0.34391283988952637 
0.0, 0.027469493448734283, 0.38826337456703186 
0.0, 0.028340566903352737, 0.31241896748542786 
0.0, 0.057900406420230865, 0.4330134689807892 
0.0, 0.03506922721862793, 0.9762202501296997 
0.0, 0.02896486595273018, 0.6319661736488342 
0.0, 0.03552699461579323, 0.5871861577033997 
0.0, 0.028217071667313576, 0.7116918563842773 
0.0, 0.018675750121474266, 0.6898239850997925 
0.0, 0.06697949022054672, 0.44535332918167114 
0.0, 0.03133382275700569, 0.46592116355895996 
0.0, 0.03167295083403587, 0.9680524468421936 
0.0, 0.04748941585421562, 0.526599109172821 
0.0, 0.04006490483880043, 0.45378023386001587 
0.0, 0.023250438272953033, 0.6202056407928467 
0.0, 0.05818331241607666, 0.4038017690181732 
0.0, 0.03246910125017166, 0.4051799476146698 
0.0, 0.027970371767878532, 0.311003178358078 
0.0, 0.038775090128183365, 0.36024150252342224 
0.0, 0.02755098231136799, 0.8176456689834595 
0.0, 0.030848469585180283, 0.4920806884765625 
0.0, 0.03285090997815132, 0.4811003804206848 
0.0, 0.03418567404150963, 0.8034531474113464 
0.0, 0.024493049830198288, 1.040279746055603 
0.0, 0.03977567330002785, 0.4838814437389374 
0.0, 0.041520822793245316, 0.7479240298271179 
0.0, 0.0372239425778389, 0.38004836440086365 
0.0, 0.056003641337156296, 0.6691850423812866 
0.0, 0.0390910729765892, 0.6642247438430786 
0.0, 0.04482240229845047, 0.4414447546005249 
0.0, 0.044844310730695724, 0.6066072583198547 
0.0, 0.03432659059762955, 0.6795246601104736 
0.0, 0.035706907510757446, 0.4378197491168976 
0.0, 0.05767678841948509, 0.43007737398147583 
0.0, 0.04017842933535576, 0.9409955143928528 
0.0, 0.07290906459093094, 0.7870138883590698 
0.0, 0.03788979724049568, 0.6136818528175354 
0.0, 0.02746743895113468, 0.4859127998352051 
0.0, 0.03865353390574455, 0.4206523597240448 
0.0, 0.04395684227347374, 0.6458102464675903 
0.0, 0.02390046790242195, 0.4699143171310425 
0.0, 0.06309289485216141, 0.5432161092758179 
0.0, 0.03620773181319237, 0.8600395321846008 
0.0, 0.027686046436429024, 0.5507749319076538 
0.0, 0.02709965780377388, 0.7229201197624207 
0.0, 0.06496397405862808, 0.3679199516773224 
0.0, 0.03443212807178497, 0.6889545917510986 
0.0, 0.04511995241045952, 1.06148099899292 
0.0, 0.036888960748910904, 0.5743415355682373 
0.0, 0.03659991919994354, 0.5043061375617981 
0.0, 0.02836386300623417, 0.4958849549293518 
0.0, 0.0480194129049778, 0.514542281627655 
0.0, 0.030400235205888748, 0.4532225430011749 
0.0, 0.023540956899523735, 0.9709760546684265 
0.0, 0.041558343917131424, 0.6906720399856567 
0.0, 0.047413334250450134, 0.3724893629550934 
0.0, 0.03478245809674263, 0.6682573556900024 
0.0, 0.03276202082633972, 0.6100172400474548 
0.0, 0.03662009909749031, 0.44970738887786865 
0.0, 0.03543182834982872, 0.7964074611663818 
0.0, 0.0245820302516222, 0.3892059624195099 
0.0, 0.048350829631090164, 0.7187099456787109 
0.0, 0.04004145786166191, 0.83674156665802 
0.0, 0.14683464169502258, 0.7703837752342224 
0.0, 0.051897384226322174, 0.6563827395439148 
0.0, 0.03838436305522919, 0.5911014080047607 
0.0, 0.027931369841098785, 0.3396894335746765 
0.0, 0.04996553063392639, 0.48328691720962524 
0.0, 0.038492076098918915, 1.0410410165786743 
0.0, 0.029636254534125328, 0.694394052028656 
0.0, 0.026641586795449257, 0.5667198300361633 
0.0, 0.026586545631289482, 0.4669961631298065 
0.0, 0.036344632506370544, 0.7088354825973511 
0.0, 0.04393323138356209, 0.9603642821311951 
0.0, 0.02425491064786911, 0.5334193110466003 
0.0, 0.040521297603845596, 0.5654210448265076 
0.0, 0.03354721516370773, 0.4041421115398407 
0.0, 0.045475225895643234, 0.3801090121269226 
0.0, 0.04088077321648598, 0.6905238032341003 
0.0, 0.0368385873734951, 0.6653560996055603 
0.0, 0.04580077528953552, 0.62022864818573 
0.0, 0.028510278090834618, 0.4662877023220062 
0.0, 0.028405476361513138, 0.4748849868774414 
0.0, 0.043395161628723145, 0.8599822521209717 
0.0, 0.03954599052667618, 0.5927484035491943 
0.0, 0.035903528332710266, 0.432203471660614 
0.0, 0.036030158400535583, 0.49618178606033325 
0.0, 0.0750955194234848, 0.4637061357498169 
0.0, 0.019492702558636665, 0.4193951487541199 
0.0, 0.026470499113202095, 0.31594693660736084 
0.0, 0.03021426871418953, 0.6458284854888916 
0.0, 0.0586157962679863, 0.3576553761959076 
0.0, 0.0355202816426754, 0.6622061133384705 
0.0, 0.037317827343940735, 0.9481630325317383 
0.0, 0.029188187792897224, 0.42284873127937317 
0.0, 0.03347604349255562, 0.580653965473175 
0.0, 0.034018490463495255, 0.4295758605003357 
0.0, 0.04104098305106163, 0.3825380802154541 
0.0, 0.030704611912369728, 0.6014760732650757 
0.0, 0.0802556499838829, 0.4901943504810333 
0.0, 0.030257057398557663, 0.5475829839706421 
0.0, 0.04155459254980087, 0.5559155941009521 
0.0, 0.043617960065603256, 0.5309485793113708 
0.0, 0.03874468430876732, 0.4433016777038574 
0.0, 0.025243140757083893, 0.6316810250282288 
0.0, 0.08594624698162079, 0.8540269732475281 
0.0, 0.037450388073921204, 0.442351371049881 
0.0, 0.05864814668893814, 0.6677642464637756 
0.0, 0.03782874345779419, 0.6415514349937439 
0.0, 0.03879144787788391, 0.7507049441337585 
0.0, 0.03585008904337883, 0.527935802936554 
0.0, 0.04905351251363754, 0.3557555675506592 
0.0, 0.04357002675533295, 0.757942795753479 
0.0, 0.05115604028105736, 0.7452079057693481 
0.0, 0.030571501702070236, 0.3823942244052887 
0.0, 0.034151121973991394, 0.6471084356307983 
0.0, 0.04105846956372261, 0.467812180519104 
0.0, 0.08252042531967163, 0.3910336494445801 
0.0, 0.021574748679995537, 0.33041056990623474 
0.0, 0.027695564553141594, 0.44969215989112854 
0.0, 0.043558426201343536, 0.5258007049560547 
0.0, 0.054733552038669586, 0.4941866993904114 
0.0, 0.0316765271127224, 0.4070108234882355 
0.0, 0.04437359422445297, 0.6110766530036926 
0.0, 0.04505025967955589, 0.6186050772666931 
0.0, 0.031425464898347855, 0.6722318530082703 
0.0, 0.033898528665304184, 0.4628293514251709 
0.0, 0.03103558160364628, 1.5117276906967163 
0.0, 0.03519893065094948, 0.5539205074310303 
0.0, 0.044940028339624405, 0.42209598422050476 
0.0, 0.0349433571100235, 0.9289876818656921 
0.0, 0.029617954045534134, 0.7066370248794556 
0.0, 0.03436034172773361, 0.6315106153488159 
0.0, 0.04053862392902374, 0.4026091992855072 
0.0, 0.052928369492292404, 0.4157745838165283 
0.0, 0.03498590365052223, 0.985745370388031 
0.0, 0.05129965767264366, 1.5571202039718628 
0.0, 0.03039584681391716, 0.6019003987312317 
0.0, 0.04900352656841278, 0.5405051112174988 
0.0, 0.04354504868388176, 0.7766377925872803 
0.0, 0.03051324374973774, 0.3211493492126465 
0.0, 0.03659919276833534, 0.7418274283409119 
0.0, 0.03260214999318123, 0.5687304735183716 
0.0, 0.043812088668346405, 0.44916847348213196 
0.0, 0.0668981671333313, 0.539500892162323 
0.0, 0.024226577952504158, 0.6279644966125488 
0.0, 0.041237082332372665, 0.48044368624687195 
0.0, 0.03550620377063751, 0.42087820172309875 
0.0, 0.038516175001859665, 0.27515164017677307 
0.0, 0.04417501762509346, 0.5028201341629028 
0.0, 0.03256776183843613, 0.4263383448123932 
0.0, 0.03498363122344017, 0.46870726346969604 
0.0, 0.03564867004752159, 0.4116598665714264 
0.0, 0.09166356176137924, 0.5322248339653015 
0.0, 0.030994469299912453, 0.9610224366188049 
0.0, 0.03372284024953842, 0.5197325348854065 
0.0, 0.049146618694067, 0.9039835929870605 
0.0, 0.020507976412773132, 1.2447402477264404 
0.0, 0.028362292796373367, 0.6316822171211243 
0.0, 0.04642944782972336, 0.6774781942367554 
0.0, 0.029246464371681213, 0.4814830422401428 
0.0, 0.03600583225488663, 0.6084532737731934 
0.0, 0.03712984547019005, 0.5656892657279968 
0.0, 0.02461179904639721, 0.3986799120903015 
0.0, 0.017699912190437317, 0.5990580916404724 
0.0, 0.043593309819698334, 0.28322407603263855 
0.0, 0.03528711199760437, 0.7044937014579773 
0.0, 0.03223172575235367, 0.6596764326095581 
0.0, 0.05469479039311409, 0.447370707988739 
0.0, 0.03741536661982536, 0.4078202545642853 
0.0, 0.04637005925178528, 0.6565706729888916 
0.0, 0.042198747396469116, 0.6684018969535828 
0.0, 0.032896120101213455, 0.906175971031189 
0.0, 0.03340316191315651, 0.26249223947525024 
0.0, 0.02172786183655262, 0.6658408045768738 
0.0, 0.04262440651655197, 0.7675103545188904 
0.0, 0.048299822956323624, 1.048577904701233 
0.0, 0.0602492019534111, 0.723772406578064 
0.0, 0.035276323556900024, 0.6553083062171936 
0.0, 0.03511067107319832, 1.0846527814865112 
0.0, 0.03706295043230057, 0.6011583209037781 
0.0, 0.03129655495285988, 1.1051499843597412 
0.0, 0.05579804256558418, 0.473362535238266 
0.0, 0.09037350863218307, 0.658233642578125 
0.0, 0.021640069782733917, 0.6565238237380981 
0.0, 0.05640558525919914, 0.6049607992172241 
0.0, 0.02616400085389614, 0.5140030980110168 
0.0, 0.023920344188809395, 0.2774472236633301 
0.0, 0.03283991292119026, 0.27465301752090454 
0.0, 0.037566810846328735, 0.5429538488388062 
0.0, 0.04320627450942993, 0.7159436345100403 
0.0, 0.02917763590812683, 0.4571278393268585 
0.0, 0.04106076434254646, 0.35953015089035034 
0.0, 0.03470366820693016, 0.30284997820854187 
0.0, 0.03261525556445122, 0.44158321619033813 
0.0, 0.036144766956567764, 0.4691046476364136 
0.0, 0.03748926892876625, 0.5593852996826172 
0.0, 0.033386945724487305, 0.5338857769966125 
0.0, 0.06603296101093292, 0.5319426655769348 
0.0, 0.02694539912045002, 0.5444616675376892 
0.0, 0.034123968333005905, 0.3238988518714905 
0.0, 0.04289773851633072, 0.39562591910362244 
0.0, 0.043664172291755676, 0.542015552520752 
0.0, 0.05325186997652054, 0.7651465535163879 
0.0, 0.03562629595398903, 0.5000197291374207 
0.0, 0.03801295906305313, 0.5300800800323486 
0.0, 0.023946771398186684, 0.2874446511268616 
0.0, 0.042182013392448425, 0.6219875812530518 
0.0, 0.05374004319310188, 0.768419086933136 
0.0, 0.06706935912370682, 0.6381111145019531 
0.0, 0.07788444310426712, 0.6895272731781006 
0.0, 0.08546210080385208, 0.678143322467804 
0.0, 0.06477393209934235, 0.8199743628501892 
0.0, 0.0534585639834404, 0.7767292857170105 
0.0, 0.03603842109441757, 0.8699935078620911 
0.0, 0.08063860237598419, 0.4950832724571228 
0.0, 0.026893746107816696, 0.39780715107917786 
0.0, 0.02655515819787979, 0.5453822612762451 
0.0, 0.11287185549736023, 0.27675068378448486 
0.0, 0.040566470474004745, 0.7651041150093079 
0.0, 0.036707647144794464, 0.4136849045753479 
0.0, 0.051740966737270355, 0.5379301309585571 
0.0, 0.03745008260011673, 0.7061917781829834 
0.0, 0.034821826964616776, 0.5317298173904419 
0.0, 0.03345369175076485, 1.0470912456512451 
0.0, 0.03311646729707718, 0.4345274567604065 
0.0, 0.024571670219302177, 1.101749300956726 
0.0, 0.05645495653152466, 0.3507525622844696 
0.0, 0.041513074189424515, 0.38801971077919006 
0.0, 0.03207935020327568, 1.0592986345291138 
0.0, 0.03865852952003479, 0.6487705111503601 
0.0, 0.06649916619062424, 0.5101422667503357 
0.0, 0.038491714745759964, 0.6527453660964966 
0.0, 0.030662966892123222, 1.0413241386413574 
0.0, 0.04006516933441162, 0.5013850927352905 
0.0, 0.04314887523651123, 0.48780494928359985 
0.0, 0.0332985445857048, 0.4853942096233368 
0.0, 0.03565051034092903, 0.8125907182693481 
0.0, 0.035755522549152374, 0.30825358629226685 
0.0, 0.036951858550310135, 0.4014403820037842 
0.0, 0.0435631237924099, 0.4937260150909424 
0.0, 0.054398685693740845, 0.5354792475700378 
0.0, 0.03349418193101883, 0.33012333512306213 
0.0, 0.04294844716787338, 0.8063228726387024 
0.0, 0.03740210086107254, 0.6623964309692383 
0.0, 0.04009047895669937, 0.5269526839256287 
0.0, 0.04133005067706108, 0.5169329047203064 
0.0, 0.049415815621614456, 0.6894431710243225 
0.0, 0.057783521711826324, 0.4849512577056885 
0.0, 0.031071245670318604, 0.5970398187637329 
0.0, 0.01781723089516163, 0.7293940782546997 
0.0, 0.05324902385473251, 0.5346322059631348 
0.0, 0.02781866118311882, 0.637073278427124 
0.0, 0.03979115933179855, 0.571946382522583 
0.0, 0.049872253090143204, 0.7943549156188965 
0.0, 0.04171374812722206, 0.7649810910224915 
0.0, 0.033680759370326996, 1.2331440448760986 
0.0, 0.04710017517209053, 0.8703140020370483 
0.0, 0.041785579174757004, 0.43202435970306396 
0.0, 0.03630800545215607, 0.4262973368167877 
0.0, 0.032728660851716995, 0.5101333856582642 
0.0, 0.027153881266713142, 0.8852220177650452 
0.0, 0.02116193063557148, 0.6776959300041199 
0.0, 0.03904097154736519, 0.4206985533237457 
0.0, 0.03722548112273216, 0.9856597185134888 
0.0, 0.026199176907539368, 0.5665474534034729 
0.0, 0.03509385511279106, 0.5310466885566711 
0.0, 0.03743892163038254, 0.38627931475639343 
0.0, 0.03947940841317177, 0.7350915670394897 
0.0, 0.06682491302490234, 0.7926287651062012 
0.0, 0.023518066853284836, 0.5224001407623291 
0.0, 0.04057773947715759, 0.8834617137908936 
0.0, 0.05792742967605591, 0.3404218852519989 
0.0, 0.030099160969257355, 0.7059150338172913 
0.0, 0.018097098916769028, 0.4708234965801239 
0.0, 0.03437385335564613, 0.6185694932937622 
0.0, 0.04710858315229416, 0.40923479199409485 
0.0, 0.04742824286222458, 0.3546772003173828 
0.0, 0.026280822232365608, 0.40402933955192566 
0.0, 0.02769448608160019, 0.3542640209197998 
0.0, 0.02193618379533291, 0.6642594337463379 
0.0, 0.02370717003941536, 0.6731127500534058 
0.0, 0.02653701789677143, 0.5521541237831116 
0.0, 0.02818175218999386, 0.2930315136909485 
0.0, 0.03310393542051315, 1.1753816604614258 
0.0, 0.04360831901431084, 0.6258687376976013 
0.0, 0.11195933073759079, 0.344100683927536 
0.0, 0.03760240972042084, 0.4622753858566284 
0.0, 0.03224733844399452, 0.840503454208374 
0.0, 0.02593526989221573, 0.905272364616394 
0.0, 0.08162400871515274, 0.44236838817596436 
0.0, 0.03167973458766937, 0.5349595546722412 
0.0, 0.038058821111917496, 0.6088154911994934 
0.0, 0.047849301248788834, 0.3425701856613159 
0.0, 0.02974611334502697, 0.575727105140686 
0.0, 0.02589709497988224, 0.7606022953987122 
0.0, 0.02788754552602768, 0.6050024032592773 
0.0, 0.040655024349689484, 0.4752122461795807 
0.0, 0.04246620461344719, 0.4975074827671051 
0.0, 0.0776188001036644, 0.3953354060649872 
0.0, 0.025741755962371826, 0.8474442362785339 
0.0, 0.023873068392276764, 0.6860513091087341 
0.0, 0.06514829397201538, 0.5296816825866699 
0.0, 0.027776487171649933, 0.3435601592063904 
0.0, 0.03609403595328331, 0.3825751543045044 
0.0, 0.04009464010596275, 1.646085500717163 
0.0, 0.03648175299167633, 0.35812807083129883 
0.0, 0.03424800932407379, 0.9786216020584106 
0.0, 0.03706792742013931, 0.4620731472969055 
0.0, 0.18275505304336548, 0.4953901767730713 
0.0, 0.048614196479320526, 0.48147863149642944 
0.0, 0.026229042559862137, 0.6689180731773376 
0.0, 0.025297386571764946, 0.6739506125450134 
0.0, 0.06693292409181595, 0.8340518474578857 
0.0, 0.07568366825580597, 0.9336528778076172 
0.0, 0.04255503788590431, 1.0261616706848145 
0.0, 0.04524717852473259, 1.3954999446868896 
0.0, 0.05217887833714485, 0.7774770855903625 
0.0, 0.03621852025389671, 0.64385586977005 
0.0, 0.044284120202064514, 0.25469592213630676 
0.0, 0.053008005023002625, 0.4435182213783264 
0.0, 0.023898782208561897, 0.22330766916275024 
0.0, 0.028088904917240143, 0.5122610926628113 
0.0, 0.027872035279870033, 0.3710924983024597 
0.0, 0.03758061304688454, 0.369180291891098 
0.0, 0.027994249016046524, 0.6952725648880005 
0.0, 0.024247029796242714, 0.4334349036216736 
0.0, 0.05004870519042015, 0.7582247853279114 
0.0, 0.02176108956336975, 0.38464289903640747 
0.0, 0.04631746932864189, 0.3889501392841339 
0.0, 0.02860410138964653, 0.46994727849960327 
0.0, 0.052694980055093765, 1.4959992170333862 
0.0, 0.044806934893131256, 0.4242675304412842 
0.0, 0.12220991402864456, 0.5512802004814148 
0.0, 0.04181130602955818, 0.5972394943237305 
0.0, 0.028463061898946762, 0.7686706781387329 
0.0, 0.03933831676840782, 0.37684640288352966 
0.0, 0.03516283258795738, 0.3313595652580261 
0.0, 0.05065975710749626, 0.6796911358833313 
0.0, 0.04357316717505455, 0.548198938369751 
0.0, 0.03199618682265282, 0.3588154911994934 
0.0, 0.031081000342965126, 0.25279396772384644 
0.0, 0.03795083612203598, 0.46496737003326416 
0.0, 0.04068843275308609, 0.6224624514579773 
0.0, 0.04929611086845398, 0.3266294300556183 
0.0, 0.03394455462694168, 0.9886786937713623 
0.0, 0.01830325275659561, 0.42458173632621765 
0.0, 0.03744770586490631, 0.5674532651901245 
0.0, 0.027748065069317818, 0.8093464374542236 
0.0, 0.06198009476065636, 0.6849185228347778 
0.0, 0.03837769851088524, 1.0342614650726318 
0.0, 0.06818918883800507, 0.8923168182373047 
0.0, 0.036062028259038925, 0.6501083374023438 
0.0, 0.039534397423267365, 0.5202945470809937 
0.0, 0.037224847823381424, 0.7897579669952393 
0.0, 0.03679220378398895, 0.8218560814857483 
0.0, 0.05574158951640129, 0.5336769223213196 
0.0, 0.053206585347652435, 0.3977872431278229 
0.0, 0.031933534890413284, 0.4508906304836273 
0.0, 0.036468248814344406, 0.5310561060905457 
0.0, 0.076894111931324, 0.9093254208564758 
0.0, 0.03235975652933121, 0.2942472994327545 
0.0, 0.026789171621203423, 1.1149770021438599 
0.0, 0.029950888827443123, 0.3971606492996216 
0.0, 0.03311382979154587, 0.3027888536453247 
0.0, 0.026814956218004227, 0.2683448791503906 
0.0, 0.041069235652685165, 0.6884838342666626 
0.0, 0.03552975878119469, 0.48195743560791016 
0.0, 0.044085510075092316, 0.5242350697517395 
0.0, 0.032561950385570526, 1.2460378408432007 
0.0, 0.05928982049226761, 0.6110107898712158 
0.0, 0.03362250700592995, 1.0451103448867798 
0.0, 0.048375487327575684, 0.5720126032829285 
0.0, 0.028429238125681877, 0.35618993639945984 
0.0, 0.02602398954331875, 0.7847505807876587 
0.0, 0.0236967783421278, 0.5375915169715881 
0.0, 0.03315603733062744, 0.46240484714508057 
0.0, 0.03663189709186554, 0.6842738389968872 
0.0, 0.03324808552861214, 0.5762465596199036 
0.0, 0.034982964396476746, 0.3374384045600891 
0.0, 0.03483634442090988, 0.46308526396751404 
0.0, 0.02352728322148323, 0.4322584867477417 
0.0, 0.03220115602016449, 1.3718284368515015 
0.0, 0.022543659433722496, 0.4548742175102234 
0.0, 0.05438698083162308, 0.6007004380226135 
0.0, 0.17536966502666473, 1.147408366203308 
0.0, 0.04283412545919418, 0.6825857758522034 
0.0, 0.02369147725403309, 0.9610716700553894 
0.0, 0.04702258110046387, 0.4423976540565491 
0.0, 0.16480791568756104, 0.5553461909294128 
0.0, 0.03992147743701935, 0.6322460174560547 
0.0, 0.039291173219680786, 0.4986501932144165 
0.0, 0.02811937779188156, 0.49115923047065735 
0.0, 0.04903918132185936, 0.44918569922447205 
0.0, 0.01574786938726902, 0.3399186134338379 
0.0, 0.0470285564661026, 0.53150874376297 
0.0, 0.0343426838517189, 0.34838980436325073 
0.0, 0.027461932972073555, 0.6609245538711548 
0.0, 0.033623140305280685, 0.4749927520751953 
0.0, 0.030804477632045746, 0.5342810153961182 
0.0, 0.026776427403092384, 0.6653053164482117 
0.0, 0.03580079227685928, 0.7813886404037476 
0.0, 0.027022190392017365, 0.25363263487815857 
0.0, 0.03433562070131302, 0.6818665862083435 
0.0, 0.03977249935269356, 0.8009262084960938 
0.0, 0.03600079193711281, 0.3365638852119446 
0.0, 0.03680730238556862, 1.7200424671173096 
0.0, 0.04253033176064491, 1.0820066928863525 
0.0, 0.04893237352371216, 0.5785109996795654 
0.0, 0.0422019325196743, 1.1464422941207886 
0.0, 0.02175682783126831, 0.3735857903957367 
0.0, 0.030967170372605324, 0.49253255128860474 
0.0, 0.037953682243824005, 0.43843668699264526 
0.0, 0.030452413484454155, 0.7259634137153625 
0.0, 0.02834297902882099, 0.7976513504981995 
0.0, 0.028002379462122917, 1.8827359676361084 
0.0, 0.032953809946775436, 0.6601222157478333 
0.0, 0.03478409722447395, 0.3710392415523529 
0.0, 0.032133202999830246, 0.5645465850830078 
0.0, 0.04691961035132408, 0.5148857831954956 
0.0, 0.014924854040145874, 1.3268635272979736 
0.0, 0.05241664499044418, 0.6724144220352173 
0.0, 0.020529234781861305, 0.43999138474464417 
0.0, 0.028827030211687088, 0.5618419051170349 
0.0, 0.037033528089523315, 0.5520442724227905 
0.0, 0.03407463803887367, 0.4416678547859192 
0.0, 0.03129399195313454, 0.5910702347755432 
0.0, 0.038860298693180084, 0.657652735710144 
0.0, 0.02617102675139904, 0.4184459149837494 
0.0, 0.045224741101264954, 0.42796018719673157 
0.0, 0.033377841114997864, 0.6153204441070557 
0.0, 0.02819356694817543, 0.17860320210456848 
0.0, 0.03773242607712746, 0.30673733353614807 
0.0, 0.02949145995080471, 0.4833148717880249 
0.0, 0.04125641658902168, 1.3719501495361328 
0.0, 0.04405442625284195, 0.3438347280025482 
0.0, 0.04128149151802063, 0.9254297018051147 
0.0, 0.042934831231832504, 0.4709761142730713 
0.0, 0.034419845789670944, 0.41112321615219116 
0.0, 0.026551712304353714, 1.0513795614242554 
0.0, 0.030252838507294655, 0.7531245350837708 
0.0, 0.025643175467848778, 0.24609684944152832 
0.0, 0.039777521044015884, 1.1444348096847534 
0.0, 0.1343245804309845, 0.810608446598053 
0.0, 0.027518276125192642, 0.7636330723762512 
0.0, 0.042035795748233795, 0.6868039965629578 
0.0, 0.04183989390730858, 0.9648682475090027 
0.0, 0.044266603887081146, 0.3754357695579529 
0.0, 0.029352368786931038, 0.5284925103187561 
0.0, 0.06299516558647156, 0.7194360494613647 
0.0, 0.019529374316334724, 0.3843017518520355 
0.0, 0.03545691817998886, 0.3575643002986908 
0.0, 0.041660126298666, 0.5042622089385986 
0.0, 0.03994875028729439, 1.3375486135482788 
0.0, 0.030774150043725967, 0.4880339503288269 
0.0, 0.027543170377612114, 0.3081679046154022 
0.0, 0.07199040800333023, 0.6442832350730896 
0.0, 0.03828961029648781, 0.37290579080581665 
0.0, 0.1059742122888565, 1.1706832647323608 
0.0, 0.04056216776371002, 0.3060014247894287 
0.0, 0.03322615474462509, 0.48030218482017517 
0.0, 0.03908611088991165, 0.958733081817627 
0.0, 0.03419942781329155, 0.2543290853500366 
0.0, 0.041021279990673065, 0.8785949349403381 
0.0, 0.08194196969270706, 0.5759939551353455 
0.0, 0.04027438908815384, 0.5055296421051025 
0.0, 0.029444770887494087, 0.47822484374046326 
0.0, 0.037216268479824066, 0.5779510736465454 
0.0, 0.03610683232545853, 0.35755419731140137 
0.0, 0.03819822892546654, 0.4896717369556427 
0.0, 0.0360783189535141, 0.5100195407867432 
0.0, 0.04420473426580429, 0.6473181843757629 
0.0, 0.03807104006409645, 0.9887545108795166 
0.0, 0.05103416368365288, 0.7100550532341003 
0.0, 0.04461616277694702, 0.4716665744781494 
0.0, 0.018100719898939133, 0.36153897643089294 
0.0, 0.034007810056209564, 0.8938856720924377 
0.0, 0.040853288024663925, 0.5720574855804443 
0.0, 0.036160364747047424, 0.6076581478118896 
0.0, 0.028680022805929184, 0.26181039214134216 
0.0, 0.028116710484027863, 0.35984092950820923 
0.0, 0.02888735942542553, 0.5849929451942444 
0.0, 0.04031095653772354, 1.0629812479019165 
0.0, 0.036068107932806015, 1.4063454866409302 
0.0, 0.04842551052570343, 1.1314574480056763 
0.0, 0.035374563187360764, 0.6103131175041199 
0.0, 0.04099122807383537, 0.3755711019039154 
0.0, 0.03333527594804764, 0.2189989686012268 
0.0, 0.0263806264847517, 0.23853151500225067 
0.0, 0.027033094316720963, 0.6116745471954346 
0.0, 0.06028158962726593, 0.7009240388870239 
0.0, 0.036431457847356796, 0.41779977083206177 
0.0, 0.030961880460381508, 0.9579161405563354 
0.0, 0.04073221981525421, 0.732863187789917 
0.0, 0.021550383418798447, 1.0777322053909302 
0.0, 0.051478080451488495, 0.5012427568435669 
0.0, 0.030480176210403442, 0.4821711778640747 
0.0, 0.022410528734326363, 0.3965727686882019 
0.0, 0.018384389579296112, 0.688266932964325 
0.0, 0.03713997080922127, 0.5098326802253723 
0.0, 0.029064763337373734, 0.46748432517051697 
0.0, 0.025624766945838928, 0.7670846581459045 
0.0, 0.026148909702897072, 0.4899819493293762 
0.0, 0.027331547811627388, 0.4415813684463501 
0.0, 0.06296451389789581, 0.5169281363487244 
0.0, 0.040314286947250366, 0.3524666726589203 
0.0, 0.04682404547929764, 0.32832565903663635 
0.0, 0.03334035724401474, 0.533301055431366 
0.0, 0.044903118163347244, 0.481245756149292 
0.0, 0.02293226309120655, 0.3006446361541748 
0.0, 0.03754369914531708, 0.48420795798301697 
0.0, 0.032242197543382645, 0.595216691493988 
0.0, 0.06384223699569702, 0.40938493609428406 
0.0, 0.03212942183017731, 0.6248089671134949 
0.0, 0.05215595290064812, 0.4145079553127289 
0.0, 0.04451441019773483, 0.22110067307949066 
0.0, 0.031126901507377625, 0.5571537613868713 
0.0, 0.0718834176659584, 0.47967493534088135 
0.0, 0.04090667888522148, 0.7797254323959351 
0.0, 0.02497076988220215, 0.4586483836174011 
0.0, 0.030190475285053253, 0.44466859102249146 
0.0, 0.045811817049980164, 0.40564507246017456 
0.0, 0.044731367379426956, 0.7677488327026367 
0.0, 0.07572660595178604, 0.8857340216636658 
0.0, 0.03411325439810753, 0.7839806079864502 
0.0, 0.03469296917319298, 0.5606839060783386 
0.0, 0.01601581461727619, 0.6259814500808716 
0.0, 0.03536827117204666, 0.5836260914802551 
0.0, 0.03407421335577965, 0.9216675758361816 
0.0, 0.04001796618103981, 0.5194627046585083 
0.0, 0.035503603518009186, 0.5859300494194031 
0.0, 0.02938305400311947, 0.6874857544898987 
0.0, 0.028272736817598343, 0.6737031936645508 
0.0, 0.041460711508989334, 0.4583032727241516 
0.0, 0.029655277729034424, 0.3806484639644623 
0.0, 0.03154219686985016, 1.7506784200668335 
0.0, 0.04472031071782112, 0.6355100274085999 
0.0, 0.051415905356407166, 0.9903303384780884 
0.0, 0.037096261978149414, 0.2970011830329895 
0.0, 0.026937585324048996, 0.6854275465011597 
0.0, 0.03715483099222183, 0.473562091588974 
0.0, 0.0445408895611763, 0.6270086169242859 
0.0, 0.052020732313394547, 0.37857258319854736 
0.0, 0.041420552879571915, 0.5649943947792053 
0.0, 0.02306221053004265, 0.9611034989356995 
0.0, 0.037388432770967484, 0.5481711030006409 
0.0, 0.042121563106775284, 0.7161553502082825 
0.0, 0.03249955549836159, 0.42854151129722595 
0.0, 0.0441223680973053, 0.41483771800994873 
0.0, 0.0253335889428854, 0.5831167101860046 
0.0, 0.03124522790312767, 0.40753525495529175 
0.0, 0.05559951066970825, 0.25844454765319824 
0.0, 0.029357511550188065, 0.5090337991714478 
0.0, 0.03558586910367012, 0.43186724185943604 
0.0, 0.0402541384100914, 0.5709559321403503 
0.0, 0.03899677097797394, 0.5753291845321655 
0.0, 0.030562881380319595, 0.7379183173179626 
0.0, 0.04616870731115341, 0.2672363519668579 
0.0, 0.06747913360595703, 0.5327169895172119 
0.0, 0.037082489579916, 0.544645369052887 
0.0, 0.04010524973273277, 0.6706016063690186 
0.0, 0.04083213210105896, 1.076143503189087 
0.0, 0.04153778403997421, 0.6288695931434631 
0.0, 0.045742157846689224, 1.2501792907714844 
0.0, 0.03198021650314331, 1.704538106918335 
0.0, 0.03756919875741005, 1.687467336654663 
0.0, 0.040550459176301956, 0.371413916349411 
0.0, 0.02560262195765972, 1.0680798292160034 
0.0, 0.02015174739062786, 0.8346253037452698 
0.0, 0.02646573632955551, 0.5122730731964111 
0.0, 0.02350384183228016, 0.27678319811820984 
0.0, 0.02951958402991295, 0.28438958525657654 
0.0, 0.03581142798066139, 0.6418538689613342 
0.0, 0.035595688968896866, 0.9005084037780762 
0.0, 0.030896402895450592, 0.46018531918525696 
0.0, 0.09219951927661896, 0.45366013050079346 
0.0, 0.13269412517547607, 1.011546015739441 
0.0, 0.03772620111703873, 0.6689432859420776 
0.0, 0.033579710870981216, 1.0992639064788818 
0.0, 0.021212026476860046, 0.5663626790046692 
0.0, 0.03340590372681618, 0.6056562662124634 
0.0, 0.07636518031358719, 0.4887053966522217 
0.0, 0.030133133754134178, 0.6389448642730713 
0.0, 0.03971153497695923, 0.3179033100605011 
0.0, 0.02087770588696003, 0.4117712676525116 
0.0, 0.046661149710416794, 0.4541260004043579 
0.0, 0.02414717525243759, 0.3781794607639313 
0.0, 0.08150846511125565, 0.8031216859817505 
0.0, 0.03940673917531967, 1.308257818222046 
0.0, 0.14007706940174103, 0.4213288426399231 
0.0, 0.056148745119571686, 0.6309347748756409 
0.0, 0.025654522702097893, 0.5656924247741699 
0.0, 0.031037533655762672, 0.4085952341556549 
0.0, 0.03931518271565437, 0.643286406993866 
0.0, 0.041728708893060684, 1.6519545316696167 
0.0, 0.078365758061409, 0.3307487666606903 
0.0, 0.023193322122097015, 0.5434598922729492 
0.0, 0.02200479619204998, 0.3555455207824707 
0.0, 0.0325140543282032, 0.2413485199213028 
0.0, 0.08844853937625885, 0.6883494853973389 
0.0, 0.022601313889026642, 0.41652387380599976 
0.0, 0.041839417070150375, 0.7422211170196533 
0.0, 0.043498653918504715, 0.6035901308059692 
0.0, 0.025770751759409904, 0.6631212830543518 
0.0, 0.06173881143331528, 0.3120225965976715 
0.0, 0.042786069214344025, 1.8023988008499146 
0.0, 0.05591012164950371, 0.2902275025844574 
0.0, 0.05521322414278984, 0.3473571240901947 
