1.1953765131250214
1.1025603899686802
1.114875095419404
1.130572524181632
1.256646493729204
1.1961263522647227
1.1535165701297265
1.2810246125783449
1.2234315099318822
1.2811746557376213
1.1534629211894103
1.220346597034529
1.2631360158869407
1.159749051460471
1.1939400459608336
1.1719462535837117
1.1078207251780174
1.1943298660847077
1.1885229519806628
1.2151417579187687
1.1060792533091353
1.2668369942626287
1.1356798016599245
1.146172755011698
1.2123407893165756
1.1224012471735478
1.1478097608143634
1.1372818365881714
1.1966199455670563
1.0975928037673577
1.1731933295261114
1.2124633440747856
1.13239349415287
1.1881273466162383
1.1643006600529315
1.1051366914063692
1.2173139788095413
1.0403264439159847
1.2154997796751559
1.178859484252296
1.1160621808634863
1.1864106377768444
1.2192607100254722
1.1494329385937025
1.16134946243394
1.188547307510435
1.1944341502989395
1.1612092665440978
1.1648226683493703
1.1064109415855519
1.2279313965426648
1.0791997206561705
1.1077576593564051
1.1785481492755934
1.180914079517494
1.1735760347872246
1.1900224462151527
1.0983923121522634
1.1285282837910742
1.1478969756927755
1.1188361864714396
1.1778758408793484
1.032747508429083
1.1969237525060952
1.1682854248331738
1.2222219017973865
1.0790408374620724
1.1594731011768666
1.159624140255335
1.0833129220538669
1.1022474956286104
1.1276167936858732
1.1263437853439857
1.128165756445378
1.139770533889532
1.1009591889602166
1.091975787211032
1.1085266754120948
1.1020517062395812
1.2170024459852893
1.0455631652758235
1.0711858914560313
1.0208574172109366
1.07210143938472
0.9615429363956179
1.0880283182486892
1.1608654266441023
0.9341725737884127
1.06059527117759
0.9668723060326143
1.0712568810846232
1.0731302686035633
1.0358369575644082
1.090266688061612
0.9847063159861837
1.0444600866235132
1.120938058894176
0.9091863030636752
1.0400727060565977
1.048563766764638
1.0820679148008305
1.101021083968657
1.3182154761021396
1.4729540215648083
1.2064341257971067
1.1855736538318211
1.308920203729771
1.2545247140594504
1.3517951159458608
1.2688183550711107
1.3098102592560181
1.3038216200760342
1.370224347127424
1.226038410855704
1.2652533575296676
0.948054979461335
1.3433110521538765
1.2082358705460554
1.2726677818006122
1.211778598666812
1.2542548854393247
1.169186625797188
1.2601326124068104
1.4920000160743683
1.3076764458318713
1.260118643902481
1.0779015974717088
1.2163507783123004
1.072655213201774
1.1321143303483288
1.2849804046505597
1.0800708847153695
1.017464105052695
1.1416585264772268
1.075469926667164
0.9904726103207994
1.0289426934358765
1.1446012655721494
1.0274505176186601
1.036176113901792
1.001654566863972
1.0109510388038572
1.0751209714649994
1.13895419614645
0.9885410037159896
0.961761685875434
1.1157691518720896
0.9952893417764785
0.9504201446656683
0.9145401840553713
0.9985331329315613
0.9820395020420652
1.0053615078056763
0.8654934693434371
0.9566303573753846
1.010693297016769
0.8046468228023691
0.8551994597488907
0.9415431520794441
1.0081121676623388
0.837213174413424
0.8984319896716999
0.9365027814475979
0.8217708344170938
0.871657786827015
1.0435438381237072
0.8637801341724415
0.7462131535220253
0.7361203952226273
0.7840303968187072
0.9738564077014549
0.9880686365366184
0.7628512224974953
0.8164268913402004
0.7634275750113659
0.8638393634799666
0.7867885966731706
0.7203653169310739
0.8313099255882435
0.8722488506825486
0.8818441911902999
0.7443393503869438
0.8144468948998909
1.0149979544492949
0.7953767590061539
0.7467504200409574
0.713800880550586
0.7575585497525379
0.7200655863921495
0.7626886842954896
0.7496811553315602
0.6602961617262415
0.7819601253658625
0.706477906745532
0.8198300358096807
0.765371492490943
0.7835288116190285
0.7935582434080443
0.6342574794097715
0.7824590329160349
0.7043217140549506
0.7818143497289775
0.7013054152797278
0.8019043691781168
0.7433315567373395
0.8372087656800971
0.6442948750815153
0.8159116614502878
0.6617085462114279
0.6700309099614082
0.579674770978056
0.6304124924796153
0.8034326532453804
0.8780743062621241
0.6836278382404799
0.7754935552986028
0.7376141010253211
0.6780077987654124
0.6837305447620704
0.6674862095555592
0.5804540439085918
0.657162687054661
0.6892093483576244
0.6189322300665788
0.6870699209122194
0.7503394612232682
0.7608376086751377
0.5737483838221675
0.674628139829199
0.6103357272278165
0.5065609336295398
0.6002042535511463
0.5820815427266909
0.70150443154273
0.5564866202555079
0.7423280620535183
0.5880576091717775
0.6324921857227609
0.5492921133947258
0.7204154617058925
0.5782469805643269
0.653526709931614
0.6225796708013365
0.6206255289912437
0.6109048265587119
0.7729154404467945
0.7249271945322197
0.6269903403838171
0.49985550616161306
0.6116824733154387
0.5943350100673659
0.6248342406288944
0.7912624391514584
0.5033344541774931
0.5467563818344459
0.5405601010615108
0.5062787563503252
0.6687081267868407
0.5819180170570976
0.5251448971076994
0.6929956586433922
0.6647635981719477
0.48437384378279175
0.5791240529984006
0.7004024270217144
0.5146148531915941
0.5961789980498597
0.8014579399104217
0.5632235232648343
0.6355378622089897
0.5962969839218288
0.5844688158083275
0.5145077638718837
0.5030782131584953
0.5533717184764473
0.6060895148711201
0.48755221568517015
0.5802696926515122
0.46441413873205273
0.47870079597631743
0.5596227596515746
0.5305110582147163
0.572926683648033
0.6200807652299432
0.4571855719263474
0.6811152245793496
0.47824938734773587
0.5311088070070643
0.4311915189479743
0.4499503290590798
0.5537253615869511
0.41767577670803696
0.48554022324269963
0.5173644592176022
0.5958413403026763
0.593705191584673
0.605667801346896
0.3750896071260316
0.5527697686829959
0.5205180793388541
0.47956493396703354
0.5886196204972592
0.4451348776834903
0.5153732268127887
0.5730742230008021
0.5459172210300177
0.4563000737072597
0.5310747347298331
0.4415540324000188
0.6327464412290882
0.45105587667370034
0.49571266846375056
0.40967101443749326
0.5859273292887799
0.4979564900281618
0.4676497845838451
0.495286972286364
0.46910530536551637
0.5077418650508437
0.5535662208642185
0.5386733732227471
0.5963783694011248
0.56966392555343
0.4554471076465217
0.44292776984603904
0.39521948215337854
0.45254361526341486
0.446530887162531
0.5343547296631518
0.5231495792851731
0.6295399399470162
0.43523240349661957
0.39879738018132016
0.3921710705860289
0.46428381967955124
0.45313501543981155
0.44185977386154895
0.49430778919918883
0.4762031130629281
0.48082935800585863
0.46713459772323007
0.43629850991794134
0.49326609423212314
0.39313905139230665
0.3671508996429581
0.4759452832154726
0.4385494468163056
0.3877138771681503
0.37793604981008294
0.34554593619021723
0.3723007180934742
0.4233278331796423
0.436344147356757
0.3655275281212013
0.517969436487277
0.36214609239791373
0.4608609171527228
0.5706623247848694
0.4020952394915228
0.5184742604632575
0.3312911016892347
0.4453381763590313
0.34709876783230936
0.4292747310395166
0.42961233315258246
0.4057333699051228
0.461985452519875
0.4608724747599761
0.40456959499566214
0.3825241607336062
0.5794712109256622
0.35763499761259104
0.3928958352453994
0.4461515583259444
0.4622874046104123
0.3849538097477537
0.44495667207520634
0.41830690832082335
0.38107622060875956
0.37970665399863
0.3475613136545829
0.34191533750474773
0.49926361215213055
0.4689082931200827
0.5016028029791224
0.4520426481367393
0.317452577767206
0.5163415608748778
0.410428428371175
0.3885583394618712
0.3491172854515125
0.5625835941729246
0.40534409376789626
0.4452115023258753
0.3525506831076965
0.3515640416607659
0.4251689991256086
0.3281716408714081
0.5108554034593586
0.5468073746220401
0.3347592399078146
0.43171070447441046
0.4192937755076443
0.3803064934076104
0.3662710196701139
0.37211084895066254
0.3781380137099287
0.3779207850446095
0.306840856062219
0.3136500257157503
0.43978840472833103
0.3682801981522793
0.3334659219969174
0.46446193878164044
0.3706435531329027
0.3038976692593819
0.380433477483149
0.3375451567380084
0.4034281159106815
0.4048731961456233
0.4242411768264991
0.3429793188449166
0.28522421547999155
0.35150441751462236
0.43590861330785596
0.39803997371026
0.4331480684095384
0.2904808538230654
0.476888225207248
0.2760841168859985
0.40070773756364264
0.29122842356663486
0.29929363296870193
0.3996865511256996
0.39026318731182325
0.3169881404191548
0.2742006904175595
0.28696688553544286
0.3395596340997674
0.43332632818068295
0.3217143297674526
0.42862436683035904
0.4752171035838412
0.31941745119920745
0.3572755815508242
0.2508113026064895
0.2713343160295568
0.34689233692511784
0.24233863185447643
0.4046809134746744
0.28020466725964294
0.31495032646130977
0.3745820410754195
0.28222481832809915
0.4431114594691208
0.21673735413714987
0.30548098526202283
0.3693018382037104
0.40874880823328974
0.33259636749892973
0.29767309304383405
0.39986173533001657
0.43295858109204427
0.45957015079438257
0.30951060308584244
0.3097030378787346
0.3492927053050913
0.26405903602155284
0.3761244552323027
0.319587299361406
0.4891100982227846
0.3277425720744996
0.4410954358070987
0.31536784062968803
0.3527728574634111
0.32598481106008953
0.4674614476508682
0.39593543358227135
0.35358478156420126
0.31701357133590213
0.28205021469544156
0.33094619460032204
0.33398509773459406
0.27397863262299926
0.4918374819027063
0.2384172224084035
0.32821351474674
0.3768954084714556
0.4073026194072463
0.35478521692165815
0.25945476574399623
0.27710815076281786
0.3567905990280777
0.2860662801964422
0.46179528724484414
0.41598241779801187
0.30089942652804147
0.28744362308902555
0.3829157251493087
0.32494924302734035
0.23675467618567472
0.3980982438830606
0.3206898589319699
0.38009723077475094
0.2643463412079501
0.30557338074858514
0.4473399394245277
0.31913189862310315
0.21308160901811007
0.2742337392780014
0.27833207773207314
0.2824517716155305
0.3457903302861207
0.248346873564349
0.30640795855465014
0.3530125045210637
0.3530602910131128
0.46722763316741034
0.31553756313594156
0.28894659261920835
0.27856174210847334
0.21233984448494425
0.46689086930039114
0.2836642829779875
0.2806951810331083
0.2571612324025094
0.3972253326483232
0.32536037666373296
0.30292436171992276
0.4178785177225685
0.2517868159614872
0.22746335413529728
0.45050295308473115
0.2569443841414109
0.27979365663674743
0.29765607784595605
0.2703009091111015
0.29358510073725225
0.2778750702614711
0.3160305360023994
0.43948662714029557
0.3715269771144917
0.38922663280260406
0.23716290732774759
0.3189873268641446
0.2092853386332354
0.43378132562771743
0.2532332531912775
0.2733343161823949
0.33555776775749785
0.28907488416905097
0.2628254105127644
0.2630540396709605
0.268219769917356
0.4608151698755847
0.28882382835073256
0.37396366833754663
0.2865082176096705
0.3716714565791439
0.2647370061392577
0.3404839187743067
0.4249353679242079
0.25226573597460233
0.37502063607428393
0.3567618504250671
0.3671318989996059
0.2881522928448149
0.2942259005181668
0.30455185242492006
0.3314680680907557
0.3333358149196841
0.36504222332938235
0.30099318951728116
0.2423486178556838
0.25054249237696324
0.23122294881984617
0.28935919357809203
0.32844596343143106
0.28820017889327154
0.22275790651232963
0.35165221402234736
0.26730264800808384
0.39636366496436015
0.2785646478443043
0.28392073243137333
0.3434226416686004
0.27324770866958775
0.35191239585135464
0.2805810366504653
0.2970508942270593
0.25649763910483897
0.3763075304390077
0.2921226006384918
0.29195344324066175
0.27847838093992666
0.20742764432661323
0.27937758940452556
0.2549162380521565
0.28354566471918036
0.2800983047603292
0.33042090805308266
0.32011839936129577
0.2225638926376627
0.3563867820106238
0.2332395667844571
0.17460279399638123
0.3164652280022707
0.23653285583482564
0.3076007069122024
0.19256106960228161
0.28800684939656906
0.31521455993493686
0.29503495885188435
0.23763485401080225
0.28045850637887415
0.3109799342653776
0.27683461572993523
0.23299103559306447
0.2838583086578223
0.24896523109061755
0.2191516211728489
0.4157714102909225
0.21492998150003403
0.260106839865155
0.22198242461127127
0.3335617473160218
0.37775745446021547
0.2885751132903041
0.22344031559097155
0.21520271538419655
0.24007228411894896
0.3900808699646164
0.35258948697579745
0.23655876644261728
0.26288755627004606
0.32163764086712354
0.3517887315391188
0.2395516140363148
0.22161736129871987
0.29380505406296836
0.315232876709035
0.28957852635343007
0.23487165176765246
0.3964725933168728
0.2625104815396432
0.3422459760566338
0.2810501584674933
0.27155559597827195
0.3649961495158884
0.33603439571203464
0.43242593745984964
0.3456925907427745
0.303369791665357
0.27281301461007973
0.2702399163104516
0.26566689748956673
0.24392710626879083
0.32492020323154547
0.24895721934930407
0.3000471025219699
0.36681805317034044
0.23875221615763584
0.274325639994059
0.32345157564590254
0.25270781946043125
0.2401541724302898
0.2215403775034003
0.2862282899808047
0.3107488640724038
0.21711900750326824
0.34567243141264736
0.24775821619773225
0.3204688067838404
0.3148437780471545
0.23975947208455628
0.4162171526230809
0.26265467435032214
0.2381890071305824
0.25275936695214096
0.29681265716612587
0.2862390263723994
0.2812788918066452
0.2928166826170185
0.27451659241247967
0.25113128116921224
0.3993533155143836
0.25908910874779145
0.3537666165646039
0.27719695294071667
0.24240871891947346
0.2616268633937667
0.30841285075651653
0.2855752902818597
0.30349873547788025
0.22815254079575686
0.29563956515053924
0.2617743048960995
0.23915814033322041
0.3072260083421608
0.28636038331545305
0.33211722563251017
0.22370128299298583
0.2868856798066299
0.35185109768752554
0.2794217376588392
0.32940612390254603
0.3309490060124706
0.2859027479899605
0.29894359997136566
0.31767274196397993
0.26870488974768114
0.2663549527528618
0.3096705713361765
0.31557707731705237
0.2551491987283468
0.3128062552439978
0.2848879065165739
0.31353934473111256
0.31982547588344934
0.2015781327382809
0.4638607043334884
0.32861530132880024
0.262592745342623
0.21786812789578813
0.2958573546869699
0.24816706317284898
0.37445149128100935
0.22166452322808106
0.3088878954919031
0.23334592301424797
0.305719831272673
0.21128489246185733
0.37004934643011644
0.29162417539546426
0.27347154036405413
0.3306099728032005
0.28209129371180897
0.2550515286335039
0.34652945602387075
0.30482450231540553
0.3398240309511668
0.28222924215947665
0.3162669694218123
0.27952207347133534
0.2772179991965308
0.3265367684158651
0.19621970099895428
0.3618294908803704
0.21358397298351084
0.2860532790899788
0.2739490224566212
0.3365636635254471
0.27601432204427867
0.28281547649956956
0.20342574199041666
0.3389294404951061
0.3782962127003481
0.2692124901034901
0.30115481421465734
0.2836923680378414
0.23811928328226903
0.27461036877281764
0.20998924570841615
0.21386935652688033
0.33390624440433453
0.2540547100301134
0.30289534824007164
0.19701914602662493
0.22803772866157268
0.2618261365232901
0.26323407207928945
0.3439503608883934
0.2629065752140138
0.2299321910549773
0.1942885933102242
0.30921565308617854
0.31775077671635377
0.28548471995611346
0.27722128963823545
0.24318952163173085
0.22375248350419005
0.29825514268632447
0.2911739115160121
0.46650272046658187
0.3108687513620443
0.27835973182110757
0.2389839144663783
0.24128660940105517
0.27609586719135487
0.28225192756190864
0.26684703154650613
0.30238915926804
0.2622433327955847
0.24691226910818057
0.24082201345239188
0.28615900571081637
0.2732362482429727
0.41329310284866594
0.27794280590539966
0.2806471072753739
0.26739540640222387
0.24518401005202972
0.24305312669699833
0.2777680064691398
0.23987047306344356
0.22552913997875285
0.3117391526671816
0.34498267923551607
0.29905138541469756
0.2969568016896119
0.2589258008737383
0.23953894747620072
0.27233136238739014
0.24643815731073784
0.19880305077897859
0.31852118998085366
0.3239035499704667
0.33395012098348525
0.37624941017928876
0.22185741908296314
0.3014143527874425
0.19830800641810578
0.2147537347459257
0.2791697953011135
0.2540122155403732
0.23110306495179678
0.33651945044143344
0.3973341911325288
0.3323770882214329
0.2631221725177913
0.27260280705216766
0.20444490062821785
0.2609709172335145
0.36050084018674805
0.228786811011632
0.2612332996891282
0.306004373510764
0.23098120389311214
0.27139668079588897
0.2128347364093897
0.2766730169608902
0.22754894494430322
0.2428086590727921
0.2205289547328693
0.21290895594256312
0.24164574687883594
0.21273288382104977
0.21830754376660597
0.3073643076551995
0.26440853849064344
0.35575409760519067
0.27985323042860355
0.22194978034011995
0.3181790449661546
0.2318582332018946
0.317895828555431
0.2311394116005043
0.2832477648459946
0.19625972657261026
0.23435101054210505
0.1730222448633708
0.25426948450670656
0.18613297843741675
0.30558020375539335
0.38946120080460483
0.4620350393205222
0.2014378484066508
0.30077376545854895
0.22414418693178742
0.297817462104054
0.20365123736565477
0.19552975097844216
0.1623755452340437
0.2252382758106062
0.2545058830444436
0.19168777831560754
0.1973184635685942
0.30832749788121505
0.2582452640884365
0.16476548125866264
0.34422598402939875
0.19259556115145307
0.28302203097186407
0.32352470859149973
0.25645696763078385
0.3269640098884025
0.32716798103641753
0.2104286615809632
0.3060289555033351
0.22103898075763795
0.2749365857279153
0.2193339151459596
0.25810002998497866
0.23149158856481017
0.2102067461492123
0.16129051340926223
0.2628415702640424
0.19054002358103922
0.21042756432186036
0.20107430779309304
0.3441958347248875
0.28051938436636203
0.25244076096950563
0.3110302094047638
0.2698124910090363
0.297740469621297
0.22167113002130273
0.18588807380265884
0.22259184133378637
0.20592521043667927
0.18685717423120207
0.3377850348343286
0.22848047565493304
0.25062681444764145
0.1680929961583115
0.17427348180561528
0.2575077372796247
0.2027665049503889
0.3247775841808013
0.23806425943776702
0.23443530431033943
0.2522603448634889
0.27687561109460235
0.2513670578129168
0.24251594583365063
0.2258614593109841
0.19659896463989143
0.377323236271929
0.2475918281704681
0.3221778771378506
0.17082084462052122
0.22386324742332253
0.24226479110006321
0.14809470547356576
0.30206682095065823
0.1712426085667279
0.16899295690216756
0.19194853909271414
0.3574880283953635
0.1897139787941833
0.247483194187339
0.20835146929597406
0.3327186554964325
0.1558057690713587
0.1535383564102802
0.3328062259513593
0.18560419441173406
0.19281744446628563
0.20934053480520307
0.24591169518709924
0.291523088840653
0.18765893283316307
0.316274731090668
0.21797743110706422
0.2655725233271534
0.21392105285262164
0.2160970596870365
0.22599394818413854
0.20693062411937563
0.2632964264058933
0.20761446022750807
0.2643098241361484
0.2478180906238651
0.2515096597410058
0.32679777115060626
0.1895269090267961
0.1128731171989482
0.307293223909947
0.35792121265671656
0.15793824841521759
0.2341569844346156
0.24347093789368354
0.24426719464578064
0.2032311068478841
0.288407742220188
0.18937209010509354
0.16806693317301297
0.14664102246840732
0.20477797767457306
0.19270210127407708
0.20052680126931957
0.16016973602611664
0.17596562882347958
0.18438600559154147
0.2776133354527416
0.1749584326141454
0.12787143019415423
0.23388118955020418
0.20672851547214008
0.17260573410976862
0.2795612940922071
0.21229016549872512
0.18467756848969324
0.4045762685273082
0.12734831323195228
0.17197747825161924
0.19382876778799243
0.2555310864306262
0.2669407798484666
0.23168009728242597
0.15977093745028434
0.19839847733545926
0.25152947217681315
0.26199679321683383
0.12805504509405935
0.13803993779558496
0.21266013669002
0.14120519391604164
0.1483199144141267
0.18147903478711022
0.22087385228839862
0.1842794811162994
0.24454514432515162
0.19722210139335103
0.1639113571101768
0.20819796936760132
0.25626711368190325
0.15398978281722978
0.21348616823861233
0.25071430431166297
0.24802766837191412
0.28429704521424315
0.13164321303065604
0.09848817386039503
0.10079339814523045
0.285850985859348
0.126082797320299
0.31988621520980987
0.17857420188658585
0.2874590692260897
0.1750864876874836
0.28835659858404583
0.1796369202186518
0.24615334472382697
0.26140459154342516
0.25595777665072805
0.19370954390506293
0.12073283700367804
0.14139570896307077
0.1600774105514566
0.17864969346633142
0.21755157849699375
0.23696899301861352
0.2100219221717406
0.2399580396589626
0.2509224004395329
0.18988510405966885
0.18717747499973764
0.17881882477482072
0.27617689510906407
0.33617853069774295
0.15982771960746475
0.2617227185579224
0.13809801381631182
0.22083050998049467
0.1520208328661047
0.17021943056869604
0.2597802336101309
0.22658158745906973
0.3474860573533859
0.24214426794774005
0.22488306185300888
0.2298487477607576
0.1880668002284305
0.14612312844162148
0.1779175218088925
0.171074053470328
0.2130381603301369
0.15775883653924885
0.15600801691051266
0.27739647130613887
0.21171689175820504
0.2994910119809463
0.22480709612580876
0.16660357676937743
0.24722089445044718
0.2445720285435361
0.26479417185502924
0.1911644616096024
0.19626582252887195
0.4076704221958075
0.1724539982079203
0.17592212307927382
0.19603193053219337
0.201180152757462
0.17990244037633157
0.24654518385684668
0.15689895190054773
0.22936889769171612
0.2041220444443012
0.16251162459573593
0.25772786416510124
0.2240531680430457
0.16969841799188518
0.19302404494412134
0.23681940984109814
0.11782945232771413
0.24278702799185853
0.23938845581567594
0.16996390393410185
0.24581308681658473
0.2626163417586657
0.25191131264654515
0.2740149720097751
0.32984945381443675
0.13648670998138057
0.12051061068778586
0.21687481737108727
0.2011726684205638
0.2748102069351983
0.16550085745876505
0.25680783736469776
0.18935617075785519
0.14564193816314644
0.1441680157073844
0.1799424669048479
0.1935028937589158
0.25185622689562964
0.18774272107885645
0.17948941090773857
0.12171639695172423
0.22507163958097043
0.14481605856992355
0.19171986566190902
0.0869069127673043
0.2440672931453395
0.2935193490217901
0.1766149057365597
0.15095276524312864
0.23302900534427579
0.17607604908864005
0.2344132843344684
0.21724628764705123
0.19025497715514617
0.24216875860947804
0.19419271860003168
0.21188172141700687
0.1540584815158945
0.14790687295462193
0.20507259037289988
0.19689595347675481
0.27990618731856415
0.26301380933785673
0.16508525542993718
0.1683416779911988
0.2429332428956263
0.1239743563718095
0.15559239978197736
0.312641397446599
0.1883853066441727
0.12754364415906436
0.24966197998539497
0.1627692792550586
0.268888093034265
0.1536424426739867
0.20565515828323033
0.1323707632568191
0.2534609391576031
0.18973824714902812
0.15301729315048246
0.2231416475006205
0.24498185228991623
0.2299512238067103
0.17742289170563516
0.3407442331689423
0.1360595212037435
0.18318741875863812
0.2979682062061823
0.1494291362733356
0.15919660033709748
0.16487428940167903
0.216012123866737
0.2392686005640545
0.17926145618542655
0.1908719036653736
0.24557997061954387
0.32273638225978357
0.24043113435545546
0.24377068337640062
0.17174755431005595
0.2250942492780545
0.1575967719636433
0.1433656740176334
0.20379658452859545
0.3486091317336175
0.3124044682429817
0.18319624179108318
0.14285105188542138
0.17083145837346908
0.1451371616301648
0.14792980736166259
0.15213496981138844
0.1968193317753952
0.1734632579571018
0.23404230006270096
0.24378984875659915
0.1864297328795847
0.21212193472259822
0.17977336920863027
0.10472233590804848
0.2535508587082708
0.22752200842010628
0.17825594889522708
0.16758671067339062
0.13740656061568565
0.14860005403076465
0.2977314421071967
0.22742571039848009
0.2025853955103124
0.12410456230617348
0.23521329035849725
0.2510565776444987
0.22218904462478647
0.15090916456845618
0.23141347579082616
0.21500467315639157
0.1529163493851641
0.14671808209146048
0.1778280974346324
0.18251609838423868
0.18611252839211545
0.19565473524774624
0.16828613489225053
0.1270493225941861
0.270817520185566
0.2621959782002911
0.14409458356017366
0.16829801047363324
0.21082616717649763
0.14386151070494818
0.12163292003468454
0.21043670899243375
0.2390909507688303
0.15601567902087846
0.2756784346743725
0.19067640393679244
0.21208368616621318
0.2449811773011739
0.19441751670840454
0.1477530640373362
0.20207190443703874
0.14977199878371497
0.18928081060439958
0.18684627412282342
0.1118486638250907
0.18196957567901892
0.22627096212131367
0.18549170743358012
0.22351723591496908
0.14318262819346883
0.22709190311694472
0.4310056751894167
0.26672892195932096
0.15704948608602984
0.10980947448529768
0.15306506369226092
0.11756243541930034
0.142600678940053
0.22668329218105865
0.2124345292632291
0.15807193820812374
0.19342035274972866
0.2775999863926209
0.1525579231175749
0.12635198429968755
0.17726729376097594
0.24804187745566111
0.1152350656522142
0.291679464543817
0.25568699161280806
0.1749905281446409
0.1111596949723262
0.08924526507857727
0.20983646141295104
0.15390039449901524
0.22361808462818678
0.16389057430193277
0.12332917450766767
0.13579967516935199
0.2055441126281976
0.3000100205901888
0.19048521174063326
0.20942345740654622
0.1639257675789483
0.17533521851762243
0.2049598778019457
0.21837953650419126
0.2647576513575531
0.1845272253899413
0.16974670780259904
0.11814349489207472
0.2418516879856082
0.15318208074657358
0.21604303468248967
0.15726575429359427
0.1539621379390732
0.22227520092387607
0.2547760915936548
0.2083218077649561
0.14204979273225818
0.19416519668032786
0.1861259017039856
0.20878087899010891
0.11944057212596637
0.11153260532162003
0.12249020504505619
0.23172300092658846
0.252049269615228
0.1250941290489336
0.20421705005927765
0.1988144647168881
0.19461900795602857
0.13586858296720256
0.1585890193537208
0.24375847730934883
0.16800161449651957
0.2295905831578682
0.14079001711078518
0.10114044963972581
0.19484649300013113
0.18058966176014463
0.14387947063720166
0.1450086778764558
0.12396636706929327
0.1615667211085205
0.1127850401710842
0.2808967111987654
0.18777745674189317
0.17522432458397955
0.20852059560076003
0.10254295425331152
0.24764841924292938
0.24836988336728588
0.1665308535300829
0.2677591396282115
0.3503244381760774
0.26601602303132094
0.22353220397714346
0.22278868179416159
0.19786111893981345
0.19333837160278536
0.09851745681721798
0.14702670262119397
0.1360697127015001
0.18294073562370908
0.269543747208084
0.1723330272165164
0.24091422689837386
0.22039363778288434
0.19775226404773477
0.15636670502633465
0.2652782459720554
0.2651306694676427
0.1687125597967776
0.2232618967840749
0.18085724413018994
0.2528541315759043
0.16399001293917315
0.16494045106181005
0.12168256912394713
0.11014666250680644
0.3742626549798669
0.24776690478988608
0.19023308349779286
0.15729580128366197
0.11595329326800721
0.25544050674531005
0.11777408508342914
0.1209074387298538
0.23111503077496495
0.1516725356995168
0.13210569091426794
0.090961512532956
0.23595774201683647
0.20250268162763932
0.13256487152274216
0.1880168179389634
0.31468141345350187
0.21838666129631293
0.3508851355178287
0.15370544906349265
0.1543989539119666
0.1121945413449886
0.10142163898410407
0.2950254794588218
0.1436014700355558
0.3380723074981646
0.20666148813379018
0.11070924114926031
0.21657200979232727
0.27759701003909554
0.27922653636859707
0.14586761315106844
0.15973919385931662
0.14233843139502528
0.22154877006892312
0.1338332036566466
0.19334032798813652
0.1688121837554062
0.15681530195094143
0.19043571985888103
0.16052011502787789
0.2752229779399837
0.11318154469602665
0.15399609151040394
0.2396102829550968
0.13237572934825304
0.13754956165767923
0.1269605771895522
0.20207827316845853
0.18648326865337306
0.10389569170066268
0.18415939760784034
0.15851429926272032
0.15298661417185958
0.16053900522332773
0.15577129366889247
0.2975303589675119
0.2645114099483318
0.35217678632233346
0.15363554676497543
0.12422538404361474
0.11328270587620808
0.131026910188951
0.08621089868584383
0.17313269788202265
0.11829806405077727
0.24678564079675364
0.137359784460402
0.2348782134840318
0.23192016425253395
0.2964553525441541
0.09183472688986061
0.19480998068998498
0.0768863424906107
0.23125915170421812
0.13251476812679666
0.08342292729605028
0.1250166102611089
0.19407302362811463
0.20728861711891092
0.1283851648642554
0.1233822729019841
0.16535572544840935
0.10963590785822433
0.08674384690440569
0.1453616269272329
0.14350941951293095
0.1659274618464262
0.2123287262512475
0.14594731147933251
0.22868047788187876
0.26700928123780504
0.24043736785355554
0.10558748902410356
0.19371616382783102
0.14763278377709468
0.15615926059813345
0.1489128546395782
0.14297609622447852
0.22270455695245212
0.16336044651546022
0.14130492750399137
0.1629714984999102
0.12332242421690025
0.3012216442559487
0.2712350845523755
0.14236215659101994
0.14300377278805193
0.11117124706455418
0.15895328726656452
0.17155754085879174
0.2278294526326962
0.06402394488936078
0.11876905915251176
0.16576559284759948
0.18363364552609532
0.12571743415954525
0.11461306027486207
0.1569393221981741
0.11353025538442754
0.18841605587930166
0.23369835004725173
0.11298248916840524
0.1916807726605663
0.12412148695815783
0.08846063562762566
0.16486675700958145
0.1608222761030783
0.11818160235008054
0.11066398340925579
0.0778713336303446
0.23310417613889925
0.20597698196911873
0.1046975671394167
0.12304418240405898
0.13682428014432274
0.08091895403464947
0.17840143117557275
0.2368296430032827
0.1338184817950436
0.240294060122215
0.2159878771409889
0.2139888027928848
0.24975736634802645
0.13737797084834055
0.2120403071602921
0.18183699106049875
0.19315117861658673
0.14309132226708518
0.28257877694735534
0.09355000683273436
0.08524496367490077
0.14131779842786682
0.16378730997544746
0.1349198079262385
0.10624098463534659
0.12510892778096575
0.13578428821672317
0.1565117523493073
0.08232170233183062
0.09160235834894769
0.16733117834179234
0.06994433417599602
0.23236747563784257
0.1261865985592188
0.12821659000006644
0.14576141353016286
0.220694581805078
0.3078612989432835
0.21088227418165242
0.2743415533795953
0.20949142397893117
0.2834668013979186
0.160884441800795
0.10201613234397358
0.09478873726008012
0.13249889444681617
0.20007815399608342
0.21413872433858877
0.18536784981728138
0.11253443325746654
0.06586413667373074
0.14081241494522698
0.15731722289592312
0.08585702152165409
0.07365377618329451
0.1605239165102583
0.13231322591492511
0.19055540765778628
0.21622063962000268
0.19928633739222867
0.10914735309446015
0.20148154612331076
0.09452625660064592
0.1820601110326825
0.16626119222469732
0.13439567806186
0.10728618172004886
0.27170642680828405
0.14798160097628069
0.16562897872858218
0.09015222086626751
0.07475593982074898
0.13537277210394746
0.21547829805546034
0.11798267612346933
0.0649197674481248
0.1113131375889993
0.12312600460746632
0.09300499655019549
0.23663125688659523
0.1999608537890076
0.1394405423796799
0.17653068906716582
0.07919808267616078
0.06777703471490046
0.17679524466453997
0.1906267968424488
0.12406087946779468
0.14830283566300745
0.06271933681110202
0.26845056683757945
0.16913019977591884
0.1399015384695926
0.07471913640563131
0.15992973599157298
0.24351734825705945
0.15493076186485766
0.11039085041308834
0.11271243453064152
0.14528717073917824
0.17525705343666248
0.17534726944604598
0.12359641431883164
0.23204967165011695
0.21493190313621038
0.20920272284968008
0.0782324745857145
0.22820075956558752
0.09296550996242324
0.12158416225738958
0.2457963396165106
0.13674942235989343
0.1253632567504539
0.3126704966321183
0.08799086531501231
0.24020196614207132
0.2018403180747788
0.1547512568439416
0.16697574272027033
0.17365368273927478
0.1731194171082198
0.14066378594220286
0.11177080577007599
0.06944551398416057
0.26227934148166115
0.18316729317203664
0.18104704276055084
0.16836678775517686
0.16864755089512892
0.1792864306655719
0.15917457083282244
0.18223419940471097
0.10362425336720975
0.10450329877944872
0.12172131590182858
0.2409663068238862
0.23889637661281943
0.09178222011164387
0.05126375485257449
0.10330023181772761
0.21851511432622697
0.15666796544484318
0.18763322503196994
0.13982056814376406
0.11967627063215906
0.08896975222275331
0.12526780598768322
0.09890523909517823
0.09173281903233267
0.20655567165698308
0.1457835121209839
0.17497436578330952
0.10291225647985587
0.12329382249462335
0.19805792143027157
0.13275173021156067
0.17508115988930903
0.3326554713238807
0.1296288738887544
0.0770933411121636
0.2730186458502647
0.09872828103749559
0.1725740316350501
0.12227233455352526
0.17239219729930855
0.24994283557748373
0.18038454254239805
0.13273138931793446
0.09517997593168853
0.1971270843278276
0.13819967807573252
0.13332558037147627
0.09948100135459063
0.16615479786411733
0.21249532476839453
0.16198031040056632
0.10818610289736404
0.09779611166778167
0.09758396896671648
0.23051158896821555
0.13152093838331136
0.17256451473981788
0.25235786385487646
0.1496639425086457
0.1895855851244978
0.19162012236655765
0.10467309001976473
0.12894080712335718
0.14163029677938357
0.18954102744790696
0.21321407033400086
0.11860026904283907
0.042045954814334034
0.1845066444028184
0.05215108515524138
0.09617401967728456
0.1593657924932287
0.3010789403479559
0.15437769808498833
0.1440209454747948
0.09397093189645493
0.2632302094688165
0.07209165032639424
0.10269378180111462
0.15688166798493977
0.052132671911868246
0.18269364952136916
0.08189142442366407
0.19863157789402336
0.23737996454366864
0.18772266799010062
0.2509502209153784
0.12123722021090197
0.23825670466832877
0.11381764853793572
0.2697599973081248
0.16069268851996582
0.19118032031605267
0.14974198196529936
0.13437045028266953
0.2249961824446844
0.2298983524457011
0.050874805379920375
0.09860886212345979
0.2514705547251697
0.19892921792183837
0.1342696406689749
0.2632096531625423
0.17964107314991629
0.26191891578153415
0.27196888000747654
0.20187975540486236
0.14654591912985065
0.1927405926799319
0.22665865451675704
0.09889013242999078
0.07996879354069958
0.05825833666300239
0.11338887638368854
0.13819040967923915
0.05417318827670128
0.24757421907821864
0.2557042113506726
0.23434163435593136
0.09103494616752383
0.12997351619823447
0.09623803673884253
0.15103651446968105
0.10437280668466516
0.21307415418600614
0.19840120739634579
0.053944325068413373
0.19667880378280456
0.20350824512530868
0.15874817603162852
0.191425281266814
0.1516751330127483
0.14350172366539793
0.1644928366527179
0.26910371440773667
0.16943162934791017
0.13797635810214245
0.14823010217728275
0.09648737003724453
0.11646448654377954
0.15131014153671435
0.15318661199904188
0.07743777343225053
0.1117960129768511
0.12293873666830657
0.17144191738685377
0.3138078770142659
0.3268184425595107
0.14986280131003557
0.2534044461516196
0.06423356177939728
0.12521252447235395
0.13823474502345828
0.20277056721047557
0.17152677217014045
0.20701937607673815
0.09300088593427733
0.08885766177072447
0.1292960409371617
0.11116621587349058
0.16129254775659457
0.16844595725968337
0.1309465593050621
0.12423814989872649
0.1234571123255767
0.13457085937169735
0.11601129884118669
0.10598360608499564
0.1245731481756993
0.12148310526440421
0.20204046911262022
0.1903790536642968
0.17012675458356305
0.18660044739961457
0.09484276070552289
0.04847155989244212
0.24192019699699754
0.11769141771898078
0.22007977680215995
0.1210740207220812
0.09158120480261266
0.16273115554985018
0.11869355162721537
0.12677855970082874
0.16084112687985913
0.05852759142401634
0.2677843412754452
0.17697797996465625
0.06629577810903789
0.18011633527327225
0.2077888616621557
0.14926309147221914
0.16260418124157125
0.1354002859193207
0.7225233013679853
0.16730137133536524
0.11723594837432004
0.06952664169925302
0.1768169878735246
0.13941823947612275
0.13541218440993602
0.14188519607043232
0.10672219950910096
0.14755499555171978
0.13129609864152558
0.09336930672366463
0.0719676799240062
0.16404825926738012
0.05722108736654034
0.1445611311984726
0.16053133159669408
0.1618772707025812
0.10790729764757302
0.14289016397913898
0.12416068674739164
0.4451342304533174
0.140854384696301
0.227016397561521
0.1175351663278285
0.2607248602009618
0.06639810898227014
0.17632461910492525
0.15462808935021977
0.1890234286213214
0.08201285497863657
0.17663585741085863
0.07970826732264828
0.22767585433815363
0.13793775179613754
0.14261836560669358
0.07699909766232223
0.07717239321386726
0.20096861353904028
0.15347424760175063
0.13751986846156303
0.12953273515261296
0.16677260242010666
0.11603570125942109
0.1557139318781188
0.21381740943097738
0.11214368551005367
0.10511368781728532
0.09250404382648762
0.08807702793156122
0.11615118218456218
0.10948365855852699
0.13005965270831585
0.21634035610015956
0.14101076880465277
0.17919762904291772
0.08463769900473797
0.16733468682924615
0.15934299912531724
0.1419181831822568
0.40989353296040304
0.17334813552229578
0.16708218843754397
0.1591126645482135
0.1190115009104739
0.1145679876914858
0.10228425921519244
0.20809122031162083
0.22469118610823102
0.22214438098117226
0.15770998459428434
0.15675493228477083
0.1675795529124045
0.19123223490743485
0.10451909014413442
0.1831661396044437
0.07510560193234737
0.1717613835552035
0.13195614080795912
0.05397359021208354
0.0404512761466798
0.1768901464334475
0.17014087048142373
0.13042471976712516
0.14032318821429615
0.1584553994690919
0.13817968287749588
0.2751608541885664
0.17479273386950342
0.10355772849961238
0.10359353155990099
0.13515926447269555
0.26816163575346175
0.125689536769734
0.15700948779659848
0.06773773610450277
0.11405035730325096
0.11120658449001891
0.17310652568906224
0.03261447208486281
0.1992691681473684
0.20342422433684007
0.11782384593200106
0.13311917768503911
0.09443560682977487
0.10812411469542199
0.1276222407229752
0.16086460585214746
0.17718137441871543
0.12739116769975922
0.138908027544447
0.17608446480182455
0.13212489495964996
0.1340295848976834
0.13335277696928047
0.1523441574287802
0.13469969416108196
0.19522730452230638
0.09659724483568398
0.12848350178631232
0.11191977996138741
0.08287638496114783
0.17206550129018125
0.11912394029319508
0.11125314842352131
0.08432251404187611
0.13527032466476147
0.20174409031416696
0.05891918548165524
0.15376468640203603
0.10058772721930377
0.12345546365466456
0.15116883878473758
0.1291072591538069
0.1294049080808162
0.13074102944033067
0.11597529573950452
0.09535163948786834
0.1631957985621399
0.1623662385042704
0.11320842902360292
0.12379192564608527
0.12216580495080513
0.19765201693715395
0.052159913493996395
0.2629383420616896
0.1646890053352582
0.09336777352061973
0.09824631874137749
0.1584334560408093
0.04988488688812573
0.13332658569271089
0.20562786146364395
0.14295258339083639
0.14230219155491752
0.10600782634862586
0.3188530725076508
0.08023728903194496
0.20169118084413903
0.2655096494369468
0.10090218862340954
0.11241674008237791
0.0558769549496361
0.07336095703720359
0.1429542467843567
0.11695121175908048
0.09650536939451158
0.09408021612279496
0.2126547790488371
0.04970223122056716
0.08050916998351021
0.17216959807686205
0.1719213695152977
0.1690196766204081
0.21378871583987105
0.08431033647254214
0.21902367815763407
0.06326798021135736
0.09939847045648512
0.17670069138652597
0.1018961031515604
0.15283275075020814
0.19415170680574742
0.0965149095700496
0.24712311633402273
0.2594773351834
0.06909294391701226
0.09643556524938057
0.10291023149451162
