0.1896551724137931
0.2391304347826087
0.2727272727272727
0.2037037037037037
0.20454545454545456
0.2
0.22448979591836735
0.2727272727272727
0.20408163265306123
0.2191780821917808
0.23636363636363636
0.359375
0.26229508196721313
0.3050847457627119
0.2692307692307692
0.32
0.2830188679245283
0.22033898305084745
0.3684210526315789
0.2653061224489796
0.24
0.288135593220339
0.3
0.24561403508771928
0.32608695652173914
0.2894736842105263
0.2692307692307692
0.30357142857142855
0.30357142857142855
0.42857142857142855
0.3220338983050847
0.4
0.3137254901960784
0.288135593220339
0.3137254901960784
0.3584905660377358
0.3269230769230769
0.28
0.2542372881355932
0.23636363636363636
0.37254901960784315
0.22641509433962265
0.33962264150943394
0.3559322033898305
0.34545454545454546
0.4166666666666667
0.21818181818181817
0.28888888888888886
0.27419354838709675
0.2833333333333333
0.31666666666666665
0.3137254901960784
0.3018867924528302
0.30434782608695654
0.24489795918367346
0.3469387755102041
0.36507936507936506
0.3404255319148936
0.39215686274509803
0.32786885245901637
0.20689655172413793
0.3137254901960784
0.2558139534883721
0.2727272727272727
0.28888888888888886
0.4117647058823529
0.2641509433962264
0.3090909090909091
0.3181818181818182
0.3157894736842105
0.3076923076923077
0.25806451612903225
0.3157894736842105
0.4878048780487805
0.42105263157894735
0.2765957446808511
0.32142857142857145
0.39215686274509803
0.30158730158730157
0.3333333333333333
0.3684210526315789
0.390625
0.38181818181818183
0.46875
0.46511627906976744
0.35714285714285715
0.5111111111111111
0.4230769230769231
0.5
0.37037037037037035
0.2631578947368421
0.3442622950819672
0.2698412698412698
0.3469387755102041
0.35294117647058826
0.34545454545454546
0.3137254901960784
0.3559322033898305
0.36507936507936506
0.34615384615384615
0.4230769230769231
0.4406779661016949
0.2962962962962963
0.3269230769230769
0.26153846153846155
0.2926829268292683
0.37037037037037035
0.4406779661016949
0.4090909090909091
0.3235294117647059
0.35
0.3148148148148148
0.2830188679245283
0.35714285714285715
0.35714285714285715
0.29310344827586204
0.2978723404255319
0.3673469387755102
0.46296296296296297
0.41818181818181815
0.46938775510204084
0.30357142857142855
0.36666666666666664
0.3023255813953488
0.4117647058823529
0.46808510638297873
0.3269230769230769
0.4426229508196721
0.4117647058823529
0.3220338983050847
0.3333333333333333
0.45454545454545453
0.26
0.3728813559322034
0.36363636363636365
0.3877551020408163
0.3333333333333333
0.3695652173913043
0.3389830508474576
0.40425531914893614
0.3870967741935484
0.44680851063829785
0.36231884057971014
0.48936170212765956
0.2608695652173913
0.3333333333333333
0.3968253968253968
0.40350877192982454
0.4107142857142857
0.3442622950819672
0.4107142857142857
0.4
0.3125
0.423728813559322
0.41818181818181815
0.3584905660377358
0.4791666666666667
0.4264705882352941
0.3870967741935484
0.3333333333333333
0.3333333333333333
0.28125
0.44680851063829785
0.5102040816326531
0.49206349206349204
0.40384615384615385
0.45454545454545453
0.43636363636363634
0.39215686274509803
0.35714285714285715
0.4
0.36
0.37735849056603776
0.46808510638297873
0.3559322033898305
0.288135593220339
0.5333333333333333
0.49230769230769234
0.4576271186440678
0.42857142857142855
0.4666666666666667
0.42
0.46774193548387094
0.5319148936170213
0.4523809523809524
0.38
0.42592592592592593
0.3673469387755102
0.3333333333333333
0.48936170212765956
0.4857142857142857
0.34782608695652173
0.3333333333333333
0.43333333333333335
0.38181818181818183
0.5483870967741935
0.391304347826087
0.2727272727272727
0.4852941176470588
0.5098039215686274
