2.306354522705078
2.298837184906006
2.2910547256469727
2.2777316570281982
2.2568418979644775
2.227030038833618
2.181643009185791
2.115447759628296
2.022679328918457
1.9003090858459473
1.7520333528518677
1.5845789909362793
1.4028071165084839
1.216841220855713
1.037426233291626
0.8732760548591614
0.7519659399986267
0.6721845269203186
0.5550507307052612
0.500988781452179
0.4019099473953247
0.3295941948890686
0.2858802080154419
0.22314868867397308
0.20285622775554657
0.14336703717708588
0.13664814829826355
0.09631946682929993
0.08455384522676468
0.07425176352262497
0.051411621272563934
0.04619677737355232
0.04248739406466484
0.03151601180434227
0.025006862357258797
0.02467353269457817
0.01666722260415554
0.013310843147337437
0.010754333809018135
0.009936732240021229
0.008185810409486294
0.006552128121256828
0.005420455243438482
0.004118791781365871
0.0035737326834350824
0.0030888249166309834
0.0026484320405870676
0.0024987594224512577
0.0022359194699674845
0.001776807475835085
0.001450073323212564
0.0012994996504858136
0.001146126538515091
0.0009786145528778434
0.000861300271935761
0.0007958502974361181
0.0007371757528744638
0.0006550357211381197
0.0005658787558786571
0.0004927888512611389
0.0004426487139426172
0.0004083729872945696
0.00038144143763929605
0.00035909097641706467
0.00033541637822054327
0.0003116573498118669
0.00029010415892116725
0.00027224794030189514
0.0002580067375674844
0.00024640143965370953
0.00023614348901901394
0.00022638206428382546
0.0002169977524317801
0.0002079475234495476
0.00019974015594925731
0.00019273954967502505
0.00018706406990531832
0.00018242347869090736
0.00017828118870966136
0.0001742052991176024
0.0001699616841506213
0.00016642107220832258
0.00016284635057672858
0.00015935421106405556
0.0001560268719913438
0.00015288972645066679
0.00015000994608271867
0.00014735557488165796
0.000144875084515661
0.00014250488311517984
0.00014026679855305701
0.00013800051237922162
0.00013581939856521785
0.00013351853704079986
0.00013165858399588615
0.00012955174315720797
0.0001273261586902663
0.00012461830920074135
0.00012298890214879066
0.00011992348299827427
0.00011764033115468919
0.00011505141446832567
0.00011148816702188924
0.0001114531623898074
0.00010614028724376112
0.00010546883277129382
0.0001003751895041205
9.943767508957535e-05
9.36566575546749e-05
9.139438770944253e-05
8.77623533597216e-05
8.527070167474449e-05
8.097840327536687e-05
7.78327594161965e-05
7.543095853179693e-05
7.37259688321501e-05
6.90551387378946e-05
7.036748138489202e-05
6.54893956379965e-05
6.583130016224459e-05
6.13307929597795e-05
6.099948222981766e-05
6.0737660533050075e-05
5.5209693528013304e-05
5.651020910590887e-05
5.383559982874431e-05
5.0423244829289615e-05
5.122012589708902e-05
4.877692845184356e-05
4.53085704066325e-05
4.839979374082759e-05
4.503789750742726e-05
4.361456012702547e-05
4.458213516045362e-05
4.297710256651044e-05
4.000325861852616e-05
4.16413058701437e-05
4.104542676941492e-05
3.77288342860993e-05
3.833484515780583e-05
3.820577694568783e-05
3.686287163873203e-05
3.549611574271694e-05
3.6868419556412846e-05
3.574223228497431e-05
3.4272463381057605e-05
3.467778878984973e-05
3.437982377363369e-05
3.339645991218276e-05
3.269916123826988e-05
3.269315857323818e-05
3.205753455404192e-05
3.185293098795228e-05
3.169600313412957e-05
3.1266899895854294e-05
3.091527469223365e-05
3.0813935154583305e-05
3.0376912036444992e-05
3.015641232195776e-05
2.9927956347819418e-05
2.9679640647373162e-05
2.941939419542905e-05
2.9337923479033634e-05
2.899227911257185e-05
2.8845277483924292e-05
2.8583042876562104e-05
2.850554301403463e-05
2.8185722840134986e-05
2.8014876079396345e-05
2.7808267986983992e-05
2.7772484827437438e-05
2.7448693799669854e-05
2.7263937226962298e-05
2.7263940864941105e-05
2.705137558223214e-05
2.686461084522307e-05
2.664807834662497e-05
2.6626237740856595e-05
2.6493133191252127e-05
2.613751894386951e-05
2.6181196517427452e-05
2.5944797016563825e-05
2.575211510702502e-05
2.5698474928503856e-05
2.543623668316286e-05
2.526736534491647e-05
2.5070690753636882e-05
2.4931630832725205e-05
2.4885934180929326e-05
2.4792563635855913e-05
2.4625682272017002e-05
2.441907417960465e-05
2.4401173504884355e-05
2.4180661057471298e-05
2.4091275918181054e-05
2.4077369744190946e-05
2.3868771677371114e-05
2.3622418666491285e-05
2.366610169701744e-05
2.348929592699278e-05
