1.0927342613097988
1.3723332976753062
1.2003196611909606
1.2182803539398275
1.141236163027396
1.2180854512681796
1.0645113127449384
1.218311119172722
1.082731724044756
1.1992425940385678
1.2228756815195083
1.2937823753501918
1.0757774302647227
1.2165097281245925
1.1736616880437474
1.1552083881863628
1.099779417404882
1.2095376074132396
1.1410794470240089
1.1775161338809095
1.129254354370965
1.1977996903782089
1.1634105313339351
1.1614381789722863
1.1058659857457005
1.0417768673108119
1.0299780762379434
1.2793463359064445
0.9777857921119913
1.22989626512641
1.1983134200175602
1.2303537362470076
1.2026450869648955
1.239686209294531
1.1440008968258133
1.1083711888860255
1.245758440864237
1.1843348231883972
1.0949386678832143
1.1927761570157775
1.1123962626332724
1.1756533653621215
1.1551655522752098
1.1997047123867413
1.1391340595670045
1.0455084194739659
1.0901515796780585
1.1310051901059017
1.1496554539463986
1.0566927982472825
1.1268464795624216
1.0160559592523466
0.9377565032459403
0.9247804085559704
0.9944261058137335
1.011364132884037
1.02017110157758
1.010503071079771
0.8790218150004362
1.0164903368255713
1.0127924642590589
0.9146559151820839
0.9315022679942625
0.9274573758783111
0.9317429992253892
0.874865937882509
0.8852591416332871
0.9056951005647822
0.8424338836626835
0.8251145586024883
0.9162299432504324
0.8789131117154316
0.8346164203536364
0.8493715368787802
0.8428428910481625
0.8602943913079798
0.7693625372576426
0.8372139903936493
0.7699512217806864
0.8559132453790584
0.6414000761959656
0.8282979051014636
0.750566952566548
0.61976462593992
0.728521203758513
0.7192170251689759
0.6624544900176781
0.6810301048568932
0.748769915366874
0.7410584440908562
0.6558328776779335
0.6575709982965905
0.7043701466560984
0.669830656933026
0.6169653237988073
0.6028429829049855
0.7142981704181204
0.5733030312228948
0.5226945998810426
0.6454186274150256
0.574732603414393
0.5709287842845308
0.535619740904076
0.5650053871198534
0.545260670095137
0.5099652805395473
0.5714258552802837
0.578022675020083
0.5762492928511883
0.6627296763059648
0.6131424624024027
0.5233275033609798
0.47067007800797
0.6084694578425913
0.5535003276782782
0.4711753986893764
0.5094377931159038
0.5362690674346162
0.4227681509634879
0.42965300365467557
0.47903244614075774
0.46835004033055155
0.5530808003489636
0.4865530051968314
0.37185228707889717
0.48268394602474746
0.5070726888758751
0.522316718202868
0.4793124452453294
0.4178194591312647
0.3997041953299254
0.46715547018124476
0.4555582259346854
0.5404996418489775
0.4260478659722139
0.47779872609060947
0.39562408279191374
0.38313175157626816
0.3983338899866101
0.45078912925787223
0.4543742867405108
0.43560356100630243
0.3787066527965598
0.36890907003184964
0.36824107115403804
0.4087443539323342
0.4405449417610772
0.35782754507977743
0.3737463195948186
0.36445711591939867
0.38071770987851655
0.40325573919716
0.3377471115201504
0.3453440810807542
0.38366216157027805
0.3437863976765324
0.3197550837284358
0.2924417622101379
0.3336083471383972
0.37782226458866364
0.35639032843955204
0.32311324631145427
0.30232965478062396
0.2988219175342345
0.39710817915879487
0.30587930446917994
0.36536287708466475
0.33016090703590417
0.31997177584997255
0.31267167355331543
0.34880100423827515
0.35924160665060145
0.402094141676686
0.3269325933445693
0.3199638010390177
0.2300643962360748
0.34757112836680937
0.35790604824666505
0.2992980868321301
0.2921350804862008
0.3094718125764673
0.244166123137461
0.2681248717447961
0.21981539176965434
0.3067637251543125
0.3614461703240391
0.2935010218049951
0.2639650413170568
0.19492090898583
0.3059219642272236
0.26368344806597416
0.25268727501202487
0.3205585328976754
0.3649009305155022
0.21679507450537086
0.3153907573233754
0.21300253630458124
0.25655561794185733
0.22312757698175076
0.22451762061865776
0.23978004090005048
0.2635302366604947
0.25594907931752414
0.33183202309897397
0.2566410067328177
0.23637325150596128
0.17789538205432195
0.21718584773518765
0.19316867967614057
0.22942078150226736
0.19435916218975194
0.25472086401205163
0.2154490693175359
0.21095157591072422
0.21280321044846257
0.1868063002330567
0.22164274861790562
0.22790719876861482
0.19237459186112033
0.26322829502182743
0.23940339029920593
0.19763598674368454
0.23734825898936834
0.2403489782140057
0.1390333058614561
0.24921856995204816
0.20918507231841754
0.1947468645659403
0.17543084647063317
0.1528388614432302
0.1785056552965561
0.31671701994762314
0.15942709535483043
0.18466565831771828
0.21816486364934506
0.17211493482888018
0.1957124897710489
0.1673440453645426
0.16142627414886387
0.15029712168677634
0.09745101098191525
0.20565880941056905
0.17604476364639368
0.18607593818146598
0.16609462003162817
0.1800698489647349
0.15484980181364202
0.1925774556587491
0.19515723417301178
0.17423103782336338
0.19971724312151873
0.19283129015060788
0.1769157461204958
0.17577354016079713
0.1562449196451079
0.14109363822972557
0.24602867594910127
0.19791540988268988
0.13039937925211303
0.17211030868084629
0.23192453190440107
0.1730940481421665
0.17175142009460148
0.11579734677358844
0.1319393979360734
0.1492252713372696
0.20711303014269192
0.1530130058953529
0.17112014261221653
0.18159191698268168
0.09204639390020188
0.1561836439710845
0.16709475254134257
0.18500028544587935
0.15250003097365483
0.09914255657521992
0.1309161205892669
0.154316504954799
0.14331595748715792
0.19443809811633775
0.16540467881379808
0.15564390137637138
0.15113920397628683
0.15424506498861065
0.12853411539429735
0.23275645486544158
0.16230465270259486
0.1727506208196779
0.13395279441952737
0.1572247487547547
0.2699892345562515
0.14446160725260598
0.17752630816866322
0.12253355137965857
0.22828150154018023
0.19329309301102493
0.14262745909834193
0.19888861548945766
0.12092111501234512
0.13612592011116342
0.1344079403615159
0.13248858858367632
0.1575801829435391
0.111783678484803
0.14555250733351208
0.11441453433644294
0.10807223281719057
0.10209663614289637
0.06668196720431255
0.14654039253846504
0.14068259446006545
0.14282117249040754
0.1574047379272315
0.06299703499274045
0.13484255672961412
0.10385694461431687
0.16240760670091478
0.08594430991747758
0.11985769971603386
0.13818189115795715
0.16841192452539652
0.09861202648863214
0.12108076521830205
0.1425561338992707
0.13568457196070355
0.14179428371113678
0.1274007321396597
0.13906976751866612
0.11675624427212998
0.08572558197093647
0.08313909914918115
0.15745282820812767
0.10047160695663838
0.11046300855107805
0.15024926430327307
0.13866148328740135
0.16212138875051643
0.11229579790630445
0.1366069593481244
0.13913213707849595
0.13413028212155895
0.10481303231108001
0.1233358321033136
0.10796792265275196
0.11792525153363442
0.09047586769529357
0.13438014484028052
0.12378588395059623
0.1757589697328437
0.1574113614337944
0.08495245335788362
0.1730705024971751
0.11010894061405677
0.13337583095260613
0.10545705878556709
0.10923134023843872
0.17935148550409696
0.062084724997782816
0.11198309096300368
0.0941478944664412
0.08669852277526398
0.12953005343024648
0.1354745740622312
0.06431487241384018
0.08349822023029156
0.08177749271820899
0.16548165562989672
0.11660147587313645
0.11556732545912456
0.08842343265206835
0.10812307310338692
0.09801646856540862
0.0677046568794599
0.12586664630987127
0.11297164020481797
0.10164042827931265
0.12880890180588173
0.10247190620191864
0.0725486339949895
0.11897491567073
0.1797283316109422
0.11301170718205185
0.06994041111428898
0.11657423723384037
0.10124746948461553
0.09909752374451473
0.12717440132648256
0.12188294981330564
0.06756065793197864
0.10151666261867447
0.11220085846188144
0.10852335040149365
0.08352472210183344
0.08950581421860124
0.13946018241843486
0.07429048135263598
0.13357799718606497
0.07711794431991263
0.1983651512966536
0.10634073179571948
0.1150910741461691
0.082856322721044
0.058176740195090094
0.05938952779465482
0.15450584556160282
0.10176369153158546
0.06588440357084424
0.14030458955013772
0.11354119667377982
0.10643883283895826
0.17687459357880303
0.11955165910224301
0.05932570850200416
0.10981928383772861
0.17455457892657006
0.07767667246921635
0.2004710568189413
0.08459694747666394
0.1446985365405955
0.08406691936767521
0.07397426521172716
0.06388056963868596
0.11479166604950466
0.055306262703776275
0.11951150429410833
0.10600451942345576
0.16546834867149737
0.06601482567275765
0.10157633474668187
0.0955608554955215
0.11883894444689298
0.07702342024148626
0.06229870354700774
0.15511801664351488
0.0639438367745675
0.06799216342900445
0.07994242516076326
0.09207013175993246
0.13370432811118804
0.0779631691611871
0.08387269105248726
0.08890009322917818
0.12691591345742884
0.07146838375131892
0.08955379532753227
0.10869954355112335
0.11029667250667935
0.06734556216659722
0.0749042598628323
0.07708013953020458
0.06537445265493949
0.060373965519465014
0.09653692136010993
0.114325259668234
0.09678759435277137
0.0741509035782026
0.06697403484221462
0.07651033538667074
0.11179229145035223
0.0677480308236748
0.06747085969622091
0.10282391533338975
0.060546781286880284
0.07892219937251309
0.10009556341745271
0.0793501313426476
0.11548069174102962
0.10418886725857365
0.14143086945577946
0.122071519031865
0.07749399669919389
0.10654979187023442
0.11630851949761838
0.0982849042891438
0.04557873912284016
0.10257246094935048
0.12728535524785842
0.07140020812012296
0.10396725452771345
0.08268108632008521
0.08366645487421026
0.06264014632867847
0.0830829920518776
0.10296143542414693
0.0966494717490931
0.05175865481751243
0.12018413673911203
0.08478752381198479
0.12711267468751317
0.11094019163892502
0.10607988048973166
0.09912561749300218
0.05505118902954237
0.06831398455742048
0.07205992065824857
0.11498758576340791
0.1064543829352748
0.10389487025148632
0.07232903362414095
0.09705075111558112
0.055038697051396586
0.09970916956073005
0.08316995836510502
0.07897321046354809
0.08063860289746945
0.0753069099064119
0.12379466677868024
0.055071674669603186
0.03833372975653718
0.035019044934131875
0.0653875112520383
0.06136409262261157
0.047277114892969756
0.06710304145279346
0.051922828911255214
0.08341604056688538
0.08136463425303948
0.05167945839574619
0.057912342324035235
0.07148127924034874
0.09487814650560555
0.07813499077917256
0.09250127807706937
0.09967026651975193
0.06268094205237504
0.05375585393768403
0.05895937920312754
0.0790469491793938
0.10990439608904727
0.07548753070929286
0.06293116645259861
0.06273511266126233
0.07338111344071951
0.07004675104893443
0.09563209052577101
0.05579686605765877
0.06659109777037799
0.06176734143946335
0.08472381524491515
0.08789912381800974
0.046041259955082486
0.058536456141140614
0.08568824332776828
0.09474638411396222
0.08315381997843936
0.08490585022453692
0.11763963748574026
0.04703778117474808
0.027171274313206928
0.08919099007474432
0.03206679487804593
0.043995547973083825
0.07849000194520485
0.06898349085436586
0.04932488335320374
0.08171319075201716
0.09730954202004806
0.06868318730605874
0.08508473831585842
0.05939459118501733
0.0544524058377644
0.06529902725422236
0.1095637506596793
0.060311291718178
0.047831077646584105
0.0704708279692066
0.04490623241291245
0.09187729793166688
0.09506984667332516
0.07589943975303744
0.0685460941624927
0.09510606027754688
0.060498023651526636
0.04998775849772785
0.12111365403229654
0.06950683683039796
0.05620276201767647
0.04356038403092833
0.061902153479986705
0.06290043127463142
0.03502542558849336
0.06754426825435528
0.07148784597645186
0.054744509434477236
0.07855264482078228
0.05805055005978467
0.10720484397544454
0.026086078417836098
0.08552352129450047
0.08178821838370076
0.04777520951459564
0.0461517719957636
0.0645251374886933
0.05243433613967165
0.06855907187646741
0.1422081287428717
0.053980050072971415
0.056563297106398805
0.0880475727719886
0.07320935793326533
0.10715370952181978
0.040672903344264835
0.08393636283063609
0.03794858012580984
0.062474496527269295
0.11793560399580212
0.0867727961900652
0.05701856664678658
0.06857425648376135
0.07550287581541142
0.05992015436714836
0.10551660470740462
0.0844179267879456
0.05040725344514997
0.05958279081531275
0.08703579418604325
0.07755018502149935
0.06993396733466599
0.05261993351540703
0.05556866538809864
0.04781058829759415
0.04839250707748772
0.04098115784527561
0.058838209611467754
0.04915263599738937
0.0438175821066487
0.06208386136567298
0.033739299260340964
0.11527183710733398
0.04677221091134951
0.059106262520639816
0.04396469291715802
0.06748243145939943
0.02818918969858038
0.054337265081876494
0.05987800880951878
0.04779002066083665
0.04628328542689603
0.058797819394663386
0.05174496353147326
0.0780149708380811
0.0924303691119006
0.06661606237833455
0.05293114883846654
0.08491204240337397
0.0438319776333662
0.08522017652764444
0.06307626306454499
0.06983518179871188
0.048171493429249715
0.042928277391884276
0.0691796107284816
0.060535748254448754
0.05838350403196586
0.05217129227396541
0.12558283092762793
0.05708580479385783
0.06702552523191507
0.06201247072548389
0.07836334670186562
0.08249573591119083
0.06299215114153922
0.0552777703687549
0.06070477399150025
0.043891965809201273
0.08157544595867898
0.06629525567339338
0.057973948663543155
0.08636027292628913
0.0547482553041251
0.054484256045918264
0.04289340190858946
0.07382119675868068
0.08159909819611735
0.0618536171074816
0.07884810152939468
0.059066872755226235
0.05446405428933115
0.08133839314540207
0.046022006553581095
0.11167013543716409
0.054720697746116015
0.06967893967145106
0.05985779222216129
0.0779421324768267
0.07645380504415468
0.05478917929259671
0.07937868452602735
0.0861032891238686
0.06639767919890778
0.05987617535009975
0.0566222148148762
0.06166022249726597
0.054987241623443345
0.09638652132418792
0.07477551642459541
0.04775076918366165
0.09975749118308477
0.0817970646090576
0.08288192080823142
0.04843303393945043
0.06050508531357795
0.06546305731819474
0.05927055149366768
0.05763648657822347
0.05267890619586614
0.06149720936602502
0.04586973621639326
0.09130957218534426
0.030569469954002577
0.05564773304735025
0.08051218584185503
0.03245715724533002
0.0329679633198142
0.03250602119323927
0.03588216297632623
0.05294291663288279
0.06418590765132584
0.06440325227126656
0.06893064953516946
0.12740003165534192
0.07739593211903929
0.09440708037752132
0.042032614235413615
0.04317179741703865
0.06786823738406894
0.06378274604936267
0.07671116665052476
0.047780800894638
0.03842312190581867
0.054591668248712096
0.07489059103190246
0.12342464779035339
0.08478400072245297
0.02809507130156011
0.04496673955933281
0.055018320812667824
0.09837966875042954
0.07926539273060206
0.052711028955612034
0.0845675325583601
0.06934879865552838
0.06054561638105738
0.07824803575790318
0.068599352572392
0.08548752012337178
0.06721835109171387
0.04579048172703872
0.08775755118468347
0.06707096638414328
0.05930529353600132
0.052250421944830386
0.055151547380432334
0.02964065703399861
0.0985288314691212
0.030302349921016082
0.05145943265374136
0.04995719553205637
0.04899514302682023
0.036440905016163976
0.03475113526855854
0.11159935729115428
0.05121894765444312
0.04291825526696987
0.059552926484194454
0.06458286244149199
0.05291521132531862
0.042483340937316275
0.0521258840885615
0.05085274652925141
0.060095385858975656
0.08100170118457777
0.1515932201110872
0.0895434661821897
0.06506453084296362
0.08040307232227073
0.04882047980828858
0.07209608020295664
0.040068541349379684
0.044188593453128616
0.07098876191960113
0.04089126524146255
0.05825744573712269
0.04468915331574237
0.07213728584003898
0.06414939047046843
0.05000208810826503
0.06317258151479521
0.05054079207026189
0.06317964328115525
0.12535174748090586
0.0713843513652455
0.06978238856418577
0.10354952143239812
0.03252201670996966
0.07231259517736639
0.042050963457262475
0.0361000467539866
0.07759556667119209
0.0585263118559537
0.02942554962576376
0.04853563505469767
0.03818340724206516
0.09465238995984833
0.04921291974358625
0.0490598620756975
0.0741417293193176
0.05498689497522285
0.049489761709540524
0.03673368958736249
0.06730021410893365
0.041059805260361945
0.0871017787997661
0.047893908766996354
0.09195852693754517
0.08251621758897366
0.027518994917029492
0.06473714095120929
0.07489704504005612
0.09481670623430172
0.07132040684850229
0.04209109250718096
0.03616744019591288
0.039112746882794105
0.10591738072809868
0.06409607361245266
0.06361431370655238
0.06932364678596678
0.05820846863472246
0.09877525564820319
0.047346247139133435
0.07958276678593709
0.050383839293658375
0.051089250811547506
0.09732206785620659
0.10859390728153602
0.051885354804735814
0.05532435006442211
0.0754985057443276
0.05964662276037887
0.02881102647263341
0.032856099322594534
0.041027573427576666
0.08820776846791123
0.08152481703369872
0.03759148869709189
0.03795584877599161
0.08515195784167967
0.10999188639220343
0.060784122850652204
0.063581352697388
0.08107266471134153
0.06001944031206071
0.0556527403574633
0.042291000369316614
0.043391511605373134
0.05213822141186649
0.04762315352776794
0.0274477955863577
0.047818226224751535
