14.242077255249024
4.836335015296936
2.886608386039734
2.417764186859131
2.325210523605347
2.3231702566146852
2.32878520488739
2.3262245416641236
2.3274580001831056
2.324476623535156
2.3234528064727784
2.32287712097168
2.323084902763367
2.323123598098755
2.319668745994568
2.3209949254989626
2.3214954853057863
2.3234092235565185
2.3204101085662843
2.318829798698425
2.319414830207825
2.3218783378601073
2.3176279306411742
2.3181370973587034
2.3152676105499266
2.317311477661133
2.318116641044617
2.3170360803604124
2.3146572589874266
2.319524812698364
2.3174999713897706
2.3160908460617065
2.3146939039230348
2.3138184785842895
2.314148736000061
2.3127614974975588
2.3121676445007324
2.3102895736694338
2.3119034290313722
2.3108713150024416
2.309665322303772
2.309392213821411
2.3096465826034547
2.3102052211761475
2.3067351579666138
2.3071404933929442
2.3082193613052366
2.308157801628113
2.3099309682846068
2.3085384130477906
2.30815327167511
2.3083916664123536
2.3063753843307495
2.3080502271652223
2.306962752342224
2.3078764200210573
2.3087555408477782
2.306984782218933
2.3064550399780273
2.3067057609558104
2.307308554649353
2.30645637512207
2.3047817230224608
2.3074167728424073
2.3050786018371583
2.30588161945343
2.306040644645691
2.3050525903701784
2.304189348220825
2.3071877717971803
2.304237699508667
2.3045133113861085
2.305286979675293
2.3036495447158813
2.30650794506073
2.304532551765442
2.305038404464722
2.303050327301025
2.303654742240906
2.303778553009033
2.304209089279175
2.305158185958862
2.3035912990570067
2.3053489923477173
2.303061509132385
2.304463005065918
2.304297614097595
2.3044200420379637
2.3044167041778563
2.3041588306427
2.3048518896102905
2.3046568870544433
2.304555130004883
2.303820180892944
2.303744173049927
2.3054461002349855
2.3045806646347047
2.3041672229766847
2.3033400535583497
2.3037178754806518
2.304061484336853
2.3032315731048585
2.303773617744446
2.303642010688782
2.303674101829529
2.302958106994629
2.303834247589111
2.3030587673187255
2.3035650730133055
2.3041945457458497
2.3035559177398683
2.3029990196228027
2.3028340101242066
2.303041863441467
2.3030617952346804
2.3032211303710937
2.3026485443115234
2.3026172637939455
2.30346565246582
2.30348424911499
2.3031094551086424
2.3034494638442995
2.303565168380737
2.3028132200241087
2.303165245056152
2.302743411064148
2.3033354759216307
2.303714561462402
2.3034651041030885
2.3029289722442625
2.3030377626419067
2.3028021574020388
2.3032020330429077
2.3029862880706786
2.303212857246399
2.302640128135681
2.302966594696045
2.3032256603240966
2.3029131650924684
2.302852439880371
2.302662205696106
2.302524709701538
2.3033419132232664
2.30284321308136
2.302937698364258
2.3030978441238403
2.303007388114929
2.302951979637146
2.3027045011520384
2.3026339769363404
2.302789497375488
2.302760624885559
2.3026511430740357
2.302611470222473
2.30263831615448
2.302507925033569
2.302722692489624
2.303010368347168
2.3027602195739747
2.302324366569519
2.3028680324554442
2.302651572227478
2.3025597095489503
2.302524518966675
2.3028563976287844
2.3027663230895996
2.3027769804000853
2.30257933139801
2.3025540828704836
2.302691435813904
2.3024054527282716
2.302427816390991
2.3025745391845702
2.3026520013809204
2.3025744915008546
2.302883744239807
2.3029457330703735
2.3025670289993285
2.3026335716247557
2.302797818183899
2.302727150917053
2.3027000188827516
2.3026297330856322
2.302670431137085
2.3026361227035523
2.3027233362197874
2.302703332901001
2.3028162002563475
2.3025535583496093
2.302484226226807
2.3027352809906008
2.302753376960754
2.302788519859314
2.3028650283813477
2.3026739358901978
2.302669548988342
2.302691626548767
2.3026069164276124
2.3026562452316286
2.302901768684387
