0.41646047880709997
0.4545551836833976
0.4575070139655869
0.40009967673758756
0.47313523339751407
0.4552554741570477
0.39492987922912093
0.477822697760048
0.4573445681671393
0.38352561463958107
0.42201338289520157
0.49165638005747225
0.4755221113631253
0.44462359763578885
0.452213124127432
0.4591126722296537
0.43738548121144694
0.45149873245146965
0.43965060620950663
0.4139629550158016
0.4034547402871095
0.42228749332614757
0.43594048386825945
0.4035266784753668
0.42377569691239414
0.4744527587057671
0.4350199228847906
0.42661853704584357
0.4683589407925232
0.470568414335461
0.4825361791122619
0.46888634552192027
0.43589459469516156
0.4650837295100711
0.4379983439972873
0.40720447190620934
0.44949003326178694
0.4543214181034658
0.37556321668322734
0.4317038059234619
0.43493014348730924
0.4306836019909602
0.45127540287746265
0.44217103602974095
0.4481784372938119
0.42914737881191317
0.4302875572206101
0.4561946702786305
0.43968573331077526
0.39268716801309844
0.4333616039900255
0.3266226204309595
0.37768371913084237
0.3773918244558545
0.4052526214705085
0.4090382329398586
0.4309185763932593
0.403113329671495
0.40688542630265934
0.3871935712439673
0.405135289641432
0.40975219917736844
0.31411784907914525
0.3705435037904758
0.3923731736049125
0.4085908451799973
0.36210177471423477
0.3651548087390886
0.3283425950303605
0.38875278356712534
0.34341466474917626
0.34685202801282505
0.4013800946866862
0.33130045715839634
0.3653545336892253
0.3430191328242627
0.3473838905584977
0.3414673718713945
0.33194004531417576
0.34344004286873725
0.3399464799443148
0.33953204318400354
0.3605182247433794
0.36011705908083147
0.3194832477701424
0.33299727154217557
0.2878843026089778
0.3508943069108208
0.3208455411794548
0.36235538392847033
0.27778071662934695
0.300829012410432
0.3525967383714316
0.3303184660349024
0.328862575565203
0.3049785938062426
0.30564293677356386
0.2893935886452035
0.26511718534482515
0.29681194215274764
0.27549522363233125
0.27065704100280313
0.293107121015474
0.2559764935948332
0.27947386234037336
0.2644252263284224
0.22886599789154694
0.3042059941903993
0.27157077147767017
0.2588385389388157
0.25383949430642244
0.22866047368586612
0.23180539736069292
0.2634732349162003
0.23133908164116643
0.24148764719377586
0.233033664664039
0.19941687833116506
0.19335103180894653
0.20646919246788742
0.21417356446473365
0.21654578748970263
0.19920508263950248
0.1992485726011857
0.20002861619253176
0.21829765433920723
0.20515722990001675
0.2007374419244103
0.19866462086202913
0.21893884055316448
0.17651047614673454
0.21250088679902512
0.17995672551644465
0.20122350949401355
0.20455216651477676
0.19620023880517487
0.18832757145625487
0.20053618341150012
0.15470954470233433
0.18866004243553167
0.17343941966499832
0.17813106986676872
0.16585905264329684
0.2169133474763852
0.1639652184802451
0.16216435836314777
0.18057819129577257
0.17749946083097204
0.1704344027976115
0.1814977995763492
0.16840328600457205
0.13108512132470432
0.21421000740033777
0.1750730249864046
0.14397633361012122
0.19254839911412633
0.14508125399108462
0.1359894665256266
0.14577658810235816
0.19054181854029226
0.18291308842347248
0.14800121661438145
0.17415619280628114
0.1272541895545238
0.17556534070494234
0.15802115070023884
0.13795706908428051
0.14821177362248436
0.11742228802472185
0.13313175071596367
0.1269482362547908
0.145309758115616
0.13009143862855083
0.15869208821055292
0.16532727462363087
0.13078786458892933
0.12621062213698753
0.13017065863739694
0.12640960259469478
0.13548905153081253
0.1516442268701936
0.12501408411390422
0.14520064916631853
0.1327526658407181
0.09828155365948778
0.08281314404775744
0.1250102651661717
0.12851938351696146
0.11248440278104513
0.12359212662907586
0.1381998403456002
0.12043413937303132
0.11749204968697496
0.11137309219633915
0.1099186174732524
0.0949419737314499
0.08335412211894214
0.11508469051290146
0.09665974246995743
0.10251705897989441
0.1126032958580983
0.14112547006051027
0.0864255700419642
0.10498723316655227
0.08724387253337625
0.08931866412096857
0.10033940799291784
0.10288545411522178
0.0890725854993482
0.09551963250570866
0.11435201119896565
0.08018909483616399
0.09123054280832625
0.09558863150307692
0.07974954932258127
0.10036599146375229
0.07949025608398644
0.10283040971747619
0.08687744445509714
0.07918339984492541
0.08958605749911366
0.09766238593025722
0.07568961609148854
0.08874053413390509
0.09469903959199848
0.11053298979043523
0.12515331576460798
0.0677024181465518
0.06282334287850842
0.09206279776869301
0.09379757414686812
0.07981349818138435
0.11711523350413909
0.07574988425062971
0.07502094189666819
0.10617953817833745
0.10395274294577327
0.09731504962806145
0.1077167986677523
0.08402631832540002
0.07542604595781291
0.0673414570987811
0.11417050799595359
0.07778880971220703
0.07697205552884773
0.06815980764828874
0.060903325872161816
0.05149703695603801
0.09134735625758464
0.07851823860919006
0.0816201777207342
0.10463021488579206
0.08856179966107823
0.09435716236651467
0.06418900743263366
0.055871420296571245
0.09409740048786659
0.08510301650707398
0.07080489557287128
0.0924052422175126
0.05103865127739718
0.06631384364436153
0.09954015682949595
0.09064497093850907
0.06271076311158086
0.09263744673838911
0.08449627651164204
0.09809886796795413
0.063668716286065
0.059087078077088566
0.04312052625554749
0.0708049398105352
0.0776955082552655
0.05940668735809285
0.07519568978937122
0.06286165081599612
0.06433615385484448
0.050513717130465735
0.04234617191875032
0.07444127846760079
0.06357030729888026
0.08458702615887548
0.058599687735843384
0.08718383828841175
0.07122882931717293
0.06041400007680865
0.08568854743463168
0.049211972356154085
0.04575130210178513
0.05167494541574693
0.06293297467724436
0.04479274035022263
0.057476610452089065
0.05057114348091878
0.08480451551936144
0.05245327273836439
0.048830159189407536
0.05544957263221405
0.07060598285878139
0.0630118680215201
0.0622084305100386
0.06079984039746455
0.03473682972919894
0.04894745332492062
0.0587380736874423
0.049969892062475416
0.05518685714623554
0.07480894576266696
0.04130869711747891
0.06216188137717752
0.05511270605398635
0.05323263240629343
0.052094254045335894
0.06393505874893692
0.03999939319053212
0.056531878368722525
0.055984988525033676
0.041645067351636075
0.049265282368710445
0.048703425065676674
0.047469569715821947
0.04974761574654016
0.06432206519919464
0.05130937375296185
0.05059792601387408
0.05265467871838371
0.03392390708732454
0.04908573146882101
0.042982158417126784
0.04315474523730769
0.06373936946105777
0.03534403026520035
0.0570200192533987
0.04944729986348534
0.041182531371041185
0.03948948176456467
0.03871236241647745
0.0754567825483355
0.05709044303909345
0.03354858181001762
0.03853611795760455
0.06475651427218584
0.04625060455833399
0.05255468261393708
0.038630483911907515
0.03220615014399828
0.03037167657544559
0.034515248904201684
0.03612025464016036
0.042756164882745556
0.046385448610057244
0.037052130205818205
0.045241391376059294
0.03822833537474406
0.02892916891173864
0.054530750862298895
0.0410659655157106
0.05122785377312503
0.04515654451860609
0.045736714050763176
0.03576960039663783
0.033464419098483945
0.04758945322449481
0.04147607365314644
0.03660086031363904
0.057112097767148276
0.03285058731718408
0.03350313549725412
0.04738294969326822
0.03625671220729235
0.029888372772687872
0.04041904450892144
0.054125203227161515
0.022216957892804524
0.030708886501116466
0.040597607551948876
0.03655502859133541
0.02126018127616206
0.03926166653280703
0.04052319545389597
0.04345469707303451
0.026774272507432247
0.0545946064136377
0.026342727196170784
0.03785469725278354
0.046300405988641824
0.037491727899646214
0.0376332837253159
0.02849952658336445
0.05584041475914976
0.02894119080108308
0.053301074392066994
0.048506910613310965
0.03233164769244806
0.038896362990886946
0.025769078053916608
0.014511932172656231
0.038003098947672675
0.049678041127643825
0.034551963525573645
