0.08
0.07
0.08
0.08
0.07
0.06
0.1
0.09
0.11
0.11
0.11
0.1
0.1
0.11
0.1
0.1
0.1
0.08
0.14
0.13
0.06
0.13
0.08
0.12
0.08
0.08
0.12
0.09
0.08
0.09
0.1
0.1
0.08
0.1
0.13
0.09
0.12
0.08
0.12
0.09
0.07
0.09
0.11
0.09
0.13
0.15
0.17
0.1
0.14
0.17
0.16
0.19
0.15
0.19
0.23
0.18
0.22
0.13
0.19
0.23
0.15
0.18
0.18
0.18
0.24
0.16
0.17
0.29
0.18
0.23
0.25
0.22
0.2
0.25
0.24
0.24
0.17
0.22
0.21
0.21
0.2
0.22
0.23
0.25
0.25
0.26
0.26
0.28
0.34
0.19
0.19
0.26
0.21
0.2
0.25
0.2
0.28
0.34
0.29
0.28
0.31
0.31
0.28
0.33
0.32
0.36
0.24
0.28
0.26
0.3
0.28
0.32
0.29
0.34
0.34
0.29
0.35
0.28
0.37
0.33
0.29
0.33
0.34
0.33
0.36
0.41
0.35
0.31
0.31
0.45
0.39
0.38
0.39
0.42
0.39
0.36
0.47
0.41
0.45
0.5
0.45
0.42
0.47
0.48
0.41
0.33
0.43
0.53
0.48
0.44
0.46
0.46
0.43
0.49
0.49
0.5
0.54
0.48
0.48
0.49
0.41
0.47
0.59
0.46
0.46
0.55
0.55
0.6
0.47
0.55
0.6
0.55
0.58
0.5
0.58
0.59
0.6
0.57
0.59
0.45
0.58
0.59
0.57
0.62
0.63
0.63
0.55
0.64
0.63
0.64
0.65
0.7
0.62
0.65
0.56
0.61
0.55
0.56
0.6
0.65
