2.3098353147506714
2.258626103401184
2.1986923217773438
1.9960104823112488
1.6694720387458801
1.3528441786766052
1.0591372549533844
0.8433485627174377
0.9138160943984985
0.865085780620575
0.675014317035675
0.7962718904018402
0.4682401567697525
0.6714387089014053
0.5200300812721252
0.4874434173107147
0.38155533373355865
0.3966659903526306
0.24407459795475006
0.30081333220005035
0.18689696490764618
0.3534863218665123
0.13824045285582542
0.15120620280504227
0.12082337960600853
0.06213300675153732
0.09200255945324898
0.05795986019074917
0.03900166414678097
0.039353715255856514
0.03527107276022434
0.030395947862416506
0.03591286251321435
0.015097778756171465
0.04042442236095667
0.025709410663694143
0.0071396909188479185
0.023614654317498207
0.016555202193558216
0.002610324474517256
0.013606443535536528
0.009283555089496076
0.0030629155226051807
0.0024946742923930287
0.0034161340445280075
0.004552115104161203
0.0036139236763119698
0.0018086241907440126
0.0010919156775344163
0.0010009900433942676
0.0010931376018561423
0.0008840055670589209
0.0009396038658451289
0.001393333834130317
0.0008570268400944769
0.0009535750432405621
0.0008280737383756787
0.0006865707400720567
0.0007498903141822666
0.0004911144060315564
0.0005603676254395396
0.0004293515594326891
0.00041428153053857386
0.0005944463773630559
0.0004941602383041754
0.0004957937344443053
0.00036983529571443796
0.00044814596185460687
0.0003835160459857434
0.0003762163541978225
0.0004017594619654119
0.000405056489398703
0.00037740687548648566
0.00039280032797250897
0.0003247801651014015
0.0003440532454987988
0.00034364411840215325
0.0003033891989616677
0.0002811064914567396
0.0002796412445604801
0.00035616075911093503
0.0002554391830926761
0.00026971136685460806
0.0002754159504547715
0.0002368584682699293
0.00022415327111957595
0.00023233186220750213
0.00021331483003450558
0.0001850304070103448
0.0002345578177482821
0.00024486021720804274
0.0002788365527521819
0.00020478594524320215
0.0001968689466593787
0.00024274240422528237
0.0001914852109621279
0.00022797316341893747
0.00021639971964759752
0.00023931288887979463
0.00016055906962719746
0.0001619182512513362
0.00023776727903168648
0.00020980476983822882
0.0002199048176407814
0.00024077440320979804
0.00015849996998440474
0.00020099870016565546
0.00022786674526287243
0.0002125057580997236
0.000151509480929235
0.00021617062157019973
0.000206888718821574
0.00016019841859815642
0.00017596867837710306
0.00014498154632747173
0.00013940775897935964
0.00018695465405471623
0.00019155796326231211
0.00018374125647824258
0.00023535049695055932
0.0001851298875408247
0.00015289403381757438
0.00018313582404516637
0.00012876603432232514
0.00015764009731356055
0.0001607329977559857
0.00016535926988581195
0.0001608238453627564
0.00015825009177206084
0.00014570707571692765
0.0001819520111894235
0.00015952841931721196
0.00013512752047972754
0.000148450824781321
0.00014823051606072113
0.00015795583021827042
0.00013097144619678147
0.00011525883746799082
0.00010185562314291019
0.0001515832991572097
0.0001442350840079598
0.00011247332804487087
0.0001208241592394188
0.00014211430971045047
0.00012106846770620905
0.00014176439799484797
0.00012177368262200616
0.0001133932892116718
0.00011743728464352898
0.00012992518168175593
0.00012775744835380465
0.00010645931979524903
0.00010567098070168868
0.00012937685460201465
0.00015212580183288082
0.0001262116857105866
0.00012900613364763558
0.00011996783723589033
0.000109735774458386
0.00013497835243470035
9.59051503741648e-05
0.00011457384243840352
9.086100180866197e-05
0.0001287845298065804
0.0001499518330092542
0.00011179154898854904
0.00010800615928019397
8.542599607608281e-05
0.00013115753245074302
9.539898746879771e-05
0.0001094947729143314
9.043341924552806e-05
0.00010522464799578302
0.00012575131040648557
0.00011145912867505103
0.00010312095037079416
9.718130604596809e-05
0.0001086532065528445
8.804113531368785e-05
9.109314123634249e-05
0.00011220477244933136
7.801024548825808e-05
9.693625906948e-05
8.823329335427843e-05
8.936315134633332e-05
9.607635001884773e-05
9.752091864356771e-05
7.622444900334813e-05
0.00011073237692471594
8.028700176510029e-05
0.00010311328151146881
9.204250090988353e-05
8.450397581327707e-05
7.606337749166414e-05
9.065126869245432e-05
0.00010226693484582938
0.00010020079207606614
7.202127744676545e-05
8.46067960083019e-05
0.0001047336591000203
