-187.02827023718214
-360.3254571850948
-411.56637213746524
-453.9062512041786
-472.38211787351264
-483.02462184044623
-534.4125730936429
-551.4467351535499
-533.3155570843253
-631.4819056866905
-610.4758589800601
-644.8806597362466
-645.5432273231893
-682.447729128297
-734.1371627754879
-644.0310487857063
-755.6511607016287
-771.6068122266075
-637.9024055850122
-726.3978234655846
-736.019949231829
-772.3377455082907
-738.8361617233346
-794.4930188930529
-821.2746483147969
-763.2989014304728
-797.1446390393692
-810.095678498668
-872.8446314104142
-834.5340767785701
-839.3633860926474
-851.0491658773291
-807.389834654496
-865.7862967565861
-810.2362840362408
-855.8533774345152
-888.4766200280959
-839.368701943604
-897.8630661678753
-896.1146337271836
-858.332040813112
-861.212998315486
-913.0722954525926
-902.6706723859234
-819.9528492650678
-907.3901611363284
-912.7623672485352
-924.6357078024869
-958.8793099574779
-828.923351072496
-941.2017800467355
-860.7518727526686
-868.7502991373088
-838.7003778554327
-855.0045292849915
-950.9703061327956
-905.5766295771444
-911.8122150403564
-917.2514683947585
-899.2550559681132
-960.4997991702523
-979.1708698184809
-899.5435158821845
-908.4266373506889
-940.5662105061491
-901.0429430007935
-956.405288300756
-865.6240704971524
-888.4069607993974
-1018.0108569404497
-914.9193371979322
-940.9524740403698
-943.4952359353342
-951.7801786326044
-922.1067186698386
-987.9556511909731
-985.301521477062
-927.7094770444703
-910.891122211509
-964.7828015446114
-970.373861084336
-938.522346355948
-887.9710646554622
-963.2874418689358
-983.5854171190393
-973.2766945482948
-960.7422569731963
-942.8745809106783
-973.3725658056374
-938.151526565376
-969.5613220144527
-891.5776765533307
-943.8702139085339
-981.2134334370837
-949.043269618865
-948.9202697332004
-996.9059867507302
-938.7023884140401
-980.4429708559942
-967.7888239319973
-993.5417537073935
-992.4326524602652
-980.7238563854024
-952.6131504581821
-943.4935169483659
-976.9062307595108
-997.282437135547
-957.9012669506161
-1041.1938250844928
-954.9292792658651
-1003.1745628321775
-948.8921153160834
-1030.8669386745048
-988.6080250805974
-923.6100187169791
-953.513117254055
-941.7570163445539
-978.8415196853848
-974.4151966604769
-914.0490538601501
-975.0521316616216
-934.7050780195245
-905.881960996285
-1059.2503184217462
-952.9230907633557
-1023.03454466789
-1002.3159813243673
-979.6700868386827
-1013.6973483177924
-1010.4762728291173
-1000.338984019196
-995.814458117507
-1032.7701519908992
-998.1771991571524
-990.3527139496694
-993.7442018007903
-1000.0436234012727
-1082.9100302595148
-976.95347240114
-1026.4543085581695
-993.8378798467223
-988.1008457236576
-1004.8958983355403
-975.8743078785558
-958.2106982464065
-990.8285937946513
-971.7819389308103
-974.9919486902826
-1033.2849825582196
-1010.3783636840258
-1037.7211414141589
-1000.3385731921218
-990.3242665743498
-1034.1717328102359
-966.6088476224978
-1069.2081925352597
-1017.9755280885828
-993.7954041968842
-970.5303904186196
-931.3268672925536
-1021.978773266489
-1013.3598780478201
-968.322408008136
-1028.6115105976157
-1033.6512833520565
-1007.6799971760693
-1014.2398483170891
-1008.5285019149429
-1026.8047740602274
-1018.922164618145
-1052.8609236879831
-964.6079352594192
-1055.123171046033
-1059.9536573612195
-1072.9268131915326
-1005.0723674352267
-995.6527133009951
-990.0455069124424
-1062.4586915398522
-1029.7389493669782
-1017.0565554095853
-1024.9831337379421
-999.9056922807122
-1071.6090143265262
-1080.6720473821263
-1029.9659226237354
-1055.3289953135127
-1021.2831158352337
-996.4527375709076
-1012.7726935461369
-984.1117148641067
-1060.315684705286
-1046.0243478942027
-1000.3170551220942
-1019.772204632034
-1072.9931980959282
-999.741575777256
-969.4515646328025
-1035.5150338823346
-1023.6333903299499
-1052.5086537725915
-1049.770019693858
-1028.7045428368353
-1058.3499625794898
-1036.4442005772744
-994.3663968995969
-1079.7957978226623
-1024.53807105227
-978.4861132010886
-970.00158673827
-1108.3411204606157
-1021.4927866843439
-1075.9436491953063
-1097.5845783075429
-1016.7837281161189
-1016.0231503121864
-1022.3359530136881
-1034.1201887702064
-1021.286014293196
-1044.358256871799
-1010.1196640339865
-1049.9808951874481
-1067.6634731029035
-995.7903896894323
-1001.544068543043
-1055.3005457495765
-1026.536308481946
-1154.0115530128303
-1040.7267865607266
-1053.0052187519689
-1152.4404636330319
-1145.3790608770837
-1017.7762597255443
-1112.016846476612
-1066.7655517165012
-1018.1404184438117
-1070.445015709521
-1059.1715865245062
-976.5346731897873
-1020.1996779200119
-1084.2901941466441
-996.8423225824735
-1017.9621780676775
-1000.0039512880387
-1065.3554622083216
-997.852773824595
-1026.955369004456
-1073.549442590107
-1036.4791178890089
-1030.78714500814
-1019.5650651553809
-1096.071805822135
-1034.3519839779024
-1103.2552155964936
-1057.6015649259366
-1134.6967044250207
-1081.2424736550327
-1043.8715184734713
-1021.3019343872774
-1189.330191300212
-1100.2730306458363
-926.3845445131926
-1041.899067083262
-1110.57634228825
-1056.0321450035692
-1064.1860728461622
-1080.8711162426505
-1057.2915416664791
-1022.7038111532888
-1071.8793005987247
-1107.9510495234194
-1080.9588373421525
-1069.6446305024458
-1057.8167613069033
-1072.5818826262303
-1058.554648772912
-1104.3341288764357
-1079.8382418935748
-1077.9131604559411
-1075.964496489494
-1091.90378623624
-1089.7518016885504
-1135.0172710858183
-1077.5493090932819
-1150.7351744339762
-1105.7732728791127
-1035.3399358125325
-1032.596329104516
-1024.1082049251152
-1095.873450441844
-1110.590781708467
-1088.3264785889655
-1072.9191657738752
-1054.9502564179732
-1133.3560429234658
-1080.1789654498825
-1021.9915382103986
-1098.3544179063788
-1065.582196934432
-1150.5174295100198
-1123.7265828545742
-1060.2627239249268
-1027.1900160125872
-1158.3070344529394
-1044.5529657355103
-1088.8629144765264
-1044.4511873183712
-1108.995372297577
-1140.8038452913136
-1034.4658759244576
-1085.0300931447114
-1042.407726072496
-1079.6135597404796
-1122.1111929933047
-1121.4578198551583
-1010.849725472213
-1118.0885563863587
-1076.4859039728542
-1111.4253533985209
-1067.0909018230877
-1153.5985826786762
-1066.1330222556119
-1069.71197617878
-1054.734964361938
-1042.2158524122106
-1073.1591323290004
-1102.3206106429825
-1174.8545154975857
-1073.3277234459802
-1059.5498205000354
-1132.655222756522
-1101.4808882612238
-1042.548960356119
-1061.216565725441
-1036.6865775815902
-1113.6519934307046
-1088.4435140108733
-1081.9695562810941
-1082.9844702795353
-1044.3926294146595
-1183.7346057979742
-1002.119620890112
-1143.867134720499
-1106.0803853751327
-1056.4285214331842
-1093.3364313362931
-1110.2757154807516
-1091.8505156842245
-1115.2771096734957
-1100.4836741944061
-1080.5805332342052
-1063.7374405838927
-1153.666531031033
-1093.3991425334034
-1035.7627075828166
-1077.6468852873772
-1050.8617208014984
-1088.2331955191178
-1054.4909011295863
-1152.006727895429
-1059.496224482488
-1082.5264369068059
-1016.7297329880674
-1079.969830271286
-1122.0660768500122
-1091.4664428992205
-1120.2287890350763
-1140.890705210822
-1102.992763501708
-1068.8484287108145
-1062.8951062321114
-1060.7180079271168
-1124.832731695219
-1145.8304574324789
-1064.1566296239052
-911.5222112374372
-1017.3784457615444
-1072.689812761298
-1069.3371138682562
-1038.9112979871336
-1021.6046443974368
-1031.7449216710806
-1052.5271534370388
-1066.6642749584216
-1083.2956440130138
-1138.805690642326
-1090.2930500716109
-1106.1244653007402
-1099.147560260263
-1102.0562935183125
-1075.9027420430689
-1081.419223931528
-1152.6025499792142
-1167.0447233349496
-1069.8725494261712
-1025.648506093135
-1093.9362147107101
-1114.9867424547397
-1133.6256132894946
-1089.2488004271336
