3.327549583734614e-05
0.00010486170346157534
2.6025098540323037e-06
-3.530238412855179e-06
-2.4925127323211384e-06
-4.283321137490343e-06
-2.211198790203747e-07
-1.283940910661369e-07
-2.4051045913890557e-07
-1.0917374138360023e-07
-6.88528512937556e-07
-1.4899178185108362e-08
-5.843303703880784e-07
4.6269702988040753e-07
5.578369565228844e-07
5.337986367109889e-07
4.5498353169000124e-08
1.082303202111827e-06
1.2088844972369556e-07
-2.0311586885337762e-07
2.7364636414085307e-07
-2.1139411442423678e-07
-2.8651412752819245e-09
1.9776233410934485e-07
-2.674868309972056e-07
5.542624150694731e-07
-2.0934339496107468e-07
4.703560541973731e-08
1.239970691470149e-07
-4.603856746446805e-07
4.3976804665833045e-07
-1.0181250466602699e-06
2.613630695259207e-07
3.5699662106153465e-08
5.898050067800221e-07
-3.594245401377667e-07
3.667446382291938e-07
3.7820622516219814e-07
1.783338160809599e-08
-2.587235131183728e-07
-1.0526710617165419e-07
2.83026898008194e-07
-1.7324820959305735e-08
4.0525477007144394e-07
-1.8612813822923574e-07
-9.500525001215796e-07
-3.488070508802873e-07
-3.962293264122363e-07
-1.334242354859216e-07
2.985779662017382e-08
-8.691533616407072e-07
-1.0133197975093036e-06
5.755735662869861e-07
-9.460230815961632e-07
-9.58867663176798e-07
-1.30443811891772e-06
-1.971487117517083e-06
-1.4382972172979276e-06
-2.5986516925042056e-06
-1.4700529936863317e-06
-1.3262579042040438e-06
-1.9112418463387683e-06
-2.8325042018673807e-06
8.982148229088942e-07
-1.4422524533055605e-06
-3.870786960921959e-07
-1.6014240016119304e-06
-2.6046881402084192e-06
-3.535436224977522e-06
-2.5755808063441876e-06
-4.187675674393386e-06
-3.5964941216578002e-06
-3.932606168657397e-06
-7.671020259564308e-06
-7.4649270396959416e-06
-1.733960361585467e-05
-2.819174660946472e-05
-6.037050053713408e-05
-0.00027750576959715965
-0.0020007597443002303
-0.004084530477987751
-0.01145381461497673
-0.017428193324008658
-0.01674162930401273
-0.022182068792946985
-0.026639587187942133
-0.02399440859259439
-0.02638636245421769
-0.032724756362026104
-0.030633459639758855
-0.033940105250508695
-0.038450819474721676
-0.041320748758551226
-0.04412054360151068
-0.03906187872603012
-0.04445639603209998
-0.041595646639436074
-0.04398926863047693
-0.04432023610315642
-0.04298185146400868
