0.0, 5.7850916164170485e-06, 0.006223444826900959 
0.0, 6.222382125997683e-06, 0.005912316497415304 
0.0, 4.741873908642447e-06, 0.005755774676799774 
0.0, 4.170437478023814e-06, 0.005365743767470121 
0.0, 7.119542715372518e-06, 0.004267019219696522 
0.0, 4.872528734267689e-06, 0.004466369282454252 
0.0, 4.513452495302772e-06, 0.004687048029154539 
0.0, 6.417949862225214e-06, 0.0051911212503910065 
0.0, 8.538145266356878e-06, 0.004121419973671436 
0.0, 4.45676596427802e-06, 0.004870035219937563 
0.0, 6.3206825871020555e-06, 0.004880239255726337 
0.0, 9.065223821380641e-06, 0.006626548711210489 
0.0, 9.238242455467116e-06, 0.005725512746721506 
0.0, 1.0106227819051128e-05, 0.005872729700058699 
0.0, 6.268977358558914e-06, 0.006060689687728882 
0.0, 5.438453172246227e-06, 0.005985117517411709 
0.0, 4.761971922562225e-06, 0.004618276376277208 
0.0, 4.300557066017063e-06, 0.005606066435575485 
0.0, 4.041815827804385e-06, 0.0053385342471301556 
0.0, 5.415043688117294e-06, 0.004117671865969896 
0.0, 6.49761523163761e-06, 0.004164519254118204 
0.0, 6.371711606334429e-06, 0.004811753518879414 
0.0, 4.400794296088861e-06, 0.004410710651427507 
0.0, 3.590381083995453e-06, 0.004517553839832544 
0.0, 3.96276664105244e-06, 0.004545665346086025 
0.0, 3.2006903438741574e-06, 0.004601077176630497 
0.0, 5.921581305301515e-06, 0.003895679721608758 
0.0, 6.262145689106546e-06, 0.0037864644546061754 
0.0, 6.06727780905203e-06, 0.004210090264678001 
0.0, 5.273076112644048e-06, 0.004082891624420881 
0.0, 5.218203568801982e-06, 0.004147904459387064 
0.0, 5.167973995412467e-06, 0.004392991308122873 
0.0, 4.898664428765187e-06, 0.005473136901855469 
0.0, 5.120405603520339e-06, 0.005774194840341806 
0.0, 6.089494490879588e-06, 0.0038677293341606855 
0.0, 4.636821358872112e-06, 0.003933160565793514 
0.0, 3.4328829769947333e-06, 0.004246660508215427 
0.0, 5.876406248717103e-06, 0.0028868410736322403 
0.0, 5.025385235057911e-06, 0.003921009134501219 
0.0, 3.923642907466274e-06, 0.0046015540137887 
0.0, 5.245343800197588e-06, 0.00330199277959764 
0.0, 4.306850769353332e-06, 0.003654035273939371 
0.0, 3.8186285564734135e-06, 0.004544494207948446 
0.0, 7.336980615946231e-06, 0.004089736379683018 
0.0, 5.1453539526846725e-06, 0.005460116546601057 
0.0, 6.686513188469689e-06, 0.0043817246332764626 
0.0, 4.0209733924712054e-06, 0.00688191968947649 
0.0, 7.653675311303232e-06, 0.005707842297852039 
0.0, 1.1301114682282787e-05, 0.006831110920757055 
0.0, 9.253142707166262e-06, 0.0051925876177847385 
0.0, 9.380188203067519e-06, 0.005328355822712183 
0.0, 6.092587227612967e-06, 0.004055857192724943 
0.0, 4.53812117484631e-06, 0.004030392970889807 
0.0, 2.7313146802043775e-06, 0.0033593426924198866 
0.0, 2.7047510684496956e-06, 0.002704404992982745 
0.0, 2.2476074263977353e-06, 0.002664486411958933 
0.0, 2.9490990982594667e-06, 0.0034180297516286373 
0.0, 2.356841832806822e-06, 0.0034755247179418802 
0.0, 3.8284333641058765e-06, 0.002330636838451028 
0.0, 3.1551148822472896e-06, 0.0030569876544177532 
0.0, 2.9402556265267776e-06, 0.0029440922662615776 
0.0, 2.7913072244700743e-06, 0.0033257154282182455 
0.0, 3.98104475607397e-06, 0.0029602774884551764 
0.0, 3.792813686231966e-06, 0.004080526530742645 
0.0, 3.9097417356970254e-06, 0.003726841416209936 
0.0, 4.47303818873479e-06, 0.002389555796980858 
0.0, 3.0325768420880195e-06, 0.002614997560158372 
0.0, 2.944690095318947e-06, 0.002770869992673397 
0.0, 2.7435178253654158e-06, 0.0021594371646642685 
0.0, 2.7754626898968127e-06, 0.002583175664767623 
0.0, 2.635628334246576e-06, 0.0028146689292043447 
0.0, 3.2806121907924535e-06, 0.002362168626859784 
0.0, 2.483991011104081e-06, 0.003089454025030136 
0.0, 3.3105893635365646e-06, 0.00220453436486423 
0.0, 3.4939514534926275e-06, 0.0030060824938118458 
0.0, 3.0241833428590326e-06, 0.002680168952792883 
0.0, 2.9562429517682176e-06, 0.002450590720400214 
0.0, 2.9473101221810794e-06, 0.0033169358503073454 
0.0, 2.4535786451451713e-06, 0.00306191248819232 
0.0, 2.0574877908074996e-06, 0.0034514248836785555 
0.0, 2.8093254513805732e-06, 0.003813420655205846 
0.0, 3.722047040355392e-06, 0.0034358855336904526 
0.0, 2.3591387616761494e-06, 0.003631843952462077 
0.0, 4.4606049414142035e-06, 0.0033583210315555334 
0.0, 3.0843343665765133e-06, 0.00470508961006999 
0.0, 3.4993306599062635e-06, 0.004767287988215685 
0.0, 6.239708454813808e-06, 0.003697918262332678 
0.0, 5.3642847888113465e-06, 0.0047953249886631966 
0.0, 4.988469299860299e-06, 0.003943349700421095 
0.0, 2.437596776871942e-06, 0.004377186764031649 
0.0, 4.278383585187839e-06, 0.004482788499444723 
0.0, 4.322050244809361e-06, 0.003849456086754799 
0.0, 4.9027280510927085e-06, 0.00418767100200057 
0.0, 6.395840500772465e-06, 0.005182723049074411 
0.0, 3.352633257236448e-06, 0.004619029816240072 
0.0, 3.543630100466544e-06, 0.003948963712900877 
0.0, 4.603441993822344e-06, 0.0040136235766112804 
0.0, 3.4007955491688335e-06, 0.0036190906539559364 
0.0, 4.579249889502535e-06, 0.003383184317499399 
0.0, 4.489880666369572e-06, 0.0034334808588027954 
0.0, 4.50648485639249e-06, 0.0038800560869276524 
0.0, 5.6766834859445225e-06, 0.0034368750639259815 
0.0, 4.073753189004492e-06, 0.0037837002892047167 
0.0, 4.11378596254508e-06, 0.003883702214807272 
0.0, 5.707036962121492e-06, 0.0039488342590630054 
0.0, 5.084665190224769e-06, 0.00534878671169281 
0.0, 5.141347173776012e-06, 0.005823467392474413 
0.0, 5.602950750471791e-06, 0.0036413788329809904 
0.0, 4.348082256910857e-06, 0.0045264773070812225 
0.0, 5.602225883194478e-06, 0.004504011478275061 
0.0, 4.49947765446268e-06, 0.003955925349146128 
0.0, 4.824333245778689e-06, 0.00380197586491704 
0.0, 2.947864913949161e-06, 0.0036296104080975056 
0.0, 5.723250524169998e-06, 0.0029055431950837374 
0.0, 4.821355105377734e-06, 0.003954668063670397 
0.0, 5.8211594478052575e-06, 0.004271024838089943 
0.0, 6.04921069680131e-06, 0.0035771862603724003 
0.0, 5.414891347754747e-06, 0.0036561465822160244 
0.0, 4.002278274128912e-06, 0.004017077852040529 
0.0, 4.1263892853748985e-06, 0.003481605090200901 
0.0, 4.36755681221257e-06, 0.003959047608077526 
0.0, 3.9668611861998215e-06, 0.0026735805440694094 
0.0, 3.303220864836476e-06, 0.003606833517551422 
0.0, 3.084683612541994e-06, 0.004258488304913044 
0.0, 3.697278998515685e-06, 0.005059930961579084 
0.0, 5.841809070261661e-06, 0.003937695175409317 
0.0, 4.614255885826424e-06, 0.004787408746778965 
0.0, 3.805535243373015e-06, 0.004670461639761925 
0.0, 3.2762097816885216e-06, 0.0037221198435872793 
0.0, 3.2031944101618137e-06, 0.004070949275046587 
0.0, 2.665095507836668e-06, 0.004421493969857693 
0.0, 4.8081742534122895e-06, 0.004442073404788971 
0.0, 2.784147682177718e-06, 0.0033432806376367807 
0.0, 4.132135927648051e-06, 0.0024514906108379364 
0.0, 3.2578273021499626e-06, 0.0031237821094691753 
0.0, 2.300140067745815e-06, 0.002987329615280032 
0.0, 3.0920678000256885e-06, 0.003230131696909666 
0.0, 2.769117145362543e-06, 0.0031950552947819233 
0.0, 2.800090442178771e-06, 0.003468091366812587 
0.0, 2.0757772745128023e-06, 0.0039361221715807915 
0.0, 2.491106215529726e-06, 0.002735992195084691 
0.0, 2.7781768494605785e-06, 0.003163300221785903 
0.0, 3.3487854125269223e-06, 0.0038262244779616594 
0.0, 2.866942395485239e-06, 0.0029278122819960117 
0.0, 2.9829061531927437e-06, 0.002869474934414029 
0.0, 4.243497642164584e-06, 0.003987048752605915 
0.0, 3.7556687857431825e-06, 0.004533287603408098 
0.0, 3.0532000891980715e-06, 0.0045919171534478664 
0.0, 3.6333119624032406e-06, 0.004011582117527723 
0.0, 3.049256065423833e-06, 0.006004049442708492 
0.0, 4.280996563466033e-06, 0.004810100421309471 
0.0, 3.618194341470371e-06, 0.004566904157400131 
0.0, 3.5346095046406845e-06, 0.0027571457903832197 
0.0, 2.930923983512912e-06, 0.0033795898780226707 
0.0, 2.429889718769118e-06, 0.003139026463031769 
0.0, 3.853247108054347e-06, 0.003654094412922859 
0.0, 3.3802855341491522e-06, 0.003014693735167384 
0.0, 2.714358970479225e-06, 0.004339500796049833 
0.0, 2.9066347906336887e-06, 0.004570410121232271 
0.0, 4.463531695364509e-06, 0.003917860798537731 
0.0, 3.8699563447153196e-06, 0.003961256239563227 
0.0, 4.156630438956199e-06, 0.004438510164618492 
0.0, 3.348513473611092e-06, 0.004717260133475065 
0.0, 2.989051381518948e-06, 0.005025872960686684 
0.0, 4.692381935456069e-06, 0.0037856095004826784 
0.0, 4.132659341848921e-06, 0.004881389904767275 
0.0, 4.332515800342662e-06, 0.003788688452914357 
0.0, 3.877205926983152e-06, 0.0038412469439208508 
0.0, 3.9109067984099966e-06, 0.004008591640740633 
0.0, 4.503912350628525e-06, 0.0034961923956871033 
0.0, 2.8187903353682486e-06, 0.0033649676479399204 
0.0, 4.039288796775509e-06, 0.004219325724989176 
0.0, 3.225823093089275e-06, 0.003873297479003668 
0.0, 3.9670335354458075e-06, 0.005122339818626642 
0.0, 2.8639817628572928e-06, 0.005612648092210293 
0.0, 5.0289272621739656e-06, 0.004273579455912113 
0.0, 3.176729933329625e-06, 0.004365191329270601 
0.0, 4.076124696439365e-06, 0.004312033765017986 
0.0, 5.588041403825628e-06, 0.0051566543988883495 
0.0, 8.415138836426195e-06, 0.006224410608410835 
0.0, 7.122115675883833e-06, 0.007139052730053663 
0.0, 7.590019777126145e-06, 0.006823188625276089 
0.0, 1.1701044968503993e-05, 0.00712216179817915 
0.0, 7.297392130567459e-06, 0.00845584087073803 
0.0, 1.082623657566728e-05, 0.011066473089158535 
0.0, 6.749793101334944e-06, 0.008488927967846394 
0.0, 5.559625606110785e-06, 0.006407873705029488 
0.0, 3.699326725836727e-06, 0.004518396686762571 
0.0, 2.3418044747813838e-06, 0.002847404684871435 
0.0, 2.7004798539564945e-06, 0.0034490597900003195 
0.0, 3.129295237158658e-06, 0.0021236969623714685 
0.0, 3.017379185621394e-06, 0.0034875585697591305 
0.0, 4.164678557572188e-06, 0.0034967027604579926 
0.0, 3.468506974968477e-06, 0.0033368575386703014 
0.0, 3.649288146334584e-06, 0.004812790546566248 
0.0, 2.8814770303142723e-06, 0.005613088607788086 
0.0, 3.103232302237302e-06, 0.005511119961738586 
0.0, 3.782929752560449e-06, 0.005247776862233877 
0.0, 4.052703843626659e-06, 0.004546172451227903 
0.0, 4.416507181304041e-06, 0.005607273429632187 
0.0, 3.840878434857586e-06, 0.004950094036757946 
0.0, 5.39802613275242e-06, 0.006760277319699526 
0.0, 4.528999397734879e-06, 0.0041138287633657455 
0.0, 5.027955921832472e-06, 0.0045053912326693535 
0.0, 5.130990757606924e-06, 0.005711480043828487 
0.0, 6.327613846224267e-06, 0.005767596419900656 
0.0, 5.898135896131862e-06, 0.0056177424266934395 
0.0, 6.181020580697805e-06, 0.0069882976822555065 
0.0, 6.2737522057432216e-06, 0.008505956269800663 
0.0, 6.107253739173757e-06, 0.011449653655290604 
0.0, 7.559541245427681e-06, 0.009194188751280308 
0.0, 7.572117283416446e-06, 0.009435112588107586 
0.0, 9.362424862047192e-06, 0.007615096867084503 
0.0, 9.52117898123106e-06, 0.010541943833231926 
0.0, 1.6745401808293536e-05, 0.008435518480837345 
0.0, 1.9570459699025378e-05, 0.00809570588171482 
0.0, 2.1901007130509242e-05, 0.011499328538775444 
0.0, 1.9046270608669147e-05, 0.016485653817653656 
0.0, 3.153516445308924e-05, 0.011772939004004002 
0.0, 3.6892852222081274e-05, 0.011530181393027306 
0.0, 4.861411071033217e-05, 0.01162196509540081 
0.0, 6.97354698786512e-05, 0.01687469519674778 
0.0, 7.650669431313872e-05, 0.013910455629229546 
0.0, 0.0001471978466724977, 0.013351194560527802 
0.0, 0.00024435092927888036, 0.02505197934806347 
0.0, 0.0002390930603723973, 0.04415253922343254 
0.0, 0.0003571349661797285, 0.022521916776895523 
0.0, 0.0004921752260997891, 0.03960008546710014 
0.0, 0.0005404183175414801, 0.02384033240377903 
0.0, 0.001351095037534833, 0.0665152296423912 
0.0, 0.0005583688616752625, 0.023186804726719856 
0.0, 0.0006471826927736402, 0.027851607650518417 
0.0, 0.0006694698240607977, 0.04922649636864662 
0.0, 0.0009713713661767542, 0.05196964368224144 
0.0, 0.000893399934284389, 0.033875901252031326 
0.0, 0.0010139995720237494, 0.046862661838531494 
0.0, 0.001418169355019927, 0.035436127334833145 
0.0, 0.0016097485786303878, 0.061075858771800995 
0.0, 0.0013796637067571282, 0.050330307334661484 
0.0, 0.0017596378456801176, 0.04894135147333145 
0.0, 0.001910773920826614, 0.03559211641550064 
0.0, 0.003690683515742421, 0.06743890792131424 
0.0, 0.004602726083248854, 0.07933072745800018 
0.0, 0.004917940124869347, 0.11031825095415115 
0.0, 0.003668641671538353, 0.050651054829359055 
0.0, 0.00411490723490715, 0.07471364736557007 
0.0, 0.004686505533754826, 0.1391647458076477 
0.0, 0.0037424571346491575, 0.06656526029109955 
0.0, 0.004772212356328964, 0.09675280004739761 
0.0, 0.006788952741771936, 0.10165982693433762 
0.0, 0.00854214932769537, 0.09448245912790298 
0.0, 0.008219937793910503, 0.10490041226148605 
0.0, 0.01100605446845293, 0.11731881648302078 
0.0, 0.009965159930288792, 0.15865489840507507 
0.0, 0.01476337667554617, 0.11157353222370148 
0.0, 0.012563031166791916, 0.1002783477306366 
0.0, 0.010359158739447594, 0.14509263634681702 
0.0, 0.009922494180500507, 0.07006601244211197 
0.0, 0.01727822609245777, 0.16594789922237396 
0.0, 0.01438406016677618, 0.17225633561611176 
0.0, 0.011382442899048328, 0.12703031301498413 
0.0, 0.016129320487380028, 0.15923146903514862 
0.0, 0.010119245387613773, 0.10434276610612869 
0.0, 0.011781594716012478, 0.15685559809207916 
0.0, 0.017294859513640404, 0.15946340560913086 
0.0, 0.010344070382416248, 0.22889553010463715 
0.0, 0.013447648845613003, 0.12282652407884598 
0.0, 0.01362279150635004, 0.1138501688838005 
0.0, 0.015489845536649227, 0.13895192742347717 
0.0, 0.02048146352171898, 0.10886438190937042 
0.0, 0.017746437340974808, 0.0981757864356041 
0.0, 0.020964697003364563, 0.19844064116477966 
0.0, 0.018347812816500664, 0.08333218842744827 
0.0, 0.014801682904362679, 0.09634874761104584 
0.0, 0.021881917491555214, 0.15541031956672668 
0.0, 0.018025169149041176, 0.10600753873586655 
0.0, 0.017478639259934425, 0.18844226002693176 
0.0, 0.02121325396001339, 0.19907210767269135 
0.0, 0.021328551694750786, 0.21423806250095367 
0.0, 0.02096595987677574, 0.16835090517997742 
0.0, 0.01844426989555359, 0.18341533839702606 
0.0, 0.026464447379112244, 0.19704517722129822 
0.0, 0.022320333868265152, 0.13740494847297668 
0.0, 0.03167956694960594, 0.15630841255187988 
0.0, 0.020048106089234352, 0.1713128238916397 
0.0, 0.021132294088602066, 0.1799231320619583 
0.0, 0.024878105148673058, 0.13351759314537048 
0.0, 0.027156025171279907, 0.22037602961063385 
0.0, 0.026823168620467186, 0.20459721982479095 
0.0, 0.03466112166643143, 0.2444518506526947 
0.0, 0.027689695358276367, 0.23991486430168152 
0.0, 0.030733302235603333, 0.1827770173549652 
0.0, 0.030912961810827255, 0.18800149857997894 
0.0, 0.02802911400794983, 0.32312849164009094 
0.0, 0.02957025356590748, 0.19325368106365204 
0.0, 0.024561109021306038, 0.28715017437934875 
0.0, 0.020291097462177277, 0.2151041030883789 
0.0, 0.027061644941568375, 0.23221179842948914 
0.0, 0.027059022337198257, 0.1965596228837967 
0.0, 0.02347700111567974, 0.16316334903240204 
0.0, 0.028000008314847946, 0.2594667673110962 
0.0, 0.026356391608715057, 0.2643809914588928 
0.0, 0.02940986678004265, 0.2642567455768585 
0.0, 0.027000069618225098, 0.2935958802700043 
0.0, 0.030606791377067566, 0.13467904925346375 
0.0, 0.03274437040090561, 0.21777725219726562 
0.0, 0.02917553298175335, 0.2191072255373001 
0.0, 0.029811499640345573, 0.16731509566307068 
0.0, 0.02695380710065365, 0.2526509761810303 
0.0, 0.03180820122361183, 0.23304836452007294 
0.0, 0.0278492271900177, 0.23628921806812286 
0.0, 0.03232203423976898, 0.2861880958080292 
0.0, 0.03352319821715355, 0.21204955875873566 
0.0, 0.027087099850177765, 0.21379700303077698 
0.0, 0.03815149515867233, 0.22949552536010742 
0.0, 0.03388823941349983, 0.2816260755062103 
0.0, 0.03708062693476677, 0.21542184054851532 
0.0, 0.03090130351483822, 0.21285375952720642 
0.0, 0.03391711041331291, 0.21255424618721008 
0.0, 0.03292056918144226, 0.2066778689622879 
0.0, 0.028759179636836052, 0.27299225330352783 
0.0, 0.03636632114648819, 0.24860535562038422 
0.0, 0.03626195713877678, 0.28028687834739685 
0.0, 0.0317864716053009, 0.22761395573616028 
0.0, 0.029308686032891273, 0.3441413342952728 
0.0, 0.028026307001709938, 0.3206510543823242 
0.0, 0.03385051712393761, 0.27904653549194336 
0.0, 0.03511379659175873, 0.28886842727661133 
0.0, 0.025335965678095818, 0.23086708784103394 
0.0, 0.03297153860330582, 0.1986626833677292 
0.0, 0.030719991773366928, 0.21975043416023254 
0.0, 0.030445042997598648, 0.2802959382534027 
0.0, 0.03289199247956276, 0.2710908055305481 
0.0, 0.03619176149368286, 0.2649436295032501 
0.0, 0.030703352764248848, 0.2760300040245056 
0.0, 0.03477131575345993, 0.2940557897090912 
0.0, 0.0295186135917902, 0.2860965132713318 
0.0, 0.02642466127872467, 0.2777773439884186 
0.0, 0.030624767765402794, 0.33757972717285156 
0.0, 0.035679545253515244, 0.27412861585617065 
0.0, 0.03758541867136955, 0.2443370521068573 
0.0, 0.031421978026628494, 0.3301883041858673 
0.0, 0.02862958423793316, 0.1901741921901703 
0.0, 0.033115651458501816, 0.27807581424713135 
0.0, 0.03202243894338608, 0.19673381745815277 
0.0, 0.03509214147925377, 0.27727288007736206 
0.0, 0.031351979821920395, 0.24267956614494324 
0.0, 0.030323993414640427, 0.28249886631965637 
0.0, 0.03792771324515343, 0.35046738386154175 
0.0, 0.03050120733678341, 0.408075749874115 
0.0, 0.03605044633150101, 0.4040850102901459 
0.0, 0.036356501281261444, 0.2053072303533554 
0.0, 0.03404814004898071, 0.3394480049610138 
0.0, 0.029055720195174217, 0.314145028591156 
0.0, 0.030902985483407974, 0.2636128067970276 
0.0, 0.03063972294330597, 0.22522559762001038 
0.0, 0.0339030995965004, 0.28666600584983826 
0.0, 0.033246953040361404, 0.29651495814323425 
0.0, 0.03250326216220856, 0.3357570767402649 
0.0, 0.03911527991294861, 0.20954561233520508 
0.0, 0.030903548002243042, 0.3251712918281555 
0.0, 0.032182056456804276, 0.28849977254867554 
0.0, 0.0357464924454689, 0.2366156280040741 
0.0, 0.027724819257855415, 0.3469858765602112 
0.0, 0.034276530146598816, 0.2574111223220825 
0.0, 0.03254931420087814, 0.2505873739719391 
0.0, 0.03155455365777016, 0.3210560381412506 
0.0, 0.030359696596860886, 0.31584838032722473 
0.0, 0.033506330102682114, 0.311505526304245 
0.0, 0.03388851508498192, 0.4265419542789459 
0.0, 0.03627283498644829, 0.3988932967185974 
0.0, 0.032858707010746, 0.4421233534812927 
0.0, 0.03737521916627884, 0.38592734932899475 
0.0, 0.03759846091270447, 0.3158552646636963 
0.0, 0.038966018706560135, 0.33551326394081116 
0.0, 0.044744450598955154, 0.35755154490470886 
0.0, 0.04082244634628296, 0.2418505996465683 
0.0, 0.03450528904795647, 0.32600465416908264 
0.0, 0.03540707752108574, 0.3881777822971344 
0.0, 0.03162602335214615, 0.30214959383010864 
0.0, 0.03559846431016922, 0.3575840890407562 
0.0, 0.028230035677552223, 0.31950852274894714 
0.0, 0.03911815211176872, 0.39865168929100037 
0.0, 0.03512062877416611, 0.47160738706588745 
0.0, 0.043404217809438705, 0.36464354395866394 
0.0, 0.0267399363219738, 0.3886716961860657 
0.0, 0.03757866472005844, 0.35164305567741394 
0.0, 0.044734809547662735, 0.3499884009361267 
0.0, 0.031620483845472336, 0.3748113214969635 
0.0, 0.03205396980047226, 0.4966176152229309 
0.0, 0.0358465239405632, 0.4034878611564636 
0.0, 0.04144524410367012, 0.47559669613838196 
0.0, 0.03939853608608246, 0.3525408208370209 
0.0, 0.02802135795354843, 0.4134161174297333 
0.0, 0.0360187292098999, 0.4226047396659851 
0.0, 0.028249530121684074, 0.4670276641845703 
0.0, 0.039135586470365524, 0.3527991473674774 
0.0, 0.036799583584070206, 0.3742780089378357 
0.0, 0.03141674026846886, 0.40967121720314026 
0.0, 0.046902138739824295, 0.5249614715576172 
0.0, 0.032383259385824203, 0.2562078833580017 
0.0, 0.04266316071152687, 0.5425742268562317 
0.0, 0.0308586023747921, 0.44435998797416687 
0.0, 0.040574368089437485, 0.38270488381385803 
0.0, 0.03765175864100456, 0.5024797320365906 
0.0, 0.03521813079714775, 0.4081241190433502 
0.0, 0.030752934515476227, 0.377302885055542 
0.0, 0.03596026450395584, 0.447562038898468 
0.0, 0.04158893600106239, 0.3536762595176697 
0.0, 0.04043319821357727, 0.4149097502231598 
0.0, 0.044855620712041855, 0.34665703773498535 
0.0, 0.03459138050675392, 0.4664292335510254 
0.0, 0.03600770980119705, 0.6879650950431824 
0.0, 0.037692803889513016, 0.4904060661792755 
0.0, 0.03840864077210426, 0.4832060635089874 
0.0, 0.04087478667497635, 0.4195921719074249 
0.0, 0.03509550541639328, 0.5008224248886108 
0.0, 0.0385734923183918, 0.5547188520431519 
0.0, 0.037933334708213806, 0.3976016044616699 
0.0, 0.04169676452875137, 0.5413219332695007 
0.0, 0.0312865749001503, 0.5580275058746338 
0.0, 0.04553589969873428, 0.4490146338939667 
0.0, 0.029652532190084457, 0.432873010635376 
0.0, 0.040071163326501846, 0.42320531606674194 
0.0, 0.03972334787249565, 0.5409179925918579 
0.0, 0.04425225779414177, 0.5303024649620056 
0.0, 0.03744729608297348, 0.4524218440055847 
0.0, 0.04371870309114456, 0.35140591859817505 
0.0, 0.047060657292604446, 0.36173585057258606 
0.0, 0.03787907585501671, 0.3759385347366333 
0.0, 0.042603034526109695, 0.5576683878898621 
0.0, 0.03765053674578667, 0.5048777461051941 
0.0, 0.04932085797190666, 0.45285797119140625 
0.0, 0.035450246185064316, 0.547508716583252 
0.0, 0.04822073504328728, 0.7107052803039551 
0.0, 0.04078066349029541, 0.6478782892227173 
0.0, 0.035175371915102005, 0.7576562166213989 
0.0, 0.03892362862825394, 0.5660802125930786 
0.0, 0.02768651582300663, 0.6849838495254517 
0.0, 0.03550121560692787, 0.5665265321731567 
0.0, 0.051179878413677216, 0.48259106278419495 
0.0, 0.055013202130794525, 0.579545795917511 
0.0, 0.04591795802116394, 0.5191990733146667 
0.0, 0.04310742765665054, 0.4985347390174866 
0.0, 0.040235791355371475, 0.5281338691711426 
0.0, 0.042802732437849045, 0.39253902435302734 
0.0, 0.03741954639554024, 0.5561297535896301 
0.0, 0.04992368072271347, 0.3976108133792877 
0.0, 0.043990228325128555, 0.7229968309402466 
0.0, 0.04609294608235359, 0.4805590510368347 
0.0, 0.0382852666079998, 0.6008836627006531 
0.0, 0.050517864525318146, 0.4872564375400543 
0.0, 0.047683726996183395, 0.48178961873054504 
0.0, 0.038746077567338943, 0.6173941493034363 
0.0, 0.04898565635085106, 0.475784033536911 
0.0, 0.03850482031702995, 0.5936039686203003 
0.0, 0.042405933141708374, 0.6205130219459534 
0.0, 0.04804275557398796, 0.49510928988456726 
0.0, 0.040185704827308655, 0.5715355277061462 
0.0, 0.042514171451330185, 0.540820300579071 
0.0, 0.0511794276535511, 0.48679810762405396 
0.0, 0.03478865697979927, 0.5183752775192261 
0.0, 0.03347909078001976, 0.6633173823356628 
0.0, 0.04307474195957184, 0.5898441672325134 
0.0, 0.05086415633559227, 0.6111087799072266 
0.0, 0.04967610910534859, 0.5765279531478882 
0.0, 0.051921647042036057, 0.6628949046134949 
0.0, 0.05269114673137665, 0.46585988998413086 
0.0, 0.05159506946802139, 0.9244784116744995 
0.0, 0.04416219890117645, 0.8836886882781982 
0.0, 0.05669393762946129, 0.5593538284301758 
0.0, 0.041374385356903076, 0.6112772226333618 
0.0, 0.03174378350377083, 0.6905744671821594 
0.0, 0.045068804174661636, 0.7254775166511536 
0.0, 0.0421418733894825, 0.4585896134376526 
0.0, 0.03322078660130501, 0.7054826021194458 
0.0, 0.03884020075201988, 0.5433310270309448 
0.0, 0.04694503918290138, 0.5444858074188232 
0.0, 0.04176560044288635, 0.5974816679954529 
0.0, 0.048135288059711456, 0.5892370343208313 
0.0, 0.05692731589078903, 0.575671911239624 
0.0, 0.05006125196814537, 0.43707984685897827 
0.0, 0.039796266704797745, 0.7185150384902954 
0.0, 0.041329044848680496, 0.6272972226142883 
0.0, 0.04329538345336914, 0.7554561495780945 
0.0, 0.046520013362169266, 0.5673606395721436 
0.0, 0.0655001625418663, 0.46104520559310913 
0.0, 0.05552301183342934, 0.8070508241653442 
0.0, 0.047581352293491364, 0.6313843131065369 
0.0, 0.05007932707667351, 0.4961668848991394 
0.0, 0.0407935194671154, 0.9153854250907898 
0.0, 0.052554238587617874, 0.5384398698806763 
0.0, 0.046197500079870224, 0.6117066740989685 
0.0, 0.04456014186143875, 0.7236465811729431 
0.0, 0.04480210319161415, 0.5008057951927185 
0.0, 0.06113308668136597, 0.6077996492385864 
0.0, 0.05981298163533211, 0.6196075677871704 
0.0, 0.03927998244762421, 0.6273813247680664 
0.0, 0.03874653950333595, 0.6566334962844849 
0.0, 0.0370841883122921, 0.5110048651695251 
0.0, 0.04428703337907791, 0.6195827126502991 
0.0, 0.04390265420079231, 0.7622878551483154 
0.0, 0.03799716383218765, 0.7065726518630981 
0.0, 0.052413444966077805, 0.6498861312866211 
0.0, 0.04424643516540527, 0.5379320383071899 
0.0, 0.05189527943730354, 0.6980689764022827 
0.0, 0.04724432900547981, 0.8292948603630066 
0.0, 0.04352904111146927, 0.5878596901893616 
0.0, 0.057421158999204636, 0.6393920183181763 
0.0, 0.06926129758358002, 0.4548428952693939 
0.0, 0.06154356151819229, 0.5076566338539124 
0.0, 0.04801193252205849, 0.6751399636268616 
0.0, 0.04699765145778656, 0.8675546646118164 
0.0, 0.04791827127337456, 0.5708536505699158 
0.0, 0.04500430077314377, 0.6822055578231812 
0.0, 0.06412361562252045, 0.5813606977462769 
0.0, 0.03483797237277031, 0.6754450798034668 
0.0, 0.0448136068880558, 0.7449696063995361 
0.0, 0.049901083111763, 0.6684035658836365 
0.0, 0.04681480675935745, 0.6254059672355652 
0.0, 0.03890784829854965, 0.7453435063362122 
0.0, 0.056548792868852615, 0.6425219774246216 
0.0, 0.04697766900062561, 0.5175644755363464 
0.0, 0.0713869035243988, 0.5777755379676819 
0.0, 0.04025346785783768, 0.8022400736808777 
0.0, 0.05219125375151634, 0.6425032615661621 
0.0, 0.05371295288205147, 0.7935251593589783 
0.0, 0.05012819543480873, 0.7494322061538696 
0.0, 0.05372397229075432, 0.9186265468597412 
0.0, 0.048518646508455276, 0.781565248966217 
0.0, 0.034589555114507675, 0.7072044610977173 
0.0, 0.044915009289979935, 0.682033896446228 
0.0, 0.03984201326966286, 0.6974526643753052 
0.0, 0.041795458644628525, 0.650634229183197 
0.0, 0.034750375896692276, 0.8710975646972656 
0.0, 0.06835803389549255, 0.6984428763389587 
0.0, 0.05145508050918579, 0.47599390149116516 
0.0, 0.059721510857343674, 0.6990876793861389 
0.0, 0.03167556971311569, 1.112265944480896 
0.0, 0.03991394490003586, 0.7798830270767212 
0.0, 0.038300640881061554, 1.0983250141143799 
0.0, 0.055004268884658813, 0.5957232117652893 
0.0, 0.05577812343835831, 0.6953610181808472 
0.0, 0.06261981278657913, 0.5227301716804504 
0.0, 0.06055302172899246, 0.8478277921676636 
0.0, 0.04664158076047897, 0.6075506210327148 
0.0, 0.060149163007736206, 0.5168508887290955 
0.0, 0.05693674460053444, 0.674802303314209 
0.0, 0.04949570074677467, 0.5907401442527771 
0.0, 0.050470925867557526, 0.8185428380966187 
0.0, 0.04641589894890785, 0.7907308340072632 
0.0, 0.05394822359085083, 0.9110273122787476 
0.0, 0.051417190581560135, 0.9731241464614868 
0.0, 0.05930634215474129, 0.8976263999938965 
0.0, 0.0508878156542778, 0.5445970892906189 
0.0, 0.05685953423380852, 0.7110728621482849 
0.0, 0.05619223788380623, 0.7862398028373718 
0.0, 0.05673137307167053, 0.6773830056190491 
0.0, 0.03976740688085556, 0.59759521484375 
0.0, 0.04979567974805832, 0.5664131045341492 
0.0, 0.04296950250864029, 0.7366124391555786 
0.0, 0.04431936517357826, 0.5170943737030029 
0.0, 0.045820631086826324, 0.5340498089790344 
0.0, 0.041666481643915176, 0.7905318140983582 
0.0, 0.05229150503873825, 0.6739246845245361 
0.0, 0.04830430820584297, 1.0648584365844727 
0.0, 0.051425762474536896, 0.8197960257530212 
0.0, 0.06752322614192963, 0.7512221336364746 
0.0, 0.052501145750284195, 1.0962045192718506 
0.0, 0.038820601999759674, 0.9238399863243103 
0.0, 0.04596482962369919, 0.8715111017227173 
0.0, 0.052715908735990524, 0.9781351685523987 
0.0, 0.049771588295698166, 0.6000498533248901 
0.0, 0.0518006831407547, 0.647819459438324 
0.0, 0.05167977139353752, 0.8570165634155273 
0.0, 0.04734891280531883, 1.102984070777893 
0.0, 0.05430934578180313, 0.8588129281997681 
0.0, 0.06038198992609978, 0.7198642492294312 
0.0, 0.06692742556333542, 0.7831734418869019 
0.0, 0.059479814022779465, 0.7031552791595459 
0.0, 0.051426395773887634, 1.0972585678100586 
0.0, 0.055070050060749054, 0.6773310303688049 
0.0, 0.04863859713077545, 0.6525554656982422 
0.0, 0.05355069413781166, 0.9171851277351379 
0.0, 0.06695890426635742, 0.8288279175758362 
0.0, 0.03711720183491707, 1.0998722314834595 
0.0, 0.057929448783397675, 1.158392071723938 
0.0, 0.047294434159994125, 0.8597527146339417 
0.0, 0.061536870896816254, 0.5646547675132751 
0.0, 0.04490293934941292, 0.756929337978363 
0.0, 0.0702403336763382, 0.6006971597671509 
0.0, 0.04395196586847305, 0.6718643307685852 
0.0, 0.04142237454652786, 0.6603847146034241 
0.0, 0.05840186029672623, 0.6913326978683472 
0.0, 0.045823343098163605, 0.7295135855674744 
0.0, 0.05769366770982742, 0.6908994913101196 
0.0, 0.05500427633523941, 0.9857410788536072 
0.0, 0.051760703325271606, 0.9117574691772461 
0.0, 0.04085177183151245, 1.1822121143341064 
0.0, 0.06541428714990616, 1.0967546701431274 
0.0, 0.04933430999517441, 0.8454673886299133 
0.0, 0.061725862324237823, 0.6729604601860046 
0.0, 0.06573378294706345, 0.7741583585739136 
0.0, 0.053337495774030685, 0.6118579506874084 
0.0, 0.0400402769446373, 0.7104325294494629 
0.0, 0.04441405087709427, 0.8692167401313782 
0.0, 0.04446187615394592, 0.7748150825500488 
0.0, 0.06358661502599716, 0.7432063221931458 
0.0, 0.03656093031167984, 0.868353009223938 
0.0, 0.05917617678642273, 0.9610690474510193 
0.0, 0.05117712542414665, 0.6746731400489807 
0.0, 0.042729638516902924, 0.7892438173294067 
0.0, 0.0794704332947731, 0.7840878963470459 
0.0, 0.03421150520443916, 0.8255735635757446 
0.0, 0.06047210097312927, 0.8967309594154358 
0.0, 0.0641603097319603, 0.5049055218696594 
0.0, 0.04979746416211128, 0.6525622010231018 
0.0, 0.050313256680965424, 0.5839462280273438 
0.0, 0.05150929465889931, 0.755104124546051 
0.0, 0.07522542774677277, 0.6178056597709656 
0.0, 0.05748794600367546, 0.6902002096176147 
0.0, 0.04954591765999794, 1.152431845664978 
0.0, 0.0491059236228466, 0.8766515254974365 
0.0, 0.05609158053994179, 0.59871906042099 
0.0, 0.034669894725084305, 0.8144704699516296 
0.0, 0.05479614436626434, 0.6213710904121399 
0.0, 0.04153214022517204, 0.7899526953697205 
0.0, 0.048027344048023224, 0.9455738663673401 
0.0, 0.039863221347332, 0.9265984892845154 
0.0, 0.05337148904800415, 0.9040094017982483 
0.0, 0.04892875999212265, 0.7630793452262878 
0.0, 0.03921071067452431, 1.212121844291687 
0.0, 0.040343672037124634, 0.7738766074180603 
0.0, 0.04861166700720787, 0.9724392890930176 
0.0, 0.06854644417762756, 0.7032094597816467 
0.0, 0.04193300008773804, 0.9569533467292786 
0.0, 0.0714123323559761, 0.76705402135849 
0.0, 0.06762571632862091, 0.7080926895141602 
0.0, 0.04520341381430626, 0.8267914056777954 
0.0, 0.05458163842558861, 0.7653220891952515 
0.0, 0.049636196345090866, 1.0053093433380127 
0.0, 0.032020725309848785, 1.0008139610290527 
0.0, 0.06042565032839775, 0.7646403908729553 
0.0, 0.05224785581231117, 0.7408105731010437 
0.0, 0.05031935125589371, 0.730216920375824 
0.0, 0.07561260461807251, 0.9296426177024841 
0.0, 0.04865033179521561, 0.6612595319747925 
0.0, 0.054489489644765854, 0.7847051024436951 
0.0, 0.041615135967731476, 0.7839917540550232 
0.0, 0.05750056356191635, 0.6695788502693176 
0.0, 0.0570792481303215, 0.7412717938423157 
0.0, 0.06109580397605896, 1.011763334274292 
0.0, 0.07470227777957916, 0.6173673272132874 
0.0, 0.041780997067689896, 0.8501778841018677 
0.0, 0.06889756768941879, 0.8206085562705994 
0.0, 0.046719036996364594, 1.1585344076156616 
0.0, 0.05749061703681946, 0.7295180559158325 
0.0, 0.05484401807188988, 1.2720681428909302 
0.0, 0.06733227521181107, 0.5658164620399475 
0.0, 0.08535134792327881, 0.8991551995277405 
0.0, 0.042940404266119, 0.6502934694290161 
0.0, 0.03956405445933342, 0.7656473517417908 
0.0, 0.06523320823907852, 0.7433666586875916 
0.0, 0.061737094074487686, 0.5813589692115784 
0.0, 0.04537064582109451, 1.0123988389968872 
0.0, 0.06172114238142967, 0.8167714476585388 
0.0, 0.04766051471233368, 1.0222055912017822 
0.0, 0.04193010553717613, 1.109773874282837 
0.0, 0.0503104068338871, 0.8593122363090515 
0.0, 0.05527855455875397, 0.8447397947311401 
0.0, 0.055973462760448456, 0.7135606408119202 
0.0, 0.03286714479327202, 0.7194419503211975 
0.0, 0.049634870141744614, 0.9066435098648071 
0.0, 0.05325636640191078, 0.809702455997467 
0.0, 0.05116279795765877, 0.9426228404045105 
0.0, 0.053495388478040695, 0.9324371218681335 
0.0, 0.06314074993133545, 1.1916879415512085 
0.0, 0.04523513466119766, 0.7684813737869263 
0.0, 0.054332997649908066, 0.7908260822296143 
0.0, 0.05965423583984375, 1.1115998029708862 
0.0, 0.04126262664794922, 1.090725064277649 
0.0, 0.04339385777711868, 0.9476479887962341 
0.0, 0.03760696202516556, 0.9606124758720398 
0.0, 0.06862214207649231, 0.8060780763626099 
0.0, 0.057377737015485764, 0.7468686699867249 
0.0, 0.0684550330042839, 0.7060349583625793 
0.0, 0.07364227622747421, 0.7113856077194214 
0.0, 0.03267143294215202, 0.7474542856216431 
0.0, 0.05598106235265732, 1.0330493450164795 
0.0, 0.06345205008983612, 1.071940541267395 
0.0, 0.08718574792146683, 0.6786558628082275 
0.0, 0.04635047912597656, 1.3979040384292603 
0.0, 0.05454866215586662, 1.1598014831542969 
0.0, 0.06344743072986603, 0.8301512002944946 
0.0, 0.04453209787607193, 0.8513829112052917 
0.0, 0.06497269123792648, 0.7659850120544434 
0.0, 0.057087380439043045, 0.8595381379127502 
0.0, 0.06630069762468338, 0.9689916372299194 
0.0, 0.05658596754074097, 0.9486120343208313 
0.0, 0.07604456692934036, 0.8679910898208618 
0.0, 0.05963099002838135, 1.3051344156265259 
0.0, 0.053060922771692276, 1.0572998523712158 
0.0, 0.058949608355760574, 1.1654585599899292 
0.0, 0.07306057214736938, 0.9539380073547363 
0.0, 0.07387540489435196, 0.9555371403694153 
0.0, 0.05231437087059021, 0.8996583223342896 
0.0, 0.06745404005050659, 0.635412871837616 
0.0, 0.05279620364308357, 1.0815844535827637 
0.0, 0.04248726740479469, 0.6292828321456909 
0.0, 0.07912375777959824, 0.8211535811424255 
0.0, 0.047736756503582, 1.0781457424163818 
0.0, 0.0559137798845768, 1.003139853477478 
0.0, 0.07433117181062698, 1.035024642944336 
0.0, 0.06650231778621674, 1.2840139865875244 
0.0, 0.06119420379400253, 0.8874087929725647 
0.0, 0.0460522398352623, 0.8799432516098022 
0.0, 0.080804243683815, 0.6058403849601746 
0.0, 0.06864846497774124, 0.5998001098632812 
0.0, 0.058301858603954315, 0.9475589394569397 
0.0, 0.06506673991680145, 0.7499406933784485 
0.0, 0.07639466226100922, 0.6626549363136292 
0.0, 0.05499853938817978, 1.1552070379257202 
0.0, 0.048154447227716446, 1.100721001625061 
0.0, 0.06743408739566803, 0.9601846933364868 
0.0, 0.06304621696472168, 0.8639585375785828 
0.0, 0.04476753994822502, 0.7285937666893005 
0.0, 0.06769134104251862, 0.9050344824790955 
0.0, 0.04268044978380203, 0.7085429430007935 
0.0, 0.05069834366440773, 0.7826719284057617 
0.0, 0.06725667417049408, 0.8739461302757263 
0.0, 0.09078240394592285, 0.7875418663024902 
0.0, 0.0727316215634346, 1.1460165977478027 
0.0, 0.03276841342449188, 1.4219410419464111 
0.0, 0.09488832950592041, 1.2281166315078735 
0.0, 0.04453717917203903, 0.9705943465232849 
0.0, 0.05703054741024971, 0.7510708570480347 
0.0, 0.05702574551105499, 0.8910890221595764 
0.0, 0.0462103895843029, 0.7041612267494202 
0.0, 0.06442753970623016, 0.9203413724899292 
0.0, 0.06850717216730118, 0.7844495177268982 
0.0, 0.07040087878704071, 0.9155572652816772 
0.0, 0.06794827431440353, 0.5800421237945557 
0.0, 0.05506119504570961, 0.7878503799438477 
0.0, 0.06856192648410797, 0.8846218585968018 
0.0, 0.046713683754205704, 0.8348329067230225 
0.0, 0.07714615762233734, 0.7031852006912231 
0.0, 0.06433945149183273, 0.7234112024307251 
0.0, 0.06678494811058044, 1.0128756761550903 
0.0, 0.07227858155965805, 1.1858512163162231 
0.0, 0.04172263666987419, 1.2491601705551147 
0.0, 0.06612296402454376, 0.5534377694129944 
0.0, 0.04721755534410477, 0.8852249383926392 
0.0, 0.05262422934174538, 0.6852344870567322 
0.0, 0.06848401576280594, 0.6520044803619385 
0.0, 0.05702570825815201, 0.894074559211731 
0.0, 0.07385284453630447, 0.8400635123252869 
0.0, 0.04979485273361206, 0.8266270756721497 
0.0, 0.07360806316137314, 0.593608558177948 
0.0, 0.06662975996732712, 0.7254666686058044 
0.0, 0.06799910962581635, 0.9962765574455261 
0.0, 0.04418453946709633, 1.229573130607605 
0.0, 0.11782462894916534, 0.6626171469688416 
0.0, 0.06640420854091644, 0.6485077142715454 
0.0, 0.056180454790592194, 1.0437389612197876 
0.0, 0.07086196541786194, 0.9137603044509888 
0.0, 0.06045889854431152, 0.7229062914848328 
0.0, 0.05252944678068161, 0.7993277907371521 
0.0, 0.06124654412269592, 0.9764364957809448 
0.0, 0.06675250083208084, 1.2923057079315186 
0.0, 0.05997885391116142, 1.156964659690857 
0.0, 0.06865273416042328, 0.8672221302986145 
0.0, 0.06341160088777542, 0.6739374399185181 
0.0, 0.06790293008089066, 0.5934661626815796 
0.0, 0.08127846568822861, 0.7934606671333313 
0.0, 0.04858557507395744, 2.048570394515991 
0.0, 0.06130373850464821, 1.189510464668274 
0.0, 0.08896700292825699, 0.9789500832557678 
0.0, 0.05371686443686485, 0.8465312123298645 
0.0, 0.04841426759958267, 0.6677891612052917 
0.0, 0.05806968733668327, 0.554548978805542 
0.0, 0.07005415111780167, 0.9673079252243042 
0.0, 0.044494178146123886, 1.0145689249038696 
0.0, 0.05640306696295738, 0.8367753028869629 
0.0, 0.049211788922548294, 0.8700671792030334 
0.0, 0.0728689506649971, 1.0398107767105103 
0.0, 0.05489408224821091, 0.8239688277244568 
0.0, 0.05950302258133888, 0.9815571904182434 
0.0, 0.05994854494929314, 0.5016743540763855 
0.0, 0.04528128728270531, 0.8708603382110596 
0.0, 0.05249137431383133, 0.8304375410079956 
0.0, 0.05000463128089905, 0.9972202181816101 
0.0, 0.04274451732635498, 1.1073311567306519 
0.0, 0.07012798637151718, 0.8408187031745911 
0.0, 0.07198192179203033, 0.7424339652061462 
0.0, 0.051384083926677704, 0.9019237756729126 
0.0, 0.07616990059614182, 0.8286056518554688 
0.0, 0.05352988466620445, 0.8414238691329956 
0.0, 0.07370130717754364, 0.7358134388923645 
0.0, 0.07184191793203354, 1.292902946472168 
0.0, 0.08473961800336838, 1.3015233278274536 
0.0, 0.058176275342702866, 1.0386149883270264 
0.0, 0.06100424751639366, 0.95176762342453 
0.0, 0.041067935526371, 1.1653379201889038 
0.0, 0.06355840712785721, 0.8328713774681091 
0.0, 0.06688158959150314, 0.9546708464622498 
0.0, 0.05109846591949463, 0.9946837425231934 
0.0, 0.0877276062965393, 0.968756377696991 
0.0, 0.06577754020690918, 1.0963586568832397 
0.0, 0.05441205948591232, 0.9372450113296509 
0.0, 0.06736909598112106, 0.9230222105979919 
0.0, 0.05380558595061302, 1.0688899755477905 
0.0, 0.06441862881183624, 0.8139471411705017 
0.0, 0.059538666158914566, 1.2531709671020508 
0.0, 0.08716361969709396, 1.1166470050811768 
0.0, 0.048403043299913406, 1.1933783292770386 
0.0, 0.10824345052242279, 0.7171435952186584 
0.0, 0.06616257131099701, 0.7828759551048279 
0.0, 0.04435049742460251, 0.924616813659668 
0.0, 0.09811467677354813, 0.814928412437439 
0.0, 0.05417221412062645, 0.8973220586776733 
0.0, 0.05203041434288025, 0.9090081453323364 
0.0, 0.0698402151465416, 0.7056745886802673 
0.0, 0.07908760011196136, 0.5893983840942383 
0.0, 0.07469736039638519, 0.887864887714386 
0.0, 0.07874976098537445, 1.2867679595947266 
0.0, 0.07846301048994064, 0.8793132901191711 
0.0, 0.06890830397605896, 1.0393909215927124 
0.0, 0.07215104252099991, 1.0237153768539429 
0.0, 0.04511391744017601, 0.78768390417099 
0.0, 0.04948190972208977, 0.8350180983543396 
0.0, 0.028942137956619263, 0.702724814414978 
0.0, 0.049694422632455826, 0.8561645150184631 
0.0, 0.04659692198038101, 0.6553548574447632 
0.0, 0.03730187192559242, 1.042397379875183 
0.0, 0.08820445090532303, 1.0571328401565552 
0.0, 0.057717323303222656, 0.8252471089363098 
0.0, 0.08358181267976761, 0.7836445569992065 
0.0, 0.04909636825323105, 0.9899489283561707 
0.0, 0.07056251168251038, 1.0178638696670532 
0.0, 0.06767324358224869, 0.8499499559402466 
0.0, 0.04952840134501457, 1.010518193244934 
0.0, 0.09237241744995117, 0.9763584136962891 
0.0, 0.051821865141391754, 1.2240999937057495 
0.0, 0.08169054239988327, 1.2512673139572144 
0.0, 0.044562581926584244, 0.8261098861694336 
0.0, 0.08086013048887253, 0.8172510862350464 
0.0, 0.06615648418664932, 0.81875079870224 
0.0, 0.06711020320653915, 0.7413878440856934 
0.0, 0.07479625940322876, 0.8488873839378357 
0.0, 0.050056736916303635, 0.7381557822227478 
0.0, 0.07663601636886597, 0.9010988473892212 
0.0, 0.08819464594125748, 0.8004478216171265 
0.0, 0.08462510257959366, 0.7053600549697876 
0.0, 0.0676097646355629, 0.590661346912384 
0.0, 0.0644015297293663, 0.70695561170578 
0.0, 0.06922159343957901, 0.7924428582191467 
0.0, 0.04534951597452164, 0.7609370350837708 
0.0, 0.06546347588300705, 0.750840425491333 
0.0, 0.05527980253100395, 0.8933672308921814 
0.0, 0.06923531740903854, 0.7753123641014099 
0.0, 0.06131353974342346, 0.9831882119178772 
0.0, 0.05817703530192375, 0.7083383202552795 
0.0, 0.059754323214292526, 0.6789993047714233 
0.0, 0.06063147261738777, 0.7545311450958252 
0.0, 0.08334386348724365, 0.7698215246200562 
0.0, 0.048290759325027466, 0.7752823233604431 
0.0, 0.07846979796886444, 0.83611661195755 
0.0, 0.060307059437036514, 0.779772937297821 
0.0, 0.057280343025922775, 0.9885556101799011 
0.0, 0.0626126304268837, 0.9750862121582031 
0.0, 0.049553725868463516, 0.7918049693107605 
0.0, 0.07247459143400192, 1.0176583528518677 
0.0, 0.06300187110900879, 0.7719046473503113 
0.0, 0.06863293051719666, 0.8877289295196533 
0.0, 0.05623868480324745, 0.9957253932952881 
0.0, 0.07945504039525986, 0.9719904661178589 
0.0, 0.09012806415557861, 1.1796821355819702 
0.0, 0.09191589057445526, 1.0001158714294434 
0.0, 0.07389435172080994, 1.4930039644241333 
0.0, 0.06933443248271942, 1.0063128471374512 
0.0, 0.05269042029976845, 0.9980922937393188 
0.0, 0.05579527094960213, 1.2366033792495728 
0.0, 0.06327693909406662, 0.8241145610809326 
0.0, 0.055973928421735764, 0.7602525353431702 
0.0, 0.050407152622938156, 1.0555469989776611 
0.0, 0.07126550376415253, 1.2522149085998535 
0.0, 0.06814085692167282, 0.8715273141860962 
0.0, 0.06420957297086716, 0.7917003631591797 
0.0, 0.047432780265808105, 1.2738624811172485 
0.0, 0.09297571331262589, 1.577410101890564 
0.0, 0.06639258563518524, 0.8158810138702393 
0.0, 0.06414268910884857, 1.3241081237792969 
0.0, 0.04905960336327553, 1.0003267526626587 
0.0, 0.05176577344536781, 0.9479337930679321 
0.0, 0.07477600872516632, 0.9098679423332214 
0.0, 0.05873379856348038, 1.0954509973526 
0.0, 0.05488681048154831, 0.7028733491897583 
0.0, 0.06087375059723854, 0.6674330830574036 
0.0, 0.05437599495053291, 0.87677001953125 
0.0, 0.0703965499997139, 0.6935096383094788 
0.0, 0.05496005341410637, 0.8077624440193176 
0.0, 0.06818630546331406, 0.7011206150054932 
0.0, 0.06442254036664963, 0.8527698516845703 
0.0, 0.056026484817266464, 0.8083011507987976 
0.0, 0.06018262729048729, 1.3283342123031616 
0.0, 0.06094365566968918, 0.8763383626937866 
0.0, 0.07500990480184555, 0.9280015230178833 
0.0, 0.0932086855173111, 1.176003098487854 
0.0, 0.053080882877111435, 1.5449739694595337 
0.0, 0.06960878521203995, 0.9440342783927917 
0.0, 0.058735258877277374, 0.901646077632904 
0.0, 0.05927925929427147, 0.7155838012695312 
0.0, 0.0451272614300251, 0.7993828654289246 
0.0, 0.057724565267562866, 0.8055658340454102 
0.0, 0.04611622542142868, 0.7292413711547852 
0.0, 0.04681454971432686, 1.435021162033081 
0.0, 0.0723494365811348, 0.9320386052131653 
0.0, 0.0531667061150074, 1.2601385116577148 
0.0, 0.07280649244785309, 0.7882670164108276 
0.0, 0.08092988282442093, 0.9268596768379211 
0.0, 0.061693646013736725, 0.7953744530677795 
0.0, 0.07373017817735672, 0.7699690461158752 
0.0, 0.0561104491353035, 1.5325899124145508 
0.0, 0.06049084663391113, 1.1696053743362427 
0.0, 0.07717308402061462, 0.8251356482505798 
0.0, 0.05606843903660774, 0.9857713580131531 
0.0, 0.0713888481259346, 0.7763223648071289 
0.0, 0.04389007017016411, 0.893580973148346 
0.0, 0.06873133033514023, 0.8642492294311523 
0.0, 0.05945885181427002, 0.6818851828575134 
0.0, 0.07683484256267548, 1.1331466436386108 
0.0, 0.0640210285782814, 1.4959733486175537 
0.0, 0.06566448509693146, 0.9071569442749023 
0.0, 0.07878854125738144, 0.8879680037498474 
0.0, 0.08237402886152267, 0.6964433789253235 
0.0, 0.06573016941547394, 2.079505443572998 
0.0, 0.11366501450538635, 1.458461046218872 
0.0, 0.05905028060078621, 0.9233157634735107 
0.0, 0.0691283717751503, 0.8512108325958252 
0.0, 0.05889520421624184, 0.7838183045387268 
0.0, 0.04932836443185806, 1.02280855178833 
0.0, 0.0564810112118721, 0.9362810850143433 
0.0, 0.07040423154830933, 1.1032098531723022 
0.0, 0.05576033145189285, 1.362420916557312 
0.0, 0.07028807699680328, 1.5047433376312256 
0.0, 0.06055638939142227, 0.7126656770706177 
0.0, 0.07887440919876099, 0.8652323484420776 
0.0, 0.05821768194437027, 0.9540141224861145 
0.0, 0.06306255608797073, 0.8397637009620667 
0.0, 0.06465350836515427, 0.7997092008590698 
0.0, 0.059275075793266296, 0.9721694588661194 
0.0, 0.07697596400976181, 0.8686408996582031 
0.0, 0.051015812903642654, 1.3296525478363037 
0.0, 0.06774511188268661, 0.9812427759170532 
0.0, 0.05954476818442345, 0.6043344736099243 
0.0, 0.057842884212732315, 0.5308865308761597 
0.0, 0.04868035390973091, 0.7112385034561157 
0.0, 0.07107670605182648, 0.8323731422424316 
0.0, 0.06315802037715912, 0.6830940842628479 
0.0, 0.06948192417621613, 0.8651947379112244 
0.0, 0.0532771497964859, 1.040144681930542 
0.0, 0.046080850064754486, 0.755569338798523 
0.0, 0.07258827984333038, 0.43997499346733093 
0.0, 0.053972214460372925, 1.3146142959594727 
0.0, 0.07293181121349335, 0.8457554578781128 
0.0, 0.06477426737546921, 0.8199337720870972 
0.0, 0.06397532671689987, 0.9782311320304871 
0.0, 0.06868253648281097, 1.1768712997436523 
0.0, 0.05810662358999252, 1.2853808403015137 
0.0, 0.06390007585287094, 0.9058089852333069 
0.0, 0.05690431222319603, 0.7945128083229065 
0.0, 0.0769147127866745, 0.5558248162269592 
0.0, 0.07203301042318344, 1.0682181119918823 
0.0, 0.06733939051628113, 1.0768855810165405 
0.0, 0.061796288937330246, 0.6721025109291077 
0.0, 0.1044718474149704, 0.8703845739364624 
0.0, 0.06544429808855057, 0.8165741562843323 
0.0, 0.05506237596273422, 0.914946973323822 
0.0, 0.06581195443868637, 1.072434663772583 
0.0, 0.04654238373041153, 1.5910999774932861 
0.0, 0.09629444777965546, 0.7389323115348816 
0.0, 0.06288079917430878, 0.8108004331588745 
0.0, 0.05997953563928604, 0.8386915922164917 
0.0, 0.0510619692504406, 0.8419848084449768 
0.0, 0.10104862600564957, 0.7757822871208191 
0.0, 0.08307935297489166, 0.8100888729095459 
0.0, 0.0580732487142086, 0.8482683897018433 
0.0, 0.06332341581583023, 0.9607135057449341 
0.0, 0.05626874417066574, 0.9359846115112305 
0.0, 0.06888411939144135, 0.9812979102134705 
0.0, 0.07835348695516586, 0.9377464056015015 
0.0, 0.05592818930745125, 1.1811107397079468 
0.0, 0.04807492718100548, 1.3735579252243042 
0.0, 0.09686561673879623, 1.020529866218567 
0.0, 0.07313763350248337, 0.7840499877929688 
0.0, 0.06796379387378693, 0.967481791973114 
0.0, 0.061224136501550674, 0.7691882848739624 
0.0, 0.0674382671713829, 0.8400665521621704 
0.0, 0.047131817787885666, 1.1396979093551636 
0.0, 0.06453103572130203, 0.741959273815155 
0.0, 0.06824252009391785, 0.8955739140510559 
0.0, 0.06869441270828247, 0.7674388885498047 
0.0, 0.08134685456752777, 0.7701232433319092 
0.0, 0.05670410022139549, 0.8033565878868103 
0.0, 0.060328733175992966, 0.9522508978843689 
0.0, 0.06976144760847092, 0.8936341404914856 
0.0, 0.054934676736593246, 0.9263032078742981 
0.0, 0.05607930198311806, 0.9341713190078735 
0.0, 0.06980647146701813, 0.9370346665382385 
0.0, 0.058535393327474594, 1.1478638648986816 
0.0, 0.07832343131303787, 0.8757808804512024 
0.0, 0.0587729848921299, 0.7588410377502441 
0.0, 0.08068186789751053, 1.0373550653457642 
0.0, 0.07024133205413818, 1.1018697023391724 
0.0, 0.06793524324893951, 0.9491755962371826 
0.0, 0.07001315802335739, 1.1266015768051147 
0.0, 0.06891464442014694, 1.0190536975860596 
0.0, 0.07704716920852661, 0.8383097052574158 
0.0, 0.08162553608417511, 1.2965887784957886 
0.0, 0.052124638110399246, 0.9586648941040039 
0.0, 0.09906110912561417, 0.9545410871505737 
0.0, 0.08673013001680374, 0.540378987789154 
0.0, 0.059376802295446396, 0.9385541677474976 
0.0, 0.07675754278898239, 0.8649747967720032 
0.0, 0.06239655241370201, 0.8980386257171631 
0.0, 0.06624103337526321, 0.8291760087013245 
0.0, 0.06805723160505295, 0.9841629266738892 
0.0, 0.05523147061467171, 0.898440420627594 
0.0, 0.05603931471705437, 0.9732690453529358 
0.0, 0.11747173219919205, 0.8755959272384644 
0.0, 0.06583274900913239, 0.5886093974113464 
0.0, 0.05917785316705704, 1.04233717918396 
0.0, 0.07206983119249344, 1.2301512956619263 
0.0, 0.07681522518396378, 0.819574236869812 
0.0, 0.06118199974298477, 0.7469147443771362 
0.0, 0.07962126284837723, 1.0456877946853638 
0.0, 0.05465777590870857, 0.6992396116256714 
0.0, 0.0466265045106411, 1.1996679306030273 
0.0, 0.05632514879107475, 1.0927540063858032 
0.0, 0.053077008575201035, 0.5528600811958313 
0.0, 0.045757733285427094, 0.8020512461662292 
0.0, 0.05838809534907341, 0.8225302696228027 
0.0, 0.05949478596448898, 0.5814727544784546 
0.0, 0.06965319812297821, 0.861310601234436 
0.0, 0.06182003766298294, 0.7197520136833191 
0.0, 0.07101953774690628, 1.011061668395996 
0.0, 0.059380389750003815, 0.9535893201828003 
0.0, 0.0514683723449707, 0.7979379296302795 
0.0, 0.08939755707979202, 0.9353603720664978 
0.0, 0.06651098281145096, 1.0314948558807373 
0.0, 0.06635898351669312, 1.1916166543960571 
0.0, 0.08834237605333328, 0.8227909803390503 
0.0, 0.07852695137262344, 1.025380253791809 
0.0, 0.08525967597961426, 1.2463843822479248 
0.0, 0.03245987743139267, 0.8898873925209045 
0.0, 0.08439472317695618, 0.9521058797836304 
0.0, 0.08968410640954971, 0.7924642562866211 
0.0, 0.059499938040971756, 0.9598802328109741 
0.0, 0.06936249881982803, 0.883122980594635 
0.0, 0.07118414342403412, 1.637178897857666 
0.0, 0.043742578476667404, 0.826825737953186 
0.0, 0.05117204412817955, 0.8583993315696716 
0.0, 0.07204420119524002, 1.1638046503067017 
0.0, 0.04798731952905655, 0.8582354784011841 
0.0, 0.07537030428647995, 0.772327721118927 
0.0, 0.06705441325902939, 0.8924751281738281 
0.0, 0.06839188188314438, 0.8406235575675964 
0.0, 0.07519374042749405, 0.7897318601608276 
0.0, 0.04842722415924072, 0.7832371592521667 
0.0, 0.061289843171834946, 1.0196512937545776 
0.0, 0.0689736157655716, 0.8015321493148804 
0.0, 0.07832338660955429, 0.834950864315033 
0.0, 0.05698210000991821, 1.0169421434402466 
0.0, 0.05553096905350685, 1.1071624755859375 
0.0, 0.07673577964305878, 1.0550984144210815 
0.0, 0.08176666498184204, 0.9025513529777527 
0.0, 0.06541435420513153, 0.9809960126876831 
0.0, 0.07475709915161133, 0.9847851395606995 
0.0, 0.07233276218175888, 1.1003140211105347 
0.0, 0.055131200700998306, 0.8758967518806458 
0.0, 0.061833467334508896, 1.1971417665481567 
0.0, 0.0737384483218193, 0.7237343788146973 
0.0, 0.05044884234666824, 0.7623897194862366 
0.0, 0.05889887362718582, 0.6804578900337219 
0.0, 0.06778781116008759, 1.077979326248169 
0.0, 0.08090844005346298, 0.6852236390113831 
0.0, 0.06666054576635361, 0.9568151831626892 
0.0, 0.08107387274503708, 0.9599672555923462 
0.0, 0.061483919620513916, 0.8877765536308289 
0.0, 0.050076279789209366, 0.7591885328292847 
0.0, 0.06618969887495041, 0.454960435628891 
0.0, 0.06250577419996262, 0.8936703205108643 
0.0, 0.07921423763036728, 0.5940719246864319 
0.0, 0.058005839586257935, 0.8484675884246826 
0.0, 0.0548536442220211, 1.3520679473876953 
0.0, 0.09079331904649734, 0.7247241139411926 
0.0, 0.07691267877817154, 1.2551367282867432 
0.0, 0.054107360541820526, 1.8667031526565552 
0.0, 0.059073250740766525, 0.7085006237030029 
0.0, 0.06746739149093628, 0.8088608980178833 
0.0, 0.06732949614524841, 1.130052089691162 
0.0, 0.0660901740193367, 0.6133325099945068 
0.0, 0.059726614505052567, 0.7247024774551392 
0.0, 0.07206708937883377, 0.7062467932701111 
0.0, 0.059434592723846436, 0.808651864528656 
0.0, 0.07391560077667236, 0.6586951017379761 
0.0, 0.044276002794504166, 0.8265576958656311 
0.0, 0.058723773807287216, 0.9364822506904602 
0.0, 0.060114115476608276, 1.0011838674545288 
0.0, 0.07631798833608627, 0.6504260301589966 
0.0, 0.05760541185736656, 0.7977255582809448 
0.0, 0.06986448913812637, 0.5139966011047363 
0.0, 0.0802314504981041, 0.5436737537384033 
0.0, 0.07042987644672394, 0.9760769009590149 
0.0, 0.0728502869606018, 0.7903860211372375 
0.0, 0.05378741770982742, 0.7360233068466187 
0.0, 0.04884537309408188, 0.8956024050712585 
0.0, 0.06652118265628815, 0.7416359782218933 
0.0, 0.06677313148975372, 0.8289029002189636 
0.0, 0.05893586948513985, 0.9624041318893433 
0.0, 0.0813121646642685, 1.387822151184082 
0.0, 0.06915251910686493, 0.6843653321266174 
0.0, 0.062494806945323944, 0.7736209034919739 
0.0, 0.10052666813135147, 0.8145198822021484 
0.0, 0.06495192646980286, 1.11998450756073 
0.0, 0.06704287230968475, 1.0190930366516113 
0.0, 0.06857530027627945, 0.9937368035316467 
0.0, 0.06851374357938766, 0.8862131834030151 
0.0, 0.0659952461719513, 0.9355788826942444 
0.0, 0.05793733522295952, 0.8688074350357056 
0.0, 0.07729848474264145, 0.5358884334564209 
0.0, 0.057622410356998444, 0.6865066289901733 
0.0, 0.08058834075927734, 0.7707213759422302 
0.0, 0.06133406236767769, 0.8753290772438049 
0.0, 0.07230304926633835, 1.3947796821594238 
0.0, 0.07293697446584702, 0.8354151248931885 
0.0, 0.049158547073602676, 0.7608676552772522 
0.0, 0.07989073544740677, 0.9920932054519653 
0.0, 0.08579011261463165, 0.7214494347572327 
0.0, 0.0630369558930397, 0.7897247076034546 
0.0, 0.06774859875440598, 1.1152622699737549 
0.0, 0.09774432331323624, 0.9429560899734497 
0.0, 0.06300593912601471, 1.103888750076294 
0.0, 0.0724717378616333, 0.7255284190177917 
0.0, 0.053927112370729446, 0.8433526754379272 
0.0, 0.05201912671327591, 0.7285036444664001 
0.0, 0.06104990467429161, 0.6095656752586365 
0.0, 0.0811498686671257, 0.649510383605957 
0.0, 0.07931866496801376, 0.7348142862319946 
0.0, 0.05421127378940582, 1.0739485025405884 
0.0, 0.07387323677539825, 0.7735381722450256 
0.0, 0.07150106877088547, 0.6846112608909607 
0.0, 0.06889420002698898, 0.8573967814445496 
0.0, 0.05351569131016731, 1.0311399698257446 
0.0, 0.06707345694303513, 0.757794976234436 
0.0, 0.04945852607488632, 0.6694972515106201 
0.0, 0.06794454157352448, 0.9401066303253174 
0.0, 0.06182892248034477, 0.8695898652076721 
0.0, 0.06413108855485916, 0.9147334694862366 
0.0, 0.05349060893058777, 0.6837702989578247 
0.0, 0.05098390206694603, 1.1195110082626343 
0.0, 0.076329804956913, 0.7346937656402588 
0.0, 0.061653826385736465, 0.9954046607017517 
0.0, 0.06272701174020767, 0.8540447354316711 
0.0, 0.061240650713443756, 1.0723639726638794 
0.0, 0.06175526604056358, 0.7012221217155457 
0.0, 0.0814385786652565, 0.7898403406143188 
0.0, 0.06453722715377808, 0.9218512177467346 
0.0, 0.06927966326475143, 0.8871601223945618 
0.0, 0.06943978369235992, 0.7713689208030701 
0.0, 0.05728546157479286, 0.9897056221961975 
0.0, 0.07014680653810501, 1.302536964416504 
0.0, 0.06978534162044525, 0.852813184261322 
0.0, 0.06895585358142853, 1.0149116516113281 
0.0, 0.06888148933649063, 0.7873715758323669 
0.0, 0.05675080791115761, 0.7582317590713501 
0.0, 0.05177239701151848, 0.6501489281654358 
0.0, 0.053361084312200546, 0.7555831670761108 
0.0, 0.07571505010128021, 0.7816364169120789 
0.0, 0.06540161371231079, 0.5993530750274658 
0.0, 0.09086145460605621, 0.7265678644180298 
0.0, 0.07103308290243149, 0.8401145935058594 
0.0, 0.07004614174365997, 0.9362186789512634 
0.0, 0.05962764471769333, 0.8888466954231262 
0.0, 0.06046810373663902, 0.8449845314025879 
0.0, 0.06132674589753151, 0.6484411358833313 
0.0, 0.09705095738172531, 0.9273766875267029 
0.0, 0.079914890229702, 0.9913039803504944 
0.0, 0.05921053886413574, 0.8299346566200256 
0.0, 0.05019620805978775, 0.73089599609375 
0.0, 0.06272280961275101, 0.6625516414642334 
0.0, 0.07460127770900726, 1.0618289709091187 
0.0, 0.06819608062505722, 0.7048059701919556 
0.0, 0.0760452002286911, 0.3861317038536072 
0.0, 0.07272554188966751, 0.796154797077179 
0.0, 0.06549584865570068, 0.6294182538986206 
0.0, 0.07964762300252914, 1.141845464706421 
0.0, 0.06152144819498062, 1.2172719240188599 
0.0, 0.06771209090948105, 1.005690097808838 
0.0, 0.07308856397867203, 0.6912728548049927 
0.0, 0.071367546916008, 0.8882527947425842 
0.0, 0.057366352528333664, 0.9627707600593567 
0.0, 0.07108227908611298, 1.0352040529251099 
0.0, 0.052592452615499496, 1.171373724937439 
0.0, 0.04889870434999466, 0.8409531712532043 
0.0, 0.05043942853808403, 0.8784665465354919 
0.0, 0.10770969092845917, 0.7832475900650024 
0.0, 0.07662975043058395, 0.7643552422523499 
0.0, 0.06663870811462402, 1.1132954359054565 
0.0, 0.08482304215431213, 1.0182774066925049 
0.0, 0.08998744934797287, 1.079694151878357 
0.0, 0.0876009538769722, 0.9924573302268982 
0.0, 0.061894889920949936, 1.2181649208068848 
0.0, 0.06256803125143051, 0.6072961091995239 
0.0, 0.07217355072498322, 0.997866690158844 
0.0, 0.06969238072633743, 1.0450745820999146 
0.0, 0.057496123015880585, 1.2915457487106323 
0.0, 0.07097925990819931, 0.9536985158920288 
0.0, 0.07249096781015396, 1.1513129472732544 
0.0, 0.04964137822389603, 0.7402997612953186 
0.0, 0.08133602887392044, 0.8801409602165222 
0.0, 0.05967361107468605, 0.6375748515129089 
0.0, 0.07606388628482819, 0.7657303214073181 
0.0, 0.07208279520273209, 0.6662025451660156 
0.0, 0.05776465684175491, 0.6373180747032166 
0.0, 0.07934177666902542, 0.6787429451942444 
0.0, 0.07521657645702362, 0.9441074728965759 
0.0, 0.06792052090167999, 0.9607039093971252 
0.0, 0.05846662446856499, 0.8940707445144653 
0.0, 0.07267444580793381, 0.9513688683509827 
0.0, 0.08786500990390778, 0.7092183828353882 
0.0, 0.06278973072767258, 0.6432411670684814 
0.0, 0.07536932826042175, 0.7789809107780457 
0.0, 0.07178608328104019, 0.4225630760192871 
0.0, 0.06875745207071304, 0.7166643738746643 
0.0, 0.06941202282905579, 0.8043757677078247 
0.0, 0.09442269057035446, 1.0042743682861328 
0.0, 0.037325382232666016, 1.2733030319213867 
0.0, 0.07722239941358566, 1.047163724899292 
0.0, 0.051093123853206635, 1.0542922019958496 
0.0, 0.06418286263942719, 0.7463984489440918 
0.0, 0.07972483336925507, 0.741966187953949 
0.0, 0.06171576306223869, 0.6616021990776062 
0.0, 0.05469707027077675, 0.7742143273353577 
0.0, 0.05254724621772766, 0.9602013826370239 
0.0, 0.06486613303422928, 0.8469874858856201 
0.0, 0.06308324635028839, 0.8515203595161438 
0.0, 0.05073288083076477, 1.096580147743225 
0.0, 0.06435845792293549, 1.491475224494934 
0.0, 0.05911242216825485, 1.449308156967163 
0.0, 0.08670175820589066, 0.8931462168693542 
0.0, 0.08455502241849899, 0.7183398604393005 
0.0, 0.05680558457970619, 0.6778544187545776 
0.0, 0.0788968950510025, 0.9202235341072083 
0.0, 0.06345558911561966, 0.8566451668739319 
0.0, 0.12336283177137375, 0.6906009316444397 
0.0, 0.07518286257982254, 1.4971778392791748 
0.0, 0.0909649133682251, 0.8961062431335449 
0.0, 0.08030205219984055, 0.9014125466346741 
0.0, 0.06210126355290413, 0.868701159954071 
0.0, 0.060090549290180206, 0.4784093201160431 
0.0, 0.06647744029760361, 0.8789175152778625 
0.0, 0.07274127751588821, 0.7724637389183044 
0.0, 0.043503452092409134, 0.5755282640457153 
0.0, 0.053307048976421356, 1.052583932876587 
0.0, 0.059409432113170624, 0.5968576073646545 
0.0, 0.08057921379804611, 0.9311851859092712 
0.0, 0.05861983448266983, 0.7707881927490234 
0.0, 0.07510834187269211, 0.8590283393859863 
0.0, 0.054375335574150085, 0.9145112633705139 
0.0, 0.07122763246297836, 1.0023612976074219 
0.0, 0.055195000022649765, 1.0445363521575928 
0.0, 0.07130420207977295, 1.0759860277175903 
0.0, 0.06243535131216049, 0.649167537689209 
0.0, 0.07822968065738678, 0.755001962184906 
0.0, 0.05195944383740425, 0.5460785627365112 
0.0, 0.06316159665584564, 0.6499931812286377 
0.0, 0.0718073770403862, 0.7877210378646851 
0.0, 0.06906161457300186, 0.9464053511619568 
0.0, 0.098445363342762, 0.5139960050582886 
0.0, 0.04475444182753563, 0.780741274356842 
0.0, 0.08757748454809189, 0.6510462760925293 
0.0, 0.06238508224487305, 0.762735903263092 
0.0, 0.0832744836807251, 0.6834094524383545 
0.0, 0.05795379728078842, 0.9508113265037537 
0.0, 0.06866509467363358, 0.6626248359680176 
0.0, 0.049986306577920914, 0.717899739742279 
0.0, 0.07591953873634338, 0.7733156681060791 
0.0, 0.049626003950834274, 0.7660576105117798 
0.0, 0.05978908762335777, 0.6277361512184143 
0.0, 0.056914180517196655, 0.7083441615104675 
0.0, 0.059347350150346756, 0.596533477306366 
0.0, 0.08716706186532974, 0.8186405301094055 
0.0, 0.0890289843082428, 1.3266521692276 
0.0, 0.05101269856095314, 1.7459099292755127 
0.0, 0.09164278209209442, 1.8173819780349731 
0.0, 0.045765914022922516, 1.0074797868728638 
0.0, 0.059717897325754166, 0.8055383563041687 
0.0, 0.05339614301919937, 0.7884337306022644 
0.0, 0.0792321041226387, 0.5194445252418518 
0.0, 0.061625126749277115, 0.5140219926834106 
0.0, 0.0622888021171093, 0.7763407826423645 
0.0, 0.06052495166659355, 0.5556640625 
0.0, 0.052101362496614456, 0.7599968314170837 
0.0, 0.07330511510372162, 0.5809288024902344 
0.0, 0.04874296113848686, 0.5080023407936096 
0.0, 0.06339793652296066, 0.7242460250854492 
0.0, 0.04909547045826912, 0.718432605266571 
0.0, 0.04824168235063553, 0.739239513874054 
0.0, 0.05182025581598282, 0.6136314868927002 
0.0, 0.06878414005041122, 0.6609758138656616 
0.0, 0.05082268267869949, 0.5184020400047302 
0.0, 0.05374988168478012, 0.6038433313369751 
0.0, 0.05150861665606499, 0.6337162256240845 
0.0, 0.050926875323057175, 0.865905225276947 
0.0, 0.06371423602104187, 0.8184986114501953 
0.0, 0.07984411716461182, 0.8290646076202393 
0.0, 0.06838632375001907, 0.851439356803894 
0.0, 0.06859036535024643, 0.7355237007141113 
0.0, 0.0834837332367897, 1.236361026763916 
0.0, 0.06894847005605698, 0.9021450877189636 
0.0, 0.07192542403936386, 0.8033939003944397 
0.0, 0.050870947539806366, 0.9967161417007446 
0.0, 0.06886300444602966, 0.49704739451408386 
0.0, 0.06481284648180008, 0.5646567940711975 
0.0, 0.05839499831199646, 0.8664982914924622 
0.0, 0.05233846232295036, 0.8039995431900024 
0.0, 0.07969118654727936, 0.4288598299026489 
0.0, 0.06325604021549225, 0.5934091210365295 
0.0, 0.06863619387149811, 0.8004704713821411 
0.0, 0.059406839311122894, 0.577965259552002 
0.0, 0.057032544165849686, 0.7186096906661987 
0.0, 0.04876521974802017, 0.6792987585067749 
0.0, 0.0628051608800888, 0.8578405976295471 
0.0, 0.06428811699151993, 0.8133907318115234 
0.0, 0.04591390863060951, 0.8278992772102356 
0.0, 0.05898124724626541, 0.9666324853897095 
0.0, 0.05358114466071129, 0.5901094675064087 
0.0, 0.06701318174600601, 0.8498859405517578 
0.0, 0.06802153587341309, 0.7089459896087646 
0.0, 0.0651683658361435, 0.7551251649856567 
0.0, 0.08459936827421188, 0.5376296639442444 
0.0, 0.06954296678304672, 1.0581305027008057 
0.0, 0.0766986533999443, 0.8150783181190491 
0.0, 0.05860251188278198, 0.8023268580436707 
0.0, 0.07541536539793015, 0.7215312123298645 
0.0, 0.06652797013521194, 1.0183531045913696 
0.0, 0.07098995894193649, 1.277300238609314 
0.0, 0.0796017125248909, 1.2783681154251099 
0.0, 0.05858736112713814, 1.2212659120559692 
0.0, 0.06559352576732635, 1.0830551385879517 
0.0, 0.06130164489150047, 0.8037612438201904 
0.0, 0.0497150756418705, 0.6616977453231812 
0.0, 0.05994751676917076, 0.4516005516052246 
0.0, 0.0630941167473793, 0.558763325214386 
0.0, 0.06959360837936401, 0.916274905204773 
0.0, 0.06762944906949997, 0.5462478399276733 
0.0, 0.05358234792947769, 0.7149381041526794 
0.0, 0.06819537281990051, 0.3703794777393341 
0.0, 0.05792394280433655, 0.9597582817077637 
0.0, 0.0593671016395092, 0.6445345878601074 
0.0, 0.07646074891090393, 0.6004045009613037 
0.0, 0.071611188352108, 0.617024838924408 
0.0, 0.06065712124109268, 0.8652155995368958 
0.0, 0.08377598226070404, 1.128279685974121 
0.0, 0.06718822568655014, 1.1261779069900513 
0.0, 0.05200958997011185, 0.6031984090805054 
0.0, 0.05485629662871361, 0.8198695182800293 
0.0, 0.06054701283574104, 0.5444366335868835 
0.0, 0.06882782280445099, 0.6337860822677612 
0.0, 0.038002096116542816, 0.6239699721336365 
0.0, 0.06548715382814407, 0.7229375839233398 
0.0, 0.06612872332334518, 0.8038979172706604 
0.0, 0.07417319715023041, 0.7713196277618408 
0.0, 0.06411263346672058, 0.49182114005088806 
0.0, 0.06245670095086098, 0.45796170830726624 
0.0, 0.09627056866884232, 0.5422893762588501 
0.0, 0.08716432750225067, 0.7928073406219482 
0.0, 0.0688018873333931, 0.8196836709976196 
0.0, 0.045135848224163055, 0.6708470582962036 
0.0, 0.07315175235271454, 0.8841419219970703 
0.0, 0.09524469077587128, 0.5542410016059875 
0.0, 0.07586438208818436, 0.8086288571357727 
0.0, 0.07132912427186966, 0.7771400809288025 
0.0, 0.058841459453105927, 0.8696715235710144 
0.0, 0.06583463400602341, 0.8213563561439514 
0.0, 0.061904896050691605, 1.002925157546997 
0.0, 0.06497626006603241, 0.9406042098999023 
0.0, 0.0647481307387352, 0.5855409502983093 
0.0, 0.059369031339883804, 0.5650706887245178 
0.0, 0.09268675744533539, 0.7588456869125366 
0.0, 0.07907157391309738, 0.7240868806838989 
0.0, 0.07242324203252792, 0.7859582304954529 
0.0, 0.06780887395143509, 0.9637521505355835 
0.0, 0.08937488496303558, 1.1973930597305298 
0.0, 0.05659664422273636, 0.7189168930053711 
0.0, 0.10790190100669861, 0.6830431222915649 
0.0, 0.10726314783096313, 0.3686375617980957 
0.0, 0.052362337708473206, 0.5505623817443848 
0.0, 0.054214511066675186, 0.7648208141326904 
0.0, 0.06009180471301079, 0.9581680297851562 
0.0, 0.05040339380502701, 0.9261516332626343 
0.0, 0.07037997245788574, 0.981263279914856 
0.0, 0.07556553930044174, 0.8323950171470642 
0.0, 0.06469710171222687, 0.7226105332374573 
0.0, 0.07931464165449142, 1.177122950553894 
0.0, 0.06674803048372269, 0.8402299284934998 
0.0, 0.06986171007156372, 0.7459527254104614 
0.0, 0.05985117331147194, 1.0555394887924194 
0.0, 0.04531227797269821, 0.6520821452140808 
0.0, 0.06358823925256729, 0.7976259589195251 
0.0, 0.04954082518815994, 0.7013863325119019 
0.0, 0.09348563104867935, 0.9659908413887024 
0.0, 0.0898330882191658, 0.8421716094017029 
0.0, 0.07656755298376083, 0.7879219651222229 
0.0, 0.08295132219791412, 0.5938723683357239 
0.0, 0.05142651125788689, 1.2468793392181396 
0.0, 0.0597539059817791, 0.8175987005233765 
0.0, 0.0999717190861702, 0.6823030114173889 
0.0, 0.07283695787191391, 0.5241726636886597 
0.0, 0.06397677212953568, 0.4770556390285492 
0.0, 0.054057780653238297, 0.8716636300086975 
0.0, 0.047821469604969025, 0.7970622777938843 
0.0, 0.05936640873551369, 0.934255838394165 
0.0, 0.09078597277402878, 0.7249146699905396 
0.0, 0.06914996355772018, 0.7146527171134949 
0.0, 0.056570351123809814, 0.9600932002067566 
0.0, 0.06545128673315048, 0.8820824027061462 
0.0, 0.07214420288801193, 0.5343555808067322 
0.0, 0.11281365901231766, 1.2315709590911865 
0.0, 0.09062982350587845, 1.0565844774246216 
0.0, 0.05699700862169266, 0.7369471788406372 
0.0, 0.05606875568628311, 0.8593810200691223 
0.0, 0.05120435729622841, 1.0748710632324219 
0.0, 0.07052235305309296, 0.7230786085128784 
0.0, 0.045076634734869, 0.8105852007865906 
0.0, 0.05934338644146919, 0.7616825699806213 
0.0, 0.05194685980677605, 0.6226593852043152 
0.0, 0.06789695471525192, 0.5530040860176086 
0.0, 0.05994582548737526, 0.6568918228149414 
0.0, 0.07870654761791229, 0.5894739627838135 
0.0, 0.061088986694812775, 0.8679454922676086 
0.0, 0.0853271409869194, 1.1455422639846802 
0.0, 0.04620915278792381, 0.7683179974555969 
0.0, 0.06256032735109329, 0.5408197641372681 
0.0, 0.10120411217212677, 1.1240241527557373 
0.0, 0.07657407224178314, 1.3395317792892456 
0.0, 0.0847788080573082, 0.972423255443573 
0.0, 0.0852423906326294, 1.0116750001907349 
0.0, 0.07556791603565216, 0.671266496181488 
0.0, 0.08557888120412827, 0.9002940058708191 
0.0, 0.04959358647465706, 0.5331059694290161 
0.0, 0.05952517315745354, 0.7529770731925964 
0.0, 0.05773569643497467, 0.7694616317749023 
0.0, 0.05452726036310196, 0.6325758695602417 
0.0, 0.039246466010808945, 0.5726832747459412 
0.0, 0.050671596080064774, 0.4358247220516205 
0.0, 0.04488163813948631, 0.9452686905860901 
0.0, 0.09401775151491165, 0.7009097337722778 
0.0, 0.04859701544046402, 0.44104233384132385 
0.0, 0.07043897360563278, 0.565015971660614 
0.0, 0.05632350593805313, 0.658281683921814 
0.0, 0.05430081859230995, 0.7436500191688538 
0.0, 0.06714992970228195, 0.744869589805603 
0.0, 0.05433065816760063, 0.5492116808891296 
0.0, 0.059124626219272614, 1.2399388551712036 
0.0, 0.04238075017929077, 1.0084664821624756 
0.0, 0.06586561352014542, 0.7785905599594116 
0.0, 0.07741982489824295, 0.6052581667900085 
0.0, 0.07778660207986832, 0.6538034081459045 
0.0, 0.04716649651527405, 0.6577379107475281 
0.0, 0.08254586160182953, 1.066143274307251 
0.0, 0.0739043578505516, 0.4257027208805084 
0.0, 0.06378909200429916, 0.6086598634719849 
0.0, 0.07149138301610947, 0.7219671607017517 
0.0, 0.06101561337709427, 0.8619928359985352 
0.0, 0.07377409934997559, 0.6615384817123413 
0.0, 0.05413365364074707, 1.203189730644226 
0.0, 0.061499834060668945, 0.9404031038284302 
0.0, 0.06442674994468689, 0.606150209903717 
0.0, 0.06335290521383286, 0.6219015121459961 
0.0, 0.05109956115484238, 1.0033951997756958 
0.0, 0.08823616802692413, 0.8593007326126099 
0.0, 0.06505883485078812, 0.7618976831436157 
0.0, 0.06898888945579529, 0.7393249869346619 
0.0, 0.0704008936882019, 0.623156726360321 
0.0, 0.06566442549228668, 0.7229096293449402 
0.0, 0.06546138972043991, 0.4320731461048126 
0.0, 0.06137189641594887, 0.7741308808326721 
0.0, 0.05571623891592026, 0.5194466710090637 
0.0, 0.06775177270174026, 0.5623252987861633 
0.0, 0.07328344136476517, 1.0378164052963257 
0.0, 0.05795053392648697, 0.5417764782905579 
0.0, 0.06249815598130226, 0.7949338555335999 
0.0, 0.07591179013252258, 1.272551417350769 
0.0, 0.07658988982439041, 0.6686838865280151 
0.0, 0.05228516086935997, 0.7928364872932434 
0.0, 0.06521832197904587, 0.7570329308509827 
0.0, 0.07373709231615067, 0.5326555371284485 
0.0, 0.04955592378973961, 0.857020378112793 
0.0, 0.05808166414499283, 1.2252402305603027 
0.0, 0.046537503600120544, 0.7109809517860413 
0.0, 0.0732358992099762, 0.7100210785865784 
0.0, 0.06888072192668915, 0.6570181250572205 
0.0, 0.06850207597017288, 0.549706757068634 
0.0, 0.06663372367620468, 0.8035542368888855 
0.0, 0.06426802277565002, 0.930233895778656 
0.0, 0.060782525688409805, 0.4413199722766876 
0.0, 0.06126512959599495, 0.5603164434432983 
0.0, 0.07041404396295547, 0.5450276732444763 
0.0, 0.08757992833852768, 0.6548596024513245 
0.0, 0.07480268180370331, 0.5809749960899353 
0.0, 0.06894712150096893, 0.552527666091919 
0.0, 0.06497659534215927, 0.4446360766887665 
0.0, 0.0757981613278389, 0.7591737508773804 
0.0, 0.09852290153503418, 1.1313098669052124 
0.0, 0.07161174714565277, 1.0835524797439575 
0.0, 0.06836345046758652, 0.7089058756828308 
0.0, 0.08190766721963882, 0.6343740224838257 
0.0, 0.044604454189538956, 0.8035053610801697 
0.0, 0.05609486252069473, 0.445406436920166 
0.0, 0.062034495174884796, 0.660716712474823 
0.0, 0.058729495853185654, 0.797636091709137 
0.0, 0.06609247624874115, 0.6241224408149719 
0.0, 0.08768292516469955, 0.723392903804779 
0.0, 0.0684787705540657, 0.46024128794670105 
0.0, 0.09685559570789337, 0.5863310098648071 
0.0, 0.08806807547807693, 0.815862774848938 
0.0, 0.06305629760026932, 1.2092982530593872 
0.0, 0.08075959980487823, 0.7836704254150391 
0.0, 0.08755920827388763, 0.9069758653640747 
0.0, 0.04685836657881737, 0.7403880953788757 
0.0, 0.08512669056653976, 0.9398080110549927 
0.0, 0.056988462805747986, 0.5474762320518494 
0.0, 0.060855474323034286, 0.6285896301269531 
0.0, 0.06336396932601929, 0.4003921449184418 
0.0, 0.06495671719312668, 0.6609254479408264 
0.0, 0.06637968868017197, 0.6709874272346497 
0.0, 0.06529509276151657, 0.5895135998725891 
0.0, 0.0828469842672348, 0.6916990280151367 
0.0, 0.08549752086400986, 0.7191329598426819 
0.0, 0.0658479854464531, 0.6360785365104675 
0.0, 0.059079285711050034, 0.479838490486145 
0.0, 0.08518175780773163, 0.7280430197715759 
0.0, 0.06278615444898605, 0.853081226348877 
0.0, 0.06389094144105911, 0.7516841292381287 
0.0, 0.07339784502983093, 0.7603987455368042 
0.0, 0.0763624832034111, 0.885147750377655 
0.0, 0.08428555727005005, 0.6273893117904663 
0.0, 0.06935351341962814, 0.900688111782074 
0.0, 0.07637129724025726, 0.6982075572013855 
0.0, 0.07122397422790527, 1.0977232456207275 
0.0, 0.06193596497178078, 0.6566237807273865 
0.0, 0.06136105954647064, 0.9072526097297668 
0.0, 0.0616091713309288, 0.8991695642471313 
0.0, 0.0628412738442421, 0.5656379461288452 
0.0, 0.07940801233053207, 0.4686078131198883 
0.0, 0.05506225302815437, 0.5698502063751221 
0.0, 0.06420845538377762, 0.45696011185646057 
0.0, 0.05236708000302315, 0.6591805815696716 
0.0, 0.08850330114364624, 0.6191664934158325 
0.0, 0.06464557349681854, 0.7471957802772522 
0.0, 0.07125242799520493, 0.773129403591156 
0.0, 0.06563274562358856, 0.6237335205078125 
0.0, 0.07848133146762848, 0.7487937211990356 
0.0, 0.08739717304706573, 0.9730229377746582 
0.0, 0.0693717673420906, 1.181479573249817 
0.0, 0.06757958233356476, 0.9265782237052917 
0.0, 0.08136236667633057, 0.9313524961471558 
0.0, 0.055750928819179535, 0.45695987343788147 
0.0, 0.06796582043170929, 0.5500054955482483 
0.0, 0.05740976333618164, 0.7571734189987183 
0.0, 0.08144046366214752, 0.6124150156974792 
0.0, 0.0667373389005661, 0.6532736420631409 
0.0, 0.09143384546041489, 0.8923631906509399 
0.0, 0.0685114786028862, 0.6406508088111877 
0.0, 0.08482730388641357, 1.0006486177444458 
0.0, 0.0622720904648304, 0.8484362363815308 
0.0, 0.06346012651920319, 0.45654651522636414 
0.0, 0.07035046070814133, 1.0468099117279053 
0.0, 0.06244773417711258, 0.7024940252304077 
0.0, 0.08102129399776459, 0.5806241631507874 
0.0, 0.06550448387861252, 0.6041064858436584 
0.0, 0.07598935812711716, 0.5633560419082642 
0.0, 0.07450537383556366, 0.8407984375953674 
0.0, 0.07997705042362213, 0.814978837966919 
0.0, 0.057509105652570724, 1.0789196491241455 
0.0, 0.06941192597150803, 1.130482792854309 
0.0, 0.08895879983901978, 0.6826735138893127 
0.0, 0.06530802696943283, 0.6918475031852722 
0.0, 0.06738438457250595, 0.7254457473754883 
0.0, 0.05392899736762047, 0.5777103304862976 
0.0, 0.06584209203720093, 0.8494589328765869 
0.0, 0.054902952164411545, 0.6323888897895813 
0.0, 0.06297295540571213, 0.5355677008628845 
0.0, 0.05475158244371414, 0.5101344585418701 
0.0, 0.07238084077835083, 0.7288817167282104 
0.0, 0.1268814653158188, 0.7559976577758789 
0.0, 0.05649628862738609, 0.6809431314468384 
0.0, 0.08492033928632736, 1.0383780002593994 
