0.0, 2.674068809938035e-06, 0.002714022295549512 
0.0, 3.3069536584662274e-06, 0.002741130068898201 
0.0, 2.554730372139602e-06, 0.002591205993667245 
0.0, 1.1739366527763195e-06, 0.0014196900883689523 
0.0, 3.785749186135945e-06, 0.0021503688767552376 
0.0, 3.652893610706087e-06, 0.0024787753354758024 
0.0, 3.0711855742993066e-06, 0.0021967042703181505 
0.0, 3.5349532936379546e-06, 0.0032240019645541906 
0.0, 5.88607963436516e-06, 0.0029275938868522644 
0.0, 3.7070726648380514e-06, 0.0016398235457018018 
0.0, 4.922529114992358e-06, 0.0014503905549645424 
0.0, 6.395329364750069e-06, 0.0030307150445878506 
0.0, 7.565554824395804e-06, 0.002418643096461892 
0.0, 8.006203643162735e-06, 0.0028916967567056417 
0.0, 4.269505552656483e-06, 0.0020352061837911606 
0.0, 3.5519224184099585e-06, 0.0037702019326388836 
0.0, 3.51401581610844e-06, 0.0019637090153992176 
0.0, 1.6601209154032404e-06, 0.0022770753130316734 
0.0, 1.934922920554527e-06, 0.0021899051498621702 
0.0, 3.5920345453632763e-06, 0.002237487817183137 
0.0, 2.9249601993797114e-06, 0.002035158919170499 
0.0, 3.3681792501738528e-06, 0.0023740967735648155 
0.0, 2.985653281939449e-06, 0.0018075050320476294 
0.0, 2.816942696881597e-06, 0.00197779294103384 
0.0, 2.1158825802558567e-06, 0.002475615357980132 
0.0, 2.242094751636614e-06, 0.0018991950200870633 
0.0, 3.025197202077834e-06, 0.0024656078312546015 
0.0, 2.804888481477974e-06, 0.0021827237214893103 
0.0, 3.6364940569910686e-06, 0.00230537261813879 
0.0, 2.407087777100969e-06, 0.0013063553487882018 
0.0, 2.559951099101454e-06, 0.001931197359226644 
0.0, 3.1444214982911944e-06, 0.0020371328573673964 
0.0, 3.845150786219165e-06, 0.0023294605780392885 
0.0, 3.068232899750001e-06, 0.002623824868351221 
0.0, 2.691160034373752e-06, 0.0023862989619374275 
0.0, 3.106454414592008e-06, 0.0017072546761482954 
0.0, 2.400992343609687e-06, 0.0019318326376378536 
0.0, 2.8729830319207394e-06, 0.0016767741180956364 
0.0, 2.5096351237152703e-06, 0.0011952430941164494 
0.0, 2.2043609533284325e-06, 0.0014726994559168816 
0.0, 2.519503823350533e-06, 0.0018149145180359483 
0.0, 2.4804705844871933e-06, 0.0020904678385704756 
0.0, 2.629884420457529e-06, 0.0023857897613197565 
0.0, 4.593136054609204e-06, 0.0023385221138596535 
0.0, 2.406779913144419e-06, 0.0013788980431854725 
0.0, 3.6629012356570456e-06, 0.0016651874175295234 
0.0, 3.5709786061488558e-06, 0.004180755000561476 
0.0, 5.010260792914778e-06, 0.0035451960284262896 
0.0, 6.63929267830099e-06, 0.003161331173032522 
0.0, 1.0492044566490222e-05, 0.002934890566393733 
0.0, 6.785204277548473e-06, 0.0027652045246213675 
0.0, 4.386545697343536e-06, 0.0023426436819136143 
0.0, 3.093483883276349e-06, 0.0022804196923971176 
0.0, 2.0660977497755084e-06, 0.0013756148982793093 
0.0, 1.8431035186949885e-06, 0.0011062740813940763 
0.0, 1.589159069226298e-06, 0.0012858525151386857 
0.0, 1.0982598723785486e-06, 0.0016529654385522008 
0.0, 1.4372694749908987e-06, 0.0011898899683728814 
0.0, 1.2991428093300783e-06, 0.0014763281214982271 
0.0, 2.5309591364930384e-06, 0.0019029508111998439 
0.0, 1.631046757211152e-06, 0.0016306410543620586 
0.0, 2.215155973317451e-06, 0.0016784266335889697 
0.0, 2.4854332423274172e-06, 0.0018356601940467954 
0.0, 2.286447852384299e-06, 0.0018895515240728855 
0.0, 1.8092871414410183e-06, 0.0023029018193483353 
0.0, 2.4812186438794015e-06, 0.0013802106259390712 
0.0, 2.1917553567618597e-06, 0.001333335298113525 
0.0, 1.1785498372773873e-06, 0.0011639505391940475 
0.0, 1.6827656281748204e-06, 0.001090177451260388 
0.0, 1.6990857147902716e-06, 0.001282413024455309 
0.0, 9.460259775551094e-07, 0.0012852157233282924 
0.0, 1.6008466445782688e-06, 0.002003176836296916 
0.0, 1.3601090813608607e-06, 0.0017671923851594329 
0.0, 1.1427752042436623e-06, 0.0012532182736322284 
0.0, 2.26768065658689e-06, 0.0015495665138587356 
0.0, 1.5093089587026043e-06, 0.0014397659106180072 
0.0, 2.2460294530901592e-06, 0.0007421424379572272 
0.0, 1.2796290320693515e-06, 0.0013485770905390382 
0.0, 1.7617743424125365e-06, 0.0016083873342722654 
0.0, 1.7464036545788986e-06, 0.0009995056316256523 
0.0, 1.8929949874291196e-06, 0.0012116610305383801 
0.0, 2.4363432657992234e-06, 0.0017868952127173543 
0.0, 1.0988314897986129e-06, 0.001934077008627355 
0.0, 2.441385277052177e-06, 0.0017973596695810556 
0.0, 2.255786512250779e-06, 0.0013699191622436047 
0.0, 2.0787138055311516e-06, 0.0022875266149640083 
0.0, 5.272674115985865e-06, 0.0018404850270599127 
0.0, 3.0721992061444325e-06, 0.0020181466825306416 
0.0, 2.6271402475686045e-06, 0.0018887205515056849 
0.0, 2.1441676381073194e-06, 0.0020710653625428677 
0.0, 2.0484590095293242e-06, 0.002668622648343444 
0.0, 3.5244568152847933e-06, 0.002234396059066057 
0.0, 3.32171634909173e-06, 0.0018544537015259266 
0.0, 3.7432134831760777e-06, 0.0036443648859858513 
0.0, 2.567825504229404e-06, 0.002590533811599016 
0.0, 2.66179563368496e-06, 0.0016376787098124623 
0.0, 3.1997510632209014e-06, 0.0025024274364113808 
0.0, 1.95801158042741e-06, 0.001591514446772635 
0.0, 2.8902127269248012e-06, 0.001470379764214158 
0.0, 3.1676631806476507e-06, 0.00149889278691262 
0.0, 3.2194318464462413e-06, 0.002049336675554514 
0.0, 4.2416781980136875e-06, 0.001496469951234758 
0.0, 2.8094052595406538e-06, 0.0015509590739384294 
0.0, 2.7807695914816577e-06, 0.0017183421878144145 
0.0, 3.820361143880291e-06, 0.0014646342024207115 
0.0, 3.434417749303975e-06, 0.002449371851980686 
0.0, 3.0113694720057538e-06, 0.0021090831141918898 
0.0, 4.420725417730864e-06, 0.003049073275178671 
0.0, 1.7096467672672588e-06, 0.0018393562640994787 
0.0, 3.35363961312396e-06, 0.0016426631482318044 
0.0, 2.562294412200572e-06, 0.001973512349650264 
0.0, 2.676142912605428e-06, 0.0011458145454525948 
0.0, 1.6899000456760405e-06, 0.0011609620414674282 
0.0, 2.9484579044947168e-06, 0.0017004816327244043 
0.0, 3.515579464874463e-06, 0.0020896345376968384 
0.0, 3.4522079204180045e-06, 0.0014721369370818138 
0.0, 3.636017709141015e-06, 0.0019231504993513227 
0.0, 3.1608326480636606e-06, 0.0022038561291992664 
0.0, 1.8740457790045184e-06, 0.0026874898467212915 
0.0, 2.679169483599253e-06, 0.0015548773808404803 
0.0, 2.2848059870739235e-06, 0.0026050573214888573 
0.0, 2.1296389149938477e-06, 0.0010573860490694642 
0.0, 2.4461317025270546e-06, 0.0016999971121549606 
0.0, 2.138267973350594e-06, 0.0009889196371659636 
0.0, 3.0237918053899193e-06, 0.00238965917378664 
0.0, 3.4155059438489843e-06, 0.002328142523765564 
0.0, 3.05135245071142e-06, 0.001688324729911983 
0.0, 2.6410818918520818e-06, 0.00358471623621881 
0.0, 2.8027311600453686e-06, 0.0023504788987338543 
0.0, 2.273553263876238e-06, 0.0020358639303594828 
0.0, 1.6239713431787095e-06, 0.001914752065204084 
0.0, 3.0363576115632895e-06, 0.0024651559069752693 
0.0, 2.124093725797138e-06, 0.0013894347939640284 
0.0, 1.9202054772904376e-06, 0.0013262324500828981 
0.0, 2.5346132588310866e-06, 0.001430481905117631 
0.0, 1.43039346767182e-06, 0.0009758789674378932 
0.0, 1.7238693317267462e-06, 0.0021197672467678785 
0.0, 1.382627942803083e-06, 0.0011874937918037176 
0.0, 1.4337400671138312e-06, 0.0021872115321457386 
0.0, 1.3414281738732825e-06, 0.0014855252811685205 
0.0, 1.4170833537718863e-06, 0.0016338699497282505 
0.0, 1.66367067322426e-06, 0.001273752423003316 
0.0, 1.9095336938335095e-06, 0.0018923843745142221 
0.0, 1.8404768979962682e-06, 0.0015351895708590746 
0.0, 1.8497169094189303e-06, 0.0015263563254848123 
0.0, 1.8866246591642266e-06, 0.0010124213295057416 
0.0, 2.2553285816684365e-06, 0.0021127182990312576 
0.0, 1.7463684116592049e-06, 0.0020250054076313972 
0.0, 2.5434906092414167e-06, 0.002153884619474411 
0.0, 2.871790002245689e-06, 0.0039297747425735 
0.0, 2.1179093891987577e-06, 0.0033361725509166718 
0.0, 1.961260750249494e-06, 0.0023442977108061314 
0.0, 1.908860895127873e-06, 0.0012529916130006313 
0.0, 1.3952942481409991e-06, 0.0016473387368023396 
0.0, 1.4864958757243585e-06, 0.0011754451552405953 
0.0, 1.8823217260433012e-06, 0.0018101028399541974 
0.0, 2.034845692833187e-06, 0.0015899019781500101 
0.0, 1.640299842620152e-06, 0.003037036396563053 
0.0, 2.234549128843355e-06, 0.00290671712718904 
0.0, 2.133158204742358e-06, 0.001836669514887035 
0.0, 1.6009199725885992e-06, 0.0019924191292375326 
0.0, 2.3106949811335653e-06, 0.0026018356438726187 
0.0, 2.0894012777716853e-06, 0.0026789673138409853 
0.0, 1.9822925878543174e-06, 0.002863447880372405 
0.0, 3.601369371608598e-06, 0.0019953041337430477 
0.0, 1.6949926475717803e-06, 0.0021438533440232277 
0.0, 2.056076709777699e-06, 0.0027944394387304783 
0.0, 2.5303388611064292e-06, 0.0022114042658358812 
0.0, 1.8007027620114968e-06, 0.0025759502314031124 
0.0, 1.7986276361625642e-06, 0.002892312128096819 
0.0, 2.365542286497657e-06, 0.0012442185543477535 
0.0, 2.7395346933190012e-06, 0.0021700754296034575 
0.0, 2.26604151976062e-06, 0.002188662765547633 
0.0, 2.3222198706207564e-06, 0.002572678728029132 
0.0, 1.6284336652461207e-06, 0.0023971740156412125 
0.0, 1.894618549158622e-06, 0.002033947268500924 
0.0, 1.7301019852311583e-06, 0.0028278271201997995 
0.0, 2.2225299289857503e-06, 0.0025166491977870464 
0.0, 3.171494427078869e-06, 0.0028031840920448303 
0.0, 5.280254754325142e-06, 0.00439769821241498 
0.0, 4.235626875015441e-06, 0.0026840076316148043 
0.0, 4.796323992195539e-06, 0.004136664792895317 
0.0, 1.010199684969848e-05, 0.004459282383322716 
0.0, 6.950948318262817e-06, 0.00471326382830739 
0.0, 6.746246526745381e-06, 0.010527878068387508 
0.0, 6.0170596043462865e-06, 0.003970402292907238 
0.0, 3.6015244404552504e-06, 0.0044009629637002945 
0.0, 1.7006138932629256e-06, 0.00412402069196105 
0.0, 1.1487718438729644e-06, 0.001815834897570312 
0.0, 1.4680763342767023e-06, 0.0023699526209384203 
0.0, 1.2720317954517668e-06, 0.0011776398168876767 
0.0, 2.02195838028274e-06, 0.0031091105192899704 
0.0, 2.501298467905144e-06, 0.002079371130093932 
0.0, 1.5097351706572226e-06, 0.0016598718939349055 
0.0, 2.0144268546573585e-06, 0.003177232574671507 
0.0, 2.007254579439177e-06, 0.003808317705988884 
0.0, 2.0193767795717577e-06, 0.0022203160915523767 
0.0, 1.807780336093856e-06, 0.003820942947641015 
0.0, 2.2253007045947015e-06, 0.0037197370547801256 
0.0, 2.8707372621283866e-06, 0.0041847676038742065 
0.0, 2.868994215532439e-06, 0.0030955511610955 
0.0, 3.9932601794134825e-06, 0.00453366432338953 
0.0, 2.4726712126721395e-06, 0.002364609856158495 
0.0, 2.7515691272128606e-06, 0.002335977042093873 
0.0, 3.008220801348216e-06, 0.0019480142509564757 
0.0, 4.502902356762206e-06, 0.002963123144581914 
0.0, 3.276291636211681e-06, 0.004176438320428133 
0.0, 3.7558954772975994e-06, 0.003548672189936042 
0.0, 3.5911727991333464e-06, 0.009724394418299198 
0.0, 3.3906578664755216e-06, 0.009984451346099377 
0.0, 5.529282589122886e-06, 0.006254730746150017 
0.0, 2.7730316105589736e-06, 0.006002006120979786 
0.0, 4.870303655479802e-06, 0.004665727261453867 
0.0, 5.869958386028884e-06, 0.009233358316123486 
0.0, 1.0756421943369787e-05, 0.00547901913523674 
0.0, 9.798605788091663e-06, 0.00547189824283123 
0.0, 1.6183539628400467e-05, 0.008552820421755314 
0.0, 9.005530046124477e-06, 0.010758704505860806 
0.0, 2.0702156689367257e-05, 0.00691010057926178 
0.0, 1.8519265722716227e-05, 0.009521709755063057 
0.0, 2.1845678929821588e-05, 0.0061026811599731445 
0.0, 2.7818145099445246e-05, 0.009401453658938408 
0.0, 4.647220339393243e-05, 0.010685473680496216 
0.0, 9.679401409812272e-05, 0.015927713364362717 
0.0, 0.00013808206131216139, 0.019316213205456734 
0.0, 7.980009104358032e-05, 0.03592716157436371 
0.0, 0.00029665412148460746, 0.018305223435163498 
0.0, 0.00032193324295803905, 0.029118789359927177 
0.0, 0.000506740587297827, 0.02471143752336502 
0.0, 0.0009462612215429544, 0.06265980005264282 
0.0, 0.00046853479580022395, 0.022610317915678024 
0.0, 0.00019701183191500604, 0.021876143291592598 
0.0, 0.0002588872448541224, 0.046210967004299164 
0.0, 0.0005204119370318949, 0.03694779798388481 
0.0, 0.0007063436787575483, 0.024280650541186333 
0.0, 0.000851196120493114, 0.05311202630400658 
0.0, 0.000802883820142597, 0.0182288009673357 
0.0, 0.0009064130717888474, 0.066298708319664 
0.0, 0.0006541974726133049, 0.057287536561489105 
0.0, 0.00031879160087555647, 0.03184596821665764 
0.0, 0.0011169147910550237, 0.0316835418343544 
0.0, 0.002248313743621111, 0.03714074194431305 
0.0, 0.0021208205725997686, 0.04753085598349571 
0.0, 0.00281869457103312, 0.11395147442817688 
0.0, 0.001403244910761714, 0.030072668567299843 
0.0, 0.0021718640346080065, 0.0520668625831604 
0.0, 0.0027852989733219147, 0.18477346003055573 
0.0, 0.0020033272448927164, 0.05307216942310333 
0.0, 0.0015199343906715512, 0.05172743275761604 
0.0, 0.0025127059780061245, 0.11782921105623245 
0.0, 0.003154093399643898, 0.08911612629890442 
0.0, 0.003716501872986555, 0.06658867746591568 
0.0, 0.00396812055259943, 0.0975213572382927 
0.0, 0.004987606778740883, 0.14757093787193298 
0.0, 0.0054825167171657085, 0.08150724321603775 
0.0, 0.005309371743351221, 0.06073382869362831 
0.0, 0.0035373291466385126, 0.10207965970039368 
0.0, 0.006099014542996883, 0.06922460347414017 
0.0, 0.005255723837763071, 0.11155407875776291 
0.0, 0.006845860742032528, 0.1784786731004715 
0.0, 0.006892884615808725, 0.11667913943529129 
0.0, 0.006964640226215124, 0.0775073692202568 
0.0, 0.006163761019706726, 0.09238657355308533 
0.0, 0.006358395796269178, 0.1927400678396225 
0.0, 0.007843248546123505, 0.1507512629032135 
0.0, 0.005035584792494774, 0.24148842692375183 
0.0, 0.007393100764602423, 0.09817112982273102 
0.0, 0.004758480004966259, 0.06769092381000519 
0.0, 0.007206255570054054, 0.14635305106639862 
0.0, 0.00804729014635086, 0.06297998130321503 
0.0, 0.005569711793214083, 0.04637134447693825 
0.0, 0.005913092754781246, 0.08734124898910522 
0.0, 0.0077264998108148575, 0.05921158939599991 
0.0, 0.007495316211134195, 0.0708128958940506 
0.0, 0.006669454276561737, 0.11773516982793808 
0.0, 0.007026459090411663, 0.07503284513950348 
0.0, 0.0074636503122746944, 0.16360443830490112 
0.0, 0.011092673987150192, 0.09099393337965012 
0.0, 0.01033240556716919, 0.15891225636005402 
0.0, 0.011371922679245472, 0.09622091799974442 
0.0, 0.005893315188586712, 0.1945897489786148 
0.0, 0.015274640172719955, 0.11345136910676956 
0.0, 0.006624306086450815, 0.07133026421070099 
0.0, 0.010421840474009514, 0.1017189621925354 
0.0, 0.013681760989129543, 0.10965914279222488 
0.0, 0.010166861116886139, 0.09252266585826874 
0.0, 0.010456524789333344, 0.11342500150203705 
0.0, 0.006888221483677626, 0.1365472674369812 
0.0, 0.015040859580039978, 0.13878977298736572 
0.0, 0.017143435776233673, 0.16558851301670074 
0.0, 0.014483141712844372, 0.14605887234210968 
0.0, 0.014174570329487324, 0.12983493506908417 
0.0, 0.016045255586504936, 0.11952782422304153 
0.0, 0.015015102922916412, 0.4213988780975342 
0.0, 0.012301641516387463, 0.11453896015882492 
0.0, 0.010133970528841019, 0.2310638725757599 
0.0, 0.009307499043643475, 0.18464767932891846 
0.0, 0.01598667912185192, 0.18866464495658875 
0.0, 0.008571944199502468, 0.15109367668628693 
0.0, 0.00860748440027237, 0.09816443920135498 
0.0, 0.01196238212287426, 0.2603040635585785 
0.0, 0.010210353881120682, 0.2454715371131897 
0.0, 0.011115492321550846, 0.22062425315380096 
0.0, 0.013123901560902596, 0.26013413071632385 
0.0, 0.016843192279338837, 0.06884254515171051 
0.0, 0.020069757476449013, 0.11782912909984589 
0.0, 0.016028733924031258, 0.135773703455925 
0.0, 0.009341691620647907, 0.15393051505088806 
0.0, 0.010263562202453613, 0.11323342472314835 
0.0, 0.01311015896499157, 0.17044317722320557 
0.0, 0.016337363049387932, 0.16815981268882751 
0.0, 0.01723523437976837, 0.3308738172054291 
0.0, 0.01723277010023594, 0.20912307500839233 
0.0, 0.012057854793965816, 0.1387946754693985 
0.0, 0.011595443822443485, 0.128132164478302 
0.0, 0.013704754412174225, 0.17190586030483246 
0.0, 0.016965221613645554, 0.19514326751232147 
0.0, 0.01601462997496128, 0.19965103268623352 
0.0, 0.01825043000280857, 0.10048723220825195 
0.0, 0.015222144313156605, 0.0999196469783783 
0.0, 0.013954083435237408, 0.17919346690177917 
0.0, 0.016180818900465965, 0.14644789695739746 
0.0, 0.010351567529141903, 0.1770360767841339 
0.0, 0.01311479788273573, 0.15169070661067963 
0.0, 0.01103842630982399, 0.15248578786849976 
0.0, 0.016506727784872055, 0.19737569987773895 
0.0, 0.019309187307953835, 0.185047447681427 
0.0, 0.01735125109553337, 0.14767217636108398 
0.0, 0.01216858346015215, 0.12593527138233185 
0.0, 0.012750093825161457, 0.08632083237171173 
0.0, 0.015608593821525574, 0.18388286232948303 
0.0, 0.010922988876700401, 0.16929742693901062 
0.0, 0.01726158894598484, 0.1239636242389679 
0.0, 0.017343103885650635, 0.19819650053977966 
0.0, 0.016444213688373566, 0.1418914943933487 
0.0, 0.01685449294745922, 0.19837282598018646 
0.0, 0.016884325072169304, 0.2586486041545868 
0.0, 0.01307834405452013, 0.14418184757232666 
0.0, 0.008681326173245907, 0.2691265642642975 
0.0, 0.01733761839568615, 0.2410924732685089 
0.0, 0.01548465434461832, 0.19605492055416107 
0.0, 0.017394904047250748, 0.35201460123062134 
0.0, 0.011248297989368439, 0.13632182776927948 
0.0, 0.010759923607110977, 0.1372378170490265 
0.0, 0.013782041147351265, 0.10049954056739807 
0.0, 0.013772673904895782, 0.14659661054611206 
0.0, 0.013714153319597244, 0.1261231154203415 
0.0, 0.016235431656241417, 0.15575264394283295 
0.0, 0.010904371738433838, 0.28648558259010315 
0.0, 0.017973678186535835, 0.2743959426879883 
0.0, 0.025304852053523064, 0.3386894762516022 
0.0, 0.010969248600304127, 0.1937641054391861 
0.0, 0.011881636455655098, 0.23022104799747467 
0.0, 0.015194889158010483, 0.2936781644821167 
0.0, 0.009796623140573502, 0.20144551992416382 
0.0, 0.014173357747495174, 0.10635892301797867 
0.0, 0.013841930776834488, 0.20593056082725525 
0.0, 0.01439735945314169, 0.14214342832565308 
0.0, 0.01632058247923851, 0.241453155875206 
0.0, 0.019226305186748505, 0.09545332193374634 
0.0, 0.019271565601229668, 0.23231200873851776 
0.0, 0.015215249732136726, 0.18206827342510223 
0.0, 0.014927721582353115, 0.1852986365556717 
0.0, 0.014717640355229378, 0.19244620203971863 
0.0, 0.011098874732851982, 0.17913822829723358 
0.0, 0.018551776185631752, 0.13779322803020477 
0.0, 0.018037669360637665, 0.1838846504688263 
0.0, 0.013078412041068077, 0.16029323637485504 
0.0, 0.017856234684586525, 0.2620026171207428 
0.0, 0.011112513951957226, 0.4410150647163391 
0.0, 0.013340253382921219, 0.40413397550582886 
0.0, 0.019310899078845978, 0.25995489954948425 
0.0, 0.018661173060536385, 0.2555226683616638 
0.0, 0.014465784654021263, 0.20804692804813385 
0.0, 0.017307695001363754, 0.3861321210861206 
0.0, 0.025218995288014412, 0.26347988843917847 
0.0, 0.015230642631649971, 0.16873033344745636 
0.0, 0.01130488608032465, 0.19462791085243225 
0.0, 0.01205388829112053, 0.19302025437355042 
0.0, 0.014719781465828419, 0.17327986657619476 
0.0, 0.015294552780687809, 0.23862691223621368 
0.0, 0.013063238933682442, 0.2262074500322342 
0.0, 0.015583370812237263, 0.3685411214828491 
0.0, 0.014177989214658737, 0.35857999324798584 
0.0, 0.0180423054844141, 0.20867548882961273 
0.0, 0.010330116376280785, 0.27756696939468384 
0.0, 0.016750646755099297, 0.25407832860946655 
0.0, 0.02159144915640354, 0.22665804624557495 
0.0, 0.011146952398121357, 0.2401960790157318 
0.0, 0.021994952112436295, 0.2908267080783844 
0.0, 0.0233805850148201, 0.21023964881896973 
0.0, 0.022819876670837402, 0.39400559663772583 
0.0, 0.02941003069281578, 0.24546484649181366 
0.0, 0.008612924255430698, 0.2523498833179474 
0.0, 0.010835330933332443, 0.27982181310653687 
0.0, 0.011228562332689762, 0.2763143479824066 
0.0, 0.018794214352965355, 0.25404614210128784 
0.0, 0.018706025555729866, 0.2350105345249176 
0.0, 0.014419891871511936, 0.31380167603492737 
0.0, 0.029724063351750374, 0.31491518020629883 
0.0, 0.010123509913682938, 0.13629499077796936 
0.0, 0.027642056345939636, 0.3342417776584625 
0.0, 0.014439512975513935, 0.2690023183822632 
0.0, 0.028921417891979218, 0.2593584954738617 
0.0, 0.01532019767910242, 0.3400481939315796 
0.0, 0.021411795169115067, 0.2543720006942749 
0.0, 0.008396327495574951, 0.3094043433666229 
0.0, 0.02483958564698696, 0.20063616335391998 
0.0, 0.024663208052515984, 0.300362765789032 
0.0, 0.019043082371354103, 0.30316346883773804 
0.0, 0.02581229992210865, 0.24965059757232666 
0.0, 0.01736443303525448, 0.31836339831352234 
0.0, 0.012230493128299713, 0.9910728931427002 
0.0, 0.01978032849729061, 0.2670847773551941 
0.0, 0.01572723500430584, 0.3520103394985199 
0.0, 0.02131320908665657, 0.22835233807563782 
0.0, 0.011991864070296288, 0.42277058959007263 
0.0, 0.014789192005991936, 0.40474849939346313 
0.0, 0.019532592967152596, 0.1815832555294037 
0.0, 0.022123908624053, 0.43100225925445557 
0.0, 0.020445292815566063, 0.40249642729759216 
0.0, 0.02319539338350296, 0.3094395697116852 
0.0, 0.019189245998859406, 0.24332942068576813 
0.0, 0.025317538529634476, 0.2993672490119934 
0.0, 0.023311302065849304, 0.340849369764328 
0.0, 0.02332017384469509, 0.2383575588464737 
0.0, 0.019806841388344765, 0.26662251353263855 
0.0, 0.015534206293523312, 0.15439409017562866 
0.0, 0.025926418602466583, 0.18304917216300964 
0.0, 0.023282740265130997, 0.1973174512386322 
0.0, 0.025305990129709244, 0.3017560839653015 
0.0, 0.01634560525417328, 0.32429933547973633 
0.0, 0.022725308313965797, 0.24383509159088135 
0.0, 0.016150999814271927, 0.23014453053474426 
0.0, 0.03479132056236267, 0.6244933605194092 
0.0, 0.013965732418000698, 0.38780033588409424 
0.0, 0.022580649703741074, 0.5659003257751465 
0.0, 0.0220181867480278, 0.3142436742782593 
0.0, 0.018845245242118835, 0.29157859086990356 
0.0, 0.01614142395555973, 0.3287137746810913 
0.0, 0.03221282362937927, 0.20124271512031555 
0.0, 0.026708917692303658, 0.4998883008956909 
0.0, 0.01703682169318199, 0.2655951678752899 
0.0, 0.02660573087632656, 0.3095484673976898 
0.0, 0.017022231593728065, 0.4022892415523529 
0.0, 0.02065723016858101, 0.23378263413906097 
0.0, 0.011952328495681286, 0.33850744366645813 
0.0, 0.027433637529611588, 0.2350635677576065 
0.0, 0.0419050008058548, 0.5333213210105896 
0.0, 0.02407790720462799, 0.3627978563308716 
0.0, 0.01589011400938034, 0.5109964609146118 
0.0, 0.03268012776970863, 0.349534273147583 
0.0, 0.03968246281147003, 0.23002251982688904 
0.0, 0.01351930107921362, 0.6296045184135437 
0.0, 0.023478712886571884, 0.33606764674186707 
0.0, 0.010337031446397305, 0.2808173894882202 
0.0, 0.02431299537420273, 0.38061630725860596 
0.0, 0.0250201728194952, 0.28132888674736023 
0.0, 0.021107984706759453, 0.32442402839660645 
0.0, 0.020817261189222336, 0.35928013920783997 
0.0, 0.03552142158150673, 0.4126022160053253 
0.0, 0.0067988852970302105, 0.21978215873241425 
0.0, 0.018364857882261276, 0.3427850902080536 
0.0, 0.019177723675966263, 0.4766177237033844 
0.0, 0.024563642218708992, 0.5181368589401245 
0.0, 0.04385005310177803, 0.4153303802013397 
0.0, 0.030108990147709846, 0.36819469928741455 
0.0, 0.026714075356721878, 0.21106010675430298 
0.0, 0.023219987750053406, 1.1119439601898193 
0.0, 0.028306765481829643, 0.4604935646057129 
0.0, 0.029743650928139687, 0.40505075454711914 
0.0, 0.021142667159438133, 0.40506383776664734 
0.0, 0.013562612235546112, 0.4407011866569519 
0.0, 0.03994473069906235, 0.45434296131134033 
0.0, 0.02130444347858429, 0.22830717265605927 
0.0, 0.031171640381217003, 0.32801297307014465 
0.0, 0.010304655879735947, 0.3528164327144623 
0.0, 0.04166549816727638, 0.2623429000377655 
0.0, 0.013547615148127079, 0.39259660243988037 
0.0, 0.030419006943702698, 0.2796382009983063 
0.0, 0.048331111669540405, 0.2639623284339905 
0.0, 0.02067069709300995, 0.22983965277671814 
0.0, 0.019705938175320625, 0.37593594193458557 
0.0, 0.023313144221901894, 0.5222434997558594 
0.0, 0.021061809733510017, 0.6323698163032532 
0.0, 0.02823638543486595, 0.43281179666519165 
0.0, 0.04307487607002258, 0.3338271677494049 
0.0, 0.04651202633976936, 0.5890694856643677 
0.0, 0.029046008363366127, 0.2983812689781189 
0.0, 0.017746973782777786, 0.3569279909133911 
0.0, 0.02626664750277996, 0.5057857036590576 
0.0, 0.03297467529773712, 0.20971326529979706 
0.0, 0.030722713097929955, 0.4393008053302765 
0.0, 0.02635137550532818, 0.6022376418113708 
0.0, 0.022307872772216797, 0.2427060306072235 
0.0, 0.03138010576367378, 0.40182894468307495 
0.0, 0.030588779598474503, 0.44340085983276367 
0.0, 0.018497003242373466, 0.34093421697616577 
0.0, 0.013054614886641502, 0.394252747297287 
0.0, 0.016501011326909065, 0.2632804811000824 
0.0, 0.02304062433540821, 0.30083030462265015 
0.0, 0.037552885711193085, 0.48132479190826416 
0.0, 0.022927643731236458, 0.36280694603919983 
0.0, 0.04203430935740471, 0.30782705545425415 
0.0, 0.02872810885310173, 0.23882663249969482 
0.0, 0.017485274001955986, 0.711604654788971 
0.0, 0.03227006271481514, 0.4465203583240509 
0.0, 0.027654573321342468, 0.3437219560146332 
0.0, 0.028160706162452698, 0.45685893297195435 
0.0, 0.03890220448374748, 0.4666120707988739 
0.0, 0.030398551374673843, 0.43152114748954773 
0.0, 0.03220546245574951, 0.4493558406829834 
0.0, 0.04875596612691879, 0.5425122380256653 
0.0, 0.03620464354753494, 0.2670554220676422 
0.0, 0.04680224508047104, 0.38849136233329773 
0.0, 0.035796068608760834, 0.40425196290016174 
0.0, 0.012299488298594952, 0.4587417244911194 
0.0, 0.013361036777496338, 0.3255326747894287 
0.0, 0.03716476634144783, 0.46821171045303345 
0.0, 0.026555612683296204, 0.3969150185585022 
0.0, 0.026820262894034386, 0.4255063533782959 
0.0, 0.04317588731646538, 0.422828733921051 
0.0, 0.02088201977312565, 0.2621760666370392 
0.0, 0.04854439198970795, 0.3124259114265442 
0.0, 0.027871431782841682, 0.5408675670623779 
0.0, 0.04713723808526993, 0.28889554738998413 
0.0, 0.028524288907647133, 0.4104014039039612 
0.0, 0.04844534024596214, 0.7407688498497009 
0.0, 0.030401883646845818, 0.4897759258747101 
0.0, 0.025874163955450058, 0.6000799536705017 
0.0, 0.013224111869931221, 0.4689376652240753 
0.0, 0.036302268505096436, 0.5131941437721252 
0.0, 0.0339440293610096, 0.3538106381893158 
0.0, 0.014795239083468914, 0.6075153946876526 
0.0, 0.011454307474195957, 0.42699700593948364 
0.0, 0.047076042741537094, 0.45678478479385376 
0.0, 0.04379420354962349, 0.29934945702552795 
0.0, 0.043117597699165344, 0.5557234287261963 
0.0, 0.01259484514594078, 0.6975074410438538 
0.0, 0.01477313693612814, 0.4649427533149719 
0.0, 0.02370607666671276, 0.7228143215179443 
0.0, 0.03233423829078674, 0.37142831087112427 
0.0, 0.029370997101068497, 0.3390156626701355 
0.0, 0.05153860151767731, 0.3718284070491791 
0.0, 0.026274463161826134, 0.42809170484542847 
0.0, 0.02199530601501465, 0.4333922863006592 
0.0, 0.026431940495967865, 0.3914060890674591 
0.0, 0.04493345692753792, 0.4495944380760193 
0.0, 0.019760861992836, 0.2992815673351288 
0.0, 0.01142595149576664, 0.6633144021034241 
0.0, 0.02831423468887806, 0.4101746380329132 
0.0, 0.04222199693322182, 0.6112850308418274 
0.0, 0.023882033303380013, 0.604389488697052 
0.0, 0.04593159630894661, 0.5823838114738464 
0.0, 0.01859854906797409, 0.29012513160705566 
0.0, 0.024797745048999786, 0.3487287759780884 
0.0, 0.034240685403347015, 0.4722267687320709 
0.0, 0.02250233106315136, 0.5228110551834106 
0.0, 0.011553145945072174, 0.27522772550582886 
0.0, 0.028595861047506332, 0.2803269028663635 
0.0, 0.02163158543407917, 0.48456913232803345 
0.0, 0.01830415055155754, 0.24356530606746674 
0.0, 0.025373198091983795, 0.27969008684158325 
0.0, 0.016985157504677773, 0.6066963076591492 
0.0, 0.04252387583255768, 0.3881797790527344 
0.0, 0.029269006103277206, 0.5345577597618103 
0.0, 0.031044023111462593, 0.49343305826187134 
0.0, 0.04373697564005852, 0.4490760266780853 
0.0, 0.03524794429540634, 0.6600795984268188 
0.0, 0.018699191510677338, 0.5914863348007202 
0.0, 0.02984275110065937, 0.4635772407054901 
0.0, 0.016057780012488365, 0.7473635673522949 
0.0, 0.02714085765182972, 0.3856657147407532 
0.0, 0.02930603362619877, 0.3473014533519745 
0.0, 0.046296413987874985, 0.4913841784000397 
0.0, 0.03167187049984932, 1.3003398180007935 
0.0, 0.02647983841598034, 0.4072814881801605 
0.0, 0.03239893540740013, 0.4436820447444916 
0.0, 0.03952059522271156, 0.3531137704849243 
0.0, 0.03425365686416626, 0.42357850074768066 
0.0, 0.021390357986092567, 0.8673047423362732 
0.0, 0.04501643776893616, 0.37668120861053467 
0.0, 0.03416915982961655, 0.5222047567367554 
0.0, 0.03328755497932434, 0.3270900547504425 
0.0, 0.05533516779541969, 0.48414111137390137 
0.0, 0.025773316621780396, 0.8872280120849609 
0.0, 0.027344314381480217, 0.6298654079437256 
0.0, 0.02240016497671604, 0.6082622408866882 
0.0, 0.038820818066596985, 0.29432412981987 
0.0, 0.038758132606744766, 0.559374988079071 
0.0, 0.045041654258966446, 0.4092461168766022 
0.0, 0.02201913483440876, 0.32206693291664124 
0.0, 0.027931053191423416, 0.346706748008728 
0.0, 0.034335482865571976, 0.5524412393569946 
0.0, 0.023695284500718117, 0.5884722471237183 
0.0, 0.042412709444761276, 0.6326371431350708 
0.0, 0.02616104856133461, 1.2434908151626587 
0.0, 0.02210964262485504, 0.4319363236427307 
0.0, 0.016956400126218796, 1.365087628364563 
0.0, 0.03753148764371872, 0.9980727434158325 
0.0, 0.018574202433228493, 0.40395498275756836 
0.0, 0.023382186889648438, 0.4834047853946686 
0.0, 0.042806509882211685, 0.4217122793197632 
0.0, 0.044240646064281464, 0.38301751017570496 
0.0, 0.033224884420633316, 0.497107595205307 
0.0, 0.02340894378721714, 0.7584090232849121 
0.0, 0.029211651533842087, 0.4397428333759308 
0.0, 0.04320690035820007, 0.5184270739555359 
0.0, 0.017416872084140778, 0.356893390417099 
0.0, 0.03813854232430458, 0.8337199091911316 
0.0, 0.02737869694828987, 0.3133936822414398 
0.0, 0.027323920279741287, 0.45926323533058167 
0.0, 0.05213908106088638, 0.8274261355400085 
0.0, 0.01822359301149845, 0.6207692623138428 
0.0, 0.034260448068380356, 0.8223718404769897 
0.0, 0.04167669266462326, 0.2783839702606201 
0.0, 0.022745655849575996, 0.4056083858013153 
0.0, 0.0349828265607357, 0.287339448928833 
0.0, 0.026431191712617874, 0.5336549282073975 
0.0, 0.04677700996398926, 0.3124634027481079 
0.0, 0.038808438926935196, 0.40727218985557556 
0.0, 0.02560536377131939, 0.9848389625549316 
0.0, 0.028890686109662056, 0.3990766108036041 
0.0, 0.044454872608184814, 0.4650857746601105 
0.0, 0.028606195002794266, 0.3463931083679199 
0.0, 0.03103216364979744, 0.47610729932785034 
0.0, 0.01453965064138174, 0.5398504734039307 
0.0, 0.0327962227165699, 0.4824661612510681 
0.0, 0.020029200240969658, 0.5863611698150635 
0.0, 0.0206412635743618, 0.5346068739891052 
0.0, 0.025730358436703682, 0.4408574104309082 
0.0, 0.021060114726424217, 0.6092277765274048 
0.0, 0.01917671225965023, 0.3651098906993866 
0.0, 0.021823719143867493, 0.5589771270751953 
0.0, 0.052443113178014755, 0.47007083892822266 
0.0, 0.026780646294355392, 0.692301332950592 
0.0, 0.04491540417075157, 0.3450295031070709 
0.0, 0.04208442196249962, 0.4549335837364197 
0.0, 0.032456718385219574, 0.6866700649261475 
0.0, 0.035777900367975235, 0.5160205960273743 
0.0, 0.030374253168702126, 0.7609135508537292 
0.0, 0.024558430537581444, 0.5981806516647339 
0.0, 0.023709867149591446, 0.3728971779346466 
0.0, 0.03217565640807152, 0.46834778785705566 
0.0, 0.023942988365888596, 0.3598302900791168 
0.0, 0.05320907384157181, 0.6049472689628601 
0.0, 0.03144901618361473, 0.353129506111145 
0.0, 0.03675441816449165, 0.5547716617584229 
0.0, 0.01665440946817398, 0.39168310165405273 
0.0, 0.024953342974185944, 0.31863293051719666 
0.0, 0.036420147866010666, 0.4112774133682251 
0.0, 0.039848364889621735, 0.678689181804657 
0.0, 0.06410445272922516, 0.38973352313041687 
0.0, 0.02664918266236782, 0.5880593061447144 
0.0, 0.04544411227107048, 0.5730102062225342 
0.0, 0.0205820482224226, 0.7688618302345276 
0.0, 0.037235431373119354, 0.2763090133666992 
0.0, 0.03309810161590576, 1.3544819355010986 
0.0, 0.03774924948811531, 0.28894752264022827 
0.0, 0.06857887655496597, 0.7517767548561096 
0.0, 0.015071318484842777, 0.29744553565979004 
0.0, 0.030339162796735764, 0.3162637948989868 
0.0, 0.038220249116420746, 0.43334969878196716 
0.0, 0.035938560962677, 0.4007430374622345 
0.0, 0.02810416929423809, 0.5113325119018555 
0.0, 0.0305496659129858, 0.5201446413993835 
0.0, 0.038525547832250595, 0.5639643669128418 
0.0, 0.015670202672481537, 0.7763770818710327 
0.0, 0.024274878203868866, 0.5563443303108215 
0.0, 0.033482905477285385, 0.6731043457984924 
0.0, 0.03666895627975464, 0.5110886096954346 
0.0, 0.015535857528448105, 0.2562893033027649 
0.0, 0.03461412712931633, 0.4088113009929657 
0.0, 0.03360018879175186, 0.6692387461662292 
0.0, 0.03368407487869263, 0.50300133228302 
0.0, 0.04804307594895363, 0.5275565385818481 
0.0, 0.03369130939245224, 0.7347829937934875 
0.0, 0.01966501958668232, 0.611289381980896 
0.0, 0.022697405889630318, 0.5219656229019165 
0.0, 0.048659104853868484, 0.702160656452179 
0.0, 0.021736690774559975, 0.7457548379898071 
0.0, 0.03711327537894249, 0.5883343815803528 
0.0, 0.021450728178024292, 0.3719502389431 
0.0, 0.04498755931854248, 0.6479673385620117 
0.0, 0.036668550223112106, 0.4519873559474945 
0.0, 0.0432453528046608, 0.6024467349052429 
0.0, 0.029015986248850822, 0.36182722449302673 
0.0, 0.016610516235232353, 0.21455051004886627 
0.0, 0.026539940387010574, 0.6392461061477661 
0.0, 0.029661761596798897, 0.9103163480758667 
0.0, 0.04253534972667694, 0.2970942258834839 
0.0, 0.0353509783744812, 0.6538392305374146 
0.0, 0.03378915786743164, 0.8094099760055542 
0.0, 0.03175678476691246, 0.4462786316871643 
0.0, 0.012505545280873775, 0.5708116888999939 
0.0, 0.03285307064652443, 0.3949063718318939 
0.0, 0.04015186056494713, 0.4318252503871918 
0.0, 0.024205371737480164, 0.5022497773170471 
0.0, 0.03815143555402756, 0.7306058406829834 
0.0, 0.06339873373508453, 0.4713646471500397 
0.0, 0.02078455314040184, 0.8519803881645203 
0.0, 0.01987883634865284, 1.0346505641937256 
0.0, 0.03335680067539215, 0.8599457740783691 
0.0, 0.0484967939555645, 0.6144992113113403 
0.0, 0.03584327548742294, 0.5612518191337585 
0.0, 0.0379503071308136, 0.504266083240509 
0.0, 0.036696579307317734, 0.4574125409126282 
0.0, 0.021879876032471657, 0.5635544061660767 
0.0, 0.019660435616970062, 0.4229525029659271 
0.0, 0.05046040192246437, 0.7300698757171631 
0.0, 0.02227107249200344, 0.724295437335968 
0.0, 0.02482357807457447, 0.7883550524711609 
0.0, 0.03206301108002663, 0.6525570154190063 
0.0, 0.04411712661385536, 1.94546377658844 
0.0, 0.03538695350289345, 0.6729651093482971 
0.0, 0.031852491199970245, 0.43141844868659973 
0.0, 0.03347639739513397, 0.34145891666412354 
0.0, 0.030361006036400795, 0.30040332674980164 
0.0, 0.011475042439997196, 0.559542179107666 
0.0, 0.041440997272729874, 0.5144059062004089 
0.0, 0.051868800073862076, 0.43313413858413696 
0.0, 0.031001506373286247, 0.5504705309867859 
0.0, 0.030628399923443794, 0.616288423538208 
0.0, 0.024927893653512, 0.46229279041290283 
0.0, 0.048394449055194855, 0.4668130874633789 
0.0, 0.039655767381191254, 0.5747677087783813 
0.0, 0.03693493455648422, 0.660495936870575 
0.0, 0.01621982455253601, 0.2810121178627014 
0.0, 0.03466881439089775, 0.2336563915014267 
0.0, 0.027751635760068893, 0.4514698386192322 
0.0, 0.04415914788842201, 0.9100398421287537 
0.0, 0.043430913239717484, 0.8379999995231628 
0.0, 0.017389891669154167, 0.6183679103851318 
0.0, 0.13094834983348846, 0.9147195219993591 
0.0, 0.026991626247763634, 0.38931846618652344 
0.0, 0.02471834607422352, 0.3907719850540161 
0.0, 0.012485090643167496, 0.45051124691963196 
0.0, 0.030957818031311035, 0.39200305938720703 
0.0, 0.05457266420125961, 0.6023361682891846 
0.0, 0.04562072083353996, 0.42789313197135925 
0.0, 0.0647435113787651, 0.5716736316680908 
0.0, 0.03132836893200874, 0.3164147734642029 
0.0, 0.03015364520251751, 0.3809150755405426 
0.0, 0.03307611867785454, 0.62283855676651 
0.0, 0.03215441107749939, 0.5814514756202698 
0.0, 0.036052361130714417, 0.37114471197128296 
0.0, 0.061902280896902084, 0.5453351140022278 
0.0, 0.04793502762913704, 0.6899939775466919 
0.0, 0.025012703612446785, 1.0536357164382935 
0.0, 0.02288011461496353, 0.7422640919685364 
0.0, 0.0420101024210453, 0.37965893745422363 
0.0, 0.028756652027368546, 0.4111822843551636 
0.0, 0.02482723444700241, 0.31560227274894714 
0.0, 0.030322415754199028, 0.4177900552749634 
0.0, 0.03957318887114525, 0.4585875868797302 
0.0, 0.03302820026874542, 0.7018706202507019 
0.0, 0.02474040351808071, 0.5241698622703552 
0.0, 0.027667120099067688, 0.37327951192855835 
0.0, 0.05056190490722656, 0.40859246253967285 
0.0, 0.03824182227253914, 0.9030624628067017 
0.0, 0.02397896908223629, 0.6486145853996277 
0.0, 0.08850004523992538, 0.5090715885162354 
0.0, 0.04838303476572037, 0.2306598573923111 
0.0, 0.023222917690873146, 0.48737794160842896 
0.0, 0.029963048174977303, 0.5845005512237549 
0.0, 0.03734154254198074, 0.2681058645248413 
0.0, 0.024031896144151688, 0.6020611524581909 
0.0, 0.0263326745480299, 0.5129988789558411 
0.0, 0.04175937920808792, 0.6326425671577454 
0.0, 0.029261400923132896, 0.9817095398902893 
0.0, 0.06402135640382767, 0.4798313081264496 
0.0, 0.04378380998969078, 0.314319908618927 
0.0, 0.0404399074614048, 0.2956037223339081 
0.0, 0.07052069902420044, 0.6458790898323059 
0.0, 0.031923048198223114, 2.7366230487823486 
0.0, 0.021700182929635048, 0.8829826712608337 
0.0, 0.041693516075611115, 0.6741400957107544 
0.0, 0.033202968537807465, 0.489690363407135 
0.0, 0.04256163164973259, 0.3949350118637085 
0.0, 0.03442131355404854, 0.3790076673030853 
0.0, 0.06442137807607651, 0.7422628402709961 
0.0, 0.02367558144032955, 0.6308998465538025 
0.0, 0.037645373493433, 0.4745424687862396 
0.0, 0.022626610472798347, 0.557560920715332 
0.0, 0.04476548358798027, 0.8729003071784973 
0.0, 0.030465485528111458, 0.5508432984352112 
0.0, 0.04163937643170357, 0.44756996631622314 
0.0, 0.026538463309407234, 0.3519449532032013 
0.0, 0.021959524601697922, 0.565890908241272 
0.0, 0.030526265501976013, 0.49593299627304077 
0.0, 0.019256550818681717, 0.8088264465332031 
0.0, 0.025599325075745583, 0.8088088631629944 
0.0, 0.030591361224651337, 0.6282716393470764 
0.0, 0.03219810873270035, 0.47781574726104736 
0.0, 0.051730286329984665, 0.5529868006706238 
0.0, 0.03078635223209858, 0.5678609609603882 
0.0, 0.061185915023088455, 0.4953882098197937 
0.0, 0.06454115360975266, 0.5625360012054443 
0.0, 0.034155573695898056, 1.344212293624878 
0.0, 0.04199174419045448, 1.3323007822036743 
0.0, 0.035667724907398224, 0.6252290606498718 
0.0, 0.02800389751791954, 0.5814629197120667 
0.0, 0.016050666570663452, 0.8322885632514954 
0.0, 0.02476007677614689, 0.41526028513908386 
0.0, 0.05111556500196457, 0.5913038849830627 
0.0, 0.03263876214623451, 0.4262169897556305 
0.0, 0.07380890101194382, 0.6686112284660339 
0.0, 0.04211307689547539, 0.7962825894355774 
0.0, 0.032047566026449203, 0.6679080128669739 
0.0, 0.03832247480750084, 0.5322230458259583 
0.0, 0.028965812176465988, 0.80515056848526 
0.0, 0.046732209622859955, 0.41439154744148254 
0.0, 0.03279977664351463, 1.1291756629943848 
0.0, 0.06894806772470474, 0.8391651511192322 
0.0, 0.0325070358812809, 1.171392560005188 
0.0, 0.08051956444978714, 0.5526403784751892 
0.0, 0.027817022055387497, 0.610647976398468 
0.0, 0.03390449658036232, 0.589091420173645 
0.0, 0.08723755925893784, 0.5229010581970215 
0.0, 0.03349350765347481, 0.6606740951538086 
0.0, 0.02451823279261589, 0.5722613334655762 
0.0, 0.03959076851606369, 0.38292479515075684 
0.0, 0.047200947999954224, 0.4240911304950714 
0.0, 0.07956082373857498, 0.6374936103820801 
0.0, 0.057383082807064056, 0.949591338634491 
0.0, 0.026053687557578087, 0.7083069086074829 
0.0, 0.03950591757893562, 0.635120153427124 
0.0, 0.03115306794643402, 0.4541492164134979 
0.0, 0.027023838832974434, 0.4821195900440216 
0.0, 0.034923721104860306, 0.5802414417266846 
0.0, 0.019894568249583244, 0.28296005725860596 
0.0, 0.04462111368775368, 0.6035860180854797 
0.0, 0.025448881089687347, 0.4699517786502838 
0.0, 0.02302023209631443, 1.0725743770599365 
0.0, 0.09268292039632797, 0.6449819207191467 
0.0, 0.03761148080229759, 0.48578718304634094 
0.0, 0.06647101044654846, 0.6766485571861267 
0.0, 0.02465563639998436, 0.5296803712844849 
0.0, 0.054251544177532196, 0.6654910445213318 
0.0, 0.036470044404268265, 0.7035568952560425 
0.0, 0.03252153843641281, 0.6866132616996765 
0.0, 0.0667375773191452, 0.7341375946998596 
0.0, 0.03098025731742382, 0.6180624961853027 
0.0, 0.04408664256334305, 1.1025981903076172 
0.0, 0.018156366422772408, 0.33380863070487976 
0.0, 0.0713728815317154, 0.7360556721687317 
0.0, 0.023956898599863052, 0.41989684104919434 
0.0, 0.04050493985414505, 0.5468930006027222 
0.0, 0.0312960259616375, 0.39634594321250916 
0.0, 0.03302757814526558, 0.5717462301254272 
0.0, 0.04039044305682182, 0.7311281561851501 
0.0, 0.05098770931363106, 0.4370751976966858 
0.0, 0.07594887167215347, 0.651827335357666 
0.0, 0.05674002692103386, 0.44289109110832214 
0.0, 0.04240984842181206, 0.5720831155776978 
0.0, 0.04044998437166214, 0.5272903442382812 
0.0, 0.03401901572942734, 0.48916080594062805 
0.0, 0.048487141728401184, 0.4575919806957245 
0.0, 0.021440640091896057, 0.46434715390205383 
0.0, 0.04692566394805908, 0.6830069422721863 
0.0, 0.039145901799201965, 0.5883868336677551 
0.0, 0.02860850840806961, 0.31312134861946106 
0.0, 0.028674649074673653, 0.3340356647968292 
0.0, 0.0344521701335907, 0.4873088300228119 
0.0, 0.0649884045124054, 0.4876333773136139 
0.0, 0.022571105509996414, 0.3848113715648651 
0.0, 0.02962423674762249, 0.4762841463088989 
0.0, 0.04253188893198967, 0.4647047519683838 
0.0, 0.04426392912864685, 0.5883280634880066 
0.0, 0.0393567718565464, 0.5985742807388306 
0.0, 0.023450210690498352, 0.4894827902317047 
0.0, 0.04524125158786774, 0.5679046511650085 
0.0, 0.033306464552879333, 0.5500693917274475 
0.0, 0.04388151317834854, 0.6212713122367859 
0.0, 0.03875356912612915, 0.7429580092430115 
0.0, 0.05507269501686096, 0.6705458760261536 
0.0, 0.05116145312786102, 0.824961245059967 
0.0, 0.07201460748910904, 0.523456871509552 
0.0, 0.036384038627147675, 1.7720319032669067 
0.0, 0.027261145412921906, 0.7120577692985535 
0.0, 0.034942954778671265, 0.6561894416809082 
0.0, 0.032409295439720154, 0.8081675171852112 
0.0, 0.04643585532903671, 0.38668301701545715 
0.0, 0.019826721400022507, 0.5360996127128601 
0.0, 0.034961968660354614, 0.5588676929473877 
0.0, 0.034795261919498444, 1.0774569511413574 
0.0, 0.06675850600004196, 0.7341607213020325 
0.0, 0.019803253933787346, 0.3020285964012146 
0.0, 0.03050857223570347, 1.0100431442260742 
0.0, 0.06424412131309509, 1.851895809173584 
0.0, 0.02812974900007248, 0.42657947540283203 
0.0, 0.01652529276907444, 0.8553258776664734 
0.0, 0.027799779549241066, 0.5185754299163818 
0.0, 0.026208853349089622, 0.5765485167503357 
0.0, 0.03897005319595337, 0.795507550239563 
0.0, 0.03371872007846832, 0.6172460913658142 
0.0, 0.028183188289403915, 0.4050181806087494 
0.0, 0.0349452942609787, 0.4435504972934723 
0.0, 0.030230289325118065, 0.4240912199020386 
0.0, 0.05099007487297058, 0.5467166304588318 
0.0, 0.028168249875307083, 0.48089995980262756 
0.0, 0.05764022469520569, 0.471555233001709 
0.0, 0.044347960501909256, 0.37870749831199646 
0.0, 0.0402202345430851, 0.5616236329078674 
0.0, 0.0354672446846962, 1.0586814880371094 
0.0, 0.03798031061887741, 0.6086947321891785 
0.0, 0.047786518931388855, 0.8159841299057007 
0.0, 0.04495667666196823, 0.9165329337120056 
0.0, 0.029096167534589767, 1.108091115951538 
0.0, 0.03529512882232666, 0.6281906962394714 
0.0, 0.0424211211502552, 0.8502744436264038 
0.0, 0.027088193222880363, 0.5020865201950073 
0.0, 0.03233484923839569, 0.44618433713912964 
0.0, 0.03718281537294388, 0.5191535353660583 
0.0, 0.03306033834815025, 0.613529622554779 
0.0, 0.019432388246059418, 0.838584840297699 
0.0, 0.0364370122551918, 0.4688390791416168 
0.0, 0.037764184176921844, 0.8344948887825012 
0.0, 0.04730094596743584, 0.48023608326911926 
0.0, 0.06715584546327591, 0.5973563194274902 
0.0, 0.04223283380270004, 0.624657928943634 
0.0, 0.04615183547139168, 0.46279722452163696 
0.0, 0.035423267632722855, 1.4224756956100464 
0.0, 0.025817016139626503, 0.5572326183319092 
0.0, 0.03352484107017517, 0.4862822890281677 
0.0, 0.02456328459084034, 0.6262386441230774 
0.0, 0.03567919507622719, 0.6353013515472412 
0.0, 0.017927080392837524, 0.6135812997817993 
0.0, 0.02787301130592823, 0.4408145844936371 
0.0, 0.02755981869995594, 0.3225703239440918 
0.0, 0.055747684091329575, 0.8377673625946045 
0.0, 0.04150405526161194, 1.1863765716552734 
0.0, 0.07426414638757706, 0.6817750930786133 
0.0, 0.036258064210414886, 0.6061846017837524 
0.0, 0.039584603160619736, 0.6388387084007263 
0.0, 0.04119832441210747, 1.5984619855880737 
0.0, 0.10770881921052933, 1.5136678218841553 
0.0, 0.030332906171679497, 0.5250877737998962 
0.0, 0.0566326379776001, 0.35471752285957336 
0.0, 0.03793680667877197, 0.5470142960548401 
0.0, 0.020151741802692413, 0.5969076752662659 
0.0, 0.04981210082769394, 0.8043707609176636 
0.0, 0.03602670505642891, 0.7841325402259827 
0.0, 0.02338646724820137, 0.9332586526870728 
0.0, 0.03621745482087135, 0.8416576981544495 
0.0, 0.05066535249352455, 0.49833065271377563 
0.0, 0.03834066912531853, 0.5867394208908081 
0.0, 0.035585884004831314, 0.6064307689666748 
0.0, 0.03551065921783447, 0.38651445508003235 
0.0, 0.03066333197057247, 0.2968730926513672 
0.0, 0.028077034279704094, 0.5729620456695557 
0.0, 0.05118011683225632, 0.5594225525856018 
0.0, 0.03092711791396141, 1.3763676881790161 
0.0, 0.04622146859765053, 0.8304789066314697 
0.0, 0.0445575937628746, 0.5260656476020813 
0.0, 0.03651594743132591, 0.425700306892395 
0.0, 0.03086678311228752, 0.6107897162437439 
0.0, 0.039822131395339966, 0.6835131049156189 
0.0, 0.0280439592897892, 0.3600814640522003 
0.0, 0.0262202937155962, 0.4723339378833771 
0.0, 0.02947971224784851, 0.6572008728981018 
0.0, 0.0170123428106308, 0.5806701183319092 
0.0, 0.037497010082006454, 0.19322077929973602 
0.0, 0.02998988889157772, 0.7285314202308655 
0.0, 0.03369244188070297, 0.4905697703361511 
0.0, 0.05115603283047676, 0.5861065983772278 
0.0, 0.0322076715528965, 0.6868659257888794 
0.0, 0.04294798895716667, 1.5548206567764282 
0.0, 0.035813312977552414, 0.977671205997467 
0.0, 0.012905536219477654, 0.5036243200302124 
0.0, 0.02814009226858616, 0.5437261462211609 
0.0, 0.057333607226610184, 0.38474902510643005 
0.0, 0.03916453942656517, 0.8180309534072876 
0.0, 0.041601117700338364, 0.7908546924591064 
0.0, 0.028281811624765396, 0.3574417233467102 
0.0, 0.04885535687208176, 0.581489622592926 
0.0, 0.03871862590312958, 0.5859858393669128 
0.0, 0.03981681913137436, 0.7362990975379944 
0.0, 0.02977685257792473, 0.675173282623291 
0.0, 0.03348482772707939, 1.9833873510360718 
0.0, 0.05189872533082962, 0.4787772297859192 
0.0, 0.02422325499355793, 0.6813523769378662 
0.0, 0.027122223749756813, 0.523026168346405 
0.0, 0.016974439844489098, 0.8137791752815247 
0.0, 0.0651119276881218, 0.4782651662826538 
0.0, 0.048579901456832886, 0.5352082252502441 
0.0, 0.038542453199625015, 0.4713835120201111 
0.0, 0.034818876534700394, 0.6364100575447083 
0.0, 0.033443063497543335, 0.47025611996650696 
0.0, 0.04908551648259163, 1.2740648984909058 
0.0, 0.029453901574015617, 0.5752804279327393 
0.0, 0.020826634019613266, 0.8068214058876038 
0.0, 0.01706799864768982, 0.7197892665863037 
0.0, 0.0543326772749424, 0.603192925453186 
0.0, 0.036909159272909164, 0.6663070917129517 
0.0, 0.043744560331106186, 0.6572558879852295 
0.0, 0.03199892118573189, 0.43877288699150085 
0.0, 0.04408901557326317, 0.4997076690196991 
0.0, 0.029089750722050667, 0.5397937893867493 
0.0, 0.04251234978437424, 0.6643165349960327 
0.0, 0.03814424201846123, 0.6729411482810974 
0.0, 0.06694997102022171, 0.5802435874938965 
0.0, 0.06387700885534286, 0.8045539259910583 
0.0, 0.02740694396197796, 0.5340341925621033 
0.0, 0.022171569988131523, 0.5354308485984802 
0.0, 0.03768109157681465, 0.621950626373291 
0.0, 0.04389103502035141, 0.4772253632545471 
0.0, 0.029271535575389862, 0.5892475843429565 
0.0, 0.04764700308442116, 0.5536201596260071 
0.0, 0.04801931232213974, 1.4942748546600342 
0.0, 0.03392558917403221, 0.7237829566001892 
0.0, 0.03757328540086746, 0.5181048512458801 
0.0, 0.03500230237841606, 0.7261264324188232 
0.0, 0.0330151803791523, 1.1177197694778442 
0.0, 0.0278397835791111, 0.7332521080970764 
0.0, 0.03487445041537285, 0.5580787658691406 
0.0, 0.04875076934695244, 1.255073070526123 
0.0, 0.059042226523160934, 0.8167204260826111 
0.0, 0.0288583692163229, 0.9641730189323425 
0.0, 0.02071410045027733, 1.1426339149475098 
0.0, 0.07713640481233597, 0.5056177973747253 
0.0, 0.07222989946603775, 0.2593279182910919 
0.0, 0.049784790724515915, 0.567687451839447 
0.0, 0.0395827442407608, 0.6410780549049377 
0.0, 0.02817879430949688, 0.6263807415962219 
0.0, 0.0648350790143013, 0.5939589142799377 
0.0, 0.05389375984668732, 0.9335943460464478 
0.0, 0.04507283493876457, 0.748014509677887 
0.0, 0.037623994052410126, 0.8819046020507812 
0.0, 0.06385856121778488, 0.5433775782585144 
0.0, 0.028143296018242836, 0.3316078782081604 
0.0, 0.026063764467835426, 0.5580193400382996 
0.0, 0.028846725821495056, 1.6404335498809814 
0.0, 0.052525341510772705, 0.525795042514801 
0.0, 0.02942041866481304, 0.8465619087219238 
0.0, 0.0585855133831501, 0.6275075674057007 
0.0, 0.03716393560171127, 0.5266689658164978 
0.0, 0.02934652753174305, 0.9572728276252747 
0.0, 0.03467481955885887, 1.0614902973175049 
0.0, 0.033842671662569046, 0.33058875799179077 
0.0, 0.03039673902094364, 0.5674045085906982 
0.0, 0.03307296335697174, 0.5621926188468933 
0.0, 0.025233065709471703, 0.2898063659667969 
0.0, 0.024839090183377266, 0.3719994127750397 
0.0, 0.025527413934469223, 0.3900177478790283 
0.0, 0.042719777673482895, 0.5625731348991394 
0.0, 0.037300992757081985, 0.6993216276168823 
0.0, 0.029148759320378304, 0.549481987953186 
0.0, 0.05365569144487381, 0.6729146242141724 
0.0, 0.03616652265191078, 1.185439109802246 
0.0, 0.057211022824048996, 0.6852988600730896 
0.0, 0.05281940475106239, 0.668599545955658 
0.0, 0.04972546175122261, 0.8471493124961853 
0.0, 0.049449674785137177, 0.656980037689209 
0.0, 0.02911142073571682, 1.1873183250427246 
0.0, 0.03467828035354614, 0.5901997089385986 
0.0, 0.053940899670124054, 0.5377793908119202 
0.0, 0.02925855666399002, 0.5085349082946777 
0.0, 0.03450147435069084, 0.5719698071479797 
0.0, 0.04266497120261192, 1.3393465280532837 
0.0, 0.021735554561018944, 0.5055586099624634 
0.0, 0.02087475173175335, 0.6173001527786255 
0.0, 0.039664316922426224, 0.9425793886184692 
0.0, 0.030548138543963432, 0.6188486814498901 
0.0, 0.034309402108192444, 0.4118148684501648 
0.0, 0.0287378691136837, 0.5933244228363037 
0.0, 0.04800279811024666, 0.6973703503608704 
0.0, 0.046148303896188736, 0.49732938408851624 
0.0, 0.02663920633494854, 0.5404379963874817 
0.0, 0.021118517965078354, 0.5034757852554321 
0.0, 0.035168275237083435, 0.5332533121109009 
0.0, 0.08044477552175522, 0.9908083081245422 
0.0, 0.04680541902780533, 1.051377534866333 
0.0, 0.027161944657564163, 0.7526747584342957 
0.0, 0.044350188225507736, 1.0903183221817017 
0.0, 0.044217612594366074, 0.4874338209629059 
0.0, 0.04356429725885391, 0.7089566588401794 
0.0, 0.05363469943404198, 0.7026934027671814 
0.0, 0.047501806169748306, 0.526060938835144 
0.0, 0.04307958111166954, 0.8742519617080688 
0.0, 0.017069825902581215, 0.9911081194877625 
0.0, 0.06749767810106277, 0.5131869316101074 
0.0, 0.0360860601067543, 0.40058696269989014 
0.0, 0.033256109803915024, 0.5553362965583801 
0.0, 0.0288150105625391, 1.0803337097167969 
0.0, 0.06947558373212814, 0.40656131505966187 
0.0, 0.043556541204452515, 0.7606528401374817 
0.0, 0.04211953654885292, 0.49963513016700745 
0.0, 0.020401349291205406, 0.5639975666999817 
0.0, 0.035776037722826004, 0.6309430599212646 
0.0, 0.04521472379565239, 0.40326350927352905 
0.0, 0.031115315854549408, 0.7033280730247498 
0.0, 0.054656628519296646, 0.29636654257774353 
0.0, 0.026631003245711327, 0.795392632484436 
0.0, 0.025439636781811714, 0.6210033297538757 
0.0, 0.07317797839641571, 0.5246832966804504 
0.0, 0.03058025613427162, 0.8282071352005005 
0.0, 0.018454700708389282, 2.273435354232788 
0.0, 0.03596571460366249, 0.5733148455619812 
0.0, 0.02616889961063862, 0.6481303572654724 
0.0, 0.04191877320408821, 0.5047610998153687 
0.0, 0.04831482842564583, 0.32178062200546265 
0.0, 0.024108439683914185, 0.6387895941734314 
0.0, 0.034777794033288956, 0.4189090430736542 
0.0, 0.03463972732424736, 0.4909575283527374 
0.0, 0.051872286945581436, 0.3820686638355255 
0.0, 0.025681668892502785, 0.7378735542297363 
0.0, 0.037551797926425934, 0.6397976875305176 
0.0, 0.025740597397089005, 0.7833102345466614 
0.0, 0.045689985156059265, 0.44791898131370544 
0.0, 0.028330828994512558, 0.5823569297790527 
0.0, 0.08957427740097046, 0.45583730936050415 
0.0, 0.04167401045560837, 0.45313695073127747 
0.0, 0.04585737735033035, 0.6219994425773621 
0.0, 0.06361864507198334, 0.6686549186706543 
0.0, 0.027139540761709213, 0.5052717924118042 
0.0, 0.03463451936841011, 0.5047313570976257 
0.0, 0.025795331224799156, 0.4367883801460266 
0.0, 0.05150141566991806, 0.5202327966690063 
0.0, 0.02975655347108841, 0.541507363319397 
0.0, 0.09460949152708054, 1.1356266736984253 
0.0, 0.04849080368876457, 0.5229913592338562 
0.0, 0.040163494646549225, 0.540857195854187 
0.0, 0.05072944238781929, 0.5731608271598816 
0.0, 0.04958381876349449, 1.0563610792160034 
0.0, 0.03745577111840248, 0.6875703930854797 
0.0, 0.032559361308813095, 0.4205259382724762 
0.0, 0.051824573427438736, 0.6538597941398621 
0.0, 0.036940716207027435, 0.8320491909980774 
0.0, 0.03590554744005203, 0.45128515362739563 
0.0, 0.06269887089729309, 0.21497416496276855 
0.0, 0.026843726634979248, 0.3133908808231354 
0.0, 0.07424482703208923, 0.7399585247039795 
0.0, 0.042157068848609924, 0.8681970834732056 
0.0, 0.04401400685310364, 1.1465318202972412 
0.0, 0.049741629511117935, 0.3915194869041443 
0.0, 0.03644699975848198, 0.587428092956543 
0.0, 0.04046208783984184, 0.9970680475234985 
0.0, 0.03774750977754593, 0.4463435411453247 
0.0, 0.03783206641674042, 0.37679922580718994 
0.0, 0.046223919838666916, 1.1013591289520264 
0.0, 0.06234155595302582, 0.6220355033874512 
0.0, 0.025581099092960358, 0.5648713111877441 
0.0, 0.04345910996198654, 0.6752814650535583 
0.0, 0.03046960011124611, 0.6282391548156738 
0.0, 0.024659816175699234, 0.342706561088562 
0.0, 0.0451669916510582, 0.3715366721153259 
0.0, 0.05557835474610329, 0.3808160722255707 
0.0, 0.07330352813005447, 0.6428971290588379 
0.0, 0.02892322838306427, 0.6530243754386902 
0.0, 0.047253336757421494, 0.4932710528373718 
0.0, 0.038490962237119675, 0.4167531728744507 
0.0, 0.041838739067316055, 0.7239676117897034 
0.0, 0.02259123884141445, 0.7442010045051575 
0.0, 0.039953164756298065, 0.6224051713943481 
0.0, 0.028584329411387444, 0.4516221284866333 
0.0, 0.04920164868235588, 0.8304827809333801 
0.0, 0.03443007916212082, 0.46118873357772827 
0.0, 0.03283657506108284, 0.6342682838439941 
0.0, 0.025871777907013893, 0.6461458206176758 
0.0, 0.0338832251727581, 1.3195555210113525 
0.0, 0.06070365756750107, 0.5227076411247253 
0.0, 0.03483348339796066, 0.8540403842926025 
0.0, 0.051620714366436005, 0.7737691402435303 
0.0, 0.03388131782412529, 1.0617716312408447 
0.0, 0.03929958865046501, 0.5395740270614624 
0.0, 0.05125780031085014, 0.5016626119613647 
0.0, 0.03610321506857872, 0.3404548168182373 
0.0, 0.02957657165825367, 0.7311121225357056 
0.0, 0.05386817082762718, 0.8067866563796997 
0.0, 0.027777627110481262, 0.891683042049408 
0.0, 0.03630238398909569, 1.2707078456878662 
0.0, 0.047049202024936676, 0.9335921406745911 
0.0, 0.03679397329688072, 0.893687903881073 
0.0, 0.01593012921512127, 0.5202189683914185 
0.0, 0.03205012157559395, 0.772365391254425 
0.0, 0.02228432707488537, 0.48583441972732544 
0.0, 0.028204331174492836, 0.38300493359565735 
0.0, 0.02998531050980091, 0.5008993148803711 
0.0, 0.07618251442909241, 0.5195538401603699 
0.0, 0.034806497395038605, 0.5625569820404053 
0.0, 0.04808834195137024, 0.7034567594528198 
0.0, 0.026727892458438873, 0.49085694551467896 
0.0, 0.04784358665347099, 0.6629092693328857 
0.0, 0.04512190446257591, 0.8337727189064026 
0.0, 0.03531288728117943, 0.49608156085014343 
0.0, 0.16214017570018768, 0.8241609930992126 
0.0, 0.06206587702035904, 0.7771475315093994 
0.0, 0.01813879981637001, 0.5606920123100281 
0.0, 0.04131205752491951, 0.6329624056816101 
0.0, 0.038765303790569305, 0.6110706329345703 
0.0, 0.05180267617106438, 0.6974164843559265 
0.0, 0.03005095385015011, 0.5270026922225952 
0.0, 0.07034248858690262, 0.3526831865310669 
0.0, 0.039343349635601044, 0.615401566028595 
0.0, 0.03814614936709404, 0.4404405951499939 
0.0, 0.033503271639347076, 1.0327240228652954 
0.0, 0.04241252318024635, 1.041993260383606 
0.0, 0.034209974110126495, 0.6203017234802246 
0.0, 0.06549054384231567, 0.5933448076248169 
0.0, 0.04145364835858345, 0.6182700991630554 
0.0, 0.04854854568839073, 0.8983820080757141 
0.0, 0.04978662356734276, 1.0106722116470337 
0.0, 0.03422470763325691, 0.9458280801773071 
0.0, 0.03613509237766266, 0.7127333879470825 
0.0, 0.029698748141527176, 0.5284032225608826 
0.0, 0.14757999777793884, 0.5217024683952332 
0.0, 0.03381897509098053, 0.3794444799423218 
0.0, 0.0364326536655426, 1.1843611001968384 
0.0, 0.035354290157556534, 1.0550178289413452 
0.0, 0.060269951820373535, 0.610729992389679 
0.0, 0.04616663232445717, 0.8210349678993225 
0.0, 0.03267854079604149, 0.5636109113693237 
0.0, 0.03438263013958931, 0.3268204927444458 
0.0, 0.04091168940067291, 0.8811280131340027 
0.0, 0.042323097586631775, 0.872107744216919 
0.0, 0.04234941676259041, 1.5597504377365112 
0.0, 0.02864057384431362, 0.6328545808792114 
0.0, 0.03362727537751198, 1.0478798151016235 
0.0, 0.03317943215370178, 0.6497368812561035 
0.0, 0.033613044768571854, 0.8314335942268372 
0.0, 0.03689252957701683, 0.41067153215408325 
0.0, 0.032427601516246796, 0.3962869644165039 
0.0, 0.034593366086483, 0.4267217814922333 
0.0, 0.035598862916231155, 0.38903284072875977 
0.0, 0.04025010019540787, 0.39158138632774353 
0.0, 0.06059625372290611, 0.5365501642227173 
0.0, 0.04062078520655632, 0.7567558884620667 
0.0, 0.02572144940495491, 0.8346598148345947 
0.0, 0.027638474479317665, 0.4407888352870941 
0.0, 0.05940886586904526, 0.5483789443969727 
0.0, 0.04226258769631386, 0.7292740941047668 
0.0, 0.03251953795552254, 0.5842507481575012 
0.0, 0.03976750001311302, 0.229377880692482 
0.0, 0.03521112725138664, 0.5976279973983765 
0.0, 0.037615593522787094, 0.6192584037780762 
0.0, 0.11155341565608978, 1.020476222038269 
0.0, 0.03176884725689888, 1.1403110027313232 
0.0, 0.030036553740501404, 0.6228838562965393 
0.0, 0.026651717722415924, 0.9109776616096497 
0.0, 0.03265028074383736, 0.5581268668174744 
0.0, 0.06891530007123947, 0.4311252534389496 
0.0, 0.028463587164878845, 0.5355658531188965 
0.0, 0.02469969168305397, 0.5928569436073303 
0.0, 0.037413548678159714, 0.7778558135032654 
0.0, 0.046448204666376114, 0.7881599068641663 
0.0, 0.03310545161366463, 0.7352813482284546 
0.0, 0.033351629972457886, 1.3256338834762573 
0.0, 0.032845526933670044, 0.9216931462287903 
0.0, 0.027690991759300232, 1.1184303760528564 
0.0, 0.03844527155160904, 0.5675332546234131 
0.0, 0.05450821295380592, 0.4737859070301056 
0.0, 0.0426204651594162, 0.4507443904876709 
0.0, 0.0374128520488739, 0.6925585865974426 
0.0, 0.0384647436439991, 0.7012381553649902 
0.0, 0.0614803247153759, 0.5258731842041016 
0.0, 0.044884808361530304, 0.9844915866851807 
0.0, 0.04561524838209152, 0.5969817042350769 
0.0, 0.04305436462163925, 0.5503870248794556 
0.0, 0.044908370822668076, 0.846477210521698 
0.0, 0.03859267756342888, 0.37832483649253845 
0.0, 0.027100402861833572, 0.4658086597919464 
0.0, 0.0834556445479393, 0.6407896280288696 
0.0, 0.020832529291510582, 0.34361162781715393 
0.0, 0.027769796550273895, 0.79414302110672 
0.0, 0.02857700176537037, 0.35075488686561584 
0.0, 0.04301534220576286, 0.8113879561424255 
0.0, 0.02906685881316662, 0.6138725876808167 
0.0, 0.04898001253604889, 0.6023426055908203 
0.0, 0.03220787271857262, 0.5433346629142761 
0.0, 0.03418926149606705, 0.6995883584022522 
0.0, 0.03248608484864235, 1.3477164506912231 
0.0, 0.03307507187128067, 0.5073680281639099 
0.0, 0.025501932948827744, 0.4630928635597229 
0.0, 0.03235093131661415, 0.5914019346237183 
0.0, 0.02579328790307045, 0.26727113127708435 
0.0, 0.028294675052165985, 0.2575529217720032 
0.0, 0.037849538028240204, 0.8795125484466553 
0.0, 0.03469327092170715, 0.9436584115028381 
0.0, 0.05725029855966568, 0.3494836986064911 
0.0, 0.020625215023756027, 0.549075186252594 
0.0, 0.050082553178071976, 0.36627623438835144 
0.0, 0.038436900824308395, 0.5050539970397949 
0.0, 0.051985375583171844, 0.6835727095603943 
0.0, 0.020276043564081192, 0.4885222017765045 
0.0, 0.030402779579162598, 0.447634756565094 
0.0, 0.031538862735033035, 0.5155802369117737 
0.0, 0.05226849392056465, 0.4833066463470459 
0.0, 0.03237450495362282, 0.5148521661758423 
0.0, 0.021657003089785576, 0.5571141839027405 
0.0, 0.03630765900015831, 0.7929804921150208 
0.0, 0.04955780506134033, 0.5623379945755005 
0.0, 0.06817468255758286, 0.6943235993385315 
0.0, 0.049675069749355316, 1.8170382976531982 
0.0, 0.03416676074266434, 1.4747854471206665 
0.0, 0.09756153076887131, 1.5003587007522583 
0.0, 0.01503739133477211, 0.4023320972919464 
0.0, 0.03782343491911888, 0.6569247245788574 
0.0, 0.0361558198928833, 0.4267483353614807 
0.0, 0.03462091088294983, 0.3319993019104004 
0.0, 0.05492958426475525, 0.37113332748413086 
0.0, 0.029749436303973198, 0.4833873510360718 
0.0, 0.03996367007493973, 0.5945634841918945 
0.0, 0.02563084103167057, 0.7252651453018188 
0.0, 0.03329690918326378, 0.2453778237104416 
0.0, 0.032812170684337616, 0.47928911447525024 
0.0, 0.03888412564992905, 0.7704508304595947 
0.0, 0.04162541404366493, 0.5565159320831299 
0.0, 0.02784694917500019, 0.7270783185958862 
0.0, 0.02649031952023506, 0.4446449875831604 
0.0, 0.03337601199746132, 0.5798222422599792 
0.0, 0.034111835062503815, 0.46774056553840637 
0.0, 0.023587873205542564, 0.5114814639091492 
0.0, 0.015806054696440697, 0.4887465238571167 
0.0, 0.02299196645617485, 0.7777687907218933 
0.0, 0.025382883846759796, 0.5740966796875 
0.0, 0.03769056499004364, 0.7438071966171265 
0.0, 0.02971736155450344, 0.5432736873626709 
0.0, 0.02408057451248169, 0.4314567446708679 
0.0, 0.05392777919769287, 1.035634994506836 
0.0, 0.03733339160680771, 1.0881459712982178 
0.0, 0.04136345908045769, 0.7644746899604797 
0.0, 0.031645696610212326, 0.8018291592597961 
0.0, 0.05082307383418083, 0.3516557216644287 
0.0, 0.02013072371482849, 0.3968309164047241 
0.0, 0.0343206450343132, 0.6414018273353577 
0.0, 0.038706984370946884, 0.5736972093582153 
0.0, 0.06114504486322403, 0.38907214999198914 
0.0, 0.041514404118061066, 0.44138839840888977 
0.0, 0.03980866074562073, 0.37794730067253113 
0.0, 0.04037505388259888, 0.5266442894935608 
0.0, 0.023510610684752464, 0.5366628170013428 
0.0, 0.02674522064626217, 0.49488404393196106 
0.0, 0.04457123577594757, 0.5481276512145996 
0.0, 0.026057260110974312, 0.525583028793335 
0.0, 0.025872791185975075, 0.6357360482215881 
0.0, 0.026463350281119347, 0.7590547800064087 
0.0, 0.02171729877591133, 0.4964151978492737 
0.0, 0.03750087693333626, 0.875920295715332 
0.0, 0.04132968932390213, 0.8865272402763367 
0.0, 0.022852521389722824, 0.5641090869903564 
0.0, 0.044032324105501175, 0.4052112102508545 
0.0, 0.03423893824219704, 0.7968297004699707 
0.0, 0.041497841477394104, 0.5313324332237244 
0.0, 0.031725816428661346, 0.6426304578781128 
0.0, 0.02917630411684513, 0.6355428695678711 
0.0, 0.03647664934396744, 1.314711332321167 
0.0, 0.03954337537288666, 1.3100160360336304 
0.0, 0.03520616516470909, 1.2142659425735474 
0.0, 0.03428668901324272, 0.8981372117996216 
0.0, 0.03278675302863121, 0.613311231136322 
0.0, 0.029812224209308624, 0.5353901982307434 
0.0, 0.031110862269997597, 0.5938388109207153 
0.0, 0.04317868500947952, 0.3797185719013214 
0.0, 0.03741905465722084, 0.3635900616645813 
0.0, 0.06330528855323792, 1.2323657274246216 
0.0, 0.03282786160707474, 0.5387654900550842 
0.0, 0.023449020460247993, 0.5130545496940613 
0.0, 0.036784496158361435, 0.22587984800338745 
0.0, 0.036776430904865265, 0.7175846099853516 
0.0, 0.04133876413106918, 0.43819090723991394 
0.0, 0.05078303813934326, 0.32619190216064453 
0.0, 0.019725825637578964, 0.34941357374191284 
0.0, 0.031086785718798637, 0.5780625343322754 
0.0, 0.028914975002408028, 1.5771158933639526 
0.0, 0.037574440240859985, 1.0448654890060425 
0.0, 0.031413882970809937, 0.4357411861419678 
0.0, 0.017849387601017952, 0.6296189427375793 
0.0, 0.03689172491431236, 0.35241934657096863 
0.0, 0.029577454552054405, 0.5418832898139954 
0.0, 0.02797527238726616, 0.5274529457092285 
0.0, 0.04121220484375954, 0.4377187490463257 
0.0, 0.06558150053024292, 0.6892842650413513 
0.0, 0.040154434740543365, 0.5426714420318604 
0.0, 0.03760063275694847, 0.31300073862075806 
0.0, 0.03684697300195694, 0.27784961462020874 
0.0, 0.07224041223526001, 0.46428483724594116 
0.0, 0.09241122752428055, 0.7093477845191956 
0.0, 0.033119626343250275, 0.6588482856750488 
0.0, 0.030154043808579445, 0.6734210848808289 
0.0, 0.025315266102552414, 0.8703370094299316 
0.0, 0.09676805138587952, 0.5838719010353088 
0.0, 0.08740703761577606, 0.6800386905670166 
0.0, 0.054348792880773544, 0.7217364311218262 
0.0, 0.032989874482154846, 0.8225922584533691 
0.0, 0.024676170200109482, 0.6689261794090271 
0.0, 0.0386185348033905, 1.5555657148361206 
0.0, 0.048214077949523926, 0.7089192867279053 
0.0, 0.0372895710170269, 0.3429936170578003 
0.0, 0.035670988261699677, 0.47068145871162415 
0.0, 0.08651760965585709, 0.5424512624740601 
0.0, 0.04513264447450638, 0.5210258960723877 
0.0, 0.043496232479810715, 0.3317888081073761 
0.0, 0.04763193055987358, 1.2746782302856445 
0.0, 0.08805936574935913, 1.1579148769378662 
0.0, 0.028126856312155724, 0.533183753490448 
0.0, 0.09648355096578598, 0.7536295652389526 
0.0, 0.09028055518865585, 0.35927021503448486 
0.0, 0.02196669764816761, 0.3871763348579407 
0.0, 0.02289143018424511, 0.6483429074287415 
0.0, 0.04418554529547691, 0.7127888798713684 
0.0, 0.03763570263981819, 0.621311366558075 
0.0, 0.03934188932180405, 0.6904064416885376 
0.0, 0.03727748245000839, 0.7450747489929199 
0.0, 0.0332561694085598, 0.9188908338546753 
0.0, 0.03553030267357826, 1.2427175045013428 
0.0, 0.029703829437494278, 0.5749804973602295 
0.0, 0.028886258602142334, 0.6261658668518066 
0.0, 0.032402701675891876, 1.4642592668533325 
0.0, 0.024065937846899033, 0.5652576088905334 
0.0, 0.035473890602588654, 0.781273603439331 
0.0, 0.018107213079929352, 0.5328100323677063 
0.0, 0.03965272381901741, 1.1085976362228394 
0.0, 0.03298475965857506, 0.7615435123443604 
0.0, 0.047522854059934616, 0.5737742185592651 
0.0, 0.06693314760923386, 0.4467318654060364 
0.0, 0.03248888626694679, 0.7357016801834106 
0.0, 0.02809099294245243, 0.5060481429100037 
0.0, 0.11238409578800201, 0.4835033118724823 
0.0, 0.04227377101778984, 0.4676394462585449 
0.0, 0.03644220903515816, 0.40922534465789795 
0.0, 0.036397211253643036, 0.7057924270629883 
0.0, 0.032432686537504196, 0.6839401721954346 
0.0, 0.030136648565530777, 0.8589854836463928 
0.0, 0.04625200852751732, 0.44153982400894165 
0.0, 0.1079699695110321, 0.7043526768684387 
0.0, 0.030239367857575417, 1.0174636840820312 
0.0, 0.03160078078508377, 0.6162261366844177 
0.0, 0.04097308963537216, 0.3648001551628113 
0.0, 0.061821695417165756, 2.1857171058654785 
0.0, 0.03065980039536953, 0.6090931296348572 
0.0, 0.021998021751642227, 0.5949046611785889 
0.0, 0.030787477269768715, 0.6159595251083374 
0.0, 0.029696669429540634, 1.1434226036071777 
0.0, 0.021939033642411232, 0.46804746985435486 
0.0, 0.024722211062908173, 0.6614772081375122 
0.0, 0.03618251532316208, 1.0334093570709229 
0.0, 0.02436305396258831, 0.5071858763694763 
0.0, 0.04342327639460564, 0.3836131989955902 
0.0, 0.027288734912872314, 0.49279358983039856 
0.0, 0.056067924946546555, 0.7595838308334351 
0.0, 0.0404646061360836, 0.8388723731040955 
0.0, 0.054022789001464844, 0.9154717326164246 
0.0, 0.027463657781481743, 0.7041836977005005 
0.0, 0.04727654159069061, 0.38592156767845154 
0.0, 0.04870127514004707, 0.8453154563903809 
0.0, 0.0494997538626194, 0.9984330534934998 
0.0, 0.03368254378437996, 0.6725119352340698 
0.0, 0.06054999679327011, 0.7563165426254272 
0.0, 0.026615679264068604, 0.43469980359077454 
0.0, 0.14727315306663513, 1.0468060970306396 
0.0, 0.031606972217559814, 0.6614369750022888 
0.0, 0.02508556842803955, 0.6561923623085022 
0.0, 0.023954955860972404, 0.4552169144153595 
0.0, 0.06702418625354767, 0.8704530000686646 
0.0, 0.022566568106412888, 0.3766250014305115 
0.0, 0.024997351691126823, 0.30254271626472473 
0.0, 0.027937591075897217, 0.9975430369377136 
0.0, 0.10119898617267609, 0.44721347093582153 
0.0, 0.030524248257279396, 0.35144245624542236 
0.0, 0.03956342115998268, 0.41147685050964355 
0.0, 0.023325100541114807, 0.37108781933784485 
0.0, 0.035374272614717484, 0.6850773692131042 
0.0, 0.023807518184185028, 0.5739254355430603 
0.0, 0.024485493078827858, 0.43128493428230286 
0.0, 0.02824566885828972, 1.0020805597305298 
0.0, 0.022988131269812584, 1.2317047119140625 
0.0, 0.019414644688367844, 0.871337354183197 
0.0, 0.045961108058691025, 0.4123064875602722 
0.0, 0.052822671830654144, 0.4889174699783325 
0.0, 0.024195192381739616, 0.9350014328956604 
0.0, 0.03661906346678734, 0.7558087706565857 
0.0, 0.033733684569597244, 0.26683562994003296 
0.0, 0.025827404111623764, 0.31395086646080017 
0.0, 0.04290106147527695, 0.5199785232543945 
0.0, 0.03738894313573837, 0.6637152433395386 
0.0, 0.03915107622742653, 0.6547223925590515 
0.0, 0.03443656861782074, 1.475931167602539 
0.0, 0.03368842601776123, 0.8137397766113281 
0.0, 0.034756481647491455, 0.6917035579681396 
0.0, 0.03663942590355873, 0.46413710713386536 
0.0, 0.025871697813272476, 1.8108891248703003 
0.0, 0.05742713063955307, 0.5130659937858582 
0.0, 0.03373522683978081, 0.6146891713142395 
0.0, 0.037611331790685654, 0.48590168356895447 
0.0, 0.03388485684990883, 0.42335882782936096 
0.0, 0.034747809171676636, 0.6629895567893982 
0.0, 0.06746508181095123, 0.36052191257476807 
0.0, 0.04733247309923172, 0.6697161197662354 
0.0, 0.025521762669086456, 0.40786629915237427 
0.0, 0.03179478645324707, 0.507977306842804 
0.0, 0.03612145781517029, 0.9189980626106262 
0.0, 0.05063781514763832, 0.5478241443634033 
0.0, 0.035883840173482895, 0.9453226327896118 
0.0, 0.032972924411296844, 1.2496812343597412 
0.0, 0.06069299206137657, 0.5601405501365662 
0.0, 0.0339294858276844, 0.5559338331222534 
0.0, 0.031145310029387474, 0.8119181394577026 
0.0, 0.031166523694992065, 0.26456063985824585 
0.0, 0.027903415262699127, 0.7885702252388 
0.0, 0.03158441558480263, 0.9905544519424438 
0.0, 0.020733939483761787, 0.5850318074226379 
0.0, 0.05439784377813339, 0.5436802506446838 
0.0, 0.02969413995742798, 0.6956290006637573 
0.0, 0.036665190011262894, 0.24893887341022491 
0.0, 0.024218084290623665, 0.7902424335479736 
0.0, 0.039837438613176346, 0.7976869940757751 
0.0, 0.03561704605817795, 0.14664292335510254 
0.0, 0.034761134535074234, 0.48293036222457886 
0.0, 0.05262763053178787, 0.4993741810321808 
0.0, 0.05460667237639427, 0.5174463391304016 
0.0, 0.03700336813926697, 0.5128273963928223 
0.0, 0.021308008581399918, 0.32379719614982605 
0.0, 0.04241182282567024, 0.47782397270202637 
0.0, 0.02900959551334381, 0.7496119737625122 
0.0, 0.054190680384635925, 1.261138677597046 
0.0, 0.02803616039454937, 0.8558135628700256 
0.0, 0.039010148495435715, 0.5391340255737305 
0.0, 0.06992725282907486, 0.5405609011650085 
0.0, 0.0222309697419405, 0.47529926896095276 
0.0, 0.03109223023056984, 0.37549078464508057 
0.0, 0.02608439512550831, 0.47700342535972595 
0.0, 0.0520254410803318, 0.9892106652259827 
0.0, 0.03564496710896492, 0.602348268032074 
0.0, 0.04795482009649277, 0.462883859872818 
0.0, 0.03779308497905731, 0.4490561783313751 
0.0, 0.05523840710520744, 0.5016405582427979 
0.0, 0.04237394779920578, 0.8826708197593689 
0.0, 0.028910191729664803, 0.8543479442596436 
0.0, 0.04532109573483467, 0.7876465916633606 
0.0, 0.0840468779206276, 0.581936776638031 
0.0, 0.02476895973086357, 0.7619233727455139 
0.0, 0.04797482490539551, 0.7772486805915833 
0.0, 0.03611616790294647, 0.34437820315361023 
0.0, 0.03430518880486488, 0.6701532006263733 
0.0, 0.022250158712267876, 0.2995324730873108 
0.0, 0.0317537896335125, 0.4048873484134674 
0.0, 0.04471134766936302, 0.6735557913780212 
0.0, 0.051285166293382645, 0.47211986780166626 
0.0, 0.0429738350212574, 0.5997198820114136 
0.0, 0.06897382438182831, 1.0810356140136719 
0.0, 0.04419543594121933, 0.7889645099639893 
0.0, 0.03971893712878227, 0.5478416085243225 
0.0, 0.06789075583219528, 0.47188931703567505 
0.0, 0.03514323756098747, 1.0703469514846802 
0.0, 0.04185764864087105, 0.8190358877182007 
0.0, 0.04639342427253723, 0.678354799747467 
0.0, 0.047634221613407135, 0.8109862208366394 
0.0, 0.04781181737780571, 0.49801215529441833 
0.0, 0.04688093438744545, 0.7493515014648438 
0.0, 0.03753871098160744, 0.5429351925849915 
0.0, 0.03121872991323471, 1.039328694343567 
0.0, 0.03056795336306095, 0.39568832516670227 
0.0, 0.03281615674495697, 0.5476683378219604 
0.0, 0.03310069069266319, 0.9380708336830139 
0.0, 0.051436975598335266, 0.32725241780281067 
0.0, 0.03622300922870636, 0.5714192986488342 
0.0, 0.029289985075592995, 0.5064609050750732 
0.0, 0.027617033571004868, 0.46234026551246643 
0.0, 0.021817486733198166, 0.5973718762397766 
0.0, 0.09323135763406754, 0.5959229469299316 
0.0, 0.026342233642935753, 0.6296233534812927 
0.0, 0.01981830783188343, 0.7299041152000427 
0.0, 0.03181648254394531, 0.7406932711601257 
0.0, 0.0497807115316391, 0.5528187155723572 
0.0, 0.049215856939554214, 0.7446317672729492 
0.0, 0.038941897451877594, 1.0926923751831055 
0.0, 0.040158938616514206, 0.9467480182647705 
0.0, 0.0321209542453289, 0.6604230403900146 
0.0, 0.04387306421995163, 0.308267205953598 
0.0, 0.06983133405447006, 0.5368380546569824 
0.0, 0.04391751065850258, 1.1088800430297852 
0.0, 0.03793993219733238, 0.47092822194099426 
0.0, 0.028683621436357498, 0.8124362826347351 
0.0, 0.038751065731048584, 0.7481824159622192 
0.0, 0.05484982207417488, 0.8940652012825012 
0.0, 0.060574401170015335, 1.1707019805908203 
0.0, 0.030641930177807808, 0.7695099711418152 
0.0, 0.03367006778717041, 0.31539687514305115 
0.0, 0.021504132077097893, 0.6261336207389832 
0.0, 0.033988114446401596, 0.4795360565185547 
0.0, 0.047097526490688324, 0.5804095268249512 
0.0, 0.021241851150989532, 0.6680847406387329 
0.0, 0.04314484819769859, 0.5289657711982727 
0.0, 0.03568042442202568, 0.837917685508728 
0.0, 0.05770916864275932, 0.8336073756217957 
0.0, 0.029858030378818512, 1.071882963180542 
0.0, 0.04561476781964302, 1.3184353113174438 
0.0, 0.05130885913968086, 0.6745496392250061 
0.0, 0.03746512159705162, 0.5728844404220581 
0.0, 0.035683657974004745, 0.5300993919372559 
0.0, 0.027130505070090294, 0.5997264981269836 
0.0, 0.034815747290849686, 0.4711717963218689 
0.0, 0.034645237028598785, 0.6373139023780823 
0.0, 0.03608058765530586, 0.4579636752605438 
0.0, 0.027278505265712738, 0.4891727864742279 
0.0, 0.03798383101820946, 0.7622080445289612 
0.0, 0.17877113819122314, 0.6038375496864319 
0.0, 0.02308434247970581, 1.0139473676681519 
0.0, 0.028434358537197113, 0.9349179863929749 
