1.5403271293377785e-08
8.128820006955298e-07
7.018249410200334e-07
-1.1042357235575245e-06
-4.850883849526002e-07
-7.583918042135857e-07
1.118455549382296e-06
1.7834028298580051e-07
-6.957291580939844e-07
-1.6423153326172724e-07
1.329201081391927e-06
9.479056270070682e-08
-9.26378126970511e-07
-1.443827437291085e-06
-9.51671966374436e-07
8.396129592215727e-07
5.8592409654270993e-08
1.5324637031101571e-06
1.0584832434038357e-06
5.663562855521118e-07
8.162833284229367e-07
-4.948385437281948e-07
7.836561743650756e-07
-5.81912940690797e-07
3.703119741008517e-07
-1.4741182131469292e-06
-2.391732328569215e-06
-4.584582313782448e-07
1.321937272028403e-07
1.8512533454132348e-06
1.919139711909728e-07
2.8447803807856483e-06
-5.076940802999681e-07
3.131552312700998e-07
-2.835856337566968e-06
3.060794585150818e-06
1.9209928073645903e-06
1.4155719754319459e-06
-1.0612086615172496e-06
-6.15085099298085e-07
6.637412773053646e-07
1.271734269257609e-06
-1.561831806741663e-06
5.902493041633403e-07
2.096737737330593e-06
1.0025807698964075e-06
2.1569376583231913e-07
7.7971757101685e-07
-5.629190101988765e-07
3.215775019414581e-06
4.617627981571916e-07
-1.2079998603959602e-06
7.693780941865822e-07
3.086565568212661e-08
1.178772452346623e-07
5.037288392121095e-07
7.848409956220539e-07
6.005762267185284e-07
5.07004541207477e-07
-5.420569136406681e-07
-1.38580237106996e-06
1.350668630907746e-06
6.484249399006461e-07
1.378707728300859e-07
-1.6440653364416643e-06
-8.218199667453518e-07
-9.551852632025008e-07
9.144735599875276e-07
-2.4757750744746385e-07
6.428141391877164e-07
-1.5234548657515135e-07
2.526564308880097e-07
-3.8376617388686487e-07
1.1456663625405587e-06
4.6430620516600486e-07
-1.789209354642805e-06
4.606120102477819e-07
1.480928035440294e-06
1.0204397865111657e-06
4.1953816573173495e-07
1.5530814116030252e-06
4.83783807680993e-07
1.2439197852082934e-06
1.474863606735052e-06
-1.8647465631309906e-06
-3.701156206911297e-07
2.4409675652188003e-07
4.201843738980772e-07
7.837766539913511e-07
-5.992079163011763e-07
-1.0358474550490167e-06
-2.147247280553139e-06
-2.3904955729189427e-07
4.3468178643836707e-07
-1.4938634892912108e-06
-7.117502523864719e-09
3.509268578584722e-07
-9.959051193878362e-07
2.3469113281342808e-07
5.774207433465303e-07
-4.187783417819446e-07
2.044302342645616e-07
2.3151157384810566e-07
1.2688804125511005e-06
4.662884001455885e-07
3.735244920985029e-07
-1.4138005661428516e-07
-2.7207608610524403e-07
2.0090479608825262e-06
-3.296824908310165e-09
5.481888498692911e-07
-4.5803017607275773e-07
-9.755383924162482e-07
5.245076226044278e-07
1.3279887411954405e-08
1.6363872126541018e-06
3.7576051527464317e-07
4.0872699815151593e-07
8.052529842927925e-08
-3.389876671430362e-07
-8.799054524999406e-07
-6.797985534490181e-07
1.604352858310319e-06
-1.1262070691892794e-07
-1.20136626843451e-06
2.8525616154898413e-07
-6.00030854717001e-07
-2.985834401312916e-07
-1.045974532384467e-08
-1.824563858982791e-06
2.8168127619616305e-06
-3.2427778608377723e-07
8.687381409799855e-07
-2.497592168383887e-06
3.831405856707144e-07
-9.488516070632613e-07
-3.837166023653741e-07
-5.604522763340875e-07
4.782842860809719e-07
1.8408308883571018e-07
-1.7200708717674778e-07
4.93571088254287e-07
-2.968654236212842e-06
-4.949985021873715e-07
2.056149532287626e-06
-2.755069184599636e-06
-9.128401141010402e-07
-3.332109080084982e-07
-1.2224098173062105e-06
2.5086474611920754e-08
5.404782947542637e-07
-2.956311058304501e-06
-1.9808834547266737e-06
-7.352525739991376e-07
-1.373220072764525e-06
-5.161381165765176e-06
-3.7546972342689903e-06
-1.910751825562329e-05
-3.891604800238773e-05
-0.00016053899811855184
-0.0005520519864928376
-0.001346234548171716
-0.007596519592750285
-0.007328952912108174
-0.0030160117229180677
-0.005915630708581635
-0.005236492334266326
-0.011549120885320008
-0.011103631030502064
-0.014050463014947516
-0.010694153972768359
-0.018994978895144805
-0.009744042064994574
-0.007660855605666127
-0.009096833977050014
-0.008628183393739164
-0.015374022269887584
-0.015221070065828306
-0.022821915103122592
-0.026003943090992316
-0.019710001568975195
-0.014110591994332415
-0.021324367162638476
-0.01680068971057023
-0.018706159150627042
-0.017775308739926134
-0.015739806985948235
-0.01791213866506171
-0.025894161579864367
-0.01937967839850379
-0.02971944465701069
-0.018086221800850972
-0.026139238749497702
-0.022302266576194336
-0.02981651489972137
-0.03116997723866786
-0.028672399099117944
-0.036965884268283844
-0.03716306162199804
-0.04253156469868762
-0.023749611390355443
-0.029004242969676852
-0.03251917939633131
-0.028569725691340864
-0.027726814583210007
-0.024372837339927043
-0.028951079983796393
-0.026067187078297138
-0.02815068227105907
-0.024077439281557287
-0.02600144754563059
-0.02899099314319236
-0.028829414464001144
-0.034404230902769735
-0.04123833642474243
-0.042898042659674375
-0.038349514827132225
-0.036809728148260286
-0.025025388891143457
-0.03873885432923479
-0.03549924812146595
-0.03421970257269485
-0.04503515389348779
-0.04797652869352272
-0.04509671684354544
-0.03920637596664684
-0.053642778657376766
-0.04453314494873796
-0.05950522742101124
-0.0591064090175288
-0.05619087416146483
-0.04374457456703697
-0.038788023205207925
-0.04132618462400777
-0.0476926788687706
-0.04494445624628237
-0.047687646467238665
-0.05289421882480383
-0.05251714161464146
-0.06699341987924916
-0.04580219941479819
-0.05265406226473195
-0.0434706856363586
-0.043745028254176886
-0.05730696488171816
-0.061417755005615096
-0.05193369263517005
-0.052154648516859324
-0.06488508292074714
-0.060046929866075516
-0.055724626273981163
-0.049474911232079775
-0.062138154570545466
-0.07151187690240997
-0.04897734077115144
-0.05837574494736535
-0.054135266824492385
-0.05092261292572532
-0.06959399580955505
-0.04818766777004514
-0.06287502590566874
-0.07471360346036297
-0.051883963734975884
-0.05539406915860517
-0.0659182830048459
-0.05261577472888997
-0.061562731196837764
-0.06802237745640534
-0.06271805205947853
-0.05496153503190726
-0.05979021844853248
-0.04384391347827789
-0.06150532886385918
-0.0704493574532015
-0.0593762964542423
-0.06182723053331886
-0.0718631106428802
-0.07807368971407413
-0.053930104444069524
-0.05127582446272884
-0.07823972350784711
-0.0619035858128752
-0.05468510437224593
-0.07154396256165844
-0.05738617533019611
-0.07474255521914788
-0.07418159581720829
-0.08132578884916646
-0.0732626130006143
-0.06290953380188771
-0.07319680654576846
-0.07339276506432466
-0.06385747489652463
-0.07267527974077634
-0.06740129087120295
-0.061440584915024896
-0.07677507879478591
-0.06471515134243029
-0.058205782036696165
-0.08276429453066417
-0.06204490317031741
-0.08261060235755784
-0.06809504316853625
-0.07699398244065898
-0.08366820588707924
-0.06832658632525376
-0.0646254758217505
-0.06624757817813329
-0.06837071511628372
-0.0766540618081178
-0.07805920472102505
-0.08459105848201684
-0.07962449174374342
-0.08113763055631093
-0.09093541172998292
-0.07650127574535352
-0.08164130018225738
-0.06789761169680528
-0.08124917133578233
-0.07219866689826761
-0.05643754718559129
-0.095838691507067
-0.064210569486022
-0.07437583298555442
-0.08218802085944585
-0.0671603653047766
-0.07759063451417855
-0.09121420473924705
-0.08024112188390323
-0.08572237672550338
-0.08146249862121684
-0.08848924908254828
-0.07711734210274049
-0.08171467243560723
-0.08478822798601218
-0.07390468594219003
-0.07518906119678702
-0.07754154702914613
-0.08085976647479194
-0.06508536690047809
-0.06349660363048315
-0.09080062633646387
-0.08053325808473996
-0.09481932888073581
-0.09532194318515914
-0.08372070440756423
-0.06967410618173224
-0.08392533447061266
-0.08528093434870243
-0.09460541818823133
-0.07681372362588133
-0.09460456020730947
-0.07331726008227893
-0.052062944043427706
-0.10027307511440345
-0.0726933613685625
-0.07424686822508063
-0.10131747834384441
-0.09011531488171645
-0.10978866395141397
-0.07706707027474684
-0.09751880541443825
-0.07899141790611404
-0.08290822298399039
-0.09760044807834285
-0.09081313466387135
-0.07329047970207674
-0.0959282357777868
-0.06904299876519612
-0.07179105508008174
-0.07550573801355702
-0.08630856073328427
-0.06930190058691162
-0.08201900364032813
-0.11385169891374451
-0.09953362441488675
-0.06945053195314747
-0.0836081113666296
-0.10812912189534732
-0.1068300972027438
-0.08059154969773122
-0.10450317444545883
-0.09171671260680471
-0.08843792529244508
-0.07789045643793154
-0.08870088122785091
-0.08574842129434858
-0.08532995304891042
-0.08279415993352554
-0.08058012197060245
-0.07793317801718201
-0.10034287268561977
-0.08065478756491627
-0.06288840358943812
-0.09869642449276787
-0.08373060649526971
-0.08712773557220187
-0.08642120473086834
-0.09666493694697108
-0.08760109703455653
-0.0790682892714228
-0.07893324736505747
-0.07734065476272788
-0.10357358373169388
-0.09431626062308039
-0.08689905516803265
-0.08881613958094801
-0.08396910224109888
-0.09352009297747697
-0.10113111351217542
-0.08838601889354843
-0.0921360958101494
-0.07655909830438239
-0.0926290839644415
-0.08834565071655172
-0.0846380020624825
-0.08965836731450898
-0.09935166048152107
-0.08766459174720305
-0.09005793104214328
-0.09134101920894214
-0.08839121932396665
-0.10637372505984136
-0.09842849443001407
-0.08172677643597126
-0.09594680209245
-0.08804213574954442
-0.09067663470549243
-0.07101115265062877
-0.08811035539422717
-0.08161349687725306
-0.11805634493274349
-0.08836508222988673
-0.07774091498660189
-0.08919803079749856
-0.09684963417904717
-0.07797533885708877
-0.10043415081288133
-0.08722178385193859
-0.09308631691549506
-0.0906004708792482
-0.1091042287381632
-0.08768902772239276
-0.1156880222260952
-0.1087408707078014
-0.08920692120279584
-0.09020059941602605
-0.09591063191848141
-0.09852162668747562
-0.0688595135164048
-0.07651334774813481
-0.07724307304514307
-0.09336192559983049
-0.1071392579802445
-0.10932881358478751
-0.1130564649855452
-0.09672752142484699
-0.11969117234860148
-0.09371164866856166
-0.1046465060540608
-0.10302260757556983
-0.08746881170996598
-0.09382304668958698
-0.08011948796255249
-0.09056971995492599
-0.09687821779932294
-0.08665108015494687
-0.10805887249963624
-0.09547376952001027
-0.09595011387552534
-0.08585412507610661
-0.09732997550496034
-0.1118851469031402
-0.09985105427248138
-0.08270132521699582
-0.09501226818455118
-0.11974989942141942
-0.10625319395746503
-0.09742873428123337
-0.07471598698092359
-0.0902957980121885
-0.12064317507403237
-0.10677571244637615
-0.11920367500611714
-0.10616257653704711
-0.08916690147348813
-0.12305835687688418
-0.1072028476212706
-0.1053185359175716
-0.08321265849683966
-0.10284284741750785
-0.11890841514936515
-0.1220044137111732
-0.09657442010939121
-0.0911011683887669
-0.09091589041054249
-0.1253405056361641
-0.11321825507496085
-0.1109578475006856
-0.09940249166850533
-0.11585382079439503
-0.09235556929239205
-0.09428130063627448
-0.09079489431210927
-0.087385857211692
-0.0942951733429384
-0.09141416568309069
-0.07341033004091255
-0.10287902317941189
-0.09578439007912364
-0.11026925167867116
-0.10426578963441509
-0.09061344300529786
-0.09489913870181356
-0.11703497038355895
-0.13306027863706862
-0.09417232565049614
-0.122026227414608
-0.09481618247394051
-0.1227559159908976
-0.09656998372104551
-0.11133163582001414
-0.10999492209936891
-0.09278776017682892
-0.11031498972858701
-0.13272435391055687
-0.07661769824335352
-0.09932405847523894
-0.12255660098578249
-0.08765090975378241
-0.12235827810530152
-0.08776780271104404
-0.08645712624170951
-0.10354053471902651
-0.11245770153722592
-0.11000303165721041
-0.09051623301846641
-0.10852910844343049
-0.08594561953629766
-0.09674295250858579
-0.12004104682377406
-0.11471026044871126
-0.12224589740591389
-0.1255527607032231
-0.1395021007795419
-0.13734894432127476
-0.1369441348527159
-0.11812335944601468
-0.10574114402490002
-0.1379387599549123
-0.10372683246220861
-0.11381916542138372
-0.10575360246002674
-0.09890103180493627
-0.1165841683479292
-0.09403007023502141
-0.12873366475105286
-0.11956512409129313
-0.10716057069865721
-0.09307456335851125
-0.10994361234562737
-0.09893758062805448
-0.11117893217929772
-0.13009872500385558
-0.11490964769784894
-0.143824198915224
-0.11286399167563234
-0.1083069226837584
-0.08909008548861104
-0.09422718733549118
-0.1137436596410615
-0.10136510830904756
-0.11925005274159568
-0.11111866762595517
-0.09749381656625442
-0.09762891488415855
-0.0992432509415916
-0.11303321445094687
-0.11976230357374464
-0.114448501595429
-0.1257917300931045
-0.08350633031555585
-0.11068093444087676
-0.1383886576763221
-0.11743438563176564
-0.11432398336806468
-0.12652309159083025
-0.12115109512316329
-0.11605246418288775
-0.11311685599918876
-0.129549665376544
-0.10716602252796292
-0.12454397790133953
-0.09514411592057773
-0.1262843164482287
-0.12202802885855947
-0.11317137469138418
-0.14061961056930677
-0.10145944330309119
-0.132868656622512
-0.11096036221299853
-0.1363666821271181
-0.1306587497570685
-0.13614014509533132
-0.10908107619200434
-0.10316068200128418
-0.13904855959117413
-0.11525318305939436
-0.14501927686589106
-0.08882917665011648
-0.08598069247922727
-0.09153810582522835
-0.09992135050041336
-0.12063248588570527
-0.14437913362468993
-0.1307600268295833
-0.1207040869298258
-0.10785129559891564
-0.10164487149034228
-0.09730889994118895
-0.11416403230811868
-0.1317204405952777
-0.12496771862996477
-0.11241038729037557
-0.14379203798515455
-0.10438247663634163
-0.1197543450232063
-0.1265964299839522
-0.13734808058610984
-0.11793173610099725
-0.127816537927304
-0.15327954199165106
-0.1289354802242347
-0.11484757278646741
-0.14059410297444888
-0.13639144705874579
-0.16072319408080407
-0.1320204726819481
-0.14169811377567904
-0.12467135502291578
-0.15473029682678835
-0.1304194794169494
-0.13535607606172562
-0.16436146745192154
-0.11732456567031997
-0.1128766369074583
-0.11910931180630412
-0.1280737038967865
-0.1305272951722145
-0.12432124226221017
-0.13501949102750846
-0.14684529229998589
-0.13653061432497843
-0.12275268829294614
-0.14889380761555263
-0.13452319714373775
-0.1478594777041248
-0.13750804641417094
-0.11077711624758584
-0.1050376540848187
-0.16057665167110308
-0.15232748006071364
-0.1514248667018754
-0.19034469446965627
-0.1354262445654188
-0.13052205076175077
-0.13880471965031965
-0.15177338517137937
-0.11912138760089874
-0.12276782893708774
-0.12414275319315493
-0.1637168186051505
-0.13277877042336123
-0.11254454217851162
-0.12389154200042997
-0.16794536129704543
-0.11972197304878916
-0.15269215950476273
-0.11520795891660132
-0.1212778447994164
-0.16071159073284694
-0.08965502147163663
-0.15136750574622834
-0.12026447856000491
-0.11942095096622195
-0.14383832631366594
-0.11013183130749635
-0.10620106913016311
-0.1328846210879939
-0.129613656816738
-0.14855990578819597
-0.12635092423962696
-0.138262826949358
-0.16168427148035594
-0.10935182709779058
-0.13970592910689966
-0.1261897502200944
-0.12316197742308889
-0.12476011525307383
-0.13624719743217742
-0.07816981444401401
-0.11874821356364659
-0.15708967058786324
-0.13021949891533172
-0.09769189065056187
-0.12102267039673668
-0.1345218044838735
-0.148626001019563
-0.10991408143724714
-0.15438951924443245
-0.12703191595418112
-0.12747403367289475
-0.14211286737450532
-0.12968054014657224
-0.16378848840083396
-0.16444847413471766
-0.11634911503642797
-0.12963359483650752
-0.14758223029119627
-0.16078089523528302
-0.1589513242776905
-0.1354231954153095
-0.13594657941056149
-0.13671535892145975
-0.15521660340683802
-0.11678971922291177
-0.11996263558311122
-0.1290270841813513
-0.1287040294014982
-0.1164362643446241
-0.15603682531842164
-0.16808865817906085
-0.182812722665923
-0.1154878240610872
-0.14593652449548244
-0.14238533324428967
-0.16047169800315583
-0.1523006715412651
-0.11287602356501988
-0.17191231516855104
-0.14528057537972927
-0.17181524288441455
-0.13317431469580956
-0.13937577339155333
-0.1677813200013978
-0.13169286879045622
-0.10319456005735057
-0.10766801450933729
-0.13406165636011533
-0.160117293042796
-0.15460721882326262
-0.11010127142071724
-0.13732542430183717
-0.10838684599314417
-0.16092304778950556
-0.14936543256044388
-0.15262136927672795
-0.1523181279855115
-0.09564447429563318
-0.11891841289720365
-0.15002652896302088
-0.12631012153412616
-0.1618746556341648
-0.17680187257272856
-0.11785478823419128
-0.13505749457648822
-0.11274645690407072
-0.18171913708959306
-0.16726162524095603
-0.11664217643971954
-0.18271747178265027
-0.12779158925903694
-0.1612614028687988
-0.15013194855834758
-0.16766349944685185
-0.1687328429626567
-0.14022557863167354
-0.13874173856207303
-0.16243353805371694
-0.13788763247430325
-0.1662059569997447
-0.15246491799397127
-0.15192689640181406
-0.1428391324090106
-0.12278701311775617
-0.1536243690976075
-0.14038595224597625
-0.13883779224540507
-0.1774399679686342
-0.1450737411422389
-0.1322309443993228
-0.17218033703310148
-0.16115945311529295
-0.14916496191705977
-0.14562524003641947
-0.1804264634847641
-0.1649777548653739
-0.13639532694859163
-0.14602099838001387
-0.18112282774278096
-0.13629797393722193
-0.16882230208388396
-0.14884616062045097
-0.08375529439321586
-0.15981754713824817
-0.14162577369383403
-0.15681075836930955
-0.14989699157220976
-0.16100402495690755
-0.1568869645042079
-0.15084894852978842
-0.12424821459821292
-0.15949587923075473
-0.12648238906902926
-0.14966112428477832
-0.17840322931962355
-0.1352224757096597
-0.15232049394398928
-0.1597715544381312
-0.153403069291796
-0.1535767668059894
-0.1343844990645136
-0.1534280635948692
-0.13547777800288582
-0.1634314116090536
-0.1576604244432279
-0.18108101721320832
-0.15680960326322488
-0.18011044444782393
-0.15727774160248892
-0.11583844918225493
-0.15190393530896731
-0.13968604882912977
-0.1461954354973776
-0.14170111516224487
-0.17071406543254852
-0.12532248294779233
-0.1355369527425085
-0.151360120890396
-0.14464242543492997
-0.12488388828933239
-0.11273949752960886
-0.2010702340464507
-0.1350770475608962
-0.1718142373221261
-0.15158123709261417
-0.14996269265455858
-0.17828246445528098
-0.17602175580603735
-0.12990859470197133
-0.1443309797240155
-0.1553233986986535
-0.16157448291778564
-0.1489452893978783
-0.1292490047801818
-0.18480374717286654
-0.15528459075306142
-0.13801381470901625
-0.19476682586329325
-0.18763612051095283
-0.16041574866643973
-0.17122496983834676
-0.16117860802582332
-0.20526444113680295
-0.1595350094139576
-0.17075757522668158
-0.14102973150355474
-0.16046004103762762
-0.19741708306329592
-0.14396592282823154
-0.14711328702313559
-0.14265229499765805
-0.17989494864429748
-0.19784945834960257
-0.17127993503319366
-0.1423683368733951
-0.10866067984274455
-0.14903443000678504
-0.13742657085614546
-0.15860217756458692
-0.14362348509686335
-0.1292078968669687
-0.13811842325542653
-0.12499604427388736
-0.16651311197451182
-0.11904245295694896
-0.15806772054306098
-0.16285206244460174
-0.131601257852578
-0.16064393280872277
-0.17470947972365788
-0.1493069300694125
-0.1995428167283535
-0.147921616943287
-0.13247610093094409
-0.17543020844459534
-0.1840169211583478
-0.1457990471805845
-0.12645986995526723
-0.12155232525297574
-0.1763504139546837
-0.18431327917746135
-0.17385097779333591
-0.1359127533755132
-0.17547045461833477
-0.12288194841572217
-0.1468544284413968
-0.13317195512354374
-0.14667411554338677
-0.16286177214767253
-0.1357722936996392
-0.12603213318756648
-0.18519387088183845
-0.156559662095138
-0.1471496330840247
-0.18409282687519277
-0.17283791516508376
-0.14063341968825885
-0.1628684808633157
-0.15273012114422663
-0.16733433891619956
-0.17822127084114722
-0.12172309122979641
-0.16248157913131372
-0.14301452173718385
-0.17345670291355678
-0.1450588751052107
-0.1476504219962018
-0.15184635642383779
-0.18441740104130336
-0.15536262361066683
-0.16488262239311421
-0.14766556097726738
-0.12542334870834435
-0.16920307757599012
-0.15015582919919065
-0.1766479816287756
-0.16515879492674554
-0.15168706913079535
-0.11370389336454016
-0.18833559512027673
-0.1650114804506302
-0.19569533424718039
-0.12761728894630714
-0.13083051437778132
-0.1321735294269664
-0.14401655990098203
-0.17986870184540749
-0.16953800033245767
-0.17843141300337656
-0.14463637290256365
-0.17738419877631323
-0.16997583476560457
-0.14277882927230426
-0.20678466877767018
-0.1727702101426465
-0.1512291630996125
-0.16576700125421798
-0.16338373215070792
-0.14742576171244895
-0.14565297402441502
-0.1346635848749429
-0.12229370844683476
-0.15205195067184313
-0.1394237663064684
-0.19810236458267486
-0.1266908042931131
-0.16488990826266153
-0.1597200757158654
-0.1411976989391925
-0.1797119075698512
-0.1183676425633686
-0.1584840097597667
-0.16065665600555284
-0.15043591601508005
-0.15540462413004466
-0.20641467081648962
-0.16057916890297616
-0.15843099714922054
-0.13809675563658988
-0.23505201456802233
-0.18214597313531808
-0.13999883458018303
-0.1381897781310337
-0.18373157669390952
-0.147885091137141
-0.17067499671663558
-0.19648406149021216
-0.16754497587680817
-0.19711556125964438
-0.12788274910833156
-0.17361073595072543
-0.20757035245852812
-0.14104206061788968
-0.16645498680216925
-0.19318233217511857
-0.1323202196508646
-0.14249365217983723
-0.14841261612517492
-0.16481846837060793
-0.19665637745388917
-0.16792181240660803
-0.14452895468899182
-0.18257465213537216
-0.15372466349175998
-0.12635320584688867
-0.19964463050876344
-0.18060508955802237
-0.12374428925769669
-0.2027690282889775
-0.1654457148563649
-0.19138461936797416
-0.22571508213877678
-0.18444620445370674
-0.15378215243773802
-0.1551615031702178
-0.15516263326363905
-0.17555079449500358
-0.18524991029075213
-0.19742252411586897
-0.1371035384280341
-0.19636999336736544
-0.18247434989150083
-0.1721267332988126
-0.17545908742717334
-0.1816775104297059
-0.1899497913462775
-0.14346948159592493
-0.1611627441431795
-0.15973845909216575
-0.17451965103724174
-0.13603027164936066
-0.15099781166229928
-0.20037693956068584
-0.22484712302684784
-0.1668162609317473
-0.17387514667851584
-0.1471123756574733
-0.18155439410890853
-0.1744161814983402
-0.14974771160632372
-0.13509112569902623
-0.1665563671849668
-0.18269642362637178
-0.17670826241374016
-0.14889067597687244
-0.15385635463254793
-0.18580733319478376
-0.21341484731861524
-0.17830305120774678
-0.12916650330381735
-0.19114405981131963
-0.16442042589187622
-0.14848012051412038
-0.21755582812641347
-0.17757504885750158
-0.17969007523996489
-0.124536529582526
-0.18677417508193425
-0.18239167306040013
-0.16129465560827935
-0.20313838416976587
-0.15770368690469436
-0.13807131350040436
-0.15642196152891433
-0.1655592072222914
-0.16753349639475346
-0.1984483982835497
-0.18318857518689974
-0.10737568552472762
-0.2102267039673669
-0.14003494142421655
-0.16235271362321718
-0.12027796836835998
-0.1766090959842716
-0.1272490466279643
-0.18091516941785812
-0.12295467592775822
-0.18452877338443482
-0.2094533975635256
-0.19972740326608932
-0.17938497941941023
-0.17197709158062935
-0.18052884763372795
-0.16379067381577833
-0.20789307834846632
-0.20808898018939154
-0.17605520944510186
-0.1757120851959501
-0.16295550683779375
-0.16452991031110287
-0.20066323290978158
-0.17834213695355824
-0.17639367601701192
-0.17480039756212915
-0.17351308757705347
-0.15155473843749082
-0.1807653462248189
-0.1435165854969195
-0.17425773292779922
-0.14208766711609705
-0.19567410062466348
-0.20007211954465934
-0.1622069962322712
-0.17642591521143913
-0.15317543729075364
-0.12778266093560628
-0.19890374849949563
-0.1722572110593319
-0.1820830697459834
-0.20998624738837993
-0.1486095879226923
-0.14241823447602137
-0.1663838933621134
-0.18056979482727392
-0.19343640761716024
-0.1996864067124469
-0.1641573646504964
-0.16368699951895646
-0.20435161915208613
-0.19431630628449575
-0.18767210708132812
-0.20091727642076357
-0.19521500383104598
-0.14819103186683996
-0.1669141836464405
-0.21810605909143174
-0.176511624827981
-0.18070678572569573
-0.2042363232799939
-0.14400760669793403
-0.18835153404091085
-0.18991447346551077
-0.16494280711880752
-0.19698797006692206
-0.18901696135955198
-0.20153040598545754
-0.1761302492980446
-0.18786323549492018
-0.17440123856067657
-0.162114378330963
-0.20242708229592868
-0.20039075559803418
-0.16924660546439035
-0.1640895919076034
-0.2076892772955554
-0.13077186129521579
-0.1262740037803139
-0.17465274302022799
-0.16564168967306614
-0.18806118411677225
-0.16942926602704184
-0.17041185445019177
-0.1405546482918518
-0.16823797752814634
-0.19204799059246266
-0.14977489252175605
-0.14885117945128254
-0.19202288027320588
-0.17629990779927798
-0.13905482978693076
-0.16501909813710622
-0.20092140404241426
-0.14619906672409602
-0.18536195025912353
-0.18910069178257669
-0.1956142463854381
-0.17379098970975196
-0.15616731265825884
-0.1884819809347391
-0.1514307398881231
-0.18345714333866323
-0.19259054918906518
-0.22366559026496752
-0.19350468952740943
-0.172756341951234
-0.1443783241723265
-0.21199482360056468
-0.20139219611883163
-0.15280822850763798
-0.19532897004059382
-0.17411622750971997
-0.2127698069172246
-0.2008915405188288
-0.2080954961212618
-0.16621136612125806
-0.2000552320054599
-0.1543274415390832
-0.21893539279699326
-0.20255501994064876
-0.1796353773346969
-0.17195458550538337
-0.16389769262501172
-0.23527223989367485
-0.1616997058902468
-0.15162878696407592
-0.18139650885547912
-0.18822488295180456
-0.16011943721345492
-0.1940288900264672
-0.16101833353085176
-0.1854482161413346
-0.20726372727325984
-0.17132702523044177
-0.21388948761991092
-0.17014695065362112
-0.17115881852805614
-0.19085985102823802
-0.18514974149210112
-0.18166122266224452
-0.17452557438186236
-0.16803900019398757
-0.19118998731885636
-0.21722571684845857
-0.23049855551549367
-0.19631765543350152
-0.17109601572155952
-0.17154854975108588
-0.16438878513872623
-0.190118920058012
-0.1982959205550807
-0.18909341229924134
-0.17827873836670602
-0.1763813059244837
-0.14046362867312773
-0.13750569628817694
-0.14295896887779236
-0.1515539645084313
-0.12688848775412356
-0.14479457746659005
-0.16512702192578996
-0.163308891334704
-0.19140283656971796
-0.19128079180206572
-0.15318132298333303
-0.20609101559966803
-0.216367278780256
-0.19595775433949061
-0.17234965094498225
-0.21020728562559401
-0.1922498382627964
-0.1928792196725096
-0.19337860069104604
-0.21135419846645423
-0.23081318076167787
-0.1716953031718731
-0.17635186601962363
-0.18880150227674417
-0.19375569692679814
-0.21442061183708055
-0.16414511709340981
-0.17037204865898406
-0.19350089531924045
-0.22421967397843087
-0.18974972542907512
-0.18175024752105987
-0.18438785895705223
-0.1548800484410354
-0.15254765915285265
-0.1633559763431549
-0.23808385218892777
-0.19453171454370022
-0.2180628851056099
-0.16215187657092298
-0.1715760337454932
-0.1734538163457598
-0.18706088619572775
-0.17549853612269675
-0.13677768781781197
-0.1369658216301884
-0.150132168084383
-0.19458472143326486
-0.16216154981936728
-0.18750230894823158
-0.1654245363897644
-0.26230811114822117
-0.17804928869009018
-0.1764974088541099
-0.17494233903874243
-0.21732424439064094
-0.1565045275326286
-0.2358003950544766
-0.1717431071613516
-0.2289797779438751
-0.20634444350642817
-0.15851011552980968
-0.17961192636617593
-0.22644685528108052
-0.16709120678050177
-0.15405557411057608
-0.22144287984286035
-0.20897100014345987
-0.18427395820617676
-0.18118383575763022
-0.16124330261456116
-0.19363061578146049
-0.19013593452317373
-0.22521720241223062
-0.15488379668178304
-0.20159091614186764
-0.19733856192656926
-0.18091992634747708
-0.1522854497390134
-0.1839535560991083
-0.1817379245268447
-0.20131181819098337
-0.22229464458567755
-0.19093080343944685
-0.18603353361998284
-0.16694338566490582
-0.20813642176134245
-0.12171803281775542
-0.22554072817521437
-0.13972006661684386
-0.17151315842888185
-0.1602958536573819
-0.1760340045605387
-0.1929169911891222
-0.15817115615521157
-0.168096695627485
-0.17581588562045777
-0.13962752784469298
-0.1959671431354114
-0.23232312127947807
-0.20890762177961214
-0.2079103679529258
-0.20702553161286882
-0.177108692537461
-0.18632769797529494
-0.17619985448462622
-0.16621689285550797
-0.2083176305251462
-0.1187008268066815
-0.1631032381472843
-0.19415084246013845
-0.1862585853253092
-0.1923520788550377
-0.1694786362349987
-0.16565394241894996
-0.16753486108167895
-0.1870226679103715
-0.2332018996988024
-0.1485915088227817
-0.21651555943701947
-0.19022611927773272
-0.1702674555459193
-0.19004667763199126
-0.16718455344172461
-0.18716555128672294
-0.1481902218822922
-0.19927593160952842
-0.2093673087656498
-0.1886334674698966
-0.23088789890919412
-0.16699708106794528
-0.2283409871160984
-0.1983009667268821
-0.16847538628748485
-0.17871738025652512
-0.21706900532756532
-0.16471851989626884
-0.24687254428863525
-0.2385630128639085
-0.21640582036759173
-0.20150986446865968
-0.20925925246306828
-0.24535163704838073
-0.23133765044622123
-0.21692313360316412
-0.23616449747766768
-0.16171600483357906
-0.1774673799851111
-0.15034780837595463
-0.20411586814693042
-0.1949917817754405
-0.23085765726864338
-0.24592926033905574
-0.21797734259494714
-0.20014960212366922
-0.22351733222603798
-0.20135968577648913
-0.24550646117755345
-0.17032673981572902
-0.16851752331214293
-0.23353689536452293
-0.1592418448999524
-0.1945728257830654
-0.1996552353458745
-0.1653035618364811
-0.13889532855578832
-0.16392464776124274
-0.15672973463577883
-0.21581424134118216
-0.15052527987531253
-0.18238766118884087
-0.21656922729951994
-0.22271718297685897
-0.1634156061336398
-0.2169160715171269
-0.1767627237630742
-0.22832698295158999
-0.1925254724919796
-0.2171292124050004
-0.21974867582321167
-0.2164084017276764
-0.19399823301604815
-0.18092407818351472
-0.24613818473049573
-0.19013566470571927
-0.22270710872752325
-0.25482777532722267
-0.23249216909919465
-0.13712966212603664
-0.21290287056139537
-0.17967861305390084
-0.15530900284647942
-0.181557725582804
-0.23239305083240783
-0.18950359682951654
-0.21238761714526586
-0.1758879981602409
-0.14674673868077143
-0.19942149679575646
-0.17030745119388616
-0.2286720909178257
-0.26517244268740925
-0.1689596325159073
-0.13124549468713148
-0.21514459060771124
-0.23685429112187453
-0.18580892149891173
-0.20221804508141109
-0.19344688473003252
-0.23044932074844837
-0.2510144369942801
-0.1791587881743908
-0.17962900762047088
-0.2714228002088411
-0.15524948393743085
-0.1590909409735884
-0.2496068019952093
-0.2139197447270687
-0.220993558210986
-0.2345923531268324
-0.1379214253808771
-0.15063210310680525
-0.183915021696261
-0.17997114519987786
-0.18182069116405078
-0.1725732343537467
-0.18830866675956973
-0.13093188351818494
-0.1932908852717706
-0.2230704932340554
-0.215772345662117
-0.24022417568734714
-0.2642564911927496
-0.20412592243935382
-0.2090000222836222
-0.19817584540162766
-0.17755726937736785
-0.20743837846176966
-0.2186746634542942
-0.22070942340152605
-0.18812474475375243
-0.16059900767036847
-0.1690019600625549
-0.2062926414821829
-0.20773949341050216
-0.19382396401903992
-0.20072224682995252
-0.17867056094110012
-0.2132118551858834
-0.17482307393636023
-0.18841996682541712
-0.15507796193872178
-0.18496702451791083
-0.2210931545123458
-0.19380260737878935
-0.19761011270540102
-0.18849460913666657
-0.16769512463361025
-0.18640467524528503
-0.2072507877435003
-0.24328170450670378
-0.17294272354670934
-0.1710913207914148
-0.19929289072752
-0.18548320074166572
-0.2201807919357504
-0.17217070396457398
-0.18061883854014532
-0.22290336387231946
-0.23286982758768968
-0.18043068450476443
-0.16060528957418033
-0.2176919707230159
-0.17244057623403414
-0.19924662794385636
-0.23918799989457643
-0.2200924695602485
-0.22301859621490752
-0.1731664543705327
-0.2062779593148402
-0.20677060979817594
-0.24553233544741357
-0.23391389580709593
-0.20067617829356874
-0.12868697621992656
-0.21494653395244054
-0.2607846935944898
-0.20324578761522258
-0.2040536142885685
-0.18722702669245855
-0.187913072428533
-0.22127635989870345
-0.19096371425049646
-0.20118925906717777
-0.1781432782965047
-0.19468381515304958
-0.13439036732805626
-0.1786433035241706
-0.1644803966794695
-0.18318462105734007
-0.21581350745899336
-0.16308566608599254
-0.20444335948143685
-0.19898202057395661
-0.18346854618617467
-0.1859829601432596
-0.20831526070833206
-0.15582710025565966
-0.1757649326963084
-0.17143576166459493
-0.18873947246798448
-0.1809162353830678
-0.23887481966188975
-0.1852944264454501
-0.1459764763712883
-0.22888717321412905
-0.1673931402204159
-0.2164966187306813
-0.2105714391384806
-0.1649304966309241
-0.16871026025286742
-0.15470610738598875
-0.24169917777180672
-0.15642090594129904
-0.23684999772480556
-0.16172578990725534
-0.2250855942921979
-0.17204887526375906
-0.17856601519244059
-0.16911132334332382
-0.17852841690182686
-0.19532491905348642
-0.18891778548381158
-0.20772949819053924
-0.25453057140111923
-0.15252750553190708
-0.19525193901998655
-0.18722940981388092
-0.19735119598252432
-0.1968769814286913
-0.22134011664560863
-0.24746168670909746
-0.21292804021920478
-0.167688735095518
-0.15821752165045058
-0.18420484821711267
-0.19517902923481806
-0.24938262866011687
-0.18925963608281954
-0.20608751422592572
-0.1679494609790189
-0.19742128146546228
-0.19722168686400568
-0.19337945670953818
-0.20708696011986052
-0.18290128133126668
-0.1675517431327275
-0.21671374195388385
-0.1859012937971524
-0.21106284643922532
-0.16116228699684143
-0.18436363711953163
-0.22550557340894425
-0.15031312751982892
-0.19549514153706177
-0.20621862102832114
-0.2403512666268008
-0.11409304676843542
-0.16212890669703484
-0.1998827782060419
-0.2593914951596941
-0.1781536000115531
-0.1692004400704588
-0.20980345431183064
-0.16592922168118612
-0.1750670580991677
