-56.35158615796247
-343.3829014993483
-373.4416175613433
-438.592578745108
-426.86653957608655
-483.86726972035
-514.6415929486675
-528.3325761979626
-479.1664284484178
-521.039656565486
-577.1100278999398
-599.79657096687
-567.7609519409144
-590.634449075444
-607.7836830725868
-642.8412841926522
-607.1437491227954
-595.6350479147951
-653.1655218733072
-653.6250248570597
-616.6249788818271
-617.1597645359655
-683.8029718234243
-656.9321707119041
-603.4198448822794
-688.9493795430056
-706.3459175566924
-679.0962599543383
-640.2034912933402
-726.055747278275
-734.824041263299
-697.482425309546
-661.0479061273935
-736.7781176281414
-774.913168317162
-682.4156248371722
-690.6848428161463
-752.0505338396345
-733.4963987807524
-768.8342552580592
-780.9107668026252
-701.5016695782886
-752.1253250447287
-772.8039923109767
-736.1842580061355
-737.4189987402358
-756.825955554637
-768.8282362733569
-804.426112170593
-800.3646815630698
-762.2330301599019
-768.2189166446984
-771.3658225997801
-805.9145632713072
-802.9883046974235
-818.5445678036334
-800.6099363845615
-794.7962732369998
-832.545513740333
-816.7720970217533
-813.0158804946232
-803.6864542884211
-815.8418284621656
-829.6311399980624
-735.0451037438784
-815.2374036938364
-864.408024381932
-822.6948413068798
-841.0313188689096
-854.0309830041525
-842.9989594534245
-844.8902931740756
-857.4859460652699
-825.026539522382
-808.8599217498357
-859.7498787421785
-837.8510741478837
-872.4034923430412
-885.9267741293402
-845.294440242552
-832.2088353864608
-854.2867736662588
-807.6436791485905
-888.6607396877306
-837.4608882835934
-848.8033115089214
-804.3505603827639
-884.2353973454594
-818.765068230541
-866.2836597679947
-870.1872759431188
-859.7585662630846
-839.7624808470225
-889.6658996228249
-878.2881151679474
-824.326634874679
-847.0760897141173
-799.9969374016957
-824.9204293242248
-885.8447796254663
-863.1413443725779
-887.7734788076668
-863.6171743188586
-859.1435404917062
-840.0197359878347
-889.3921539025373
-879.3246625282798
-868.9986475398464
-877.0040002693229
-881.1406542647819
-843.5053253476658
-888.3731713100307
-866.2423315026243
-879.9195766119363
-887.553870196304
-871.4830164066794
-850.8899806197475
-871.5219581495232
-900.7207919776714
-883.945188988189
-887.3622657539933
-918.2137888521643
-875.6753948547873
-899.3761727947244
-856.6887795183516
-881.0465756116375
-875.2104037816074
-863.6376689287924
-914.1286746873284
-905.1251365155119
-865.9402609497721
-901.682161971446
-880.1315541163018
-894.0404936036756
-909.4948190998647
-905.3937310573692
-901.3922441489136
-941.7083802011705
-879.1272795084984
-863.471364164682
-913.411326050209
-922.0216616342694
-887.2065910012354
-875.5868053886747
-913.9884833254023
-869.5478271269304
-884.798582085816
-862.4007474415118
-874.0152979622238
-854.3646678452118
-901.3172025801399
-880.9310891893327
-917.7175455683937
-874.3429158412366
-881.9659832490754
-919.1064386123336
-863.2157122176914
-905.7789332438174
-903.2369014140442
-912.628535755219
-960.0858842107008
-889.8484488656993
-889.6680331894879
-884.3810037353895
-942.869796450237
-883.8219948361547
-882.4845907880414
-903.470781867504
-931.1411142938551
-873.1084916294994
-929.3465251983723
-934.4851241452353
-863.6118140620296
-937.0430165444102
-934.0395352510126
-915.0343150724464
-927.331544181993
-945.5883883273547
-913.0418475780482
-946.5244232586452
-920.41429722431
-967.4025393685987
-934.9540314751287
-921.6921526381085
-913.428037177179
-881.3760560867012
-942.8170064851419
-971.5750406150994
-936.7467221346457
-927.725426861218
-912.7792229614622
-925.0098306069725
-946.7267191780877
-985.4959042456842
-935.4554736281183
-943.8456097330709
-927.6597022756125
-932.608478419826
-934.0666159469686
-911.5578610116931
-920.733268819715
-920.7099338297813
-970.1978267546623
-929.6369864326057
-941.7294295441857
-976.694685288838
-949.3122287985916
-945.2303299755545
-958.1097676537175
-930.5295622809039
-974.4449442832598
-949.0260971853518
-962.1846538444784
-941.2161270501049
-963.9046558081279
-947.9970819256719
-903.0770915714455
-890.2049586783767
-962.89626965325
-958.47044846149
-977.7739159720285
-971.5359939344673
-984.7599739427528
-931.7723522259218
-984.0124447429831
-969.0753500194971
-951.6544706430544
-946.9542668398624
-921.3524940115001
-972.1608540281602
-904.4003197020982
-907.5936304441811
-940.2047818617183
-977.3223538964833
-965.9124521065357
-1000.8776526497076
-951.026973214567
-972.7135385341024
-995.9956129496892
-948.8297450829915
-974.8513836578235
-916.5919031943045
-976.9060087503376
-936.5184693443814
-964.3510316538278
-951.9770512550497
-929.860052752742
-977.4770284045406
-977.4415022607567
-951.7589625155184
-998.5981021992817
-968.449896245206
-967.1352462375414
-985.7585501743305
-948.5038972221753
-959.3822240846533
-962.6530782286129
-949.8385374271376
-955.1360865627944
-970.399729672534
-1012.56405321148
-972.4609917859517
-1013.5335215407033
-966.5360426802085
-980.2462182319401
-996.1081344218139
-1009.9079052015999
-921.9278353275583
-946.9560080082306
-993.8112927647264
-963.6781227249759
-956.9506684918467
-977.6576217088831
-959.8970846368347
-967.1424563122733
-981.7153837277065
-933.385843234476
-971.1055077294429
-954.7242202875689
-978.9460553224542
-975.053691633183
-997.3741625100374
-980.9089741386238
-950.3863797084805
-984.0728075244756
-985.4562566867185
-957.9819424893484
-1042.6071191623396
-976.4320548756369
-936.7277548364261
-960.1409198037335
-993.4910834534986
-918.2620290062547
-959.1968581829958
-983.4404793842248
-946.2357987147421
-948.7906782107294
-953.5306362405295
-943.7269408378547
-1021.4269643623708
-1022.3271591491849
-1001.5366833988954
-988.6650224976268
-993.4109487848903
-996.8275429364036
-1006.9539034250214
-993.3160813821626
-1039.9775676427555
-991.6610882752382
-972.4348109158502
-1021.9775712391198
-934.5773457636285
-996.3162689461872
-987.1042875014057
-972.5343818233996
-947.1448708150605
-996.7017166654672
-977.738762122717
-979.9070565067747
-956.7780005961399
-978.6159883260976
-992.007372389717
-948.8697624358023
-1021.4127518555175
-1018.1447747922465
-979.10950556988
-974.3237592992247
-926.1743734863568
-1009.8068842147627
-899.1418799439891
-1011.5070365842802
-989.137195217994
-1013.3678234109681
-986.0156643109799
-1045.9987907593443
-980.2335731516407
-998.990896073552
-958.9424448893249
-995.3504293338816
-1026.7240017539057
-1015.5112267206401
-946.1969323615585
-1029.8572596595384
-972.6021395230073
-996.3330190493832
-1023.9113144073897
-1015.6069031564609
-989.823164089248
-1039.0262975898777
-995.5664232963812
-1017.5922893083027
-1007.8322648543601
-1023.1183364797847
-974.4773488264136
-997.2278325999937
-1006.4191174073509
-1011.0037354960317
-1005.5011131495478
-961.7022329844505
-1063.8918167146662
-964.1429616239353
-1035.8247136527193
-1023.7003873889463
-1013.6861063408379
-985.4671953941966
-950.8094368533997
-999.8182726521654
-1007.3208722258888
-984.4755087336536
-1005.9631189269993
-992.0206659342916
-1014.048120691795
-961.0037206589225
-964.8507699625559
-989.6952322683027
-969.4810858882523
-996.1899755800374
-913.6021160569135
-1028.4085471509238
-949.9460377883003
-964.8613021535999
-960.9884491277904
-983.976568800134
-980.3117591209623
-1011.1836138020273
-966.4740433698297
-992.0473675667313
-971.9551483426117
-1027.7436800744676
-991.1172360957819
-955.6522515564669
-1003.7614673600026
-1036.800478326636
-1000.5189843965369
-1057.3456444133622
-1016.2159688571631
-1020.0456789983286
-1016.3939992313011
-998.7218805831699
-961.3403735358594
