-56.800480307247234
-343.7552772557131
-373.88878855507494
-439.03365111460886
-427.3132173136083
-484.30049868113434
-515.0431486560452
-528.7861153387254
-479.6416500900198
-521.4973992620196
-577.5255089948804
-600.2121532281973
-568.1956264654062
-591.0553898261988
-608.2706413620627
-643.2691866263816
-607.5895245371876
-596.1294289865801
-653.5731907857728
-654.047602570002
-617.044982892577
-617.5788372057374
-684.2000200473768
-657.3493276499383
-603.8597060106866
-689.3521465002666
-706.7324761245658
-679.5178289808986
-640.6844860024166
-726.460820165098
-735.2693548949633
-697.9395499954575
-661.463805185485
-737.1758501958188
-775.3170108157918
-682.8703024815854
-691.1248996400614
-752.4573858058947
-733.9677612375004
-769.2582860630229
-781.31957269484
-701.9659021131454
-752.5523928101711
-773.2113718832693
-736.6048859451224
-737.8401248663802
-757.2188177855883
-769.2012107251427
-804.8059433835992
-800.7252366905388
-762.6144809986589
-768.6075903193741
-771.7524913313202
-806.2915552376602
-803.3359946325627
-818.9244177506266
-800.9823956467588
-795.151354319489
-832.8776885353475
-817.0943637531474
-813.3607136423137
-804.0669331440728
-816.1715232743645
-829.9547260653588
-735.4029784246524
-815.5819352672946
-864.7033381308279
-823.0211626747237
-841.3488297748127
-854.3221672339373
-843.3597382488339
-845.2090264597247
-857.817882836689
-825.3241845759378
-809.1588795393843
-860.035675145514
-838.1220271290722
-872.6438690044913
-886.1578724900698
-845.52223754039
-832.4429821418727
-854.5415944393878
-807.8966684297483
-888.8545584261143
-837.7203977734263
-849.0629618409591
-804.6050873242216
-884.4695916944935
-818.992433468867
-866.506906166604
-870.3948231358683
-859.9637681460051
-839.963854882025
-889.8322578816919
-878.4914768983691
-824.5160278812532
-847.2678877483315
-800.2079262623589
-825.1125963096795
-885.9635155497608
-863.3378114480577
-887.9638129027758
-863.7811605391964
-859.3248264998335
-840.1759014481223
-889.5398257207212
-879.4506823148596
-869.119624265328
-877.1715888098088
-881.2598620999244
-843.6621654791766
-888.5127106943438
-866.3771456881053
-880.0677597292008
-887.7189352677165
-871.6166373749483
-851.0438446756882
-871.6807308636503
-900.8971253034706
-884.1036317711053
-887.4996273902154
-918.325685351675
-875.797273558955
-899.5308214354625
-856.8384141086983
-881.1454383393037
-875.3370559885755
-863.7721549003355
-914.2289958549535
-905.2184143989317
-866.0299214877291
-901.799587407969
-880.2437945950415
-894.1041372272825
-909.5963400563886
-905.4999325484175
-901.4901219820647
-941.792001188076
-879.2188395838583
-863.5753514162407
-913.5288238525391
-922.0849790792861
-887.294557175878
-875.6839840280295
-914.0400873702793
-869.640977604598
-884.9111103462184
-862.4765927714686
-874.075661725163
-854.469336160317
-901.4149148079657
-881.0281440980973
-917.7944817608952
-874.4452205956807
-882.0066323697841
-919.1852967211728
-863.274353677776
-905.8453733558479
-903.2693522229173
-912.7187301706059
-960.1380300214214
-889.9144420272195
-889.7402413188038
-884.448227864806
-942.8846670933034
-883.8694106774396
-882.529496522543
-903.5501164840663
-931.1852568525323
-873.1764286410424
-929.3505331206431
-934.5383668890746
-863.678516704366
-937.062309071765
-934.0604755384032
-915.0726962463098
-927.3716693825436
-945.590356316984
-913.0882339653332
-946.540876432498
-920.4403260929794
-967.4215535634124
-934.9612659067602
-921.7210602474652
-913.464344472929
-881.3999815822197
-942.8595146671419
-971.575184272731
-936.7525514347763
-927.7835370955929
-912.7945847049837
-925.0426046309933
-946.7581673899004
-985.4924888786633
-935.4391871685257
-943.8273463798558
-927.6461589786863
-932.591234637845
-934.0649769866521
-911.5466412662911
-920.6965882261777
-920.7132173881004
-970.2002916204215
-929.6196769854989
-941.741822027391
-976.6633303945515
-949.2786966842441
-945.2413948823779
-958.0912686536939
-930.5018655979139
-974.4197865850914
-948.9777179137902
-962.134779055547
-941.1597567000148
-963.8654310868083
-947.9741312457669
-903.0574074318881
-890.146471506989
-962.8738488491779
-958.4293077881985
-977.7238283992363
-971.4938733973262
-984.6999020202918
-931.7210977088471
-983.957024007349
-969.0250992313509
-951.5667800551736
-946.9094711250973
-921.3155106223674
-972.1077203003492
-904.3577382498622
-907.5418856748238
-940.131735981884
-977.2452193405221
-965.8478473716068
-1000.8150865405386
-950.9716458650229
-972.6607811571815
-995.8906893400552
-948.778863190506
-974.7600947085614
-916.5566908313382
-976.8507685859082
-936.4286069386566
-964.2703105381557
-951.931643859582
-929.7819848653908
-977.399214836859
-977.3575260847945
-951.6964129500675
-998.5086222705753
-968.3722547891502
-967.0684518418553
-985.6836988914947
-948.4410072361819
-959.279522522254
-962.5609902940038
-949.7499452230568
-955.0843506562545
-970.3086539149833
-1012.4736967306533
-972.363288141066
-1013.4334013319235
-966.4340625358617
-980.1707438983126
-996.0196666805425
-1009.8223885918543
-921.8523786562379
-946.8584936467184
-993.7351654334002
-963.5761263886905
-956.8492747012372
-977.5475473535776
-959.8073613874374
-967.0325962189705
-981.6231904623146
-933.3063999123287
-971.011727809906
-954.6404377809868
-978.8624562557941
-974.9436906164143
-997.2666018613472
-980.8220269075737
-950.2862481323805
-983.9789730195076
-985.3546562788124
-957.9136168857873
-1042.4904769159132
-976.3228605683498
-936.6354160045149
-960.0377776765604
-993.4140147547567
-918.1883078192785
-959.0610042255595
-983.3096784600465
-946.1196486829064
-948.6951537945304
-953.4149727315946
-943.6100199299474
-1021.2868272280364
-1022.1932066464753
-1001.3998653042701
-988.551369486866
-993.2834041613038
-996.7210991855042
-1006.8581832674791
-993.2392327796479
-1039.832895902994
-991.5296987014981
-972.3264872115878
-1021.8495531741376
-934.4558241180561
-996.2002904689806
-986.9835956942651
-972.4168021558067
-947.014008069368
-996.5724476405552
-977.6125589867341
-979.7641542144635
-956.6571765319543
-978.4816603682558
-991.8890681816137
-948.7884038406582
-1021.2740522815335
-1018.0056723043117
-978.9947722870083
-974.2070805641913
-926.0520946573002
-1009.6621957242763
-899.0452755519321
-1011.3965918193765
-989.0421305010395
-1013.2735203685849
-985.9104579099312
-1045.8536494909893
-980.0947156282065
-998.8638111940727
-958.8053209858556
-995.2503318786621
-1026.6112234229865
-1015.4068566862888
-946.069807412987
-1029.7094196987591
-972.4619778400192
-996.2031807086435
-1023.7671395930277
-1015.451028322844
-989.6679788404896
-1038.8806678930187
-995.4437750187888
-1017.452002257246
-1007.6935949721095
-1022.9738644366989
-974.3382779310376
-997.0894312001593
-1006.3421051447293
-1010.8875515845514
-1005.3675370458084
-961.5723455754294
-1063.7368877560311
-964.0232457103817
-1035.6854100381174
-1023.5516976914647
-1013.5479141094718
-985.3235587414508
-950.6820164869458
-999.6790466835971
-1007.1663868284445
-984.3245664346053
-1005.7921043475103
-991.8818871634347
-1013.8981130749399
-960.8844945529639
-964.7279957714169
-989.542850511964
-969.3522159910422
-996.0598710231517
-913.4586793750112
-1028.285146124352
-949.8117917232249
-964.7197428804388
-960.8387995897899
-983.8239125194638
-980.1500486031106
-1011.0207053153746
-966.3239625851679
-991.8977469870572
-971.8121095582637
-1027.592444371518
-990.9550286569903
-955.5193512296896
-1003.6062947901712
-1036.6735137376918
-1000.3615986169209
-1057.2042183590374
-1016.0653419758318
-1019.8870666785174
-1016.2539643406319
-998.5790130158174
-961.1843370885892
