0.19740600883960724, 0.12483049184083939 
0.6671434044837952, 0.26939499378204346 
0.8646985292434692, 0.1459973156452179 
0.7506500482559204, 0.13432708382606506 
0.8951002955436707, 0.09200295805931091 
1.432456135749817, 0.09281177818775177 
0.7837619185447693, 0.06604765355587006 
1.0537331104278564, 0.05656934902071953 
0.6947858929634094, 0.01687103882431984 
0.8399372696876526, 1.929359495989047e-05 
1.1370842456817627, 0.011007134802639484 
0.7307731509208679, 0.0 
0.589296817779541, 8.876223000697792e-05 
0.5809589624404907, 0.0003082990588154644 
0.7624366879463196, 0.0 
0.5635488033294678, 0.0 
0.6467742919921875, 0.011467970907688141 
0.4874781370162964, 0.020141009241342545 
0.5559666752815247, 0.030143359676003456 
0.4702194631099701, 0.01842336356639862 
0.5086214542388916, 0.024696622043848038 
0.5057453513145447, 0.023902539163827896 
0.43701696395874023, 0.00039900708361528814 
0.48969051241874695, 0.001094274572096765 
0.431274950504303, 5.036683796788566e-05 
0.5512799024581909, 0.00016632552433293313 
0.4159592092037201, 0.0 
0.4828207194805145, 0.00048782440717332065 
0.3523322343826294, 3.724299631358008e-06 
0.31332269310951233, 0.0 
0.4379325211048126, 0.0001859540061559528 
0.4113953411579132, 0.001281492761336267 
0.3133012056350708, 0.007807921152561903 
0.45743149518966675, 0.0030470348428934813 
0.5266956090927124, 0.0015265278052538633 
0.34057697653770447, 0.00073705316754058 
0.4476035535335541, 0.0 
0.40146756172180176, 0.0 
0.523870587348938, 0.0 
0.6081891655921936, 2.6332005290896632e-05 
0.4260272979736328, 0.0017175909597426653 
0.5624732375144958, 0.0028884790372103453 
0.46206945180892944, 0.016956111416220665 
0.4134191572666168, 0.03783950209617615 
0.6395413875579834, 0.034417808055877686 
0.6574037671089172, 0.025411974638700485 
0.5651498436927795, 0.03387254476547241 
0.7470265030860901, 0.041073836386203766 
0.7055729031562805, 0.049569983035326004 
0.7376158833503723, 0.04440131410956383 
0.6639127135276794, 0.05744490772485733 
0.7593201994895935, 0.09334413707256317 
0.5894203782081604, 0.1153988167643547 
0.8184266090393066, 0.14864808320999146 
1.015950322151184, 0.15823279321193695 
1.1972368955612183, 0.18469522893428802 
0.9642761945724487, 0.22544348239898682 
0.8840700387954712, 0.20925281941890717 
0.8802387714385986, 0.20003196597099304 
0.7413842678070068, 0.24878714978694916 
1.0592542886734009, 0.2863538861274719 
1.0042884349822998, 0.3450115919113159 
1.0300102233886719, 0.3970588445663452 
1.0051383972167969, 0.31594976782798767 
0.7169657349586487, 0.2968997359275818 
1.0438743829727173, 0.45026883482933044 
0.9404770135879517, 0.5341739654541016 
0.9803014993667603, 0.4103069305419922 
1.6505850553512573, 0.3556678891181946 
0.9789479970932007, 0.5242811441421509 
0.9263680577278137, 0.4662141799926758 
0.993428647518158, 0.5415151715278625 
1.7165091037750244, 0.4750177562236786 
1.2700022459030151, 0.5068677663803101 
1.1584794521331787, 0.6349940299987793 
1.3495683670043945, 0.5780825614929199 
1.2884880304336548, 0.585243284702301 
1.5889453887939453, 0.576711893081665 
1.399493932723999, 0.5797882080078125 
1.5820035934448242, 0.5912042260169983 
1.9970828294754028, 0.6869543194770813 
1.5001096725463867, 0.5775129199028015 
2.228898286819458, 0.6121799945831299 
1.3583629131317139, 0.6935731172561646 
2.4741780757904053, 0.5647109150886536 
1.2324588298797607, 0.5994126200675964 
1.5985958576202393, 0.6695978045463562 
1.8726515769958496, 0.7044732570648193 
1.794987440109253, 0.7581571936607361 
1.838836431503296, 0.7844674587249756 
2.180190324783325, 0.7309850454330444 
1.4023269414901733, 0.7416694760322571 
2.0740325450897217, 0.5491770505905151 
1.4465444087982178, 0.5267161726951599 
2.169461965560913, 0.7373713850975037 
1.9208470582962036, 0.7480234503746033 
1.8826314210891724, 0.6979048252105713 
1.8824901580810547, 0.8024863004684448 
2.361597776412964, 0.8329124450683594 
2.0624642372131348, 0.7031739950180054 
2.4457483291625977, 0.8548275828361511 
1.954918384552002, 0.8364323973655701 
1.9477888345718384, 0.8119028806686401 
2.133939266204834, 0.8574594259262085 
1.6985013484954834, 0.9205045700073242 
2.558353900909424, 0.778357982635498 
1.9232875108718872, 0.8311629891395569 
3.2914061546325684, 0.773503839969635 
2.9468514919281006, 0.8451718688011169 
2.9865036010742188, 1.0856801271438599 
1.8159695863723755, 0.8546332716941833 
2.5503621101379395, 1.0266038179397583 
2.939521551132202, 0.804041862487793 
2.6193666458129883, 0.7796663045883179 
3.109035015106201, 0.7423756122589111 
4.118168354034424, 0.9461439251899719 
3.024846076965332, 1.059213638305664 
2.2788350582122803, 0.8411548733711243 
3.7097179889678955, 0.6527635455131531 
2.513920545578003, 0.9862948656082153 
3.4508094787597656, 0.9977800250053406 
2.8136658668518066, 1.1351624727249146 
3.499119997024536, 1.0106428861618042 
3.425175428390503, 0.9615322947502136 
3.3942837715148926, 1.0560050010681152 
3.4222753047943115, 0.7022408843040466 
3.2230944633483887, 0.8930028080940247 
3.2617995738983154, 1.1371599435806274 
3.073965549468994, 1.039825439453125 
3.624932289123535, 0.800947368144989 
2.7186007499694824, 0.8811367154121399 
2.699392080307007, 0.8330163359642029 
4.067605495452881, 1.1728050708770752 
3.8278231620788574, 0.9337559938430786 
3.8193886280059814, 1.1453381776809692 
3.764573335647583, 0.9955008625984192 
3.942498207092285, 1.004413366317749 
4.357093811035156, 0.873285710811615 
6.235182762145996, 0.8333800435066223 
4.534142017364502, 0.7939425706863403 
6.6530561447143555, 0.9543542265892029 
5.270033836364746, 1.2525708675384521 
7.933207035064697, 0.7651781439781189 
6.976308822631836, 0.967860221862793 
3.797771453857422, 1.1926923990249634 
6.664300441741943, 1.0727471113204956 
4.537761688232422, 1.019136905670166 
5.303503513336182, 1.1324695348739624 
6.439798831939697, 1.5013697147369385 
7.827314853668213, 1.2708120346069336 
7.271857738494873, 1.2936643362045288 
5.8052167892456055, 1.1780644655227661 
7.767668724060059, 1.1859345436096191 
5.416522026062012, 0.9872321486473083 
8.32868766784668, 1.1466326713562012 
5.8514604568481445, 0.9502500891685486 
7.605886936187744, 1.1610996723175049 
4.527924537658691, 1.1202672719955444 
5.313122749328613, 0.8604081869125366 
7.121513843536377, 0.9866533279418945 
5.595363616943359, 1.2034140825271606 
7.7730278968811035, 1.4086045026779175 
4.638918876647949, 1.22346830368042 
7.534419536590576, 1.0711259841918945 
5.948314666748047, 1.1495428085327148 
7.7645769119262695, 1.3490502834320068 
9.514534950256348, 1.051310658454895 
11.278928756713867, 1.0979275703430176 
9.002903938293457, 1.3579111099243164 
6.018553256988525, 1.1458641290664673 
6.731782913208008, 1.4785940647125244 
7.534419059753418, 1.0555144548416138 
7.658797264099121, 1.0219650268554688 
6.550695896148682, 0.9325875639915466 
7.588426113128662, 1.301024079322815 
8.102417945861816, 1.1731797456741333 
9.125077247619629, 0.9277122616767883 
9.707977294921875, 0.9434598088264465 
7.683413505554199, 1.5444577932357788 
9.531648635864258, 1.1383190155029297 
12.50489330291748, 1.130440354347229 
6.969208717346191, 1.339732050895691 
10.014742851257324, 1.346686601638794 
8.610626220703125, 1.3400349617004395 
7.3119707107543945, 0.9873582124710083 
8.143939018249512, 1.2057056427001953 
7.875260829925537, 1.0250532627105713 
10.73537540435791, 1.126639485359192 
7.905222415924072, 1.2079411745071411 
7.509797096252441, 1.4621883630752563 
11.73249340057373, 1.1195095777511597 
8.813209533691406, 1.4076013565063477 
7.725949764251709, 1.1048146486282349 
9.849348068237305, 1.0932303667068481 
11.319446563720703, 1.1490906476974487 
16.31318473815918, 1.2380341291427612 
13.841753005981445, 0.9893674850463867 
8.867206573486328, 0.9884947538375854 
10.78117561340332, 1.1769962310791016 
12.694125175476074, 1.1754701137542725 
11.924007415771484, 1.0987226963043213 
10.348042488098145, 1.2002291679382324 
9.699769020080566, 1.2999104261398315 
9.621715545654297, 1.6874611377716064 
12.340202331542969, 0.9072429537773132 
12.556949615478516, 1.0216243267059326 
10.889437675476074, 1.2053520679473877 
10.535266876220703, 1.2279026508331299 
11.880437850952148, 1.5501201152801514 
12.564186096191406, 0.9958943128585815 
12.702476501464844, 1.4856452941894531 
20.615137100219727, 1.0701873302459717 
10.148327827453613, 0.9899917244911194 
8.752864837646484, 1.338897705078125 
14.131692886352539, 0.9089600443840027 
13.088869094848633, 0.9853246808052063 
10.359001159667969, 1.3358023166656494 
17.243247985839844, 0.988937497138977 
12.633086204528809, 1.0465716123580933 
10.619180679321289, 1.3058791160583496 
21.41370391845703, 1.7116219997406006 
8.8610258102417, 1.1787430047988892 
12.833013534545898, 0.9605495929718018 
9.116155624389648, 1.219320297241211 
14.661517143249512, 1.4335719347000122 
14.32265567779541, 1.1756802797317505 
11.749022483825684, 1.0852636098861694 
14.33138370513916, 1.244179129600525 
12.595510482788086, 1.3345129489898682 
7.892082691192627, 1.1151012182235718 
14.508246421813965, 1.4023391008377075 
16.713916778564453, 1.2932143211364746 
15.166865348815918, 1.259741187095642 
15.209693908691406, 1.5292794704437256 
11.913939476013184, 1.598331332206726 
18.911174774169922, 1.1074503660202026 
20.38196563720703, 1.1440236568450928 
20.89679718017578, 1.1119096279144287 
19.050718307495117, 1.5348584651947021 
13.741174697875977, 1.3312909603118896 
17.099388122558594, 1.3937625885009766 
14.472474098205566, 0.9405064582824707 
15.297233581542969, 1.4664883613586426 
14.981289863586426, 1.3439191579818726 
15.704537391662598, 1.2592731714248657 
19.510330200195312, 1.2663670778274536 
12.460193634033203, 1.360670804977417 
20.35098648071289, 1.0157912969589233 
10.252511024475098, 1.2235480546951294 
16.39824867248535, 1.495373249053955 
18.74726104736328, 1.0584022998809814 
14.585481643676758, 1.5346720218658447 
17.991159439086914, 0.9554397463798523 
17.45040512084961, 1.5340006351470947 
18.27924346923828, 1.4644315242767334 
14.700952529907227, 1.1617250442504883 
23.160316467285156, 1.6262073516845703 
20.94792938232422, 1.5460695028305054 
15.271845817565918, 0.9589298963546753 
20.983457565307617, 1.0145319700241089 
21.643205642700195, 1.0374274253845215 
23.129724502563477, 1.1706774234771729 
19.434368133544922, 1.0810158252716064 
29.731813430786133, 1.7591596841812134 
15.604564666748047, 1.2052010297775269 
20.793869018554688, 1.2272427082061768 
21.082361221313477, 0.8882089853286743 
18.316570281982422, 1.2334140539169312 
29.70356559753418, 1.4393501281738281 
23.507410049438477, 1.2710922956466675 
23.119617462158203, 1.7642295360565186 
16.91144561767578, 1.7623436450958252 
21.076135635375977, 1.3094123601913452 
22.867891311645508, 1.0176267623901367 
18.321016311645508, 0.9590708017349243 
27.763736724853516, 1.4948052167892456 
23.028337478637695, 1.062394380569458 
30.58833885192871, 1.274564266204834 
32.710018157958984, 0.9994596838951111 
20.92102813720703, 1.4572643041610718 
24.948287963867188, 1.2321698665618896 
39.39299011230469, 1.0734905004501343 
34.04926681518555, 1.0565592050552368 
23.36264991760254, 1.2119053602218628 
27.356760025024414, 1.5340803861618042 
17.92564582824707, 1.16440749168396 
25.703397750854492, 1.9828745126724243 
23.62071990966797, 1.120462417602539 
23.903846740722656, 1.2298818826675415 
40.385955810546875, 1.0268354415893555 
18.322885513305664, 0.9775217771530151 
21.814884185791016, 1.2025972604751587 
33.22440719604492, 1.0389769077301025 
31.32578468322754, 2.1637518405914307 
22.762569427490234, 1.3883917331695557 
26.58942985534668, 1.157897710800171 
39.96368408203125, 1.3931844234466553 
46.2418098449707, 1.3445795774459839 
29.25677490234375, 1.0452628135681152 
37.84014892578125, 1.41879141330719 
24.226558685302734, 1.280645728111267 
27.412113189697266, 1.3485091924667358 
18.82179069519043, 1.4318333864212036 
22.47214698791504, 0.8512188792228699 
22.745914459228516, 1.2515946626663208 
32.268741607666016, 1.0197983980178833 
24.519508361816406, 1.091154932975769 
26.628032684326172, 1.2365022897720337 
34.637855529785156, 1.385951280593872 
21.129745483398438, 1.283684492111206 
18.213308334350586, 1.1405293941497803 
18.52635383605957, 1.192793846130371 
31.394454956054688, 1.4035539627075195 
25.258323669433594, 1.1787821054458618 
22.682111740112305, 1.1822022199630737 
30.056671142578125, 1.2383983135223389 
22.21030616760254, 1.478817343711853 
34.056785583496094, 0.9513901472091675 
28.49557876586914, 0.7183576226234436 
23.34398651123047, 1.249447226524353 
28.314002990722656, 1.1388258934020996 
25.17542839050293, 0.8601846098899841 
28.45645523071289, 1.1113646030426025 
26.112314224243164, 0.9646531343460083 
29.640941619873047, 1.2010533809661865 
20.031980514526367, 1.3112952709197998 
34.620513916015625, 1.3595157861709595 
24.946924209594727, 0.9375856518745422 
45.98893356323242, 1.4357225894927979 
19.12295913696289, 1.2961339950561523 
29.987056732177734, 0.9170169830322266 
49.718563079833984, 1.3703045845031738 
21.29098129272461, 1.1555894613265991 
21.643651962280273, 1.2444875240325928 
32.69039535522461, 1.0571962594985962 
27.0214786529541, 1.2583537101745605 
30.099267959594727, 0.9591975808143616 
26.114734649658203, 1.2995209693908691 
24.145145416259766, 0.8934786915779114 
32.97282409667969, 1.261362075805664 
27.060333251953125, 1.2818002700805664 
24.62761878967285, 1.0868300199508667 
22.0064640045166, 1.1931860446929932 
24.141996383666992, 1.062529444694519 
28.31479835510254, 0.9767239689826965 
33.12789535522461, 1.1802994012832642 
37.010902404785156, 2.406073808670044 
29.56376838684082, 1.2282092571258545 
22.4409236907959, 1.2156903743743896 
43.19499969482422, 1.42420494556427 
29.098114013671875, 1.452092170715332 
33.678070068359375, 1.0326522588729858 
29.26577377319336, 1.0885850191116333 
19.69320297241211, 1.349640965461731 
25.066953659057617, 1.4702379703521729 
24.57563591003418, 0.8435806035995483 
38.57749938964844, 1.344503402709961 
35.66349411010742, 1.2104638814926147 
25.829431533813477, 0.8621162176132202 
26.056659698486328, 0.8959466218948364 
24.660043716430664, 1.0960807800292969 
50.3096923828125, 0.789000928401947 
31.625659942626953, 1.4121038913726807 
37.75186538696289, 2.630000352859497 
25.27212905883789, 1.829552412033081 
37.743988037109375, 0.9014706611633301 
25.516693115234375, 1.197112798690796 
30.647321701049805, 1.2620387077331543 
42.84901428222656, 1.4022011756896973 
23.391395568847656, 0.9568259119987488 
36.18803787231445, 1.709224820137024 
34.74997329711914, 0.9178337454795837 
24.37126922607422, 0.7345256209373474 
29.572904586791992, 1.0257245302200317 
24.407930374145508, 0.9762637615203857 
21.959453582763672, 0.7318673729896545 
29.22682762145996, 0.6205678582191467 
35.88304901123047, 1.3595256805419922 
26.788633346557617, 0.713647723197937 
32.52311706542969, 1.068488597869873 
26.864198684692383, 0.846811056137085 
28.194774627685547, 0.5669081211090088 
32.228755950927734, 1.4673131704330444 
27.576702117919922, 1.142412781715393 
28.40686798095703, 0.9777659177780151 
21.604692459106445, 0.8783600330352783 
32.19143295288086, 2.3182930946350098 
39.53813171386719, 1.1539186239242554 
45.011741638183594, 1.1198008060455322 
29.04149627685547, 0.9128044843673706 
39.62908172607422, 0.8232627511024475 
27.959407806396484, 1.1773583889007568 
39.21794509887695, 0.9472007155418396 
26.28699493408203, 1.74746572971344 
56.1031494140625, 1.0579876899719238 
34.458614349365234, 0.9060924649238586 
38.92019271850586, 0.700767993927002 
40.43397903442383, 0.7780405282974243 
37.08433532714844, 1.4016021490097046 
47.5690803527832, 0.6002295017242432 
