0.0, 3.1399929412145866e-06, 0.002858959836885333 
0.0, 3.955380179831991e-06, 0.004369321279227734 
0.0, 3.7383642847999e-06, 0.002780380891636014 
0.0, 3.4133909139200114e-06, 0.001972307451069355 
0.0, 2.50543871516129e-06, 0.0025510380510240793 
0.0, 2.672808932402404e-06, 0.0017213979735970497 
0.0, 2.691605459403945e-06, 0.0021386202424764633 
0.0, 3.0384751426026924e-06, 0.002176355104893446 
0.0, 2.557859716034727e-06, 0.0019205587450414896 
0.0, 3.207297368135187e-06, 0.0021811199840158224 
0.0, 3.832120000879513e-06, 0.0022406051866710186 
0.0, 2.5105746317422017e-06, 0.001668807934038341 
0.0, 1.4507356809190242e-06, 0.0009041665471158922 
0.0, 2.477623411323293e-06, 0.0014220172306522727 
0.0, 2.76349328487413e-06, 0.0012585753574967384 
0.0, 2.0540303466987098e-06, 0.0016987931448966265 
0.0, 2.094224782922538e-06, 0.001484238775447011 
0.0, 4.286311195755843e-06, 0.0019003903726115823 
0.0, 4.219343281874899e-06, 0.002776029519736767 
0.0, 2.4571916128479643e-06, 0.002204759279266 
0.0, 3.615992000050028e-06, 0.001967288786545396 
0.0, 5.0235162234457675e-06, 0.0024432356003671885 
0.0, 2.4452790512441425e-06, 0.0018434799276292324 
0.0, 3.554009026629501e-06, 0.0010912513826042414 
0.0, 5.20644471180276e-06, 0.001963991206139326 
0.0, 4.824210009246599e-06, 0.0028319712728261948 
0.0, 6.090016086091055e-06, 0.0024912317749112844 
0.0, 8.3268560047145e-06, 0.0032240841537714005 
0.0, 9.370076440973207e-06, 0.0018691415898501873 
0.0, 5.642509222525405e-06, 0.003987132105976343 
0.0, 5.037549726694124e-06, 0.0025237849913537502 
0.0, 3.0250359941419447e-06, 0.001710312208160758 
0.0, 4.13458246839582e-06, 0.0015548786614090204 
0.0, 2.7467110612633405e-06, 0.0015968456864356995 
0.0, 2.6456566502019996e-06, 0.0013322660233825445 
0.0, 4.732635261461837e-06, 0.0015630469424650073 
0.0, 2.8400240807968657e-06, 0.0016541946679353714 
0.0, 3.671787908388069e-06, 0.0016262257704511285 
0.0, 4.0893883124226704e-06, 0.0022218627855181694 
0.0, 2.287762526975712e-06, 0.0016887112287804484 
0.0, 3.647401854323107e-06, 0.002051567193120718 
0.0, 1.7600290220798342e-06, 0.0013412103289738297 
0.0, 1.8534661876401515e-06, 0.001784521620720625 
0.0, 1.7190089920404716e-06, 0.0012099575251340866 
0.0, 2.0907591533614323e-06, 0.0011078629177063704 
0.0, 2.3660190890950616e-06, 0.00159802520647645 
0.0, 1.6395548527725623e-06, 0.0012395459925755858 
0.0, 1.6303662278005504e-06, 0.0018899681745097041 
0.0, 1.6799597233330132e-06, 0.0015667728148400784 
0.0, 2.610503088362748e-06, 0.0017197385895997286 
0.0, 1.867936589405872e-06, 0.001458341022953391 
0.0, 1.824668970584753e-06, 0.001861170749180019 
0.0, 1.9477756723063067e-06, 0.0015111289685592055 
0.0, 2.851352519428474e-06, 0.0019007609225809574 
0.0, 2.8457852749852464e-06, 0.0019198852824047208 
0.0, 3.442012030063779e-06, 0.002476426772773266 
0.0, 4.4136063479527365e-06, 0.0019404574995860457 
0.0, 1.1684538549161516e-05, 0.005971359554678202 
0.0, 1.5912457456579432e-05, 0.002291322685778141 
0.0, 1.9278475519968197e-05, 0.004588012117892504 
0.0, 8.26055747893406e-06, 0.00402823043987155 
0.0, 1.0329888937121723e-05, 0.0042862962000072 
0.0, 8.835351763991639e-06, 0.001580716809257865 
0.0, 9.924520782078616e-06, 0.004154721740633249 
0.0, 1.04234468381037e-05, 0.002705230377614498 
0.0, 1.4341580026666634e-05, 0.002972067566588521 
0.0, 9.253836651623715e-06, 0.003299003466963768 
0.0, 1.1755483683373313e-05, 0.003105193842202425 
0.0, 1.3831817341269925e-05, 0.00915002916008234 
0.0, 7.90318790677702e-06, 0.0027577742002904415 
0.0, 2.0483006665017456e-05, 0.0037669839803129435 
0.0, 6.929042228875915e-06, 0.003057281719520688 
0.0, 1.6351666999980807e-05, 0.004262196831405163 
0.0, 9.793337994778994e-06, 0.0042930287308990955 
0.0, 1.0378945262345951e-05, 0.006421652622520924 
0.0, 9.297550604969729e-06, 0.0021950385998934507 
0.0, 8.002314643817954e-06, 0.0023865632247179747 
0.0, 4.4837634050054476e-06, 0.0024046129547059536 
0.0, 5.98793394601671e-06, 0.0029785381630063057 
0.0, 5.013309873902472e-06, 0.004184345714747906 
0.0, 9.212316399498377e-06, 0.006877085193991661 
0.0, 7.051454304018989e-06, 0.00340099330060184 
0.0, 8.639033694635145e-06, 0.0019827811047434807 
0.0, 4.116923719266197e-06, 0.005323765333741903 
0.0, 7.84333678893745e-06, 0.0032206031028181314 
0.0, 6.293934347922914e-06, 0.0032601694110780954 
0.0, 6.539053629239788e-06, 0.00340825947932899 
0.0, 8.471461114822887e-06, 0.0028649517334997654 
0.0, 7.12879818820511e-06, 0.0036473353393375874 
0.0, 2.434518364680116e-06, 0.0037567652761936188 
0.0, 5.016497652832186e-06, 0.0028418172150850296 
0.0, 3.608492079365533e-06, 0.0031839925795793533 
0.0, 4.499651367950719e-06, 0.002924492582678795 
0.0, 4.569120392261539e-06, 0.002875605132430792 
0.0, 4.042816271976335e-06, 0.0036459178663790226 
0.0, 3.993846803496126e-06, 0.0015712791355326772 
0.0, 4.2762158045661636e-06, 0.00326287979260087 
0.0, 6.51906839266303e-06, 0.0025485404767096043 
0.0, 7.996575732249767e-06, 0.005160829517990351 
0.0, 6.718489203194622e-06, 0.0034392576199024916 
0.0, 5.773007160314592e-06, 0.0052948277443647385 
0.0, 3.096930640822393e-06, 0.002533945254981518 
0.0, 2.3873476493463386e-06, 0.00292419595643878 
0.0, 4.079079189978074e-06, 0.00683121383190155 
0.0, 7.2159996307163965e-06, 0.0030062480363994837 
0.0, 8.196883754862938e-06, 0.005449095740914345 
0.0, 3.4456904813850997e-06, 0.0035121000837534666 
0.0, 4.694205927080475e-06, 0.00555872218683362 
0.0, 4.3443023969302885e-06, 0.0038203727453947067 
0.0, 8.98841335583711e-06, 0.017980387434363365 
0.0, 1.0172660040552728e-05, 0.011707997880876064 
0.0, 1.5945781342452392e-05, 0.006120546720921993 
0.0, 9.71457120613195e-06, 0.006663034204393625 
0.0, 1.3100342584948521e-05, 0.005334384739398956 
0.0, 8.336773134942632e-06, 0.00491519458591938 
0.0, 1.1884495506819803e-05, 0.009121161885559559 
0.0, 1.764548142091371e-05, 0.014210334978997707 
0.0, 1.677447471593041e-05, 0.009220494888722897 
0.0, 3.0179910027072765e-05, 0.007861344143748283 
0.0, 2.6656232876121067e-05, 0.00659940205514431 
0.0, 9.587055683368817e-05, 0.0660761222243309 
0.0, 0.00011038980301236734, 0.019579168409109116 
0.0, 3.5181667044525966e-05, 0.006834640633314848 
0.0, 7.344443292822689e-05, 0.008870279416441917 
0.0, 8.463249105261639e-05, 0.012286772951483727 
0.0, 0.0002785672259051353, 0.0314110666513443 
0.0, 0.000416689581470564, 0.016444502398371696 
0.0, 0.0007198135717771947, 0.046539340168237686 
0.0, 0.000796826439909637, 0.029135674238204956 
0.0, 0.0006734086782671511, 0.023770920932292938 
0.0, 0.0008691701805219054, 0.026283862069249153 
0.0, 0.001465082517825067, 0.0670970231294632 
0.0, 0.002215531887486577, 0.08876112848520279 
0.0, 0.000949772831518203, 0.03986605256795883 
0.0, 0.0008037411607801914, 0.022954227402806282 
0.0, 0.001506536384113133, 0.04190966859459877 
0.0, 0.0023798320908099413, 0.05055740103125572 
0.0, 0.0037468806840479374, 0.07487677037715912 
0.0, 0.004452879074960947, 0.08802083879709244 
0.0, 0.004520440474152565, 0.08655031770467758 
0.0, 0.004623337648808956, 0.1040632575750351 
0.0, 0.005376503337174654, 0.048488207161426544 
0.0, 0.006439058110117912, 0.13778063654899597 
0.0, 0.009889486245810986, 0.24655677378177643 
0.0, 0.0066690342500805855, 0.27348315715789795 
0.0, 0.007680601440370083, 0.19562989473342896 
0.0, 0.007158974185585976, 0.1026177704334259 
0.0, 0.009864764288067818, 0.11214389652013779 
0.0, 0.00893780030310154, 0.11045752465724945 
0.0, 0.006201107054948807, 0.11925690621137619 
0.0, 0.008096444420516491, 0.19253191351890564 
0.0, 0.006689776666462421, 0.11041886359453201 
0.0, 0.013256296515464783, 0.12881316244602203 
0.0, 0.01480020023882389, 0.1811836063861847 
0.0, 0.011751092039048672, 0.269741952419281 
0.0, 0.015952082350850105, 0.23753120005130768 
0.0, 0.011287572793662548, 0.13880237936973572 
0.0, 0.006732691079378128, 0.164123997092247 
0.0, 0.011941111646592617, 0.1413262039422989 
0.0, 0.011538037098944187, 0.23447075486183167 
0.0, 0.015204338356852531, 0.1671917587518692 
0.0, 0.014469108544290066, 0.3026871979236603 
0.0, 0.013853732496500015, 0.09447299689054489 
0.0, 0.005980548914521933, 0.20770956575870514 
0.0, 0.01252813171595335, 0.20698672533035278 
0.0, 0.00881003774702549, 0.08698104321956635 
0.0, 0.012925366871058941, 0.24451333284378052 
0.0, 0.013843069784343243, 0.10178331285715103 
0.0, 0.014157245866954327, 0.16319866478443146 
0.0, 0.015295709483325481, 0.15838710963726044 
0.0, 0.006903206463903189, 0.19943657517433167 
0.0, 0.010144435800611973, 0.27222737669944763 
0.0, 0.022616015747189522, 0.2009124904870987 
0.0, 0.01330547034740448, 0.09998802840709686 
0.0, 0.01430309098213911, 0.2672601342201233 
0.0, 0.016563180834054947, 0.12836797535419464 
0.0, 0.01718640699982643, 0.17395666241645813 
0.0, 0.01831216923892498, 0.15935692191123962 
0.0, 0.013017932884395123, 0.11620204895734787 
0.0, 0.008786327205598354, 0.2781955599784851 
0.0, 0.010700392536818981, 0.14358845353126526 
0.0, 0.01933784782886505, 0.10584359616041183 
0.0, 0.004659854341298342, 0.43116816878318787 
0.0, 0.015421436168253422, 0.22099581360816956 
0.0, 0.016144907101988792, 0.11210094392299652 
0.0, 0.014827522449195385, 0.20016102492809296 
0.0, 0.012149152345955372, 0.28649359941482544 
0.0, 0.011200260370969772, 0.26030099391937256 
0.0, 0.011941758915781975, 0.21635520458221436 
0.0, 0.015149146318435669, 0.08620055764913559 
0.0, 0.013543316163122654, 0.1299746036529541 
0.0, 0.019862331449985504, 0.1897192746400833 
0.0, 0.011700207367539406, 0.2147141844034195 
0.0, 0.007162122521549463, 0.2064143866300583 
0.0, 0.017525343224406242, 0.4005162715911865 
0.0, 0.022796690464019775, 0.14839234948158264 
0.0, 0.014210984110832214, 0.2330634444952011 
0.0, 0.022020462900400162, 0.16521157324314117 
0.0, 0.01657460816204548, 0.19498972594738007 
0.0, 0.014692563563585281, 0.13779251277446747 
0.0, 0.012379237450659275, 0.09289198368787766 
0.0, 0.008683307096362114, 0.23084285855293274 
0.0, 0.028241688385605812, 0.23861408233642578 
0.0, 0.01686934567987919, 0.19382312893867493 
0.0, 0.012589243240654469, 0.3506426513195038 
0.0, 0.010114823468029499, 0.07980372756719589 
0.0, 0.02522243931889534, 0.22252720594406128 
0.0, 0.010721639730036259, 0.3183238208293915 
0.0, 0.029740702360868454, 0.17911238968372345 
0.0, 0.017810992896556854, 0.09545331448316574 
0.0, 0.03715941682457924, 0.17394539713859558 
0.0, 0.02639581821858883, 0.13408420979976654 
0.0, 0.030843300744891167, 0.17838655412197113 
0.0, 0.019586319103837013, 0.19519823789596558 
0.0, 0.019241072237491608, 0.1539067029953003 
0.0, 0.028021246194839478, 0.20851968228816986 
0.0, 0.028008747845888138, 0.20094718039035797 
0.0, 0.00495917908847332, 0.18454039096832275 
0.0, 0.02572535164654255, 0.329409658908844 
0.0, 0.02331422083079815, 0.11830397695302963 
0.0, 0.009967165999114513, 0.18827657401561737 
0.0, 0.014282469637691975, 0.22676651179790497 
0.0, 0.018796414136886597, 0.13305608928203583 
0.0, 0.03003092110157013, 0.19444918632507324 
0.0, 0.018713444471359253, 0.32791003584861755 
0.0, 0.01850392296910286, 0.16607831418514252 
0.0, 0.04059688374400139, 0.17824307084083557 
0.0, 0.02657240629196167, 0.28200623393058777 
0.0, 0.021427324041724205, 0.2125404328107834 
0.0, 0.025956520810723305, 0.4530569911003113 
0.0, 0.02484574168920517, 0.2469359189271927 
0.0, 0.022735392674803734, 0.13614223897457123 
0.0, 0.03507877513766289, 0.17925237119197845 
0.0, 0.015941958874464035, 0.34192147850990295 
0.0, 0.014725352637469769, 0.33442795276641846 
0.0, 0.020200656726956367, 0.1336679905653 
0.0, 0.034488264471292496, 0.14194835722446442 
0.0, 0.016060711815953255, 0.448508083820343 
0.0, 0.021874770522117615, 0.2576272785663605 
0.0, 0.01235574297606945, 0.28270867466926575 
