1.0, 1.0, 1.0, 135.0 
1.0, 1.0, 1.0, 135.0 
1.0, 1.0, 1.0, 135.0 
1.0, 1.0, 1.0, 135.0 
1.0, 1.0, 1.0, 135.0 
1.0, 1.0, 1.0, 135.0 
1.0, 1.0, 1.0, 135.0 
1.0, 1.0, 1.0, 135.0 
1.0, 1.0, 1.0, 135.0 
1.0, 1.0, 1.0, 135.0 
1.0, 1.0, 1.0, 135.0 
1.0, 1.0, 1.0, 135.0 
1.0, 1.0, 1.0, 135.0 
1.0, 1.0, 1.0, 135.0 
1.0, 1.0, 1.0, 135.0 
1.0, 1.0, 1.0, 135.0 
1.0, 1.0, 1.0, 135.0 
1.0, 1.0, 1.0, 135.0 
1.0, 1.0, 1.0, 135.0 
1.0, 1.0, 1.0, 135.0 
1.0, 1.0, 1.0, 135.0 
1.0, 1.0, 1.0, 135.0 
1.0, 1.0, 1.0, 135.0 
1.0, 1.0, 1.0, 135.0 
1.0, 1.0, 1.0, 135.0 
1.0, 1.0, 1.0, 135.0 
1.0, 1.0, 1.0, 135.0 
1.0, 1.0, 1.0, 135.0 
1.0, 1.0, 1.0, 135.0 
1.0, 1.0, 1.0, 135.0 
1.0, 1.0, 1.0, 135.0 
1.0, 1.0, 1.0, 135.0 
1.0, 1.0, 1.0, 135.0 
1.0, 1.0, 1.0, 135.0 
1.0, 1.0, 1.0, 135.0 
1.0, 1.0, 1.0, 135.0 
1.0, 1.0, 1.0, 135.0 
1.0, 1.0, 1.0, 135.0 
1.0, 1.0, 1.0, 135.0 
1.0, 1.0, 1.0, 135.0 
1.0, 1.0, 1.0, 135.0 
1.0, 1.0, 1.0, 135.0 
1.0, 1.0, 1.0, 135.0 
1.0, 1.0, 1.0, 135.0 
1.0, 1.0, 1.0, 135.0 
1.0, 1.0, 1.0, 135.0 
1.0, 1.0, 1.0, 135.0 
1.0, 1.0, 1.0, 135.0 
1.0, 1.0, 1.0, 135.0 
1.0, 1.0, 1.0, 135.0 
0.04473945357771649, 1.6726922760658076, 2.1771227280892202, 14.235148206079424 
0.039572938000352685, 1.7299801546743534, 2.128928409872637, 13.704997156108647 
0.04886199009221654, 1.5458869940862856, 2.3240317280162723, 10.9646038537054 
0.05073038735973247, 1.527897277465815, 2.3363790304630645, 11.47409613603735 
0.06471934188607859, 1.7096170378069724, 2.1391775615320694, 11.675617934608798 
0.05404798188234382, 1.6624374030816835, 2.1954934519817204, 11.882857012324017 
0.05567635060627328, 1.6064120302820073, 2.2425017006431704, 12.880338993254124 
0.06242115892021801, 1.6880342208916732, 2.155690745168474, 12.670273127650765 
0.04534952813824873, 1.506235758161367, 2.356331314679415, 12.43125886783081 
0.06487516493872995, 1.6501155971159205, 2.1927002819859887, 12.461709054513813 
