-89.57036774892073
-261.8628652858348
-391.20439195825986
-381.85316540065566
-427.4206725054907
-432.64702293554296
-510.5865797899995
-544.4594898455539
-535.5892899779656
-586.37416578594
-573.3385183029329
-588.0192306611219
-621.7732722904035
-586.0064887228282
-648.738525004522
-641.4425545356535
-671.8768122051409
-667.6106229619942
-648.735020996588
-659.495554364162
-657.9673894040498
-644.3272881449958
-680.5866760223018
-668.1686660866989
-697.5082288888784
-699.5648825796027
-699.4065805195797
-728.4587129291735
-726.7368548157726
-736.8833106867215
-723.328279842732
-731.2410708593453
-740.5870787740237
-739.2906883950176
-761.4971766954492
-759.4098768658966
-723.3079399077999
-726.4337910331695
-734.6719860895442
-798.794987960383
-770.9258136826488
-769.0229439136953
-794.5150189573466
-761.8236708544526
-750.8472174999685
-810.269617922393
-763.9278763682254
-766.9488636704109
-830.6814086543403
-783.8722932946827
-803.3128312647584
-775.896444490564
-736.301785055925
-794.7130773443924
-796.6351583071565
-830.7457696165633
-839.3284863305961
-832.7786891527986
-841.0779129348786
-814.4936314015254
-826.2871583212725
-813.080020116891
-846.8787180943045
-824.6752333621747
-829.6901478323376
-872.145680400524
-843.3034860402466
-815.4153564082466
-823.3160931629691
-854.9346772784646
-852.1604075721401
-808.4442436743361
-838.9965046562164
-859.5686370679724
-820.2447006557635
-833.232347696899
-842.3829437132306
-841.5165327473691
-808.8348018283303
-890.4407314887413
-840.9037242688631
-845.5171497669297
-821.3511029448103
-853.4032833479677
-878.2601626932862
-813.3918390331963
-883.5632177808507
-844.2881414745501
-846.5771835574254
-833.2571382406752
-848.8045660455217
-865.3880224961501
-859.8487445661414
-809.1228650301574
-860.1483170976524
-893.2339759471446
-898.2175185786567
-858.7760523437006
-844.5221977697211
-867.6486751386511
-906.3686618148556
-881.6423257758261
-874.5992255268792
-890.6827063927284
-886.3173423334655
-880.0422709229504
-903.8533959330817
-927.2211083130316
-878.8616077870976
-922.2827905199306
-906.9216753384362
-850.9384971263438
-874.9012303062779
-923.9411588352219
-847.6673902046342
-907.4923032382239
-941.617454443866
-915.722956174781
-902.8295614883484
-861.3364911098712
-919.7504200954669
-842.767664419012
-949.9135684986346
-892.3891151134784
-897.066735518606
-905.6497705436428
-912.0560410997646
-887.2056262985415
-907.2774745771277
-909.1444809021738
-898.6987662817303
-897.3488418486437
-862.2679201272817
-887.0999612229073
-919.762030659417
-850.2644087138929
-881.1179284624725
-912.907673916836
-882.0524330602484
-890.3193789339258
-876.5387154243253
-881.3553910351958
-888.6734684623688
-897.6006972355399
-862.5949319383876
-867.0919621347898
-923.8479813795823
-894.5410549148374
-873.8749756137369
-894.2864333241574
-850.1776438106892
-913.2343415248732
-917.5893739553599
-868.954009268448
-888.9445052204827
-907.4938721676104
-894.1483100783005
-881.8721803055118
-900.8261246314415
-933.214859780995
-928.1747865869932
-936.3137795915488
-911.3478406566358
-904.9862041396168
-928.7318059635548
-940.4578582207683
-879.3829289718195
-911.5653529920077
-927.708934583162
-861.9183682005415
-887.2222420387423
-877.7440058287339
-924.9507213140789
-898.3131545526296
-886.9861079227586
-924.6966605862143
-902.5522905728112
-906.539872482238
-925.5096930839754
-924.7039596001629
-892.5844430035426
-947.029123638323
-958.1501949653934
-946.3718739250894
-891.3270138188412
-913.6775761654502
-992.2606112368194
-926.1169375832746
-957.5705452737539
-948.4829133377384
-962.386114854079
-933.9821999275732
-886.5317340495616
-942.2792935352094
-924.4411287037467
-976.2774036538746
-940.6673859970772
-962.1440774091342
-943.9833325528906
-944.1898021311895
-938.0002734535619
-927.8186825547624
-928.5739321380491
-919.480304254694
-930.4249779782315
-918.6651310476697
-966.46801065916
-906.5756218172761
-954.6043337646283
-988.9743530798537
-916.1549815436606
-950.2125014486583
-955.1926069221033
-937.434671718582
-972.5357764549101
-914.6560282379027
-938.2448857419404
-968.3469449942894
-917.237310031165
-908.6892753014198
-958.1014853720723
-929.5411195021409
-956.5364178491508
-965.009205250605
-970.5531296981009
-942.4197841752396
-965.5527078226993
-940.2367764445934
-932.6328470021607
-971.6773129204507
-941.3051247538825
-1004.8370684419084
-984.7299615960372
-962.4368874553727
-994.8319447011601
-961.8135669260372
-934.4095210594687
-988.6140792707682
-960.5133118339878
-933.251683571078
-988.4151491172884
-942.7156491260297
-1018.5927180703352
-934.029271971359
-959.8611822089686
-976.1441089460242
-938.7527745262331
-1000.5630838648993
-984.4622066667688
-996.5603673062344
-977.0819414578951
-975.7505806988551
-986.1821070682664
-926.9902833328556
-998.2725470162596
-951.4392844288938
-943.5784733710501
-1004.9121871824689
-963.3355254605714
-1006.9212688569598
-956.3341937238871
-984.6777015871364
-989.6239738309914
-973.4084606093434
-1008.2100364901277
-984.7305474223396
-1027.8541026945538
-944.2153127569901
-981.8545209251434
-922.4307603797449
-954.9586365425635
-977.4543924679158
-1007.2229603215268
-996.3202099510532
-944.1129044637024
-933.8729120748728
-998.463195368346
-984.4942963326025
-991.3918463363339
-999.3735059977543
-987.6336901892535
-987.7263192860221
-1013.5240463380389
-983.1582279128102
-964.1224344384815
-952.2699186193798
-1019.3504048976821
-968.0467452076283
-944.0726098975672
-977.0359510043372
-968.2288005998743
-976.5200919680267
-1024.126675501526
-999.2414236956762
-907.1759702242338
-966.3001095543989
-992.7306641180988
-1008.3629288152162
-965.4701037078734
-893.9277272552614
-1033.5235779333693
-967.8723975888148
-1010.1556781351808
-981.9347165991903
-1013.5614028961552
-964.2890726545079
-1039.880095138241
-966.5852252384911
-953.0595970926015
-913.5146698584923
-987.7763977050781
-929.5462274088068
-974.6933905788761
-955.0970952578401
-978.1553537469161
-993.4575627902259
-981.2227347987866
-1007.0975318785138
-1019.2575067373423
-956.5017688457782
-988.0771778431016
-1001.3339203127965
-964.5210146788161
-958.1655864329473
-958.8166875646182
-953.7723731222422
-969.8936037997968
-997.4175991413564
-1020.004096953975
-1023.561758574204
-977.3050445680194
-1045.5116474309914
-944.7718611806027
-983.5247062652218
-992.1676428173236
-980.0489208514874
-999.2274225520702
-1025.470798044552
-1003.9237303019535
-1045.9295743872763
-973.7424983283286
-1018.9406969441094
-957.2663546419336
-1045.5294374705327
-953.5142645372553
-993.5671951973486
-1025.6517651824333
-995.6800816261816
-1057.217693931178
-1000.9126013319502
-976.2235448582452
-989.6922832288241
-994.2363650364432
-985.7297538726436
-1020.9376919395045
-996.679469429047
-1009.2527998333518
-989.7251335792696
-1028.5509385579994
-1005.4047243894353
-1019.9321106204137
-965.5187745499708
-1036.6695185364017
-996.1064149802513
-956.0097766212124
-1003.7733530824484
-988.6447721473601
-975.1331332743409
-1021.517035109794
-1015.9213183321933
-1033.7168459255204
-1013.2115629829376
-996.011282986475
-959.3179030476311
-935.4274069056337
-1001.3059143653282
-993.0158133719132
-939.2983403688501
-977.4633053768019
-1014.951367258543
-1023.9485065020048
-1042.1647650838381
-974.37139772114
-1003.0270866054273
-972.0221417307371
-1000.4578019115123
-967.5178824359106
-1005.8861588389285
-1014.0379067548373
-992.7559428272942
-1013.267813261704
-1024.2813102890123
-1002.9801819681638
-1027.4207254324847
-1019.7124089538327
-1026.4941433431648
-1003.5115311348486
-1023.2855693492812
-993.6745191566374
-990.3149687268956
-993.3125477995467
-1051.016142995734
-982.3782128168021
-1016.3837608924279
-1006.3721631007638
-1004.348529564707
-1007.3465265745093
-1010.6070328067672
-973.6357742958223
-1004.2272775009094
-987.4041505110891
-1007.7265236464589
-989.4256619132965
-903.3274217983972
-932.484266427847
-972.51945512594
-982.9077198322003
-1039.8587384861007
-989.8177323283454
-992.9924943128578
-1040.3486619478294
-1008.158033811129
-974.8576888729203
-1040.7066804522929
-1008.6696871861756
-961.4941608104629
-966.243995805501
-1004.277906595454
-1031.5020724269543
-1027.2874293462467
-980.6535091631808
-965.0738031487716
-984.2791488045141
-1018.5612894899932
-1010.1453373712084
-1006.0672742094588
-1023.2249908563097
-1006.8161181322477
-987.3241124326884
-987.5982581304635
-1007.4605403622153
-1027.6977815666662
-1030.6982280715756
-1019.8144709166245
-1038.3404367887056
-1029.0928204493966
-1015.7516892467916
-1006.1900271519959
-996.6303839191252
-970.8299578462053
-983.8423326623584
-1063.1732555960837
-1056.547180144893
-979.4319435922723
-1009.1124666963029
-982.2672983393495
-1018.4795909063054
-1035.3845797936444
-1004.1697328389897
-990.0130315927358
-1010.4323304519962
-1001.3131026295033
-1005.0205262836657
-989.7469111145267
-970.6755751945711
-1019.1517649353275
-1056.0793505834665
-1006.3455748152636
-1051.3573828631568
-1043.534496940582
-981.4854089528443
-1031.7108378854357
-1006.7605177690143
-1047.782621646217
-977.4943599623707
-989.8578442716406
-1033.046100075911
-1028.206472821564
-983.0177809371639
-1028.8740044721226
-1023.7451916281511
-1008.8162788051343
-973.566100858001
-1014.8557370761146
-994.9263298559767
-968.11334563653
-1014.4661494729972
-1015.7679260964336
-1033.2921777022511
-1021.3987865061895
-1033.0667097578164
-1021.0950484179292
-911.3748280490458
-1007.3829452113101
-1037.0126396982293
-1050.310932051315
-1043.7436062739446
-1054.0371208654242
-1048.001065578538
-1003.6689822239432
-1001.3195891515446
-1002.0992267855748
-986.6294555046297
-1013.9559624088921
-995.0030681092729
-1004.6137241255417
-1033.0756013074867
-1080.827455404799
-981.8286192581238
-1000.6460221479779
-1012.5715514271848
-1010.8578534608911
-1053.5304626279515
-1036.2652453835676
-1042.6681196544816
-1086.1816153738662
-1010.4994514094673
-1041.0044705008688
-1042.2630774617678
-993.0723862744536
-975.5024349969408
-1004.1733504538594
-1057.0526190614894
-978.9391910846417
-1006.9324709471421
-998.4254138575874
-1014.6167032264988
-1000.7159857933337
-1019.4473844520476
-1022.5246019247572
-1023.9627067782136
-1017.4099371520131
-1031.4433560931247
-1054.3651490385232
-1019.6771108032721
-986.1650547228361
-967.8998558917026
-970.0228988245914
-986.0804655252681
-1026.4294230966916
-985.901267727377
-1062.0504516725116
-1039.304804813524
-1014.4280839217337
-996.1762799000451
-1086.2066666452508
-984.2904357910156
-1021.3936965880606
-999.8496713676916
-1059.199726096049
-990.8365088783295
-962.5941662653255
-1027.389392289073
-947.5992971412566
-1022.9366734307787
-980.6215152508817
-1009.7966969814378
-970.2894559196133
-1028.8898883638112
-1000.912984793968
-1038.4629344554082
-1008.792879069865
-997.1845415864397
-987.916657853223
-1033.4281009874846
-1013.6747628957154
-1036.3497902526547
-993.6540265565942
-1020.1424369773401
-965.3291028289177
-981.6068603114078
-1011.3550694732048
-1028.6674084064932
-995.007713039877
-1032.792294328512
-994.3100065634801
-1008.1614965214903
-1050.5870207234432
-976.225353781511
-1063.1491400838381
-1016.1547445999948
-999.8590842181371
-992.1259273884267
-976.1066848198894
-992.2252277188938
-1011.4637371480223
-1019.1094368305284
-1047.0106990675213
-997.2396886995447
-997.6813479589547
-995.9747259163181
-1051.288430712001
-1039.0596846607532
-1060.3668400999989
-1046.8286528490817
-1017.5853314264583
-997.2359513078142
-1001.3659654175221
-1008.7733468507465
-1016.1108408321736
-1025.2664293026635
-1012.7711345348281
-999.0132511617684
-1055.6510968845382
-1039.9449609764192
-1026.8177507222906
-992.6299920323406
-1060.4790962620784
-981.2557128103156
-1036.9737390680352
-1031.5174197918973
-779.2879471991226
-971.9625775109419
-983.6144118579293
-1031.577943686049
-1047.9799447928362
-1031.822015739163
-1029.9329294212434
-996.8779447464808
-1055.7217431319386
-1000.3459692580498
-1020.7754384940453
-1011.9894600725366
-1011.2278965301359
-1001.4698973976166
-1000.6057539217868
-1032.8112796366456
-1005.6059722900391
-1014.2287338040618
-996.9684887472918
-987.0201537213345
-1009.5111335028521
-1013.7180564046389
-1030.5074860731117
-1050.0085947754894
-1026.5695229039984
-1008.9038115281326
-975.1206629826472
-1003.465748620902
-1074.1160632164372
-983.8584828241634
-1011.690500464034
-1040.0967771398875
-1032.3258113774211
-968.2299372174962
-1022.5188294229238
-1063.5573017259358
-1023.5690538854252
-1041.155190409919
-1018.4969114234091
-990.947230041751
-1054.9863348586357
-1023.8821187656418
-1003.2022990485434
-1040.863042036049
-1066.4953881391148
-991.9235604629826
-993.0243581856794
-1003.5502445128283
-1008.8016964935581
-1008.5066763070913
-1027.7834816365107
-1012.4334153395432
-1026.9557081832577
-1006.4608898587555
-1013.391547724303
-1019.3554576765671
-1045.5017890466852
-1022.3080898701903
-1049.3959739777724
-1029.0571503812967
-1024.9429454871035
-992.5491112929124
-995.41269436732
-985.1485948755674
-1006.5865106621252
-1041.4271498151154
-984.6003074877658
-1030.0028573935813
-1019.0010597754103
-997.093770602454
-1016.5545850746062
-1001.5250713332945
-1002.9815791512308
-1030.3237195960905
-1016.6009452294725
-980.8120189157092
-1031.887810139521
-1050.718256900185
-1020.4567395569342
-1024.1423636679708
-1044.1302304576766
-986.9842435396635
-1077.3373393163024
-1000.5626382789148
-972.9894850263711
-1043.3626061673106
-1050.9445425180288
-918.1430130410291
-1008.5179807222806
-1066.4254939739521
-980.4303270226065
-1072.1668646190813
-991.1822542352714
-1047.0481424370275
-1016.4124539564496
-1022.613319304308
-1039.2471405214626
-970.4062464459222
-1031.436383946222
-1028.243132108619
-1034.123279428675
-1058.3194253898344
-1013.0830838593395
-1034.7829434167036
-1019.553397977883
-1072.2343712625234
-1018.7386504648185
-1057.213864235743
-1012.9137571697776
-1100.711473380023
-1081.8428964344596
-1007.8344767643855
-1086.5195025934381
-1035.6707942283106
-1011.6802897742886
-1033.452932421495
-1043.1373099740217
-1049.553673531845
-1033.1970778245193
-1064.4563840024384
-1037.1571213108325
-984.8455590004863
-1032.8653693565955
-1022.5509331120171
-977.7887147138958
-986.0447446382963
-1003.7143145592106
-1070.0022538837634
-1078.2024405823063
-1060.094226667273
-1037.9421716373458
-1018.5477949134734
-1041.5848565217455
-1048.639951242609
-1014.0605290795145
-1019.0820102228327
-998.6231328446855
-1015.7256767025843
-1031.5913816637355
-1040.0787269808502
-1019.7271336235016
-1022.0318060654861
-1002.1050952031062
-1007.9775405142472
-1029.3557804354773
-1061.3446553187814
-1030.3968012265348
-1004.7597445437783
-1056.2766404248441
-1027.378588456374
-1038.4408522385818
-1047.2894066721803
-1026.6848956891881
-960.5894373380221
-994.3583398579586
-1027.3714318449197
-1037.6041272738685
-1013.9706594992263
-1087.6696639746308
-978.5154151144297
-1039.6860044378984
-1039.852198983011
-1048.8923365172104
-991.1439558870879
-1011.3364792796764
-1022.7881199763372
-1035.6931534431242
-982.5588275662318
-1047.2183322983715
-1040.1232746023882
-1058.1793552043466
-1027.9536720306767
-1079.544595355447
-1046.7540357952657
-1036.0431830216999
-1059.4207086910603
-1007.6667280467416
-1061.6463293469387
-1053.339627764003
-1067.5586743374101
-1006.2242828245587
-1036.905030594181
-1082.4183371848906
-1038.0778681951979
-1037.3159606562936
-1015.1768169325856
-929.1565050518947
-1022.247877422132
-952.3386496011062
-1026.3594651318754
-1065.4387840085667
-1010.4131901196623
-1045.4653980104547
-1036.3550883613618
-1038.439563921106
-1036.6285114674433
-1006.8036838485161
-1054.2912870862706
-1077.7835584459035
-1024.9320962728277
-1022.7362799760301
-1000.2008075482449
-1078.4935164046192
-979.8611162423123
-973.467466586032
-1017.8929301080434
-1037.662147853056
-1038.7573157553732
-990.5693376440751
-1020.9183511386516
-1042.014890107066
-1022.2995643924605
-996.9212082156286
-1089.9292146474243
-1010.5580763179763
-1070.9727906254138
-982.284531102972
-1061.2829297332146
-1021.7673918998194
-1004.1284025709639
-1049.7666231070452
-973.417487769957
-1051.3482542231015
-1014.3466020122713
-1005.5830498359464
-1029.927260688442
-1010.1426018587491
-978.4783485003328
-1049.8009937610702
-984.9000240762224
-1062.9563717552526
-997.5576665005703
-994.6994004732202
-1041.9234277825606
-1032.80204299587
-1029.9608233988527
-1054.1249007329284
-1038.35323512892
-1043.396003784921
-1028.282762801599
-1013.4022669463988
-1018.9382851789837
-995.5736120741377
-1057.5753534602734
-1061.7585177711146
-1038.3592101340353
-1067.000561146601
-994.9477238539259
-1016.7783829036512
-1028.922965887587
-1042.5338295075576
-1043.7424054667051
-1056.8248406537632
-1038.5413390248411
-1052.9016533670156
-1009.323445277658
-1036.9558439679474
-1037.6465714180517
-1011.2859426838183
-1052.2487201883725
-1024.1343437843477
-1018.0175455765203
-1027.9496838959606
-1015.9639519602664
-986.627098199327
-1009.2820839978423
-1017.765395847892
-1065.655996222245
-1042.384231976652
-1011.7165771978587
-1046.6938057100242
-1093.8395364738187
-1049.9737428364
-987.1813777912001
-1005.4941829109964
-1044.107276744688
-1018.3779688904642
-1046.6914627947788
-1044.8998717026188
-1058.209401628749
-1092.0155709735777
-994.6556614410539
-994.4040612749725
-1031.4158158089951
-1016.1750031444225
-1009.0319211106552
-1066.7322366768533
-1036.9006597542086
-1011.0557720477765
-1009.9880829629628
-1073.403226311873
-1047.8397526605893
-1034.0642453552741
-1053.7237364579792
-979.741164527924
-1021.6211001747533
-1028.734030248665
-1028.992158669692
-1010.4971286912679
-1002.352807319116
-1012.7063493921689
-1044.2896715542565
-1071.3027223054214
-1042.9795269444887
-1036.843551882848
-976.3174213919079
-1073.7211729968608
-1023.2822380133485
-1064.2636407705454
-1053.1265290295064
-1040.9343942534103
-1042.5521327570866
-1012.5965422194014
-1007.0127957610466
-1025.143258025289
-1030.9478316210543
-982.3588097143752
-1033.0788685416403
-1065.3455972439847
-1026.5833852513117
-1036.9104680976404
-990.732882264172
-1031.4349341913755
-1040.7177936075188
-1020.3075460827785
-1034.9971121351728
-1027.1882645919738
-1041.8570010691037
-1052.0895265741387
-1103.3181266012461
-1048.2528950308981
-1066.9318900648882
-1133.1931811498728
-1042.03165668225
-1016.5190100418894
-1035.3467897731766
-1013.3390601154281
-1022.7026091818867
-1028.873478707997
-1100.4429059897357
-1057.5618734630013
-1029.8726651272793
-1030.4530512080019
-1088.0461633504644
-1071.8753827515884
-1019.1363100986249
-1026.5622649752659
-1043.5963839635192
-1089.9181512685923
-1016.4682088998647
-1010.7355718882943
-1034.2935421167597
-1036.1574847418287
-1046.5156691084023
-1023.1073400983926
-1059.5045768336247
-1048.6446613126438
-1008.0378932566778
-1056.4115912093807
-990.1369068690157
-1058.1368743610767
-1034.8743073003977
-1082.7966885586015
-1034.896166843924
-1043.6019203711135
-1024.322451494966
-1059.5994746868428
-1035.7926754198577
-1083.6274262092375
-1050.6569092476416
-979.8083290378091
-1038.9948009846182
-1039.3807356058344
-1025.4943034909516
-1036.023579307896
-1031.1381956401624
-997.2170531855903
-1060.5452093209333
-1070.7588186775624
-1033.424038087791
-1004.6309546883772
-1029.814532909316
-1033.2880487355144
-1032.820110460042
-1057.3473592634625
-1079.746561691346
-998.1391367120781
-1038.8317081590412
-987.9403819960621
-1020.6648626288904
-1034.018407516634
-961.6881361461361
-962.3832391746614
-960.4799882680298
-950.9697061395838
-1006.9263956788097
-984.2083943478974
-1033.317643632773
-990.8217730039527
-1036.19061399761
-1061.0982305858781
-1018.0779192225654
-991.7419719773266
-994.9558245073929
-1040.1281038662682
-1070.039787508698
-1011.2725754537081
-986.2094179377382
-1000.0246188206229
-993.0296788196332
-999.9990275147472
-1020.0519843777182
-1063.5803645825097
-998.1405055349172
-1024.7319275087673
-988.8598085781823
-1039.1305672186106
-1029.6214815518151
-1081.9916743846074
-1038.674181748981
-1020.1532765438682
-1019.429420934515
-1072.8366751728752
-1039.6550604939944
-1057.868859850926
-1002.2652538160563
-1071.4982852202195
-1022.2083759809796
-1007.4016081466366
-1042.0735912168557
-1011.3552573740724
-1080.71768793886
-956.355216918204
-1016.4812657244292
-1030.5774223543854
-1000.333722380974
-1023.0164982413473
-1077.9610336608732
-1013.5191677495053
-1024.5135820211187
-1018.4453342955122
-1049.5471194803956
-981.7654489293272
-1022.8282000506938
-1037.9329085871275
-1068.2689939800061
-1035.8042096898623
-1036.4536152580972
-1029.1555567289654
-1048.6090861949845
-1025.8246901971609
-1029.6426350211325
-980.568308671959
-1040.4444864095465
-1054.4564056087602
-983.2434349368941
-1006.4273889981783
-1092.5238985996016
-1046.537485555116
-1028.68403823173
-1039.34910178088
-1092.6857843437658
-1024.3829471341028
-897.6390074756947
-1003.3439520090698
-1006.2555961686107
-1020.9492590128169
-1010.4199244078354
-1016.2748607064066
-1017.1245713330474
-1009.048072892162
-1033.4745594904973
-1084.7757066116642
-1012.7266635894775
-1056.801496845508
-1051.677313862542
-1012.9602765226172
-1003.7335343766309
-1034.587514699712
-1029.3211835482825
-1040.971524300363
-1008.8106800650778
-1079.6630221532907
-973.0417563403666
-1012.3938899484241
-1032.9760354540126
-1059.153501750004
-1074.2254623845522
-1080.388495896992
-950.3244767227636
-1040.1782567568637
-1028.652069755894
-1038.9084994976338
-1003.1418256489371
-1038.0270320568009
-1045.5177191915782
-1058.0867569031502
-1057.3120576572803
-1014.1361896962773
-1040.066324272619
-1062.4205826902196
-1023.9175757744051
-996.9792698848586
-1047.3082356163366
-976.2021638352861
-965.4820019185302
-1018.9064967815692
-1025.2113150469204
-1081.472460356801
-1010.6084854187753
-1034.137852634013
-1043.9744235822545
-1083.271096078973
-1024.835819012723
-1039.9997184228318
-1015.4194359258119
-1062.7085259935634
-988.3479112787285
-1033.345555249496
-1006.711858401897
-1008.1334566703209
-1017.9787389623974
-1008.3316727456777
-995.4333025048136
-998.3460095054224
-1069.404281515824
-1037.2697400351767
-1058.482639667959
-1016.0438165085518
-1034.7850394306877
-1026.7345252635507
-1020.1045007435416
-1051.4264646252157
-1032.1577835700773
-1002.4726883428782
-997.0912045177661
-1008.0105577229489
-1035.6240065725226
-985.4679238902412
-1004.1542598091156
-1062.5032930026653
-1009.5999952192731
-1062.3962263501126
-1016.9976725713444
-995.5399005519233
-1019.878568518017
-1015.353827767044
-1049.9391949920036
-1032.410130056775
-1048.0454103493014
-992.8138861868546
-1022.048741699713
-1052.200588025545
-1021.2810474040538
-1029.2398155305068
-1061.718094489835
-1026.8710795877435
-1028.0494301058502
-1054.3755543357447
-1009.5985461188714
-1029.2418802238187
-1024.327819855107
-988.9693023434535
-1008.0576652650409
-1070.9682216605677
-1066.043085677421
-995.3234999961699
-991.7932277092567
-1023.2323079282938
-1076.613897284998
-1099.131103913311
-1054.8909469326497
-1048.8813164282424
-1086.7110523115769
-1005.917580824632
-1051.5477340482025
-1001.2063657436294
-1086.5572478259623
-1023.7048300615689
-1002.195718541319
-1009.266847139428
-1034.698617479579
-1003.7491172450757
-1035.364187557205
-1016.7843782679755
-1032.6844513618994
-1012.0522628660626
-1047.7218207849664
-1049.576535429549
-1069.0354375105637
-1046.4793280599572
-1019.0893717314068
-1026.9718268699492
-1046.4801428501423
-1021.9979008354156
-975.844982440655
-1051.082225320793
-1026.2765144317257
-945.5668862387237
-1021.1911244875024
-1054.530260923903
-1023.798617621665
-1051.2310173636988
-1001.1516944483707
-1016.2820265157985
-1021.3950048438933
-987.6503929551313
-1045.2512987576997
-1014.1649850235294
-1039.8003486563803
-1056.493976106528
-1088.398085949392
-998.49713556197
-1030.212717542764
-1027.7873724810024
-1031.130164374224
-965.3304448031221
-943.1717697946649
-1019.6787497331256
-1000.009149219343
-944.6300479545284
-955.3898595277115
-999.2372041385667
-975.2657137110166
-1034.537871912906
-1040.779847569794
-993.9072178520172
-973.7924110628816
-959.7458227983853
-1018.7295782266841
-1048.1824270395132
-1010.2300033723777
-1012.7665457165675
-1040.2689004504246
-1039.1796286887968
-1006.522687224724
-1063.955904261786
-1004.3654322759343
-1014.1760623406785
-1028.8087367007606
-1056.4991163300117
-1013.5065034874056
-1051.2364191217462
-1083.5016407677037
-1023.2339691285663
-1053.5352750616034
-1041.5194688712054
-994.5982064312769
-973.9740388847073
-1042.845610305848
-1015.2409868896732
-1024.6922929277305
-1033.7181667683096
-1033.1707982360592
-1012.9524623083199
-1028.435858923414
-1029.5566993435384
-1014.1730780659417
-1004.1464145984727
-1044.463237368626
-1022.2239417566461
-1011.4810482442138
-1019.0128190469163
-1044.807754750194
-1006.4340538457337
-1052.8795784089248
-1029.5967747093696
-1066.1418474328664
-1056.828794857751
-1031.5007032633794
-1062.0850307758037
-1041.8574270178915
-1028.5248614940567
-1076.3918361277715
-1018.7384203088428
-1039.0549641350503
-1055.5087437185682
-1019.8336074767325
-968.415195086707
-1012.6391243567833
-1038.4362783084514
-1038.221295298835
-1068.0506600136698
-1062.3861230085736
-1006.8003861276727
-1024.6792868303385
-1061.4435645327394
-1080.1145953591536
-1064.382387446971
-1064.7910949151044
-1032.504580787319
-1021.7430523754614
-851.0276762080579
-968.893756037299
-1000.9362519646463
-998.5280945735421
-1012.0861121420918
-1073.4892667237564
-1002.9266646275154
-1015.1565312065094
-1001.2142124948232
-1036.9867783210539
-1040.7702296948144
-1004.1919272110047
-1020.7642507128387
-1023.1949616250722
-1068.513724137897
-985.4644944272061
-1051.0494940136125
-1057.2481632001004
-1051.3437836681783
-1076.6428862814962
-1057.2491876393676
-1023.5697700948368
-1021.9974763152088
-1002.1392250292697
-1027.1842837314375
-1069.8497494492935
-1054.3613359088358
-1018.4658958458225
-1010.6152056798279
-970.4703863197975
-1086.1292037654985
-1031.8348764745813
-1032.42834363003
-998.8159713629286
-1054.9914014561457
-1005.2084786727844
-939.5037080556275
-991.6145073807673
-1015.4495540611174
-1063.8353903457703
-1107.7028285038134
-1043.6304296655694
-1055.626397074958
-999.4432817219723
-1063.0962142017688
-1012.7959833183752
-1027.448818569724
-1036.7913840598906
-964.7613844707428
-1040.1900135148392
-1017.1273529268952
-1049.4640382465564
-1047.8747174797752
-1016.1833792543604
-989.355963811218
-1046.6481073356351
-983.2150686935857
-1113.0801644885105
-1021.8985745974397
-1045.10043316428
-1008.2633984523263
-1043.9784905746399
-994.2571338236573
-1101.2603556675467
-1014.000773873889
-1047.7434925859275
-1043.6352120835772
-1015.5126157444016
-1086.7958867192751
-1025.9733457526697
-950.0355885926529
-980.8064188204313
-1037.9464742683688
-1065.7584973848784
-1050.5956367152905
-1036.0257732067032
-1053.1642903779682
-1063.4971277646207
-1074.9818678018053
-1038.425349540556
-1053.075437105619
-840.9085811709585
-895.4035470784917
-940.1268703754132
-958.0881672581198
-984.1661132318288
-1026.323419841195
-1040.3374592282994
-1032.4661964076734
-1041.6328812263273
-983.7908361952315
-1043.1010018321667
-1015.5123739667267
-1035.6046485437555
-1088.7105685400095
-1050.4211817714367
-997.1237357444609
