8.587731777398083e-06
-5.887848130703287e-07
8.702948125615464e-07
4.823182300945772e-07
-5.649835007193452e-06
-1.270573277430609e-06
2.646049885609349e-06
-7.761809602172493e-07
-5.098062746063232e-07
3.0618336674696245e-07
1.825035070652693e-07
-3.855879090243896e-07
3.923973242962523e-06
-8.75630317961884e-06
1.087806468449307e-06
2.5606115041006963e-07
3.4364571008508085e-07
2.7602470881699746e-07
1.5255751496447062e-07
2.225175692396178e-07
8.914065235122739e-08
-1.6258206817898828e-07
-1.4489101441806043e-06
1.6324434505200685e-07
-1.5069672079704563e-06
3.5840047651936583e-07
7.084336389348882e-07
-8.019687840953471e-07
-1.18815007867815e-06
-1.8237755018004152e-06
-4.549816821704857e-07
-1.1429725081388815e-06
-3.9291345235242555e-07
-8.339031775857057e-08
-2.9957996372815047e-06
-1.2166350890807553e-05
-0.00010507071787700117
-0.0004909707169961783
-0.00127008829287554
-0.002271564945596014
-0.004720749875986836
-0.007729672481704632
-0.01177300137198089
-0.011694240401596065
-0.012927526997594136
-0.015857345453062992
-0.015446360582904797
-0.01502807103267113
-0.020178517688801963
-0.021404231081458433
-0.021150040944747397
-0.023843013962258505
-0.02455709281430282
-0.024002890623841994
-0.02823822470386569
-0.032359520395226056
-0.03546388324506596
-0.03614429103965618
-0.043989999026476274
-0.03577373194143602
-0.047451151697755024
-0.04157246623295718
-0.050361065567293875
-0.049352310957982835
-0.055290477549250004
-0.06264591406133434
-0.06289599670534614
-0.0605353017314997
-0.06326023719569494
-0.06340194820437717
-0.07081065427979477
-0.06403498130149174
-0.06930343363799818
-0.07837882331715754
-0.07369139761596104
-0.07392051330435764
-0.0779459599088802
-0.07873406447423056
-0.07318488772753966
-0.09154126687099788
-0.08487925025811682
-0.0685505885989047
-0.0865946742875675
-0.08993926465884605
-0.08670358248582856
-0.08314386652763707
-0.09813646615156715
-0.09214611007994124
-0.09036841685977964
-0.08326521895539302
-0.09026189606687665
-0.09555777777570794
-0.09630694967291133
-0.08914085332071409
-0.09786643648495603
-0.09790046200503101
-0.1038098784450155
-0.0996656739925928
-0.0942472910210641
-0.1017563994672255
-0.10651121358952753
-0.12588047261231086
-0.13412424743781504
-0.12822714154438875
-0.137190502883512
-0.1348564790925652
-0.14600844517621675
-0.15849007845070093
-0.1328385613749354
-0.14905040171223613
-0.15692560750847825
-0.13758452567516974
-0.1384476215111069
-0.14916536726645732
-0.14139996152554982
-0.15921399298195654
-0.16224393247144092
-0.153184282944089
-0.16172130439083585
-0.1538675865196144
-0.15661770989929857
-0.14867453594590246
-0.1632476928054736
-0.1459883889569882
-0.1587147236092823
-0.17024128305676736
-0.16768305826374152
-0.16982514102027002
-0.16853733728394696
-0.17545276984331096
-0.17752294204535288
-0.17681289944318895
-0.16302824522809764
-0.16284717469351737
-0.1740573921169226
-0.1682120271909394
-0.16528428856355065
-0.17333063916001573
-0.16906701801684101
-0.17224123338350522
-0.17455999978425862
-0.1752769806561803
-0.17810538449599916
-0.18216979584886658
-0.16418628364439436
-0.17231950537312912
-0.18353307874202124
-0.17210477158457402
-0.17799417890593228
-0.1745877328803876
-0.1781985068779537
-0.18145135555205197
-0.18382949132457194
-0.18184531955727137
-0.1838866232381568
-0.17988995874775687
-0.1864364383240732
-0.18584308156796434
-0.18370856461020918
-0.1963180364807125
-0.1894536020106029
-0.2003264185946118
-0.18695672015284343
-0.1823470985237886
-0.19501069764255996
-0.20147965692722725
-0.18430385700340274
-0.19644465752941395
-0.2014361174648952
-0.1871020255849776
-0.19089441515716463
-0.1876610994097675
-0.19818066128459852
-0.1984824250991407
-0.1855816858847011
-0.1962906971653011
-0.18886676950282172
-0.19640988602419854
-0.19434105062118245
-0.19988043693003626
-0.19522360349564175
-0.20122649142411003
-0.2037902522699244
-0.20273611147469475
-0.18974862856081562
-0.19577088153464833
-0.21803393818226904
-0.19613053015459644
-0.2138446644853484
-0.20830385054759532
-0.2021208939704335
-0.20346225080973948
-0.1895606502709601
-0.20548360892910858
-0.2031806507242112
-0.21522784304544934
-0.21122638497177346
-0.21611943438287207
-0.20099523788702633
-0.20918197739070002
-0.20593442614020607
-0.20487432664369615
-0.20916030988067028
-0.20584412880980896
-0.20515249434647412
-0.20308243944064566
-0.20983103969650954
-0.20225350134949452
-0.21336928585842102
-0.22544425955185524
-0.20195921508195672
-0.20627626397002202
-0.21163700797184096
-0.21081078157341673
-0.2164612972603636
-0.19631596417109734
-0.2023583649420123
-0.21098691144173867
-0.20041251923466621
-0.1616604769723075
-0.2081799500241031
-0.19404513499631662
-0.20302787458576896
-0.20921066962182522
-0.21259466449914854
-0.20990172319627
-0.21476028668826166
-0.20246105565715897
-0.20539997678687458
-0.21165179618849203
-0.20466534639539025
-0.21767347530737097
-0.20942955909048014
-0.21850758120568417
-0.21827682275852936
-0.2144710860603493
-0.2137449881017608
-0.21154401188637112
-0.20828590475905098
-0.20059479919906992
-0.21748618261609604
-0.20174812118410648
-0.21945868719082612
-0.20691717530860892
-0.2046084190805552
-0.2155424848138562
-0.20459493282599836
-0.22214693224871992
-0.21147811846423004
-0.22248283799677362
-0.2042071328400389
-0.20504110270304235
-0.22161498456921896
-0.2064690984604571
-0.2174888440675992
-0.20457186099322822
-0.20784275188404872
-0.22590030291634292
-0.21334728869366335
-0.22646302575017382
-0.21251068748382904
-0.21435138281230837
-0.21278115814958928
-0.21595222716359233
-0.2195981370986473
-0.21665247244692523
-0.2249573929040214
-0.19913266026810836
-0.2177455120442835
-0.20420892987219308
-0.20440520635741924
-0.2162060900346229
-0.22416251798929562
-0.2200896079135448
-0.21339561089709297
-0.2069633725101151
-0.21889256753841876
-0.2167430467496396
-0.22689536002724758
-0.2217453400706233
-0.22094915378914187
-0.2148238604073884
-0.2305014836055185
-0.2160679031585754
-0.21456443009377732
-0.21239804692009298
-0.2298645961507476
-0.2164866091902198
-0.2186389156440009
-0.2233513226762776
-0.21604519244660492
-0.21973178335470117
-0.23471224382670544
-0.22601950618811706
-0.2110869960354166
-0.22253422866677225
-0.22348117747868182
-0.22593068748878442
-0.21723312067116804
-0.20843202075619355
-0.23191176630854515
-0.22101295703026627
-0.2238554479290358
-0.22582983386963001
-0.22464568285942682
-0.2236094152845201
-0.23561295574372595
-0.21118052328629458
-0.21953135223584136
-0.20975716788744034
-0.22410199710503523
-0.2045001774764269
-0.21990743133066004
-0.2196258557847275
-0.21778795269020051
-0.22640914305184895
-0.22280226061818179
-0.22934480023528883
-0.2323478152334449
-0.20409891632977525
-0.2192931685234733
-0.22736220352864459
-0.21793406391714282
-0.21749525704620942
-0.21705242359128438
-0.21751491392694927
-0.21912456537608194
-0.22969205376823112
-0.22933793037390782
-0.24121921702555799
-0.2212140896934488
-0.23681582198035245
-0.21269484032850397
-0.2213151822929923
-0.2155842212319133
-0.23025484053372794
-0.23268899153390152
-0.22601680497748228
-0.2394919453513043
-0.2400289851614097
-0.21986758110004095
-0.23419153858221284
-0.21963702709704397
-0.24011236523477897
-0.21911032099148584
-0.22388815909231963
-0.23006507411584076
-0.22901318374236948
-0.24293766950493706
-0.2233494598689953
-0.21845824447524573
-0.22866682135141814
-0.23138110182033136
-0.22282570519254577
-0.2323799826250023
-0.22634595101661528
-0.22550542504801924
-0.22702429202283442
-0.23883553351622513
-0.23021299478377363
-0.23334861902693504
-0.2389413070250378
-0.24293870739789628
-0.23367679639821232
-0.22223304471317754
-0.2249129490949485
-0.2248533438124811
-0.22447175942436765
-0.235108765603801
-0.23567434689897274
-0.24126437403683962
-0.2371050030019451
-0.22884396000422144
-0.22035156320478871
-0.21520634870297514
-0.22817016525669137
-0.22768768061778172
-0.21508611994324184
-0.22835082509498364
-0.23919471008099827
-0.23681591211361924
-0.2449575519030876
-0.23350349892880995
-0.22841966376161044
-0.2231853083473619
-0.22812743228200355
-0.22427848321555355
-0.23260601971916825
-0.2335722740543516
-0.22194824115984021
-0.2370204333223493
-0.23486299348051512
-0.22718807430900181
-0.23074054627524695
-0.2327682680114802
-0.23451687991317466
-0.22905884369046461
-0.24165749052531926
-0.23709828218045506
-0.21942798972227856
-0.2300448502726883
-0.24737890821840117
-0.22201885986858264
-0.22432415659430055
-0.22390646187339716
-0.23726636004871746
-0.23370406166593796
-0.24024154217951452
-0.23368996166461994
-0.23675178589397355
-0.22938451883741295
-0.22740137255053047
-0.2283361149435252
-0.22532510325342778
-0.22889162456382986
-0.23622450062077538
-0.23018083533249523
-0.23539333544041857
-0.2265371678035088
-0.22844816750360403
-0.23608083830351279
-0.23451029662766798
-0.21659295385616723
-0.2399951373208088
-0.23807651094850982
-0.2246345514054542
-0.23243297090346696
-0.22865894083159896
-0.23882053661026317
-0.24424328899712336
-0.23254858218284272
-0.22859321944113925
-0.22738413082677042
-0.23887372905245194
-0.23582892430765245
-0.23066834202752665
-0.2412491385723174
-0.2353703481925704
-0.23363680908313164
-0.23654952533693932
-0.23476139409844632
-0.23843401957016724
-0.2388561011107284
-0.23647455700676934
-0.248999544958535
-0.23680686572121706
-0.2423902552891598
-0.23394679294725662
-0.24189831610620097
-0.21744834590582593
-0.22485707765859872
-0.24669923287767329
-0.24638996200884886
-0.2229589917140858
-0.23041744219131677
-0.2323525249430163
-0.23548988387863404
-0.242952936876618
-0.233852278471355
-0.22518774854615028
-0.23530026245862246
-0.23122188697949897
-0.2437616308796623
-0.23655439729082137
-0.22176527307342422
-0.2363347968139388
-0.24503612131076424
-0.22877328073688846
-0.2411423383303258
-0.2438952451353131
-0.22956909287177962
-0.24150844175851177
-0.22842271694996458
-0.24541582074699742
-0.22970610631908844
-0.23400011659045572
-0.23073197593573133
-0.24419127508191021
-0.22846816367797765
-0.23405849726998854
-0.237335330078959
-0.2348125716350852
-0.22896711030401862
-0.24057563372438978
-0.24146816911183389
-0.22012863774983749
-0.24201092520080175
-0.2355219696192184
-0.24014574924280285
-0.23844704373554904
-0.23980731732751193
-0.2426722897141267
-0.2271348645567502
-0.24334602643309636
-0.23798985900885242
-0.24901093509395114
-0.24267128499428392
-0.2490761145734443
-0.24146644391217514
-0.23998785324334374
-0.23065680000923483
-0.23991558186875783
-0.2323013828833576
-0.23886696175344077
-0.23613227797985106
-0.23742036717502693
-0.24055593717194762
-0.2603716746968055
-0.2251582455553627
-0.2365916524353901
-0.23572259529791623
-0.23375420451639334
-0.25144885358615565
-0.24005863807250855
-0.24744130477218734
-0.2541766050441364
-0.2378528159235783
-0.2522871326881382
-0.244756926092421
-0.2312347586587192
-0.2357854166856179
-0.2333216270241464
-0.24715870842790072
-0.2216358012086165
-0.22910051992321426
-0.22979998644931535
-0.24413005332933807
-0.2484888454426932
-0.24018335775641897
-0.23268334814894054
-0.23123799409596665
-0.24014663049453486
-0.24485512866227613
-0.2461017368376436
-0.24037228765999258
-0.23320679343211276
-0.22318062432739988
-0.22319830856040904
-0.23300039847400267
-0.23353930546144241
-0.2282741039176943
-0.25494269241281003
-0.23758038014233837
-0.23942134203577814
-0.2383935212172749
-0.2553978144428749
-0.23545853050825324
-0.2431508065446427
-0.23234243229453863
-0.244418625147902
-0.2319354761433354
-0.2401641380185118
-0.25002515228721595
-0.22560300236484904
-0.2387119716614002
-0.2251673706011613
-0.23946398174129088
-0.2416702116055316
-0.23747518921208752
-0.23166493104340938
-0.24587670759286595
-0.239102692728832
-0.23077059284546356
-0.2358260933792422
-0.23592620022615668
-0.23470312775855484
-0.24942470905616096
-0.23701274722271604
-0.24949421702887908
-0.23025239587041288
-0.23191431132691953
-0.2364484687988092
-0.23840459308357012
-0.2343470714232217
-0.24614799901420845
-0.22866997430558214
-0.23586865701535453
-0.2565884077318224
-0.226101485338474
-0.2523813367131268
-0.23755246820870923
-0.2407956214297397
-0.2238895581122714
-0.22830220868788387
-0.23043056457322017
-0.23268123565294482
-0.23951387489667003
-0.24911393696510117
-0.2420026161462853
-0.23812245005206298
-0.24604875274447474
-0.25424067979218506
-0.2433028869738101
-0.24926819867051023
-0.252164377489689
-0.25168553180992603
-0.23856080842566363
-0.24829324992606416
-0.23295695503710803
-0.2439920993687713
-0.2436523213926024
-0.23236951391450186
-0.23373548390140175
-0.2535281787637757
-0.2505147330621295
-0.2404495293485672
-0.24174183864110652
-0.2470999213259833
-0.22784351325982255
-0.24499768911585634
-0.2423545237675852
-0.23734664162507785
-0.226671330909799
-0.2336521813375423
-0.24606585967343164
-0.24989331951779634
-0.2457529780745265
-0.2415206500410144
-0.23319432990666034
-0.24482081364651742
-0.2343762859264728
-0.23576634200214436
-0.2402277710660915
-0.24616458266360783
-0.23160922351511956
-0.23410904304848357
-0.24650432974824055
-0.2334384725085999
-0.24027881530011713
-0.2375211272433943
-0.2292008228224857
-0.2384521860670796
-0.2376304584591148
-0.24421657211626108
-0.2447830376777089
-0.24648684322049744
-0.24177502186946298
-0.22976440538158302
-0.23141189957714378
-0.26173566045335717
-0.23138866821673476
-0.2363134794430204
-0.23768681090189378
-0.24506832202679932
-0.227933451201913
-0.23422565230315454
-0.24921422202879118
-0.24939288916481048
-0.2513818219228674
-0.2394474469849214
-0.22961517340396806
-0.25666763276042726
-0.23986217238551932
-0.23288452573995358
-0.2335282713646137
-0.24153027662381468
-0.24092462448297663
-0.2319738740075063
-0.2409840087172564
-0.2476825357484537
-0.24250586495286058
-0.2425432355720022
-0.2413800986491234
-0.24864575183886264
-0.23510960440023196
-0.239053738096103
-0.24071863940860397
-0.24227092535751552
-0.2418257330397242
-0.24333918198701823
-0.24479081470383565
-0.2478992689956123
-0.23444446948496436
-0.23842068702012661
-0.22200775824049826
-0.23751407805340072
-0.24830191611851515
-0.2435757107994998
-0.23517383871551015
-0.24219039772535383
-0.23331826494682414
-0.24045499665323297
-0.23437778741830154
-0.2393863052393683
-0.24218474196549128
-0.23202878855138656
-0.23971086338743086
-0.23649540435718863
-0.2483380783183372
-0.23884538334119415
-0.24298407647924625
-0.2532963903770718
-0.23789244522208627
-0.2583177744454293
-0.2384157091169901
-0.22176773092042096
-0.24639163099145442
-0.24907882614174354
-0.22926929761747064
-0.2405634613458806
-0.266311270859741
-0.22301237730414
-0.25331064064229125
-0.24065644515542547
-0.24253802523318574
-0.24039798735278972
-0.24169397556226746
-0.24627144321856204
-0.23489399573639383
-0.23959436040259838
-0.2469162002869463
-0.25113713194009085
-0.2463545020714945
-0.2351014659502487
-0.24582112066802164
-0.2453765295038701
-0.25222223883622935
-0.24195865313202022
-0.2542150070450574
-0.2369298397748154
-0.2646754000596099
-0.26054032641625113
-0.23809529811536012
-0.2590022476838698
-0.24665480791633526
-0.23648994579074173
-0.24271668763694576
-0.24759278920863714
-0.24832536424943794
-0.24358882373462803
-0.2563543081894396
-0.24976045171153327
-0.2291995520413163
-0.24502285465085313
-0.25602633262860025
-0.22487076652436122
-0.23742490063462904
-0.24420447140693596
-0.2552723462131583
-0.25470805396363594
-0.2519065005636891
-0.2458393139838192
-0.2468512326267808
-0.24479755727566688
-0.24704756798893818
-0.24196470629608613
-0.251015698309113
-0.23506894289715752
-0.2421642566092222
-0.24763832867912844
-0.24303207272708016
-0.238466474022113
-0.2441223899792382
-0.23910491201868242
-0.23303485052426334
-0.24849271482075394
-0.25120594084021536
-0.2446450595461164
-0.23647727989893302
-0.2465420216095713
-0.2531869258460125
-0.24346048255198396
-0.2573880833094781
-0.24665429357152718
-0.224595735164412
-0.24523325387938966
-0.24296639231127887
-0.25134588449228146
-0.2421984311317184
-0.25474439836286294
-0.22453263670258858
-0.2471008704285239
-0.2421180797544749
-0.24569047136828
-0.2332884805024364
-0.23589923884342556
-0.2542169167837392
-0.24105125765583896
-0.2295320175554196
-0.24934296422309962
-0.2511574144339423
-0.2500480966122165
-0.23979975582903576
-0.2621575674713261
-0.25000497179580966
-0.24322364844291317
-0.2508755597297238
-0.24154782259029897
-0.2531673948691502
-0.24825750857493595
-0.2569020337308286
-0.2368493105175524
-0.24958358558935495
-0.2594604610893423
-0.24577218527916955
-0.2446658528006451
-0.2444951414481288
-0.2322409475686006
-0.23486584606712405
-0.22650237237235252
-0.23699929637373482
-0.2564875796467428
-0.24543753369835766
-0.24982607576912194
-0.24443887510461362
-0.2484811404889623
-0.24797732911453496
-0.23212632926007515
-0.246399070592484
-0.2567700558070561
-0.248390508873736
-0.23874844242451027
-0.23420698341238594
-0.2519484774665794
-0.2555217292717835
-0.23474129711500244
-0.23874633902540573
-0.24278608666848853
-0.24980948912168321
-0.23874147157920034
-0.24433641102323347
-0.24833384640364028
-0.25198321656591677
-0.23477719774703507
-0.25480500768176334
-0.2408577674799052
-0.25961569055296513
-0.23923191500578814
-0.2523437742603875
-0.24387586278169743
-0.23509232274931574
-0.24688437524203408
-0.2342430725156401
-0.25336086814129644
-0.2377147867612028
-0.2373258798281372
-0.2482192804443043
-0.24160074020701985
-0.22825442482283723
-0.2406024534013952
-0.23668312728650084
-0.2496272454534088
-0.23707534391470705
-0.23834171014185618
-0.2530689045752923
-0.24562255135145386
-0.24665041458661016
-0.2566895335874999
-0.2513284646804154
-0.25298686433764483
-0.2472078772271165
-0.2319019354563131
-0.23944922507955477
-0.2384392147174912
-0.254423106466288
-0.25194010265767275
-0.24654388801394567
-0.25619218822923084
-0.2406830367642108
-0.24382071816343587
-0.24823510056731068
-0.25149107977054136
-0.24649073802752924
-0.25476028382974236
-0.24867190659679622
-0.25880364204949213
-0.23902992112750587
-0.24671304348087023
-0.25605124204988905
-0.24086952313445206
-0.2566419187867222
-0.2500229059277396
-0.24378487053195294
-0.24436844530730292
-0.2421697196154761
-0.22872407527957186
-0.23202409498254026
-0.24766886416965952
-0.2510417121960235
-0.2504262165783863
-0.2512797222808305
-0.25483132881463055
-0.27277189011304726
-0.2523786549641174
-0.22811253880940544
-0.23572410697584995
-0.2507118913283768
-0.2509492559844877
-0.24871260763017786
-0.2503232815216186
-0.2573916453279947
-0.25947919211902765
-0.24038884288754864
-0.24304452055484538
-0.2490430781495218
-0.24094823720348388
-0.23777061251585035
-0.2594643287843297
-0.24229858157129328
-0.24900280342433556
-0.2404291747432006
-0.255748975066174
-0.25514365751522516
-0.24386288724492797
-0.25463787288695333
-0.232748866065213
-0.24473319768807605
-0.243523689426165
-0.2478131399931092
-0.24375854108693748
-0.23914936462818806
-0.23589726762944146
-0.2465486094461158
-0.25136819279371847
-0.25295036213909866
-0.2499986529682088
-0.2281777200945144
-0.25905677483903494
-0.24529191007581258
-0.2558081394385712
-0.24642812576793466
-0.24857742464554455
-0.24464632932149508
-0.2442007239809946
-0.23730516844704325
-0.2502408238368906
-0.25182247918234907
-0.23379614729781142
-0.23991504265749564
-0.2540116628758262
-0.23920722156461433
-0.24503791253817708
-0.23260442869594464
-0.2485487109487537
-0.2498304930540096
-0.23559108944345825
-0.24230017104310544
-0.2506756134244504
-0.24483967432563725
-0.2603908773862308
-0.2727662122352162
-0.24795215325769385
-0.2519827935691953
-0.2781374877703335
-0.24757968450553322
-0.23776854848421294
-0.24484393572216093
-0.24454204539055766
-0.24211857829107206
-0.2494151437511811
-0.2720885420197372
-0.2552026528261813
-0.2467262275245508
-0.2534786140299233
-0.25408855141310194
-0.2608330405038227
-0.23903801875105996
-0.250466934228052
-0.2494747854377094
-0.24944280107554637
-0.24524062518256637
-0.24242469432918348
-0.23672675521033798
-0.2524304454712582
-0.25101704395523194
-0.24327290045127634
-0.2487232676643109
-0.25165260206579954
-0.24372893259653194
-0.2535508460806389
-0.24159350335552746
-0.25823843344359804
-0.25229809523714697
-0.2623774176274958
-0.244848336685102
-0.24691058631971297
-0.24586704901988932
-0.2529099689087706
-0.25093060283948054
-0.2572366406854529
-0.25310716023932583
-0.22939390481755076
-0.25853086161890976
-0.25024755880508104
-0.2404298867562763
-0.2438480646617198
-0.2457468393994005
-0.23411073294743473
-0.2525598556255763
-0.2628582053009971
-0.25045726671513274
-0.2393451979240546
-0.25024336781578993
-0.24608515655981972
-0.24586219622598968
-0.2477919668758567
-0.2590722016149353
-0.23764489196864927
-0.24298745537787556
-0.23589318230190137
-0.24386542359827018
-0.24185917665239287
-0.24069245102738035
-0.24021651181637457
-0.2302983525371262
-0.21805766540078017
-0.23829403396710935
-0.23349921074262273
-0.2504800661553738
-0.23705302388501553
-0.2513584911725239
-0.2553812149263587
-0.2455803209063616
-0.23905923512202465
-0.2365305517003155
-0.24574724056188635
-0.2594246781140807
-0.24270877820441522
-0.24109997824852464
-0.2317773678717316
-0.2370254245833192
-0.24246937959541676
-0.2457089871922244
-0.25158068499017916
-0.23856623395513893
-0.24148503406188235
-0.23736426164113317
-0.2504436008948908
-0.24846346419199034
-0.25657850325952175
-0.25073299188212106
-0.253616204259065
-0.24586596323350662
-0.2642836776761874
-0.2542740702779911
-0.25015426690309395
-0.23649464573273773
-0.25327804072398075
-0.24557146647387007
-0.24149836175264375
-0.26060213885733835
-0.24267853719563137
-0.26618468007336743
-0.22333790558703273
-0.2397579091548286
-0.2473807100561044
-0.23905397847536122
-0.2398143244100365
-0.25709401562655354
-0.24636609184551939
-0.236379393453706
-0.24259586801925892
-0.25452500599121713
-0.21980667044314356
-0.23681536872083178
-0.24669091391418627
-0.25830472055784903
-0.24802533979056335
-0.24221353984894117
-0.2479388451935188
-0.24585382880167922
-0.251961581770949
-0.2463997020405012
-0.23276237085431453
-0.2482456764654513
-0.25246786423072765
-0.2345615786835853
-0.23372979061338703
-0.2663795453635787
-0.2527846965584376
-0.2514717336329311
-0.24962417299101347
-0.2545178288269622
-0.2511096846534746
-0.23399475841431386
-0.24894263634179165
-0.2385854896804627
-0.24507277702482846
-0.23524182897649312
-0.24189459279119244
-0.2443360982590962
-0.2349341524310546
-0.2436111162186634
-0.2639554636288992
-0.24491209733047284
-0.25426105511193786
-0.2552109952216689
-0.2389412174597081
-0.24348647410600532
-0.24987621795054268
-0.25008271396280785
-0.24892713741384265
-0.24140303853431694
-0.25761710951926736
-0.22315222531300688
-0.2480736228859859
-0.2461825837927912
-0.25058480690003404
-0.2619383984550773
-0.26681064123755344
-0.22987877895022452
-0.252652317519311
-0.24250402593389456
-0.2507451023804665
-0.23151177047706598
-0.2493922285573474
-0.24781965614420923
-0.26184173151549056
-0.25372008714063266
-0.2448502463827792
-0.24936547270610265
-0.2559666749286024
-0.24774262773038946
-0.237134208940422
-0.2528568500924388
-0.22932728715165546
-0.23642575690289017
-0.24144079141424374
-0.2502443997212026
-0.25657246833448466
-0.25351206014151517
-0.2493654697462313
-0.24785165709673393
-0.2651396879534188
-0.24065156706310958
-0.25024877900450004
-0.23692974633714448
-0.2572216276863688
-0.24033305469922994
-0.2509929506364561
-0.24153492227196693
-0.24604583972959443
-0.23557054071200761
-0.25258401845042644
-0.23582627140890491
-0.2475193145869654
-0.25972686565824243
-0.2531451789722571
-0.2583870778825541
-0.24804033946834111
-0.2513722616515541
-0.2390632283711723
-0.24403119525355607
-0.25654110563956656
-0.2510875007854058
-0.24259945691039084
-0.23349253183583302
-0.24263430968198457
-0.24423278862165537
-0.23572229133326908
-0.23532340392802167
-0.2584426817031736
-0.23868990024864703
-0.25785375311065784
-0.24127330627247148
-0.2380030574630531
-0.245727327901131
-0.24985477337585424
-0.2547989437952336
-0.24504452359368686
-0.25188735800866896
-0.22952879664416498
-0.24490657049468775
-0.25620190796219866
-0.24878371028825338
-0.24300221650887596
-0.254287014613569
-0.24484989629975457
-0.24905693139654664
-0.255019642630411
-0.24378757396013465
-0.24609042250886862
-0.24334308572173843
-0.23586477219364663
-0.24838640922793614
-0.25726214237039885
-0.26239568715243927
-0.25775133724407356
-0.2363947203518589
-0.24680838842502972
-0.2579447968074909
-0.2707750642283816
-0.26152875319666224
-0.25512566112796303
-0.259460942815944
-0.24610405544625966
-0.2569470767851783
-0.2484241423144303
-0.26340732825278995
-0.24569877491215705
-0.23470206510630032
-0.24102931198577288
-0.24917717239167164
-0.24508335394973335
-0.25210899485064
-0.24768821836679208
-0.2414148061532482
-0.24754053534966278
-0.24332066761850105
-0.24608166829535835
-0.25473158326007517
-0.25769611968383616
-0.2364324742913065
-0.24768364655329028
-0.2515731275846111
-0.2426711723268756
-0.23128564672559682
-0.2543386682219472
-0.24893624565530162
-0.24405470520596356
-0.23973501212178513
-0.2573509110733565
-0.24833555599139165
-0.25215699612200715
-0.2432863000169517
-0.24225829254839615
-0.24549529856063335
-0.2515029124385368
-0.25715021709138564
-0.24842991369214618
-0.24334842886074412
-0.2542466806014057
-0.2670575142545844
-0.24709464010720325
-0.24898476682995496
-0.255796628185974
-0.2490964647691682
-0.24617575285371832
-0.22907147976015563
-0.24378604540669244
-0.24725913213422665
-0.23965659899531527
-0.22814556587532706
-0.2410161887891289
-0.23163740928869256
-0.25248242686936245
-0.24812002407541492
-0.23543233253996865
-0.2348181785419885
-0.22983234819884485
-0.24476139649168138
-0.25375925838147945
-0.24642997350815216
-0.23521071085259732
-0.24406931976135443
-0.24902612961798545
-0.24152275714797047
-0.26030363142490387
-0.23723275119321882
-0.2398709511376827
-0.24851508786230675
-0.252391342576103
-0.24223354239175135
-0.2518249286210489
-0.26209992887267547
-0.2427219782733483
-0.24867550435057476
-0.24403561394179035
-0.24572709155257655
-0.23782843887911514
-0.2526818376113679
-0.24955004924196356
-0.2488835458436355
-0.24044765682272642
-0.24869823785355458
-0.2396402113509142
-0.24325575845632777
-0.2410094895464206
-0.2360809896544738
-0.2399677677449548
-0.25397348828116045
-0.25088445405637927
-0.2420003327356297
-0.2427622680062134
-0.25515753270535985
-0.24699715342040848
-0.25396219747299364
-0.24364187795459574
-0.26387125842069625
-0.2513203977659978
-0.24094953682831666
-0.2560855604647866
-0.24379840716795037
-0.24800642991913596
-0.26029071417686184
-0.24493042939825188
-0.2548137513801893
-0.2553395421398796
-0.2403829682299532
-0.23688094056614858
-0.24096735508411157
-0.23771158746077947
-0.2503569174184641
-0.25068851926096297
-0.2568518776778388
-0.2367918903111481
-0.24773752355692635
-0.25290929889099045
-0.2630359848041223
-0.2521801018929071
-0.252201672888508
-0.2497303899667916
-0.24618710880191347
-0.23850317217922404
-0.2332645863754607
-0.24193116381664492
-0.23757185274735093
-0.2415007907474934
-0.2592548376282956
-0.23882344338631914
-0.24868908678351143
-0.23835767654660592
-0.2527434994440209
-0.24837335702861368
-0.24401210465653222
-0.24332410236443525
-0.23843314209179992
-0.25736937245829145
-0.2311838624135474
-0.2570397699202754
-0.25581513376537
-0.2535920903569291
-0.2576430496550152
-0.250904645544556
-0.26252429273784506
-0.24454930519707774
-0.23581303811824395
-0.23774592147815807
-0.263512681284071
-0.2592500105711371
-0.2535147682008586
-0.24245418120281176
-0.24828289202998885
-0.25774680583281556
-0.25420877993788366
-0.25479188993018687
-0.23857767340210587
-0.24597310231855282
-0.25301103304453226
-0.2465869748742444
-0.24111988957073946
-0.2505984224071764
-0.2547662566502688
-0.27549757144643894
-0.25492880793348677
-0.25287328594880787
-0.23900216995919432
-0.25642274621957045
-0.24508368036132833
-0.249918100119073
-0.25628726295221915
-0.22882666076705055
-0.2444907623674977
-0.2415080324384697
-0.24477972868106024
-0.24715236662547688
-0.24211971787641556
-0.2438488527038983
-0.2592680821259344
-0.2358228045002923
-0.2744055427822516
-0.24706934682783568
-0.2526409319519001
-0.24215318909545192
-0.24885594796555244
-0.2384043443978195
-0.269687951050382
-0.23989608978828122
-0.24943849036417268
-0.25144152251272067
-0.24205071503213543
-0.2608398061466256
-0.2513999651386007
-0.22213460883193534
-0.23723491014175585
-0.24918414476263498
-0.24832273586106446
-0.2519291455599174
-0.24913439644794716
-0.2549708011118989
-0.25799684000280704
-0.26074960489987364
-0.2494754237330213
-0.2592295473554598
-0.2287238821849653
-0.23350093438316452
-0.23609281257398215
-0.23670392407025193
-0.24868742663880833
-0.24481558013748572
-0.250603509453212
-0.25229365793377284
-0.2513635900052574
-0.23746386585900417
-0.25099875235002533
-0.24129373632439297
-0.24561104470550985
-0.26428645525715855
-0.25045976932594166
-0.24156395900949293
