-68.1670286622465
-331.6073464775964
-397.8200499187417
-389.4484268047843
-423.57734210809804
-462.6956071414156
-468.70860196038876
-533.7131590953071
-420.31652090186896
-578.9117571966989
-493.71778089110205
-601.5522035871234
-572.3069801506359
-612.4661853983655
-625.959240680466
-577.6719223936582
-632.1749397664576
-643.1872573711905
-652.7001435591878
-670.1552682867797
-685.7975414030013
-692.7105338452599
-719.3617602053876
-742.5778711556289
-660.8636737067578
-653.8808005987773
-728.8840698272951
-715.1953034906344
-724.0447863433768
-757.9037436296313
-732.2263717475574
-729.3195797968569
-754.3483612658241
-728.8019635314765
-727.3404918442124
-761.0139366536646
-742.1742089355047
-775.2535398456907
-774.9751611876598
-788.1466700118808
-806.847229078618
-765.5737386431013
-792.2922077091059
-764.93762681671
-809.4629221621747
-809.834027513381
-825.4049195320375
-794.7032864829912
-817.150323841429
-738.2481041372097
-768.2853929546022
-813.8214925818729
-840.4430175992201
-792.7860714081795
-834.9143068427863
-833.1796454152753
-788.74620087795
-828.9024543938
-794.7264404560564
-856.2883648235128
-807.4432831865302
-867.2609165385022
-835.2007159285831
-786.4245182160408
-829.1123897007534
-834.0981288329797
-805.0630134986842
-828.0213589997885
-842.1651918965001
-835.7752281751501
-839.2101519360521
-826.6552369429769
-853.1558143158662
-802.2014443182176
-819.3854649275679
-874.3648334274643
-852.3553208030314
-882.1562720092211
-852.7266965945196
-815.648071253904
-832.9864848967521
-836.9524833749516
-841.2479931264429
-879.2546388740363
-875.7412275674706
-863.9392130979195
-839.5810525120678
-829.0589371694398
-871.3238168883433
-914.8423326378045
-833.5331436368177
-851.3407710202828
-847.1091483331496
-829.6618208445711
-856.0094311797674
-885.4382788662537
-850.6616934499433
-860.2281162288332
-865.1278158266973
-858.1339514244537
-845.2199427521174
-854.7443372093587
-832.3796021070349
-858.4048177569692
-896.1908767541983
-868.9918564475627
-894.1570864734562
-846.5388605847337
-870.7064875941122
-854.1886402956352
-864.7071828589461
-849.5000549175772
-857.9744478788244
-890.2931099816951
-863.2194497947869
-827.8899736536264
-902.0332977013654
-892.303793768729
-849.0521346314163
-901.6188403362503
-896.9381854501188
-922.5703042201732
-868.1211463119577
-876.0209657343851
-880.1532285839731
-858.8857880341842
-883.4612258348596
-886.6471964752619
-866.839542929478
-903.2612734675956
-919.3916921483756
-822.4951173676873
-916.4983919908374
-930.0292107103057
-916.3676483971732
-902.9161807293167
-861.5745632505636
-895.3110726176319
-876.5677156228624
-901.9850964700022
-898.7687034958518
-919.4378407561834
-896.4929802538612
-908.1050334174512
-915.7078420050133
-829.5487879388344
-867.0719743719848
-880.4790073166245
-871.8513212951098
-936.8289104760518
-901.5723568744924
-895.7052319785967
-908.711779440603
-911.5762872827768
-863.9438674153271
-894.0526323098741
-907.4255764341574
-938.4191159367012
-937.6022672345562
-894.2966377855995
-945.2644434282856
-897.5782198620282
-896.507946748338
-874.5144288023496
-922.9935967230027
-911.1332312377367
-935.3276656498008
-908.7512992109571
-946.3936563395135
-851.3534208025251
-921.1793147935296
-922.6872586368966
-912.9264312603507
-920.3247938727453
-883.6046619063699
-920.1162409628591
-904.1648835212953
-940.2101074078116
-900.6637766086561
-949.9788664189352
-894.7299353955528
-928.6940784718034
-972.1117427140337
-914.4427711029756
-902.9296991110947
-904.793171095958
-975.7010970928702
-940.7951287739837
-909.4853206757576
-905.1293421099263
-907.4384662127165
-939.4037099038401
-874.776898458806
-919.8677147720267
-922.6268399849465
-965.6108702624448
-927.6329983478317
-941.3895997078188
-946.289134276078
-954.5890061338926
-862.5975596871793
-915.6946770452683
-948.9687869867422
-892.5078539694509
-906.6283733350341
-958.0005725034371
-954.9507495510962
-901.8746574507331
-877.1987797038346
-935.0509755710303
-908.9444881034887
-910.898320316719
-914.5388472948206
-984.8780899399436
-912.7142895905104
-952.0418435373614
-907.4143741713142
-924.5212235340874
-999.1070036997993
-921.783785617846
-942.5707658337009
-904.7339497403615
-937.0774325357604
-895.3195358311526
-943.0865058723133
-971.2017910865045
-951.3255190168109
-941.6351964330893
-952.2385646275112
-863.5372075726909
-921.8500762447234
-941.3238592894945
-949.3035207300143
-972.2675298875378
-1005.3622317248225
-905.914390259624
-915.4970490416074
-915.4915454882081
-911.8277865291191
-939.861336352089
-961.5562042025377
-963.2041761424684
-947.2664619173322
-900.9872536109889
-917.593196271202
-913.3787291917932
-940.0607715839615
-963.6990238224856
-942.7920412687662
-918.7404582643289
-890.476716344807
-933.5570749731107
-978.5789727857036
-961.9973722888577
-931.3332391905894
-949.6012821285406
-941.2002259003951
-923.1534471643686
-942.7598741241314
-943.2855365594961
-954.7736203681488
-964.3361477654101
-974.4186060615399
-989.0496271722328
-987.899033542053
-1009.2613621724915
-941.1411545243681
-936.5672802024174
-964.2878661968741
-924.8841970505252
-947.0574806362803
-944.7195737812376
-936.7866928874073
-966.5477827573152
-965.7320758977793
-927.5238333847116
-951.6994873960996
-948.6998974189231
-928.0177772539552
-949.8459542951276
-976.2317761715656
-923.9680182373469
-954.3984075207865
-982.5941829813241
-989.9055218410931
-923.5481378801408
-1006.7010160525274
-956.8641835225892
-945.9691788545952
-928.4451564687738
-951.1795756959696
-994.4263927925567
-890.9373717242122
-935.2560921242709
-997.3764117983629
-921.0924803078999
-941.9095868580902
-988.8979476366175
-958.3660000568161
-949.082391519151
-993.0233276296871
-1010.6124004065166
-975.7633330349548
-933.788987911242
-968.5385615869601
-993.9230639374201
-914.9415139756444
-977.8532694539716
-985.5474536385954
-968.6112010621805
-990.2726881317279
-946.2573620844546
-1032.2560801352224
-972.6979687246859
-964.7835766664848
-990.9140413345829
-988.3224739742718
-1016.9233972575807
-942.7051796275899
-999.980224046839
-971.566591341924
-975.8687923800561
-972.1339754025507
-973.3833358870124
-1013.6512280301564
-971.0008290286438
-976.932191170855
-956.9258474182973
-967.9931664027376
-979.8988965205882
-996.65501488189
-953.4501702972271
-960.4712469918387
-1015.2247462821996
-947.6721460368776
-1017.0066999444215
-994.8807834897723
-1001.69119926312
-1014.6192337950254
-954.7598435098674
-991.8631206459713
-1000.6646833991125
-981.122569070983
-934.3622504379342
-968.1297787081811
-1007.741957422775
-1004.6601169779553
-990.0318012501237
-1012.1007557486608
-963.9862251809116
-956.0686957363708
-997.77515316449
-977.2261349286902
-967.7143011137088
-961.5140009058237
-1011.1730821143647
-963.2106157997237
-968.3135023512599
-962.634688808072
-988.3734418335049
-984.3255997407272
-1000.577510816161
-992.5759596582932
-991.7253747579689
-1005.2903929943313
-996.3980803599555
-975.8046190112417
-993.8779521537816
-1013.0145094207904
-1023.7023470127089
-976.9039374232841
-1020.0121084116571
-952.7120665537047
-987.305582956235
-1021.5786622921992
-1026.8502049072547
-997.2662082443588
-1030.0467597328573
-980.0619274086666
-1023.0474381688553
-983.1024160780665
-967.1424670329292
-992.247812367804
-973.9204850878034
-1016.7169706634662
-906.1635801781158
-988.8224827111592
-1007.638688188544
-1000.4686263980954
-1005.197589254599
-985.299905519881
-937.7172690184984
-999.5127576133623
-1045.5164463025633
-967.9675142666161
-976.4624512140653
-978.7331524071056
-993.907342901977
-1007.4361659458706
-1042.2106047247962
