3.7478216875911654e-06
9.638671089906109e-07
8.233654921529542e-07
-7.31308729694242e-07
-1.189412746661484e-06
-9.090991212092308e-07
-5.082410820966166e-07
-6.403935713780331e-07
8.448905592723564e-07
-5.463207668128951e-09
1.0301639853295862e-06
6.811405133726426e-07
3.3908910193191996e-07
6.408903527856465e-07
-1.2336488254901323e-08
-7.410432533166542e-07
5.211870593474013e-08
-5.564599644930117e-07
1.2174553890570862e-07
4.797830679926595e-07
-4.647515270201539e-07
-5.08553763614775e-07
4.524926281246651e-07
-1.1786515518301943e-06
-7.920318045902948e-07
1.2130470716757028e-06
-8.25467458819218e-07
-1.8812548797208039e-07
1.481757941660844e-07
-2.8790417972974964e-06
-2.7084817490497778e-06
-5.132764325746177e-06
-1.0936117746234214e-05
-4.9588661816059766e-05
-6.069552493231703e-05
-0.0001293031646095185
-0.0002891796009837299
-0.0004905662002729598
-0.0012450643571942383
-0.0024624132553734044
-0.005833458342154356
-0.00636385663454323
-0.0102885937415308
-0.01347472741588315
-0.018092061218071713
-0.017643487536534025
-0.01911204452637137
-0.021475428011491552
-0.024392112308318087
-0.022106874429411307
-0.019841683678187363
-0.026900560171547246
-0.03468350695729393
-0.031371943825106934
-0.027824376018610323
-0.027122150528274717
-0.027310858049573727
-0.031311851509842455
-0.028843574607605327
-0.03311141897910296
-0.029281914577506105
-0.0297496678835545
-0.029462830083469393
-0.03227048185825657
-0.033762048179399616
-0.03415166074688378
-0.04415348182032142
-0.04485162967936166
-0.04850787016341016
-0.04928568663013335
-0.04702715403808083
-0.04366967257525083
-0.05224487365948783
-0.04571766669707467
-0.0554799274015691
-0.05234018921442244
-0.04737390814915574
-0.05571733352117678
-0.05995779703392686
-0.05648177855944235
-0.05835457107702416
-0.055988328462447286
-0.06144007693649987
-0.06386234224795402
-0.06926772337458376
-0.06846944550975025
-0.06887802750922091
-0.06792518147039399
-0.07633202628571592
-0.08564079465335965
-0.08063356817403834
-0.07108388225062995
-0.07398285419564299
-0.08233896743673574
-0.08671229142772918
-0.09050580253610001
-0.08459650380708586
-0.09464225776518764
-0.08638625166728697
-0.09140410967394366
-0.09611616257475131
-0.0898813664025846
-0.08198808195833374
-0.0871551660745735
-0.09373113318788497
-0.09152608143899607
-0.08450465315517279
-0.09236986228706924
-0.094160615895716
-0.09207547492935636
-0.09183012570918662
-0.09485602136787182
-0.09849740060817232
-0.1097174766924112
-0.10549823475426517
-0.09534188000107621
-0.11239173616956456
-0.10727566183697054
-0.10683308691693007
-0.11703292741295387
-0.10820084955749286
-0.1251050027533679
-0.11942833760315509
-0.105382165974564
-0.1160551282547174
-0.11293830543172799
-0.11546277308896664
-0.10423844275472488
-0.10860266856830954
-0.11714529804348911
-0.12395827978214223
-0.10564274020055266
-0.11802680068112875
-0.13196268187479593
-0.11767714905170595
-0.11372600154831045
-0.11797426263093605
-0.1262290515670819
-0.11798678134452156
-0.12947803948606765
-0.1310221629758035
-0.12895745968592057
-0.11947916212925164
-0.12453763913964072
-0.1164242837423553
-0.11240800261961013
-0.11690155131750941
-0.12642828754497015
-0.1341695026258513
-0.1418466054800091
-0.13790006054273468
-0.13099296948087105
-0.1278504457945446
-0.13616009059679707
-0.13169568867212342
-0.13340495431190572
-0.1298049504242082
-0.13664838307604735
-0.13620323950987018
-0.13223132496261927
-0.14887417780776177
-0.1410855126453452
-0.13746964809493364
-0.1331187563214434
-0.13375739729212177
-0.13794866966057895
-0.12899652103118786
-0.14087940162033796
-0.1441080364617809
-0.13558727775781934
-0.13428709342805367
-0.14750695616556203
-0.14777908185797353
-0.14885071176855313
-0.13605000094128644
-0.14112234492850606
-0.14555136105775285
-0.14991161585163137
-0.13322793622179308
-0.1510409114298664
-0.14402165888349444
-0.15377354736907692
-0.15174661770093895
-0.14192850619108172
-0.14319629191039002
-0.1375559576251115
-0.15903423241155076
-0.16005318465294993
-0.14784545240245656
-0.1389551369499089
-0.14925757296649472
-0.1533775596712042
-0.1397896920993907
-0.15749135401318803
-0.14655406183824973
-0.1549774404590486
-0.15374169467351817
-0.15390130671487975
-0.16068452026068408
-0.15702483927925473
-0.14329026632809214
-0.14748046978501267
-0.15995164161487932
-0.14568200806683693
-0.15171661204980336
-0.15767727623594932
-0.1520487155726669
-0.14995891951058868
-0.1462365580220548
-0.16092890499949386
-0.1622001783759226
-0.14641558861334203
-0.15526340397134905
-0.17284188027309108
-0.1431644255561488
-0.15014213768653742
-0.14887416332076017
-0.1481393693178068
-0.16217059327916067
-0.1579156991583617
-0.16233453474732862
-0.15764404708639748
-0.15434935869764932
-0.15063491095209383
-0.15906265879281656
-0.1753956008668182
-0.16176812284656109
-0.16876809219486394
-0.1611111510527848
-0.14597849077051547
-0.15669760209709954
-0.17046405732511513
-0.1730774637088523
-0.17265990060595324
-0.1737709550470251
-0.16614820504267297
-0.1591717959403099
-0.15665125418540246
-0.16524011532299668
-0.16150315005272145
-0.16203851365239663
-0.16461749777760065
-0.16819991783962118
-0.1630799630978724
-0.15609513718016824
-0.1582678582965641
-0.1590308060458902
-0.15646086803804826
-0.16319638280378235
-0.15637871032057132
-0.15075963627641445
-0.15308816858013655
-0.17009537615748938
-0.16523301569221344
-0.16541123725388043
-0.17594461495588934
-0.1615982446390363
-0.16163304932565697
-0.167709789556464
-0.15085453499207266
-0.17268231377640764
-0.16827296188813612
-0.17088421652241598
-0.17905856830321148
-0.17346617535683692
-0.1822695769001278
-0.1639790628513124
-0.1674206893084236
-0.17154657875063234
-0.16447577921862494
-0.18102154948411742
-0.16734213682217738
-0.1654102712062784
-0.167278712924381
-0.17135256466837728
-0.16244184093395342
-0.16671215274160908
-0.17135687256907864
-0.164386913141725
-0.17355911559393106
-0.16848254019248596
-0.15919646930216688
-0.168875229553253
-0.1748667554546272
-0.17666331966180132
-0.15711948063067904
-0.1833638386448957
-0.17626986820851603
-0.164102443418796
-0.1636304200395152
-0.17245455583222724
-0.16323804607065523
-0.156273234781513
-0.17051886820528347
-0.1864318045839015
-0.16469708217140544
-0.1657942003905258
-0.1834188158267654
-0.1673807924536104
-0.17486026606947389
-0.16874146249471447
-0.18041302273178705
-0.16040759840534896
-0.1540051950292001
-0.166209229108532
-0.17382697673720493
-0.159499215047961
-0.17263587498712818
-0.16846037632624794
-0.17438609260971302
-0.16919857787165773
-0.1707461062155681
-0.18017783771324816
-0.1669611975138638
-0.16272313776318723
-0.1700868819419655
-0.17194908851337048
-0.17990303521950124
-0.16401821646564704
-0.17895924279354683
-0.1684053215736841
-0.1718182638673807
-0.17800893505964394
-0.17424447019517417
-0.1919633576878205
-0.1727083034315554
-0.17144586109799817
-0.1671515625862894
-0.16017282709440706
-0.16723438128099394
-0.17589404250276253
-0.1670479169136883
-0.1727219138483298
-0.18816090317674772
-0.16929121863972482
-0.18594602349510392
-0.1746613586166968
-0.18314842922690278
-0.1833861673053371
-0.1686496717387527
-0.17384281579629315
-0.17981140108667484
-0.16806801616252842
-0.1651848841819071
-0.1661838787620724
-0.18017610510991466
-0.18016385060653503
-0.17473107883663772
-0.171519991459458
-0.17380264861517788
-0.16503958802129473
-0.1794202136528176
-0.16681758541729697
-0.17015936916633959
-0.18279267044969694
-0.17752622913843888
-0.17467147344508754
-0.1721130702647269
-0.16037728236628748
-0.1747492735385723
-0.17419852902560198
-0.19183006138467842
-0.1831999846566726
-0.1756600660469366
-0.1769774846264809
-0.18529828534405765
-0.1733168074947005
-0.17831341452759258
-0.1790608697622362
-0.1849309966689156
-0.17468520461405684
-0.18669876857974013
-0.17767154996193224
-0.18183897071505128
-0.18221393371781996
-0.18717151872753615
-0.18219057093095464
-0.19145392887465965
-0.18041754393808304
-0.18554552884832506
-0.17447854248669498
-0.18979603543980605
-0.18243740279278997
-0.17265781840150704
-0.18355619832701672
-0.17162327428052226
-0.17830967212585122
-0.179753664813395
-0.17043093703381398
-0.17217162122932791
-0.17211483932939284
-0.1673345234124891
-0.18495277099929372
-0.19170524089807464
-0.17958916791109583
-0.1788431968183733
-0.17571439954327756
-0.17974326974811025
-0.17953611648971995
-0.19094986355249782
