9.141023635864258
5.334386348724365
3.9190173149108887
3.032626152038574
3.4678664207458496
3.622608184814453
3.185441732406616
2.7249834537506104
2.418461799621582
2.2935450077056885
2.3176615238189697
2.3179914951324463
2.5443263053894043
2.3199055194854736
2.3192784786224365
2.3193349838256836
2.319291353225708
2.3193769454956055
2.319481611251831
2.3193368911743164
2.319291591644287
2.322422742843628
2.317291736602783
2.408877372741699
2.318248748779297
2.3188676834106445
2.3187525272369385
2.318629264831543
2.318498134613037
2.318359375
2.3182144165039062
2.318063974380493
2.31790828704834
2.3177480697631836
2.3175835609436035
2.317416191101074
2.3172459602355957
2.317072629928589
2.3168983459472656
2.3167221546173096
2.316544771194458
2.316365957260132
2.316187620162964
2.3160080909729004
2.315829038619995
2.3156497478485107
2.3154704570770264
2.3152925968170166
2.315115451812744
2.31493878364563
2.314763069152832
2.314589262008667
2.3144164085388184
2.3142457008361816
2.3140757083892822
2.3139069080352783
2.3137409687042236
2.3135757446289062
2.313413143157959
2.3132524490356445
2.313093662261963
2.312936544418335
2.3127810955047607
2.3126282691955566
2.312476873397827
2.312328338623047
2.3121817111968994
2.3120367527008057
2.3118937015533447
2.311753034591675
2.311614751815796
2.31147837638855
2.3113439083099365
2.311211585998535
2.3110809326171875
2.310952663421631
2.3108267784118652
2.310701847076416
2.310580015182495
2.310459613800049
2.3103408813476562
2.3102242946624756
2.3101093769073486
2.3099968433380127
2.309885263442993
2.3097760677337646
2.3096683025360107
2.3095622062683105
2.3094584941864014
2.3093559741973877
2.3092546463012695
2.3091557025909424
2.3090579509735107
2.308962106704712
2.3088676929473877
2.308774709701538
2.308682680130005
2.3085927963256836
2.3085038661956787
2.3084168434143066
2.30833101272583
2.308245897293091
2.3081626892089844
2.3080809116363525
2.308000087738037
2.3079209327697754
2.307842254638672
2.307765245437622
2.3076894283294678
2.30761456489563
2.3075408935546875
2.3074679374694824
2.307396650314331
2.307326316833496
2.3072564601898193
2.3071885108947754
2.3071210384368896
2.3070547580718994
2.3069887161254883
2.30692458152771
2.30686092376709
2.306797981262207
2.306736707687378
2.3066749572753906
2.3066153526306152
2.306556224822998
2.3064980506896973
2.3064401149749756
2.306382894515991
2.3063273429870605
2.306272268295288
2.3062174320220947
2.306164026260376
2.306110382080078
2.306058406829834
2.306007146835327
2.3059561252593994
2.305906057357788
2.305856227874756
2.305807590484619
2.3057591915130615
2.3057119846343994
2.305664539337158
2.30561900138855
2.305572986602783
2.305527925491333
2.3054840564727783
2.3054397106170654
2.305396556854248
2.305354118347168
2.305311918258667
2.305269956588745
2.3052287101745605
2.3051886558532715
2.3051490783691406
2.3051095008850098
2.305070161819458
2.3050315380096436
2.3049943447113037
2.3049566745758057
2.3049204349517822
2.3048837184906006
2.3048479557037354
2.3048133850097656
2.304778575897217
2.3047430515289307
2.3047094345092773
2.3046762943267822
2.304642915725708
2.304610252380371
2.3045780658721924
2.304546356201172
2.3045156002044678
2.3044846057891846
2.3044540882110596
2.3044240474700928
2.304394245147705
2.304365396499634
2.3043365478515625
2.3043086528778076
2.3042805194854736
2.304252862930298
2.3042259216308594
2.3041982650756836
2.3041720390319824
2.3041462898254395
2.3041205406188965
2.3040950298309326
2.304070234298706
2.3040452003479004
2.3040213584899902
2.3039965629577637
2.303973913192749
2.303950309753418
2.303927421569824
2.3039050102233887
2.303882360458374
2.3038601875305176
2.3038389682769775
2.3038177490234375
