836.4180606797162
768.6140640348547
736.1420834754495
614.4784083691766
611.7475980377197
578.6676430466596
567.6585918920181
594.6842380433924
583.9093642021628
582.7520500138227
587.6459825717702
586.1656531793931
575.9499663902732
567.4445404636159
576.8790255153881
564.9365938164206
569.2150323217055
558.0208472487506
541.314359068029
538.7543498050466
525.0507646448472
521.9767030244715
521.6836019538431
501.79088003270766
488.1197209975299
488.14837067099177
490.4150570409438
487.4819678631951
479.1555475571576
475.71665554271027
483.154688837388
491.4977322926241
486.3393344340605
472.10052735272575
462.16235234877644
484.7772684029972
451.23384911032286
480.66951000886803
462.65837852926813
451.12935003392835
