1.0, 1.0, 135.0 
1.0, 1.0, 135.0 
1.0, 1.0, 135.0 
1.0, 1.0, 135.0 
1.0, 1.0, 135.0 
1.0, 1.0, 135.0 
1.0, 1.0, 135.0 
1.0, 1.0, 135.0 
1.0, 1.0, 135.0 
1.0, 1.0, 135.0 
1.0, 1.0, 135.0 
1.0, 1.0, 135.0 
1.0, 1.0, 135.0 
1.0, 1.0, 135.0 
1.0, 1.0, 135.0 
1.0, 1.0, 135.0 
1.0, 1.0, 135.0 
1.0, 1.0, 135.0 
1.0, 1.0, 135.0 
1.0, 1.0, 135.0 
1.0, 1.0, 135.0 
1.0, 1.0, 135.0 
1.0, 1.0, 135.0 
1.0, 1.0, 135.0 
1.0, 1.0, 135.0 
1.0, 1.0, 135.0 
1.0, 1.0, 135.0 
1.0, 1.0, 135.0 
1.0, 1.0, 135.0 
1.0, 1.0, 135.0 
1.0, 1.0, 135.0 
1.0, 1.0, 135.0 
1.0, 1.0, 135.0 
1.0, 1.0, 135.0 
1.0, 1.0, 135.0 
1.0, 1.0, 135.0 
1.0, 1.0, 135.0 
1.0, 1.0, 135.0 
1.0, 1.0, 135.0 
1.0, 1.0, 135.0 
1.0, 1.0, 135.0 
1.0, 1.0, 135.0 
1.0, 1.0, 135.0 
1.0, 1.0, 135.0 
1.0, 1.0, 135.0 
1.0, 1.0, 135.0 
1.0, 1.0, 135.0 
1.0, 1.0, 135.0 
1.0, 1.0, 135.0 
1.0, 1.0, 135.0 
0.10575397035026272, 2.6919808578067004, 27.305798198809956 
0.10852414190235489, 2.6568012038999096, 31.681078316694247 
0.12545153565540368, 2.6385745859103737, 31.856473588620087 
0.1435740122440056, 2.6620623361038307, 26.239092973042062 
0.1389158460424138, 2.677185035819799, 24.826380948601344 
0.12919141296137931, 2.675776517988602, 26.32932932175254 
0.12258293396690577, 2.6939893362882508, 24.762743515553765 
0.13199758928485736, 2.697659589334494, 22.996280886387606 
0.11934543183617564, 2.678065808757439, 27.349482519862033 
0.13741246007045163, 2.686443181415646, 23.779488399376778 
0.16062578810739475, 2.657514609896228, 24.55104626951089 
0.12203541723624448, 2.708415393567729, 22.889140541463558 
0.11121824235558578, 2.7409874521284507, 19.952231244655092 
0.12447564642391377, 2.7223225451146336, 20.68224414229612 
0.10538261049659503, 2.7402828011944265, 20.835169421712063 
0.10419439182563464, 2.7334199891026665, 21.92205857467937 
0.11761857247517137, 2.720682687648588, 21.82932988329259 
0.1129041844523058, 2.6987459813680283, 25.42722761425484 
0.12169640270946772, 2.7231103903390332, 20.95108293845239 
0.11373596590505315, 2.7191243841336243, 22.563852744778615 
0.1023322003647086, 2.741463409481304, 21.08759267078831 
0.10443376846010936, 2.7512374690511083, 19.48438293598573 
0.08965754848511609, 2.7662061233198267, 19.458404306332806 
0.09231101688602686, 2.7842425492877356, 16.66526856654213 
0.10489924664970529, 2.7525956088336243, 19.23819450975048 
0.09407870623016926, 2.7714039121989558, 18.159846512068164 
0.08145047984158559, 2.7474344722202635, 23.100531471650413 
0.09266985000445875, 2.784683286100337, 16.557326625852596 
0.09913525397769704, 2.7688551911769252, 17.821289904125944 
0.1017164837267392, 2.764582106801616, 18.049690278672067 
0.08812409883860323, 2.77454122897569, 18.540180745070316 
0.07116082993088155, 2.7957966441656605, 17.96074099696679 
0.06910953497259023, 2.7931583223215917, 18.593839265285464 
0.08189501109646048, 2.7930254733170097, 16.88573460418157 
0.10068849205960662, 2.757333715548914, 19.16700197284964 
0.07652273728927632, 2.7821941352739357, 19.073222203966388 
0.08082570052121973, 2.8016075274067918, 15.871514229718525 
0.061558837111581666, 2.822661464874206, 15.63025923191872 
0.0760452366612132, 2.790710269169525, 17.988006712850286 
0.07561121682986562, 2.8090637554014513, 15.568878748772194 
0.06885157686280383, 2.8124982521003017, 16.017773089980796 
0.07855125174025945, 2.7854097510276046, 18.365264626338362 
0.07250791495374023, 2.800545533312137, 17.13778448410659 
0.05875736834311441, 2.8201096725330554, 16.35294948171712 
0.05137264152954195, 2.8200427072318535, 17.358927917211535 
0.071058758190592, 2.81162884576117, 15.837173466512143 
0.07246278430914294, 2.7787926894451, 20.080511043177253 
0.06142835059321816, 2.7929923060655173, 19.653211351070752 
0.06208824215395251, 2.8034196865340255, 18.156429627122915 
0.06186517876925538, 2.8080271778132713, 17.56453186135881 
0.06567805520625702, 2.805030978421451, 17.45428046025945 
0.048408786450168606, 2.837072433932433, 15.460035248348776 
0.06602576141451072, 2.8305825267950597, 13.957881091707947 
0.05412108551228033, 2.8196705536826157, 17.03812870868907 
0.05731072068346757, 2.810466741857585, 17.850042556957927 
0.04231188183639588, 2.851956408569929, 14.273780795146143 
0.06827176456465742, 2.8154499267641695, 15.697571670608337 
0.04185111046653321, 2.8680419123415186, 12.164441920913028 
0.05712438693969524, 2.843440861548118, 13.423691454145251 
0.054028325887324494, 2.851277729191441, 12.783682564366593 
0.0521131711649493, 2.844158965142535, 14.00326159848961 
0.04851933788539842, 2.856428987006542, 12.831976139588052 
0.050638651741727665, 2.85755679254664, 12.393615021070408 
0.054123678647096364, 2.8364046637558915, 14.778673775596566 
0.046953802664824774, 2.817510911673232, 18.297263564362286 
0.046427961924766004, 2.854190162949698, 13.41655314194734 
0.047818047352419686, 2.8392998100776294, 15.239089246943292 
0.03740986434640444, 2.87536606868445, 11.775249040834677 
0.04174899986870912, 2.8520663273185303, 14.33493082972271 
0.05003251361322254, 2.849479930430632, 13.565820054079564 
0.04330172485610443, 2.870249685870254, 11.67055955194159 
0.047550106273994745, 2.8778302935656517, 10.0736460216477 
0.0440892145459493, 2.8767186224371355, 10.690942007283569 
0.04162682332644784, 2.888364812167466, 9.451129208321696 
0.04729193543782922, 2.8663412433155866, 11.659520868288887 
0.04815176033041838, 2.871467963120618, 10.851337334110196 
0.0405607037585409, 2.8913376270150666, 9.19372534556299 
0.03518137829199548, 2.8786658432596757, 11.630625090524408 
0.03755291814289315, 2.887963874868969, 10.055232943398703 
0.03849105493768317, 2.8820206787794396, 10.730915948188404 
0.03845730087206432, 2.8768311045318176, 11.436065270475932 
0.037814069267588096, 2.8788308358977375, 11.252937802681032 
0.03201631458957531, 2.9035317422185223, 8.701012330906774 
0.0435702860831748, 2.8857821267855623, 9.537424262720515 
0.03608606401325453, 2.894848869147547, 9.323784023291786 
0.03979365733798022, 2.9047757250903907, 7.483133372169862 
0.03564102322658756, 2.8933478340659815, 9.586504265503095 
0.03461366974799015, 2.88742049318504, 10.525388004040908 
0.03682680296696611, 2.8961029625910397, 9.05448164966915 
0.0378280816894767, 2.9062606532214246, 7.548020787028301 
0.035075699680879945, 2.887899750509146, 10.398314224346574 
0.0421522565309864, 2.884701232174496, 9.874779024759931 
0.03427337462888818, 2.8879576139978, 10.498816535397214 
0.028153931382541898, 2.908623810520256, 8.535004843122232 
0.03660301942690825, 2.910892724152721, 7.088074616750086 
0.03282308378626731, 2.906868173991156, 8.141680200047851 
0.03648592515719169, 2.909100508461931, 7.345831461418411 
0.03871179026032124, 2.910756040832356, 6.821842802488623 
0.028933094028531763, 2.912425970865893, 7.9165262392526605 
0.026384856211282715, 2.9207954219958374, 7.130662442038776 
0.03978176279661688, 2.904711594246394, 7.49339679919354 
0.030432323845927173, 2.8970447043825436, 9.790601189156448 
0.033004364043236145, 2.8864214330891396, 10.877517387129275 
0.04214833742215997, 2.910222106532912, 6.429990066065211 
0.03964001308646329, 2.9171732078584207, 5.830215172440562 
0.028097604251581178, 2.9187386796014927, 7.177101679835035 
0.03289078290758345, 2.9209803108040804, 6.227402348925412 
0.032657585182796864, 2.9195279989063936, 6.45494614795935 
0.031677037615742254, 2.9129556141301975, 7.474592014298072 
0.04063095490486893, 2.924166263121136, 4.752375566489354 
0.02945630248910203, 2.9143310534681404, 7.58870694577235 
0.029070822626715922, 2.9261214661905215, 6.049041009672958 
0.03131271277478046, 2.9270732058685036, 5.617900983156633 
0.027291790897299023, 2.9152612184444178, 7.7553437388683095 
0.03949963891491846, 2.901573790620804, 7.955087012677481 
0.03935809815712708, 2.918834762509532, 5.643963810001058 
0.03169336604367767, 2.9126191759584623, 7.5178068297111995 
0.029577433745463982, 2.922689628992167, 6.443946530419812 
0.03150738575029308, 2.9109410298976686, 7.769463887525182 
0.02461365150297272, 2.9311591733323676, 5.970668647229017 
0.03174665295853187, 2.9196444169422207, 6.562205563398434 
0.028447600222575496, 2.9252075486408766, 6.25655490343392 
0.039415820160003376, 2.9060055461850864, 7.368115543412859 
0.03138927277029507, 2.9342386317874536, 4.640232884703991 
0.02971667163945139, 2.9315098159793536, 5.23442417146129 
0.03612129868934416, 2.9161567757185636, 6.4424599549324615 
0.02903611068170069, 2.931342095736371, 5.348942133560362 
0.037050316859223116, 2.907370552297504, 7.503182663841882 
0.03947919226595528, 2.909955502852179, 6.826316159051856 
0.028084982869719378, 2.930319110851797, 5.615447347595252 
0.02747377395261518, 2.9383997842490297, 4.6070696427780105 
0.029822430502837536, 2.9008789152564494, 9.355318322496228 
0.029795839813814305, 2.90820378766163, 8.370050290814998 
0.03017856108855111, 2.909704410209359, 8.115798874782081 
0.02929125323914637, 2.9293520886706976, 5.5831488421711 
0.0326340468884021, 2.92169540407624, 6.165524119773278 
0.031751329124729076, 2.917357048437763, 6.870369029063511 
0.02605046987336768, 2.945967497482612, 3.777574406942668 
0.034522839483204004, 2.929259532317807, 4.8893798068635785 
0.033523845208084276, 2.9366617206545174, 4.024948608548782 
0.03189295095477962, 2.9142126374237156, 7.275745568903199 
0.029401623587829766, 2.9470650596375516, 3.1769977645735277 
0.028910682308791097, 2.9326446130946047, 5.19003512054161 
0.03500242532888511, 2.922368265089802, 5.754956793477185 
0.020254857094070124, 2.951083298358665, 3.8693490138807554 
0.029741411960567222, 2.940208733242467, 4.05673039759047 
0.028159246744536445, 2.944092739644654, 3.745981837459344 
0.02780408637929086, 2.940943972579396, 4.219012040577243 
0.034973480051666506, 2.913537012415973, 6.951083516868686 
0.030892969627791294, 2.9268751590636812, 5.701302626651166 
0.030408973318949793, 2.9221426796445233, 6.405526849931112 
0.025133504436940228, 2.9422201626645004, 4.4072549413055055 
0.028798987224138796, 2.9412795522947826, 4.039397164945647 
0.0220679080627031, 2.9499625115326435, 3.775893354628269 
0.0304501886521769, 2.9367780772588317, 4.4241841020138075 
0.03409777206342208, 2.928815875266057, 5.006657610520299 
0.02330153448950654, 2.9416666242106695, 4.729298575476245 
0.033303507026607324, 2.9405113000090406, 3.5350010501875544 
0.029500293403112377, 2.9392135477028365, 4.223631450696929 
0.02845192005461217, 2.936881230033348, 4.680024738125365 
0.03141820365117927, 2.932729637985876, 4.840041378997594 
0.032225776321010986, 2.9402118881659574, 3.720915294259275 
0.027063442499851, 2.9379237741420914, 4.726725753337772 
0.027266810363948533, 2.927523008776489, 6.103374416040866 
0.02548377795691904, 2.9371729902261863, 5.041336295280801 
0.03155446106193036, 2.9300350776032418, 5.185412280201729 
0.024336369948665948, 2.9481172193358387, 3.718765446591846 
0.03161990406381171, 2.9404411250722022, 3.7717610666380157 
0.03128540895277034, 2.949259547713411, 2.6264308500654345 
0.024596649776809587, 2.940912246086578, 4.656299058442733 
0.023987341610541377, 2.9477437317291724, 3.8163050991386602 
0.02651036002158172, 2.9477625232424285, 3.4731607593586666 
0.030655112482380818, 2.948908298606122, 2.7589395030521198 
0.028137055372344795, 2.928050137627769, 5.914728944984653 
0.025746210744817557, 2.919557554977915, 7.383991627431114 
0.02866883955614543, 2.9512502242498906, 2.710926386185199 
0.02848495464252326, 2.9086794236074125, 8.482808936258655 
0.027531556345619764, 2.921065482080494, 6.939399812474626 
0.029971903976471224, 2.9362196291026503, 4.564143034318577 
0.024331725860928525, 2.928178116027077, 6.4111713451193495 
0.02115239825774694, 2.9414281267256923, 5.051629127235716 
0.025321305654014702, 2.9381261116040736, 4.934598670158149 
0.025696464516841443, 2.9362549656680206, 5.1365569250436085 
0.025692252304227576, 2.942097460684468, 4.348388746526125 
0.035354070477457, 2.9435498252107997, 2.847974082085341 
0.030347310565784994, 2.9442381404185762, 3.4309641171112353 
0.02644894896609825, 2.954623797162644, 2.555179272619851 
0.03504036371744054, 2.928674075977968, 4.898550641119862 
0.03425062301222584, 2.9408388183286522, 3.3629254189814866 
0.03010975050217753, 2.9383745359190048, 4.254621333140444 
0.02607774989848058, 2.940905435557849, 4.457269963395502 
0.030344762709364, 2.929793991174508, 5.3812682256773 
0.0241175065165346, 2.9336130725452487, 5.706371826659326 
0.02382006617906481, 2.951726455283632, 3.301219602535968 
0.02653192850358875, 2.925401029325423, 6.489050693083469 
0.02695967747210019, 2.9226135295934466, 6.807617046151279 
0.024679364762908104, 2.9496964246875037, 3.459268424194441 
0.016065786121830516, 2.9605926851362607, 3.151106380157653 
0.02981111293473151, 2.9355400338073663, 4.677595189816725 
0.026785089245741876, 2.939160482260732, 4.597347846626042 
0.029415789131435045, 2.9359444339147833, 4.676369888760544 
0.024739632062199656, 2.934686140619139, 5.4775206880192995 
0.022400182546060646, 2.9405674449007106, 4.999370294685907 
0.02573983593348474, 2.9497429268978443, 3.3098270177705795 
0.020101038806764983, 2.9644016383036766, 2.092138590090334 
0.02222672215651752, 2.9558246587284276, 2.9630635805323737 
0.016681868482477658, 2.9322601129549852, 6.8928325059425175 
0.02696546308541963, 2.9291047278981437, 5.930524217218962 
0.02993849338261807, 2.9360687587899736, 4.589020956700158 
0.02556540521990893, 2.924462132421923, 6.746282418352744 
0.019641185931922593, 2.9585953050480076, 2.9380737177093947 
0.026110998321284665, 2.9246987575803782, 6.640682953275549 
0.02861030672006622, 2.946714072952101, 3.331208744257419 
0.03019349910133683, 2.9370738014441855, 4.418914426354559 
0.02094879048049966, 2.9534279201330653, 3.4591440671686766 
0.03085502046694873, 2.933451995268132, 4.8185528757640945 
0.024082956079289355, 2.934626814339504, 5.5741809934628614 
0.024705665989965278, 2.9589043666663275, 2.2126455914004297 
0.025892682778832457, 2.957926222311954, 2.18444781274385 
0.02057697547378139, 2.946440572921509, 4.452630966635811 
0.026633983690275757, 2.943691667019199, 4.006037154220959 
0.015526007547885667, 2.9469792468871234, 5.06179065127375 
0.021945809993665865, 2.949191315315276, 3.896488083292866 
0.03340202574890234, 2.9421117992879187, 3.305633620029181 
0.033330087281230165, 2.9424079555018157, 3.275364224288848 
0.02784746490219416, 2.9516469286036235, 2.7682568767146263 
0.03895941785507324, 2.9400305876203494, 2.836349260817976 
0.026090272592425218, 2.939274894908903, 4.675702387320622 
0.02553069791308272, 2.9289933189433235, 6.139257724385168 
0.02599186662272874, 2.942280157501924, 4.283276743171899 
0.03711496232079608, 2.9399919062627506, 3.090572741221176 
0.023393156715738838, 2.955309684814095, 2.875116393472453 
0.032353446852980805, 2.9527706097394386, 2.00825236002335 
0.026596153260994387, 2.9436367768651346, 4.018554432972517 
0.02777040200112384, 2.938698465662368, 4.526702865428643 
0.019548877488991055, 2.959747322653754, 2.795012980729446 
0.0267939041103664, 2.9260270044750496, 6.369177340968866 
0.025941703551521356, 2.9324265218724586, 5.620289567762663 
0.024596448196640214, 2.959229196216596, 2.1835380042130996 
0.018422881802548044, 2.960991524669156, 2.779055126319937 
0.02428770497273457, 2.9381193179037552, 5.075051911673872 
0.028554800485036474, 2.9482493219877366, 3.1314434661756128 
0.03219620389205771, 2.936684469574637, 4.201109081996255 
0.018349643666000618, 2.943631533130676, 5.132541132448641 
0.026124036782170297, 2.9168803962173144, 7.694401545069552 
0.01785932787486826, 2.965268623433724, 2.2777265733401015 
0.025095729779107633, 2.9545518712869603, 2.7475738560807854 
0.03051713367647564, 2.9440249664709217, 3.436816480101348 
0.034425684332261355, 2.944144760167586, 2.8929899925205507 
0.02790899935078004, 2.9144509128827734, 7.7814118484703005 
0.026086469719192186, 2.9362989175361935, 5.077972720522957 
0.027455726137747605, 2.948431650403246, 3.2552041669658007 
0.025928586085031544, 2.95046195538925, 3.187276900972011 
0.02486736161185878, 2.9633006232023913, 1.597322050076178 
0.026618448571844557, 2.9663479386794003, 0.9495377210819971 
0.03161554992529979, 2.918574243424597, 6.724377897763931 
0.02735749942057502, 2.920320800529593, 7.063429506727293 
0.031623438506289604, 2.9488044146336354, 2.642239826110154 
0.022430257994625124, 2.9560702160686416, 2.9024360014590322 
0.02207979863571325, 2.9476900769612766, 4.0810667944063646 
0.023931585762528018, 2.963297990101366, 1.7240072583742652 
0.022220295832813833, 2.9518840784801856, 3.4959094677450886 
0.024377372493951464, 2.943911210530912, 4.281041291643397 
0.022591501056131783, 2.9471714846576837, 4.081996928634925 
0.028602338765110143, 2.9465206196980724, 3.3584006074703847 
0.028703739563666477, 2.9434797722208206, 3.755225909094264 
0.02516430623841602, 2.942818625968555, 4.322304152058832 
0.029190923627772664, 2.920671450380962, 6.768579508820895 
0.028295459300572066, 2.9434909080623686, 3.808840406003076 
0.02374551699605499, 2.93593291229068, 5.443412046290752 
0.023225367239306554, 2.9576517609576296, 2.581587693413639 
0.02696238553031901, 2.9351329291593893, 5.117132516889379 
0.027501482289303845, 2.9450325687953023, 3.7079031035781775 
0.02097962371113885, 2.9563923802367293, 3.0547794670378514 
0.025511455989507298, 2.946764526208475, 3.742742403272407 
0.02423761718903, 2.9225433460761776, 7.184569959197005 
0.02546070460574705, 2.9221401881128695, 7.073879482986759 
0.02857526115276107, 2.9465421903696827, 3.359144044470129 
0.018889904836441818, 2.967860367461053, 1.7887132398381975 
0.032474189548666876, 2.9554588554320906, 1.6290389275978008 
0.028247082258633687, 2.9530661077387794, 2.522719350349215 
0.02327483406097519, 2.931243394359696, 6.140039163209462 
0.02824197958528901, 2.9370670229730234, 4.683284654627808 
0.01941171205050803, 2.9599117790049307, 2.7913287075157713 
0.021572787140710595, 2.951147811753062, 3.6827191493407043 
0.028416244952062013, 2.9434433074546176, 3.79896042509825 
0.020981873320361326, 2.9450538175599092, 4.585181731163455 
0.029230277633979347, 2.945647429062475, 3.3915095959787003 
0.02856867350385105, 2.950372446676772, 2.842948775615938 
0.022922405790934876, 2.946519598995767, 4.12532935379525 
0.020980984287269445, 2.95209422211263, 3.6348471360136196 
0.021703968502438886, 2.9399316254527634, 5.179194816047729 
0.017942781608514338, 2.964535365218879, 2.365450178301927 
0.028271710858145147, 2.9445677123440808, 3.666677867699529 
0.025902444538292328, 2.9429378757872073, 4.206556756057515 
0.032989111095559, 2.954292606962436, 1.716968062170694 
0.019361069666444547, 2.960051682730853, 2.7792784263647743 
0.024110729866216388, 2.9591898537065036, 2.254421217682823 
0.020176979519779568, 2.966745820747625, 1.7654219639004043 
0.014128424880189488, 2.9564956578887815, 3.965748826188882 
0.026462877733421715, 2.942863290057145, 4.14096734827348 
0.030614216664310683, 2.9316065963303246, 5.100190245724245 
0.022939720784462353, 2.9438708096613873, 4.480578389810292 
0.021396644731556617, 2.9462588907981746, 4.366502703486246 
0.027758333280189465, 2.942612888228354, 3.9998850963466195 
0.020834097067532597, 2.952013248102587, 3.665608402033849 
0.017913183599522393, 2.9498363258415847, 4.353816225450506 
0.02031503302216058, 2.9652598741834795, 1.947387527238608 
0.017978016322942596, 2.956851429727084, 3.3980247832463837 
0.03141522675083171, 2.9372946858865214, 4.224161793957282 
0.024510257545669663, 2.959756415513972, 2.123999136948285 
0.021742549637805145, 2.9129849432852724, 8.811788455384574 
0.027216604875860237, 2.935976205896228, 4.968970545768055 
0.017430309346550592, 2.9515745939142097, 4.18433805979739 
0.020986869746194577, 2.967331663229718, 1.5769980482517878 
0.02332386176176065, 2.961827469670201, 2.0045702566851764 
0.02968345220875664, 2.9482049605352185, 2.985064279563368 
0.030046714961997924, 2.939632881602546, 4.093254463786584 
0.02074695518428667, 2.951834552691865, 3.701496436719562 
0.025316472107107975, 2.944842123148368, 4.028589640510784 
0.024929457001993584, 2.934504622072971, 5.476399324879798 
0.016280443330704674, 2.964140307938693, 2.6431985786312393 
0.02442460634039529, 2.948954635616398, 3.593802335832924 
0.02137515451790368, 2.9599858970479147, 2.5162580386144735 
0.024013697322540273, 2.953738884373621, 3.0034014710182544 
0.02486227199791114, 2.952059168782066, 3.115605494703067 
0.02722586578115626, 2.9398867623190954, 4.439795206466046 
0.021166870083334215, 2.9574051544894657, 2.892776682672037 
0.031012290205912868, 2.948754907966894, 2.731428246671112 
0.023318005332516416, 2.944689313269582, 4.31901198871672 
0.025147419634622692, 2.947865341877938, 3.6432771958043118 
0.01941461690738336, 2.956362673632306, 3.270065777141933 
0.020581659108158196, 2.945911735607364, 4.523391713404499 
0.022336162820861215, 2.9430316874631752, 4.675340211655084 
0.02210791280825675, 2.9381368312053864, 5.366959558158149 
0.03023328509683098, 2.9174215677399564, 7.066594867033744 
0.02168446857163892, 2.926707642011358, 6.967065071295412 
0.017168662016391716, 2.954072629126348, 3.8824256957300753 
0.02398540176386876, 2.955423415679669, 2.779809645122455 
0.019336424998401467, 2.9519992249955926, 3.8696872508108324 
0.025170502179793528, 2.9542917821744474, 2.7725916121774805 
0.017806454288410496, 2.9465919859833747, 4.8062105633089915 
0.017002649098635345, 2.948783198122367, 4.6189106251646646 
0.02349207364091136, 2.9476437763762107, 3.89666024768853 
0.019954579172216144, 2.958702555458157, 2.8812868248997043 
0.025150891659942727, 2.9467749793562596, 3.790007412812599 
0.024874300909453414, 2.9375092902921303, 5.078215187786269 
0.02612118445878485, 2.956923845638261, 2.2889209368988506 
0.017822832817243197, 2.909180139405601, 9.85459874991606 
0.029441637832128574, 2.9307579404704263, 5.373056929155193 
