-78.24535641032979
-317.30035379295526
-344.7654138556274
-371.25312896587883
-482.2188746890714
-497.01293931249097
-480.06366227409256
-478.5963005206552
-550.4901852409961
-556.6759401312621
-584.359254441503
-588.2162564756684
-589.6065012496738
-678.0237751446562
-677.2054707311814
-702.5156269337175
-709.9823746417525
-714.6024035308768
-762.7961074020455
-775.183588898127
-717.058385597396
-745.7785510687235
-806.7975046184206
-807.7435435633505
-875.9432904643397
-817.801413645942
-688.9113280388617
-793.6842642357822
-839.5308984963026
-747.232101950228
-861.9764354987078
-755.7016709235406
-814.0786553220265
-854.6668956202845
-873.2087730020971
-829.9836300792782
-818.4190301697375
-829.8736902931319
-863.4980001669326
-868.3404308442147
-904.0353710684359
-838.049355203655
-837.8119540939682
-858.5280319424818
-861.3397861515872
-880.9356573210334
-871.262758861489
-911.3718761408933
-899.9250300886445
-857.2649654375243
-889.8878127990231
-906.7776067707396
-818.6333381415512
-872.8410433843937
-875.4418476034419
-962.6723741100681
-892.7821371720133
-885.4313429204001
-891.644195196266
-888.5220573530769
-889.729166707685
-911.5535694421162
-898.9224937412596
-919.7465487713089
-892.6705134519234
-882.3968161152255
-891.1499550716119
-885.5105544586885
-938.5761458884735
-870.2599168856573
-911.8286480749807
-914.8121415239325
-939.4520421885126
-915.2895096853581
-890.7326238254249
-977.4766998994186
-948.9895927675309
-931.750797869423
-923.5445995770292
-983.4570762001424
-992.8817873484528
-947.4978133698213
-917.5770759758312
-954.16028376988
-960.424540998749
-925.2950217602989
-994.2582810924899
-944.8964108937347
-944.7391229620727
-973.7009723153532
-950.8102354970396
-1027.7937603436308
-1007.7060018354847
-931.1203920676412
-938.0784277278707
-900.5170590800624
-937.7087389862482
-939.6211385595084
-952.6604727116598
-946.4831721222346
-991.1300168696637
-960.0836872505153
-934.5431155367381
-970.438915347174
-953.1781761855025
-974.556889828449
-955.1533742456393
-1009.8462184782951
-971.6571441158171
-963.1406495318435
-974.6200029223745
-979.3251868568807
-975.3756725469492
-982.735938226023
-971.4699387440484
-951.0918839801841
-974.9549329555529
-1031.6877518579158
-947.4821488604567
-928.5882407157652
-995.9329740001309
-909.367560355894
-954.6233676985112
-998.6316564533568
-955.9855740806474
-972.2881856118479
-1044.7778877223143
-1024.0955258206839
-937.9548756471977
-991.837107662781
-956.5946652109172
-958.9682514524679
-940.4489103264523
-942.682685917973
-964.9794524232364
-931.7305782335694
-977.096498181743
-932.9781206456198
-1012.548116376323
-1001.4375772739885
-972.3199291317144
-972.2156354842648
-918.9164780295939
-920.3161763046195
-989.9276992164998
-1045.0639795751615
-1005.8608400019632
-986.9937571160805
-1007.8325252620855
-990.897598750031
-966.8301192472608
-991.6589938748267
-939.0254958477988
-996.2218409595401
-994.5625639533117
-1012.8307231428437
-970.8271904694869
-985.1156062112975
-967.5551021593507
-960.5125623430524
-967.9825946087112
-973.1053208294003
-993.880528291799
-1006.1430240050988
-971.8329097993912
-1007.017674446106
-999.5632281369328
-992.9742685045514
-966.6284389583745
-1026.6630234960037
-962.850357407249
-986.9384024703558
-934.0008303295083
-1028.9191743525491
-1026.9222711484003
-971.4268192431894
-970.0038508402038
-1026.5776240792693
-1006.7683343096263
-1009.0862275839951
-1020.388438492876
-1001.65236836095
-1007.417855504471
-960.9432008541124
-990.5040212182955
-972.5974090725596
-1046.565261049754
-959.0561592699745
-1021.3865329461164
-957.4525988244791
-994.1052618773851
-952.1189339281776
-1026.2516582638436
-1022.2809573889878
-1053.399953938849
-1005.100646322224
-949.7415103912354
-966.1342747947588
-1020.4216872184508
-1051.1286053987142
-964.1584266275854
-1002.7746463832767
-1016.0397614509828
-974.2385210529451
-999.5224074790005
-1016.9914384305752
-1051.955758670508
-1017.835815231921
-1022.5018700103057
-994.6147043342414
-1025.9404416238108
-904.3446547512634
-1011.8255422390001
-1021.4981897459602
-989.9272684721353
-1043.8632888013867
-1037.0696256083827
-1000.6063111300842
-950.6513863225138
-1039.6404944916474
-957.8386881955757
-1051.1985007782685
-1024.6837248736263
-1057.8718901603452
-1054.7287155626007
-1020.3216415616224
-954.0636020080285
-1055.225692151329
-1040.9588673147737
-1002.4456982766428
-1003.2216809180475
-1034.4064264253536
-1061.8208277126612
-1047.8091225690007
-980.8874297603484
-1008.9374052566318
-979.8373419414468
-1032.3515892556186
-1064.676350360642
-1037.655127019926
