-77.41030579146152
-316.5264648314445
-343.97689350629184
-370.4649769457804
-481.4600671634147
-496.25640616658643
-479.2953964246583
-477.7788412164433
-549.7423523340357
-555.9238182201913
-583.578477485938
-587.3933950404418
-588.8150798966808
-677.2206570069361
-676.4130658993523
-701.7315558947726
-709.2039341377223
-713.8801171911477
-762.0134580882464
-774.3987852823899
-716.2777799476402
-744.9569965188954
-806.0564659575713
-807.0037796563267
-875.1587029788901
-817.0049565080124
-688.1819396381554
-792.8696611883454
-838.7575607140493
-746.4131246470087
-861.2194630748116
-754.906657937485
-813.2689499734184
-853.8766971337631
-872.4200215493479
-829.1877399996129
-817.6292017813652
-829.1161669157617
-862.777760206829
-867.5763756712461
-903.2577730543602
-837.2188592660262
-837.0495380135725
-857.7371167114803
-860.5731886323147
-880.1251731512184
-870.5405847817522
-910.5520649670456
-899.145651927192
-856.4683966735541
-889.0885217574335
-905.9629404929376
-817.8250670367122
-872.0711884872155
-874.6349297778397
-961.9135989681367
-891.9820028208368
-884.602341616758
-890.8721520340388
-887.7322309379754
-888.9584650619788
-910.7722147258196
-898.1426198779163
-919.0023635477514
-891.9043646748714
-881.6132741547468
-890.3925864751437
-884.6938348409767
-937.7928151117492
-869.5169835826769
-911.0518238599399
-914.034218166281
-938.705177691675
-914.5389947638533
-889.994140325054
-976.7449906168995
-948.2521886188314
-930.9709796806634
-922.7917401356631
-982.7408942121515
-992.1291696080415
-946.751708965697
-916.8647710496929
-953.4180453878394
-959.7090974447365
-924.5672393443947
-993.5811428518339
-944.1587374990437
-943.9794764914271
-972.9594553868342
-950.0942948045819
-1027.0609214690423
-1007.0042824355139
-930.4296566621499
-937.3803824356625
-899.7669748732571
-937.0029456494591
-938.8954634765327
-951.9549258524372
-945.788726979137
-990.4692011187153
-959.3789782117589
-933.815489729978
-969.752426953909
-952.4921989534308
-973.8602401759767
-954.4527283901443
-1009.1336468738346
-970.9521165597274
-962.432504302895
-973.9583356830931
-978.6065596852984
-974.7152584445092
-982.0803803386776
-970.7939711792678
-950.4228974146777
-974.2599728305219
-1031.0119829024038
-946.8175045400171
-927.9297776463943
-995.2976679466836
-908.7102766652262
-953.9666057001061
-997.9698372623338
-955.3547425698575
-971.6259239873579
-1044.1699940768256
-1023.4531884638395
-937.3006617528503
-991.2003359497967
-955.9547482995393
-958.3529399067576
-939.7763022714839
-942.046712706166
-964.3172299125777
-931.0746900145359
-976.4584927361133
-932.3538481903515
-1011.9165096249998
-1000.8329208765161
-971.6860476682813
-971.5658026488695
-918.2682239800554
-919.6956119823017
-989.2914691180129
-1044.4613798807293
-1005.2480709761519
-986.35637534269
-1007.2124215556729
-990.291950085196
-966.1818269958145
-991.0348336213195
-938.421247107642
-995.5747141969919
-993.9508312940598
-1012.2165482472715
-970.2415194533388
-984.5503576642358
-966.988076269352
-959.9367512360146
