-26.924113463696248
-253.0300314497838
-376.5315691249162
-425.8289489746094
-431.7252182103522
-477.8813593420565
-472.06773889778947
-500.8985657626033
-505.59400379163327
-506.18195669991627
-558.3259063316381
-586.949879688052
-478.08153723791446
-533.6608525465161
-612.1284934804187
-588.0388817897041
-623.3530838258805
-623.8639964266307
-637.8444566726685
-625.586973251835
-674.72212249123
-666.3149499497655
-649.7209309696602
-678.886218536834
-726.8885345634777
-712.6885246769075
-698.5133516162222
-702.8702534486621
-713.0073898420906
-730.8456604689497
-691.3058229349725
-700.7681720839118
-739.9757729807208
-715.0640591740059
-737.1071841595909
-734.6589013464439
-753.7556458750079
-792.9030954387331
-731.0429324927967
-777.7127042739622
-765.9802010531799
-811.5737661897862
-771.6451060914774
-755.408212195893
-786.6719635433865
-757.1384194941015
-807.1459064044161
-765.2953279194195
-809.8400330917077
-792.2907082342332
-765.8489049524756
-748.4462518296483
-778.2459434474118
-857.8697498514905
-835.5264039720807
-845.0701431415048
-803.1469213424191
-778.2167175925822
-811.9652437130976
-794.8428871400895
-834.1109422253024
-845.5885555865028
-874.525145710888
-806.6426803483391
-808.4668112196681
-724.7529991694859
-829.2699975571874
-845.0176740022299
-817.2700517715946
-819.603454910665
-819.2659203665597
-807.879506370439
-808.5148792706327
-802.919215189147
-840.7581592858662
-813.3356018417991
-827.1683721586306
-830.4655075864308
-825.5039711525912
-807.3796433919036
-825.8467043336086
-848.2447596255536
-852.3810299640427
-816.9199903989168
-801.7375665655883
-851.7033884778001
-817.1897950062554
-812.6933313536754
-841.182266903363
-853.4478040422712
-826.9423360165363
-827.4481428471579
-850.8876869096184
-859.6200674558015
-798.8835283270629
-818.7450880586827
-844.1407801896196
-848.9039025438547
-828.2709846144998
-845.5826568251931
