0.085
0.075
0.07
0.085
0.07
0.08
0.105
0.095
0.095
0.1
0.11
0.095
0.1
0.09
0.11
0.12
0.1
0.085
0.09
0.085
0.11
0.105
0.07
0.075
0.085
0.1
0.1
0.09
0.07
0.08
0.095
0.09
0.105
0.11
0.09
0.045
0.09
0.11
0.085
0.095
0.085
0.115
0.105
0.095
0.125
0.135
0.105
0.19
0.21
0.14
0.19
0.185
0.155
0.17
0.18
0.19
0.165
0.15
0.175
0.22
0.195
0.19
0.185
0.18
0.195
0.19
0.22
0.23
0.24
0.17
0.175
0.24
0.225
0.265
0.235
0.25
0.305
0.25
0.17
0.195
0.225
0.265
0.275
0.275
0.24
0.29
0.265
0.29
0.305
0.32
0.305
0.315
0.305
0.345
0.3
0.305
0.295
0.295
0.345
0.32
0.275
0.295
0.36
0.325
0.33
0.335
0.335
0.33
0.36
0.37
0.355
0.395
0.39
0.35
0.41
0.435
0.455
0.415
0.475
0.49
0.47
0.415
0.475
0.415
0.425
0.5
0.505
0.475
0.51
0.53
0.53
0.515
0.455
0.465
0.495
0.56
0.555
0.54
0.55
0.52
0.545
0.54
0.55
0.545
0.56
0.515
0.6
0.57
0.565
0.57
0.545
0.575
0.595
0.54
0.575
0.575
0.56
0.58
0.585
0.545
0.595
0.61
0.57
0.655
0.63
0.605
0.66
0.64
0.595
0.61
0.635
0.68
0.64
0.6
0.64
0.655
0.685
0.605
0.685
0.675
0.675
0.705
0.67
0.65
0.685
0.655
0.675
0.6
0.68
0.675
0.665
0.685
0.675
0.655
0.665
0.69
0.745
0.705
0.735
0.645
0.65
0.68
0.73
0.69
0.705
0.685
0.715
0.66
0.7
0.745
0.69
0.695
0.66
0.74
0.66
0.7
0.73
0.715
0.745
0.705
0.765
0.72
0.735
0.71
0.705
0.725
0.745
0.745
0.705
0.675
0.75
0.725
0.78
0.74
0.725
0.76
0.77
0.765
0.77
0.725
0.79
0.745
0.735
0.765
0.7
0.74
0.735
0.715
0.765
0.72
0.78
0.755
0.795
0.795
0.76
0.735
0.78
0.785
0.715
0.75
0.77
0.78
0.795
0.775
0.815
0.795
0.765
0.795
0.78
0.77
0.835
0.795
0.8
0.765
0.825
0.785
0.76
0.785
0.83
0.815
0.79
0.835
0.82
0.825
0.815
0.83
0.865
0.795
0.825
0.84
0.815
0.79
0.835
0.865
0.845
0.84
0.815
0.82
0.81
0.84
0.79
0.81
0.82
0.82
0.815
0.825
0.9
0.86
0.815
0.85
0.825
0.835
0.815
0.87
0.845
0.85
0.825
0.815
0.87
0.845
0.815
0.815
0.835
0.865
0.845
0.825
0.86
0.85
0.85
0.86
0.885
0.87
0.825
0.855
0.85
0.85
0.82
0.795
0.815
0.875
0.86
0.875
0.86
0.85
0.855
0.885
0.845
0.885
0.84
0.83
0.9
0.905
0.895
0.885
0.835
0.855
0.835
0.89
0.865
0.885
0.835
0.88
0.855
0.845
0.84
0.895
0.865
0.875
0.845
0.885
0.825
0.88
0.855
0.89
0.84
0.89
0.835
0.88
0.865
0.86
0.87
0.875
0.89
0.88
0.895
0.855
0.83
0.865
0.865
0.925
0.87
0.905
0.84
0.895
0.845
0.885
0.905
0.865
0.865
0.845
