4.893985271453857
4.675276756286621
3.351548433303833
2.4817216396331787
2.3185672760009766
2.3124852180480957
2.311694622039795
2.3061904907226562
2.3039352893829346
2.3043079376220703
2.2991185188293457
2.30106258392334
2.300013780593872
2.2940590381622314
2.2910099029541016
2.292902708053589
2.286771059036255
2.2823004722595215
2.2813403606414795
2.284924268722534
2.2753090858459473
2.2774181365966797
2.3043646812438965
2.2521748542785645
2.2574877738952637
2.253943681716919
2.2476232051849365
2.2294907569885254
2.209965229034424
2.2124834060668945
2.2090048789978027
2.1794331073760986
2.178572177886963
2.1675679683685303
2.163085699081421
2.1410915851593018
2.13038969039917
2.125514030456543
2.100459575653076
2.097538471221924
2.075631618499756
2.0674562454223633
2.0504727363586426
2.053361415863037
2.028176784515381
2.031641721725464
2.011202812194824
2.0112502574920654
1.9940159320831299
1.9903481006622314
1.9782034158706665
1.9758281707763672
1.9627320766448975
1.9561831951141357
1.9486424922943115
1.9456918239593506
1.931647539138794
1.9286527633666992
1.9179580211639404
1.9117679595947266
1.9055598974227905
1.8973958492279053
1.8903039693832397
1.8844302892684937
1.874835729598999
1.8680988550186157
1.8603630065917969
1.8545328378677368
1.8490607738494873
1.842904806137085
1.834984540939331
1.8270000219345093
1.8192393779754639
1.8147176504135132
1.8088992834091187
1.801784873008728
1.798866629600525
1.7942636013031006
1.7821937799453735
1.775943398475647
1.7725918292999268
1.7709791660308838
1.7639373540878296
1.7565348148345947
1.7595800161361694
1.7498712539672852
1.743191123008728
1.7370452880859375
1.7435392141342163
1.7339506149291992
1.717782735824585
1.7354389429092407
1.7328780889511108
1.706417441368103
1.7461621761322021
1.7139265537261963
1.7061569690704346
1.7180492877960205
1.6845204830169678
1.7153629064559937
1.6809260845184326
1.6794328689575195
1.6763391494750977
1.6739332675933838
1.6610221862792969
1.6577306985855103
1.6581767797470093
1.6488373279571533
1.6437069177627563
1.6374355554580688
1.633448839187622
1.6296651363372803
1.6258976459503174
1.6221309900283813
1.6169395446777344
1.6151854991912842
1.6088526248931885
1.6059129238128662
1.6054871082305908
1.597307801246643
1.5956343412399292
1.5906764268875122
1.5857584476470947
1.5823713541030884
1.5791304111480713
1.5756210088729858
1.5712363719940186
1.5682939291000366
1.5637460947036743
1.560860514640808
1.559302568435669
1.559224009513855
1.5496041774749756
1.5543982982635498
1.5573261976242065
1.5391026735305786
1.5483052730560303
1.5580929517745972
1.5317773818969727
1.528314232826233
1.5354382991790771
1.5261670351028442
1.5242472887039185
1.5357869863510132
1.5140920877456665
1.517158031463623
1.536549687385559
1.5067493915557861
1.5225850343704224
1.537071704864502
1.492063045501709
1.5308940410614014
1.5167921781539917
1.4905221462249756
1.5155266523361206
1.5020544528961182
1.4892507791519165
1.5204124450683594
1.4795180559158325
1.4985401630401611
1.479374647140503
1.4680770635604858
1.4903353452682495
1.460128903388977
1.472264289855957
1.4653297662734985
1.4521983861923218
1.459929347038269
1.4455596208572388
1.4511654376983643
1.4415615797042847
1.4451441764831543
1.4402209520339966
1.4365859031677246
1.4462636709213257
1.4298986196517944
1.437447428703308
1.4425705671310425
1.4200632572174072
1.4279295206069946
1.4213447570800781
1.4101555347442627
1.4091023206710815
1.4019238948822021
1.396425485610962
1.3890857696533203
1.383716106414795
1.3767389059066772
1.371335744857788
1.3666455745697021
1.363627552986145
1.3660025596618652
1.3799412250518799
1.3904385566711426
1.4099398851394653
1.388317346572876
1.3396121263504028
1.3720018863677979
1.4096641540527344
1.3745366334915161
1.3363703489303589
1.331214427947998
1.3470604419708252
1.3180681467056274
1.326528787612915
1.3489941358566284
1.3263320922851562
1.3054026365280151
1.324962854385376
1.321753740310669
1.2943265438079834
1.2981681823730469
1.3037911653518677
1.2911258935928345
1.282964825630188
1.2808409929275513
1.281746506690979
1.2751086950302124
1.271424412727356
1.27125883102417
1.271588683128357
1.2704710960388184
1.2679635286331177
1.2708988189697266
1.2747753858566284
1.2714781761169434
1.2563176155090332
1.2480137348175049
1.2450069189071655
1.2469687461853027
1.2440003156661987
1.2459957599639893
1.2521107196807861
1.2573457956314087
1.2508695125579834
1.2443821430206299
1.226686954498291
1.2226775884628296
1.2195346355438232
1.2179040908813477
1.215850830078125
1.2170345783233643
1.229811668395996
1.242079734802246
1.2404513359069824
1.2214573621749878
1.20515775680542
1.2000892162322998
1.1966774463653564
1.1972053050994873
1.2007029056549072
1.2047853469848633
1.2136766910552979
1.2128205299377441
1.2011473178863525
1.1896288394927979
1.1864519119262695
1.179300308227539
1.174741506576538
1.173586130142212
1.1816233396530151
1.2000460624694824
1.2069143056869507
1.188374638557434
1.1680881977081299
1.1601974964141846
1.1633384227752686
1.1781861782073975
1.1926177740097046
1.1811902523040771
1.1611926555633545
1.1515491008758545
1.146576166152954
1.1470474004745483
1.1468682289123535
1.1473995447158813
1.154545545578003
1.161948800086975
1.1574361324310303
1.1460829973220825
1.1368777751922607
1.1304113864898682
1.12778639793396
1.1276695728302002
1.1302154064178467
1.1285138130187988
1.1269803047180176
1.123896598815918
1.1215720176696777
1.1169822216033936
1.11858332157135
1.1293662786483765
1.1445276737213135
1.1386263370513916
1.1195310354232788
1.1068058013916016
1.1054551601409912
1.1023316383361816
1.1006635427474976
1.0971322059631348
1.095907211303711
1.0930798053741455
1.092235803604126
1.0918537378311157
1.0926873683929443
1.0956618785858154
1.098030924797058
1.1030669212341309
1.1019046306610107
1.0972745418548584
1.0915957689285278
1.0866507291793823
1.080384612083435
1.0752196311950684
1.07375168800354
1.0760293006896973
1.072815179824829
1.071834683418274
1.0798060894012451
1.091370940208435
1.0907940864562988
1.0789750814437866
1.0661274194717407
1.0584909915924072
1.0563100576400757
1.06764554977417
1.0769143104553223
1.078061819076538
1.0667306184768677
1.057312250137329
1.047914981842041
1.0448063611984253
1.0433586835861206
1.047546625137329
1.0595405101776123
1.0693594217300415
1.0616141557693481
1.0428611040115356
1.0344161987304688
1.0376888513565063
1.050761103630066
1.0611441135406494
1.055761694908142
1.0402617454528809
1.0264761447906494
1.032214879989624
1.036027193069458
1.0380268096923828
1.021397352218628
1.0275218486785889
1.044654130935669
1.050250768661499
1.0385186672210693
1.0165139436721802
1.0126569271087646
1.0292421579360962
1.0473765134811401
1.0341681241989136
1.0163036584854126
1.0109593868255615
1.046501636505127
1.0487536191940308
1.0133529901504517
1.0055299997329712
1.0172061920166016
1.0259968042373657
1.0105626583099365
0.9965609312057495
0.9979588389396667
1.0063270330429077
1.0075631141662598
1.000276803970337
0.9922155141830444
0.9884483218193054
1.0169577598571777
1.0250378847122192
0.9999281167984009
0.9837366938591003
1.0116387605667114
1.035517692565918
0.9999092817306519
0.9785516858100891
0.9842279553413391
0.9918211102485657
0.9935771822929382
0.9771538972854614
0.9742735028266907
0.9720500707626343
0.9715209007263184
0.9702334403991699
0.9712480306625366
0.9777224659919739
0.9735407829284668
0.9738949537277222
0.9662524461746216
0.9645963907241821
0.9645785093307495
0.9732872843742371
0.981716513633728
0.9696581959724426
0.9627922773361206
0.9575453996658325
0.9576206207275391
0.9614001512527466
0.9632431864738464
0.9691951870918274
0.9568791389465332
0.9510698318481445
0.9513991475105286
0.9487892985343933
0.9559847712516785
0.9504138231277466
0.9537547826766968
0.9439628720283508
0.9444311857223511
0.9414362907409668
0.9431400299072266
0.9445358514785767
0.9456499814987183
0.9457672238349915
0.9412919878959656
0.9355656504631042
0.934849739074707
0.933193564414978
0.9323152303695679
0.9308083653450012
0.9297829866409302
0.933381199836731
0.9499577283859253
0.9556154012680054
0.9455404281616211
0.9267703890800476
0.9248132705688477
0.9235453605651855
0.9268232583999634
0.9278894662857056
0.9243122935295105
0.9228390455245972
0.9195410013198853
0.9191390872001648
0.9219143986701965
0.9415301084518433
0.946736216545105
0.933650016784668
0.9157727360725403
0.9108888506889343
0.911149799823761
0.9095165133476257
0.9140020608901978
0.9179612994194031
0.9142516851425171
0.9215937852859497
0.9056762456893921
0.9092504382133484
0.9036237001419067
0.9072583317756653
0.9076520204544067
0.909697413444519
0.9186583757400513
0.9141498804092407
0.9108738899230957
0.9050747752189636
0.8968566656112671
0.8964444398880005
0.8996071815490723
0.9246937036514282
0.9363163709640503
0.9202471971511841
0.8956596255302429
0.8906759023666382
0.8885136842727661
0.8880675435066223
0.887300968170166
0.8879481554031372
0.8904241323471069
0.8909863233566284
0.8994744420051575
0.9026447534561157
0.8977960348129272
0.8875654935836792
0.8863426446914673
0.8824436068534851
0.8832195997238159
0.8797090649604797
0.8782274127006531
0.8805505633354187
0.8797246217727661
0.8909139633178711
0.8772624731063843
0.8763158917427063
0.8727010488510132
0.874984860420227
0.8737772703170776
0.8770641088485718
0.8886075019836426
0.8892413973808289
0.8856521844863892
0.8766922950744629
0.8670967221260071
0.8685388565063477
0.8724416494369507
0.8920453786849976
0.8997420072555542
0.887303352355957
0.8684663772583008
0.8636139631271362
0.8604646921157837
0.860892653465271
0.8640007972717285
0.8701233863830566
0.8793797492980957
0.8769571185112
0.8676928281784058
0.8583491444587708
0.8564540147781372
0.8615068197250366
0.8724364042282104
0.8599079847335815
0.8522562980651855
0.8733539581298828
0.9615246653556824
1.0470716953277588
1.036404013633728
0.8816148638725281
0.9498769640922546
1.2003108263015747
1.2279787063598633
0.9186550378799438
0.9886201620101929
1.1050955057144165
0.8813664317131042
0.9442709684371948
1.038260579109192
0.8658884763717651
0.9939889907836914
0.9591121673583984
0.8512803912162781
0.9630905985832214
0.8750278353691101
0.9052607417106628
0.9019206762313843
0.8549896478652954
0.8981255292892456
0.8436812162399292
0.8975353240966797
0.8610013127326965
0.8724116086959839
0.8676417469978333
0.845941424369812
0.8760126829147339
0.8392796516418457
0.8793503642082214
0.8401117324829102
0.8597682118415833
0.8422852754592896
0.8424272537231445
0.851338267326355
0.8363709449768066
0.8526741862297058
0.8321740031242371
0.8465967178344727
0.833147406578064
0.8349052667617798
0.8348773121833801
0.8303372263908386
0.8364111185073853
0.8275201916694641
0.8330116271972656
0.8278425931930542
0.828808605670929
0.8324295878410339
0.8247817158699036
0.8347867727279663
0.8241697549819946
0.826217770576477
0.8269081115722656
0.8210732340812683
0.8248936533927917
0.8204522132873535
0.8212852478027344
0.8227791786193848
0.8182002305984497
0.8214071989059448
0.8185276985168457
0.817068874835968
0.8198992013931274
0.8160756230354309
0.815352737903595
0.8179287910461426
0.8140447735786438
0.8154909014701843
0.8148094415664673
0.81220942735672
0.8137766718864441
0.8123246431350708
0.8105500340461731
0.8109101057052612
0.8102843165397644
0.8090493083000183
0.8094180226325989
0.8090234994888306
0.8076210021972656
0.8087931871414185
0.8087853193283081
0.8076702356338501
0.8067458271980286
0.8058594465255737
0.8061466217041016
0.8044313192367554
0.8071619868278503
0.8040642738342285
0.8038330078125
0.8076714277267456
0.8020569682121277
0.8047049641609192
0.8030140995979309
0.8001103401184082
0.8036972284317017
0.7991408705711365
0.8003655672073364
0.7999702095985413
0.7983474135398865
0.80072420835495
0.8018536567687988
0.797229528427124
0.7980801463127136
0.7973166108131409
0.7951914072036743
0.7953860759735107
0.7947788238525391
0.7939113974571228
0.793267011642456
0.7926380634307861
0.7921773195266724
0.7917935252189636
0.7914543151855469
0.7909128069877625
0.7905520796775818
0.7901201248168945
0.7900135517120361
0.7892481684684753
0.788293719291687
0.7882422208786011
0.7895601391792297
0.7872213125228882
0.7898043394088745
0.792064368724823
0.8021008372306824
0.7961865663528442
0.7931784391403198
0.7965061068534851
0.7938376069068909
0.7859662771224976
0.793877899646759
0.7875310182571411
0.7838241457939148
0.7915803790092468
0.7889736890792847
0.7988845109939575
0.7913241982460022
0.7884347438812256
0.7907323837280273
0.7820034027099609
0.786279559135437
0.787086546421051
0.779695987701416
0.7820674777030945
0.7897807955741882
0.7953996658325195
0.7962252497673035
0.7919487357139587
0.7919074892997742
0.7839301228523254
0.7811316251754761
0.7788857817649841
0.7789616584777832
0.7802470326423645
0.7742971777915955
0.776067852973938
0.7761970162391663
0.7727670073509216
0.7739186882972717
0.7739613056182861
0.7713340520858765
0.775538444519043
0.7732363939285278
0.770098865032196
0.7723758816719055
0.7723924517631531
0.7698150277137756
0.7725668549537659
0.7701497077941895
0.7679983973503113
0.7705479264259338
0.7685759663581848
0.7672179341316223
0.7689531445503235
0.7674134969711304
0.765221893787384
0.7676935791969299
0.7656996250152588
0.7638872861862183
0.7666991949081421
0.7656183838844299
0.7626424431800842
0.7652313113212585
0.7636790871620178
0.7614111304283142
0.7627889513969421
0.7623681426048279
0.7601267695426941
0.7612488865852356
0.7610341310501099
0.7588793039321899
0.7597779631614685
0.7583796381950378
0.7582612037658691
0.7579988241195679
0.7569261193275452
0.7573446035385132
0.75650954246521
0.7559471130371094
0.7577515244483948
0.7785419225692749
0.7689375877380371
0.7575253844261169
0.776422381401062
0.7825865745544434
0.7763463258743286
0.7724817991256714
0.767150342464447
0.7692960500717163
0.7829922437667847
0.7593727707862854
0.7836953401565552
0.7685311436653137
0.7579313516616821
0.7825740575790405
0.765215277671814
0.7668942809104919
0.7694778442382812
0.7580990791320801
0.7548825740814209
0.7537834048271179
0.7493685483932495
0.7517812252044678
0.7536031007766724
0.7487750053405762
0.7490761280059814
0.7517194151878357
0.7476645708084106
0.7472051382064819
0.7489271759986877
0.7470380663871765
0.7452899813652039
0.7458176612854004
0.7449362874031067
0.7453690767288208
0.7452937364578247
0.744437575340271
0.7440363168716431
0.743503749370575
0.7422877550125122
0.7415401339530945
0.7412799596786499
0.7409089803695679
0.740449845790863
0.7402031421661377
0.7397453784942627
0.739388108253479
0.7387698888778687
0.7383979558944702
0.7379922866821289
0.7376246452331543
0.7372464537620544
0.7368648052215576
0.7364780306816101
0.7360972166061401
0.735730767250061
0.7353631258010864
0.7355202436447144
0.7359389066696167
0.7346776723861694
0.7344139814376831
0.7337428331375122
0.7341802716255188
0.7348726391792297
0.7408367991447449
0.7394466400146484
0.7344439029693604
0.7405568957328796
0.7449251413345337
0.7571057677268982
0.7465670704841614
0.7346400022506714
0.752065896987915
0.7594574093818665
0.760159432888031
0.745698094367981
0.738280177116394
0.7503611445426941
0.7531052827835083
0.7426602244377136
0.745128333568573
0.741672158241272
0.7419649362564087
0.7399625778198242
0.7292433381080627
0.7370445728302002
0.736946702003479
0.7282187938690186
0.7304612994194031
0.7332864999771118
0.7262629270553589
0.7288091778755188
0.7299742102622986
0.7253695726394653
0.7281297445297241
0.7281792759895325
0.7245186567306519
0.7291749715805054
0.7284182906150818
0.7249602675437927
0.7279574275016785
0.7252523303031921
0.722834050655365
0.7237433791160583
0.7229162454605103
0.722449004650116
0.7219355702400208
0.7201328277587891
0.7212479710578918
0.7200245261192322
0.7192149758338928
0.7200295329093933
0.7187801003456116
0.7178540229797363
0.7187284827232361
0.7176755666732788
0.7168135046958923
0.7171080708503723
0.7165755033493042
0.7157460451126099
0.7160295248031616
0.7159836888313293
0.7155773639678955
0.7154185175895691
0.7148090600967407
0.7145215272903442
0.7149380445480347
0.7134067416191101
0.7127972841262817
0.7128841280937195
0.7123600244522095
0.7118142247200012
0.7116754651069641
0.7112964391708374
0.7109012007713318
0.710669755935669
0.7103386521339417
0.7098575830459595
0.7098649740219116
0.7186634540557861
0.7218984961509705
0.7095204591751099
0.7214120626449585
0.7445827722549438
0.7978221774101257
0.8840495944023132
1.0189167261123657
0.9101494550704956
0.719104528427124
0.8275619745254517
1.1534202098846436
1.5585319995880127
1.4996544122695923
0.9422467947006226
0.9403390884399414
0.9119364619255066
0.8184103965759277
0.8822644352912903
0.8679793477058411
0.8426139950752258
0.8348202705383301
0.7838322520256042
0.9646525382995605
0.776894748210907
0.8243211507797241
0.7963012456893921
0.8065263032913208
0.7480286359786987
0.8057528734207153
0.8328609466552734
0.7201372385025024
0.7933376431465149
0.7226839065551758
0.7658182382583618
0.7152143716812134
0.7561636567115784
0.7146442532539368
0.7471974492073059
0.7129815220832825
0.7396682500839233
0.7116038799285889
0.7342286705970764
0.7105271816253662
0.73030686378479
0.709325909614563
0.7255403399467468
0.7083290815353394
0.7211561799049377
0.7073597311973572
0.717364490032196
0.7068670988082886
0.7145703434944153
0.7056751251220703
0.710854172706604
0.7054411172866821
0.7083310484886169
0.7049871683120728
0.7056410908699036
0.7047837376594543
0.703974187374115
0.7033556699752808
0.7026404142379761
0.7030451893806458
0.7016472816467285
0.7019675374031067
0.7000769972801208
0.701027512550354
0.6995521187782288
0.6996513605117798
0.6987499594688416
0.6992186307907104
0.6985704898834229
0.6981950998306274
0.697053849697113
0.6973026394844055
0.6971688866615295
0.6961523294448853
0.6958832740783691
0.6959091424942017
0.6958115100860596
0.6950216293334961
0.6945103406906128
0.6944489479064941
0.6942423582077026
0.6938866972923279
0.6933869123458862
0.6935881972312927
0.6928930878639221
0.6926144361495972
0.6921063661575317
0.6920629739761353
0.6917825937271118
0.6913583278656006
0.6913419961929321
0.690765917301178
0.6904993057250977
0.6903291344642639
0.6899062991142273
0.6895919442176819
0.6893637776374817
0.6891384720802307
0.6887756586074829
0.6886507868766785
0.6885384917259216
0.6879675984382629
0.6883405447006226
0.6878007650375366
0.6875996589660645
0.6871863603591919
0.6867779493331909
0.6865776181221008
0.686296820640564
0.6859888434410095
0.6856530904769897
0.685657799243927
0.685522198677063
0.6850970983505249
0.6850317716598511
0.6846163272857666
0.6843911409378052
0.6841827034950256
0.6837228536605835
0.6834886074066162
0.6832927465438843
0.6831287145614624
0.6827802658081055
0.682649552822113
0.6824427247047424
0.6820856332778931
0.6820568442344666
0.6816011667251587
0.6813626289367676
0.6811589598655701
0.6808791756629944
0.6806138157844543
0.6804016828536987
0.6800370812416077
