2.945558524131775
2.3528368711471557
2.314532685279846
2.3117947578430176
2.307688093185425
2.3067550897598266
2.305842900276184
2.306044888496399
2.3084725379943847
2.306589365005493
2.307342004776001
2.3055006742477415
2.305881476402283
2.306490731239319
2.305206036567688
2.3052045106887817
2.3046043634414675
2.304430389404297
2.3032369375228883
2.3027190923690797
2.298638844490051
2.2682990789413453
2.1671266198158263
2.1675147294998167
2.0614412903785704
2.093461298942566
2.5338106870651247
2.1352227449417116
1.9811176896095275
1.9606151819229125
2.0741122364997864
1.9773194670677186
2.108841967582703
2.009738552570343
1.8918227910995484
1.9473790407180787
1.8622061610221863
1.8238994240760804
1.9153913497924804
2.018609082698822
2.0985185146331786
2.015265929698944
1.9537094831466675
2.2292480945587156
2.2278356552124023
2.133595848083496
1.9928216099739076
1.91159747838974
1.901990246772766
1.838621723651886
1.8416665315628051
1.8543920516967773
1.8110074281692505
1.806666111946106
1.8538657665252685
2.3857349872589113
2.0161390900611877
1.9084303379058838
1.8207975029945374
1.8179406881332398
1.8210592865943909
1.7894785165786744
1.8195993661880494
1.8198763012886048
1.7807749032974243
1.9027791261672973
2.2859017133712767
2.4225743651390075
2.2626684427261354
2.207918667793274
2.128364098072052
2.1016620635986327
2.0174710154533386
2.0598417282104493
1.9828984022140503
1.8961516261100768
1.8953919172286988
1.84128839969635
1.8295605897903442
1.8301114082336425
1.8015887260437011
1.7796107888221742
1.7846053123474122
1.7900381445884705
1.7862046241760254
1.7539289593696594
1.7552749514579773
1.754995620250702
1.7509865403175353
1.7627024054527283
1.741336965560913
1.770953154563904
1.745179581642151
1.7837230086326599
1.7632326006889343
1.7536620378494263
1.7786665558815002
1.7457816004753113
2.542590081691742
2.1990585923194885
2.076528799533844
1.9497323870658874
1.8700705647468567
1.9539394140243531
1.8472583055496217
1.8102136135101319
1.8495294094085692
1.859838330745697
1.8423630952835084
1.7990666031837463
1.7777419090270996
1.759506893157959
1.765966010093689
1.7575522661209106
1.734524005651474
1.7339803218841552
1.7216254234313966
1.7183909177780152
1.7367498993873596
1.7117485523223877
2.0299864292144774
1.873862874507904
1.745401966571808
1.811454665660858
1.8194539546966553
1.7795491814613342
1.7493011236190796
1.7444447159767151
1.8099256753921509
1.7641835689544678
1.7577704191207886
1.7567065715789796
1.8227967262268066
1.7306939721107484
1.7598857879638672
1.7584211826324463
1.7578235149383545
1.8487225413322448
1.855690097808838
1.757205355167389
1.7508952140808105
1.7623754262924194
2.2413769006729125
2.367408645153046
2.1376145243644715
2.072393524646759
2.022022545337677
1.9606940746307373
1.8777397990226745
1.8210612177848815
1.7389719247817994
1.7465919971466064
1.7401529908180238
1.7208160161972046
1.7112494468688966
1.6994857430458068
1.7044995069503783
1.688943326473236
1.8401614904403687
1.803438675403595
1.8087411880493165
1.7126248598098754
1.7021757423877717
1.6978182315826416
1.6918235182762147
1.6885959148406982
1.680526864528656
1.6828321456909179
1.6886915206909179
1.6694698214530945
1.7201406478881835
1.6995883584022522
1.8037885904312134
1.8170832514762878
2.149384951591492
1.7511146187782287
2.6055143594741823
2.497933602333069
2.340938854217529
2.3408791065216064
2.33684356212616
2.332437825202942
2.330816054344177
2.326035261154175
2.3234484434127807
2.3209678888320924
2.3183721780776976
2.317575192451477
2.3156866312026976
2.3138532876968383
2.313494396209717
2.3117956638336183
2.3114432811737062
2.310054802894592
2.308885669708252
2.30948543548584
2.3083332538604737
2.3082363605499268
2.3075098514556887
2.30693039894104
