1181.0849973172374
-2176.085120757044
-2371.6988523944297
-2502.091203083924
-2583.0561608771013
-2580.0094882187686
-2709.155022426804
-2878.443901749019
-3010.225071477664
-3075.400123921616
-3247.9679274717214
-3905.733773760321
-4645.478345102609
-5568.762005412748
-6781.197154908384
-7650.90454737948
-7885.218880314397
-8190.650043071729
-8570.771163434214
-8805.943818585003
-8617.062604135812
-9224.143573345165
-9111.496554550966
-9395.31304714691
-9710.535973571488
-9684.413490331568
-9939.78684006822
-10138.280999206254
-10023.475753277964
-10179.928878061015
-10166.117739564435
-10506.454334277112
-10599.824142817637
-10840.950158286434
-10697.81732915363
-10916.274431707734
-10771.597115466944
-10815.332634659175
-10780.260291366216
-11132.524160520725
-11395.069588756109
-11584.721171736152
-11510.21455650872
-11384.035751704356
-11605.978846834734
-11494.442930971842
-11814.625984951219
-11712.411897776816
-11700.530617374945
-11855.250877922745
-11875.491463032944
-12000.33307607931
-12155.038862906362
-12069.562402083411
-12282.298459310667
-12061.158360485782
-12322.110546527882
-12355.775862996612
-12224.413440216209
-12140.805144829772
-12233.088831752397
-12054.665145512441
-12456.42995073219
-12343.690507210826
-12680.068016305355
-12544.4108756549
-12512.866485740336
-12589.67096525798
-12684.605790124686
-12530.82054839654
-12749.140592602193
-12801.010522345232
-12849.301446706762
-12708.5321530889
-12903.188488711678
-12964.560880977395
-12623.264254457014
-12980.210667903955
-12980.791194391477
-12844.462041050338
-13124.602113552002
-12899.465377012135
-12872.058513623278
-13213.570949464047
-13271.70827292492
-13018.562713189147
-13232.91562714057
-13383.905137193147
-13044.80051071384
-13309.894293183965
-13285.258430227848
-13260.151314251796
-13365.718130536554
-13244.397777973194
-13297.02627635793
-13385.996720878999
-13538.330635540859
-13520.760799462196
-13500.028084560594
-13600.021185273808
-13561.798616382182
-13511.236731362003
-13549.348370737374
-13640.197808866817
-13640.047239041442
-13699.328245913248
-13640.324770814435
-13686.947866720046
-13776.012830544421
-13906.90668881674
-13935.627193505165
-13822.246964151826
-13590.212475238819
-13917.017818505165
-13900.634829552817
-13827.450770807493
-13695.532283547931
-14171.97891915127
-13912.833989292525
-13936.945320888719
-13881.447128223583
-13946.811187454874
-14185.306101722175
-13885.112716891754
-14291.865829395458
-13866.978517071331
-14181.135491393754
-14337.235159200514
-14100.369019133219
-13818.060258765921
-14022.45601939703
-14183.772428828957
-14241.539365650919
-14233.943203460549
-14252.50789204819
-14224.37363408527
-14321.288554548652
-14430.479248625406
-14246.102514908776
-14282.562088518911
-14294.920682934224
-14187.253861124482
-14421.337779655276
-14362.134859057964
-14317.821567481164
-14373.799706626278
-14490.277870937547
-14401.189426512516
-14559.34567911591
-14580.012367284693
-14570.647863595972
-14330.527335939814
-14457.882857770152
-14552.61351801434
-14433.579230285934
-14556.595228728525
-14412.038702652917
-14554.248365465499
-14625.312987124185
-14881.582370559187
-14343.07956959512
-14377.874824993984
-14739.346241449293
-14721.066425920098
-14700.48060065536
-14625.47372132794
-14691.049358928372
-14722.897786651178
-14590.922554196904
-14601.372635249278
-14907.692842456401
-14663.234907249704
-14786.238756080375
-14726.449578597083
-14791.950552556187
-14731.653526559261
-14545.623200186055
-14803.840023095008
-14915.345816228062
-14869.001671669042
-15039.538269910767
-14721.624743999462
-15003.254344777473
-14989.25746971962
-14779.674219502092
-14883.71044401196
-15071.528768964288
-14987.501471496871
-15024.776433140181
-14993.73427852974
-14910.975474280769
-14934.71933475151
-15284.840669894105
-15019.624589965242
-15037.893798828125
-14937.583662132516
-14997.650314258739
-15068.55018796514
-15087.286563240521
-15242.236200269364
