1.1661047969594018
1.1585912858559326
1.1638451068155817
1.2360168194326644
1.1832480594406234
1.1563768973664756
1.1691818021255993
1.1691901836904788
1.1968101107588203
1.209995262518962
1.1917061157043902
1.188062052260779
1.108072255359542
1.1739693366879829
1.1778973866808666
1.1596009302095598
1.1304924414416806
1.1429466287101635
1.0776621711042103
1.1591730608475246
1.1782361478589403
1.1605593571348078
1.22271186970785
1.2086129529135567
1.1613652257889997
1.204064492861946
1.2045757812966944
1.1629118029211387
1.1268879289213471
1.138351214603811
1.132349049666337
1.1608035990733974
1.154799102253995
1.1542900629931747
1.1648657047700497
1.1549018915066676
1.1294273529017933
1.1891300474757673
1.1437465035424426
1.1738106212668842
1.1347144935203746
1.149216998416882
1.1888639704407886
1.1178414187843166
1.1080321806020352
1.1669501198716583
1.1408063299022615
1.1708595142182376
1.1519991904737488
1.1999081535891818
1.2183505175453793
1.133389369551994
1.1290372110970004
1.1399101273730057
1.177709650471196
1.1451401765963514
1.1476835501243752
1.176348608443814
1.1234607021687188
1.1954289527541875
1.1423954063786133
1.1524903423940906
1.1943144033077486
1.1727278235800613
1.1380986513839544
1.1799437958150616
1.1375259277425778
1.1537727495747023
1.1500238114846992
1.1458518872877546
1.1424917953509184
1.1959941280662145
1.1649671871424114
1.181162816868466
1.1881209451474661
1.147203413296455
1.1565130660280247
1.1325498202418696
1.1749812062403897
1.1442979835462375
1.170497570234767
1.093287887730109
1.124344904630988
1.1728823869972937
1.166387899560177
1.1610684645289153
1.184579745908691
1.0851377116443661
1.1548837239610825
1.1499094098259077
1.0706100099962623
1.1014628220422595
1.1391887051286176
1.1459198401058337
1.1267491224379584
1.0970004984913695
1.1600101291573932
1.1829978033325297
1.1634969958460013
1.0833627283877505
1.1811062186495296
1.1310805506375317
1.1223293072452731
1.087117784719471
1.1534515171201507
1.0910064650555509
1.1181882935177003
1.1591819932705607
1.1758126048826238
1.1681784169645282
1.1593429948891105
1.136127218334972
1.189193535162533
1.1963390492669799
1.1622649452585352
1.1163162067861947
1.1391163791623877
1.1249355125011968
1.100276897749363
1.1584975606237056
1.1507644160116306
1.186889139567747
1.1710571354384174
1.171092933618802
1.1254009940758252
1.1822033798581477
1.143005134803047
1.1762832440223532
1.1550979655575773
1.1509754123124007
1.1751371240996813
1.1020858072888382
1.1206797159869561
1.1403036286917547
1.1248846687922551
1.1494093598245798
1.1272038449115382
1.0817075927762922
1.162231045215124
1.1417667531629825
1.1663644281690817
1.1380536616101717
1.0655052752982153
1.1224716871749991
1.093709853989695
1.064673369310338
1.1128110740357986
1.0491348193411287
1.0752240825882728
1.072469103888497
1.0776502085295068
1.124034976142343
1.0876509049520284
1.118087227407093
1.062342521420102
1.113982123253238
1.025535140563947
1.061055229897899
1.074984888957402
1.06832790446279
1.074076896509101
1.1405442926923852
1.0982618511660525
1.0380871797029678
1.0530230044012956
1.0312548883358308
1.053751672627192
1.023617693796414
1.0609925396019413
1.0397418359980772
1.0031129140774475
1.0382464700195866
1.0633077816223924
1.0381682861046713
0.9980019567774668
1.018234505312018
1.0538394199533563
1.0046411922881624
0.9727607503533363
0.9758119699940865
1.0302612302996415
0.9451378352854303
0.957992241480479
1.0299465974372242
1.0179214152906622
1.0208205396721366
1.0397943810565897
1.0151956063829168
0.9578997152917957
0.9479515426971304
0.9648924075922028
0.9871928353685063
0.9634786615598827
0.9672762023443295
0.9966085017597499
0.9615452957660204
0.9399259676898105
0.9335042880939656
0.9053206024234932
0.9438267529612504
0.9442308902611384
0.9535333625122856
0.8959861347669518
0.925609570686016
0.9168401203075375
0.9134517360839152
0.9094571113526341
0.9523941844774574
0.916343699102519
0.8987395667260693
0.9005354318096013
0.899086074357555
0.8954245279685682
0.8880679290620731
0.9129962000971763
0.8477667821907118
0.8689390196761285
0.876976917828283
0.8663872293886039
0.8614713710402289
0.8580207880829869
0.8283836540486357
0.8692272348329425
0.8671663392949971
0.8707727036502176
0.8097020296502064
0.8594036471957752
0.8032642826619968
0.8033618236135414
0.8239035007157333
0.8060473181551597
0.8561463183753826
0.7939392038117178
0.8142987773616295
0.7933136776750607
0.8164554165930233
0.8036078369074495
0.7999650892233113
0.8267910174139943
0.8101881381582384
0.7983105605431868
0.8015129781733866
0.8182250805734809
0.7989213677238467
0.7887012847439676
0.7967614968783595
0.784141093055666
0.8028774868304792
0.7636284385034238
0.7636568962920683
0.7401226162303737
0.7875194458558766
0.7694672907891325
0.7697513825830913
0.7321960147025741
0.7785722899988892
0.7230735490556623
0.7482339451990782
0.7683949672074
0.7233775424660722
0.6761608889905139
0.7083130333321079
0.7423449951381266
0.7051330563173486
0.7574870024989098
0.7298731567555821
0.7105299521909385
0.6941106845368631
0.7161997136978531
0.707812944928614
0.6845962720731471
0.7133883060023978
0.700184143745523
0.699923584979136
0.6862670824242135
0.6776807707213345
0.6821466332454174
0.6866153516596364
0.6567931519512902
0.688722852620148
0.6472911208043577
0.6802520471682296
0.6704973473660376
0.7116416199737555
0.6259593745667694
0.625594952355905
0.665814770964636
0.627985406788323
0.6463495270236841
0.6371651727316621
0.6212053074180836
0.6787937767742996
0.6209323918108794
0.6177482473078846
0.6310323569407923
0.64113309808048
0.6060400627013478
0.6500847912507437
0.5921037231043017
0.6042715717687622
0.6134620236126004
0.5929189330607942
0.596277234693667
0.5638023176453525
0.6329572806251236
0.6014359453004273
0.5646889871118911
0.5806439629420027
0.5672743691429427
0.6130130103822748
0.5828619294751326
0.5909813590058788
0.5986807176612832
0.5661453324857741
0.5858420411355374
0.5764020063838021
0.5825529694691948
0.5668348714953563
0.5689924201943347
0.5813324176736612
0.555281190915202
0.532401918888689
0.617562718325739
0.5642596137946193
0.5471504258749563
0.5414621076734376
0.5704979328160006
0.548915699092104
0.5445884677841037
0.5176534848443175
0.5433301090290995
0.5235962034949074
0.5581745247485735
0.5199346899358117
0.5489535281460145
0.497438475377352
0.5638947248712056
0.5421809653232454
0.5389584081956114
0.5255851267941873
0.49208104160625105
0.5111137471626239
0.5061598962237877
0.5394671461420881
0.5279651820798281
0.5267792869219752
0.5294535946599034
0.4922162300033386
0.537920542427246
0.5363332118985116
0.5054684471569433
0.4974042737645291
0.490357656040802
0.48217395844584365
0.4807372750549089
0.47086328983427156
0.476070029057226
0.5035848462093151
0.48482956335451105
0.49769765275190225
0.5113065126411712
0.46245521010804874
0.5050935603583445
0.48032918598866575
0.5220938572479339
0.49078073874471767
0.4726754355458085
0.5120990410266745
0.48983292564893277
0.467612099277412
0.5027984785816629
0.4753320411348088
0.47755101546095857
0.4785289031086684
0.4451077440645752
0.4404484404002652
0.45658795575894734
0.48479281263439883
0.46048539898617835
0.47227585893887847
0.4663377838648097
0.47534313451539073
0.4890221610137553
0.4635760298450796
0.4496052234782933
0.4692663863626882
0.47248380192309164
0.46001055113023337
0.46873509991851997
0.48826117756695664
0.4207733015351527
0.4448152133145443
0.4478892181223621
0.45582853711075233
0.43152070243992485
0.48096426502259454
0.46393592939495726
0.458301125012663
0.4273758215510441
0.4483025748702003
0.4537364798752195
0.4374644031330923
0.4581247980709077
0.444617165005798
0.42956613817376194
0.43356502213060916
0.41564212761554403
0.4030755065112768
0.43410106354828587
0.43490500758163675
0.44919793954723725
0.42375929752486097
0.3982187033916221
0.4380204933478907
0.41467453756359857
0.41472072147394395
0.424562659353887
0.4262868143465982
0.3889311896733782
0.41351795652255435
0.4080201431166425
0.41564190824734865
0.4387403881353827
0.44342566921810544
0.4209784172914165
0.38996181078600817
0.4331102250053806
0.4159114014045899
0.39250240929212926
0.4315888917421274
0.4101442462107332
0.423454888126192
0.407411328302185
0.37057838701711465
0.3955422190190668
0.38205142167018613
0.4009091320698097
0.36336171674852696
0.40118147706417545
0.3993466856399088
0.38457799482280935
0.4147415074443701
0.4354433524188376
0.42876073383672153
0.3977241237018128
0.3938135949695233
0.39367955739715493
0.3701200858173
0.39395799157207545
0.4085188732174959
0.3695481137817425
0.42340511631415406
0.37567677682433276
0.42622806788766315
0.38664033180065155
0.3940568803799974
0.3927803844195043
0.3637083001065518
0.38587763042505685
0.3944929296609503
0.3462140420148317
0.36797077271111883
0.34939653209329136
0.38665674886220813
0.3669569529742302
0.3719159746753311
0.3779912872158612
0.36400192989013147
0.40332351722276266
0.3553866748673097
0.37852004108200105
0.3562951280746289
0.36397845119488403
0.33305958822712733
0.3909687378139085
0.3753360097857137
0.3836413786971664
0.3666603567407725
0.3620958096621953
0.39816351239483344
0.3519650408584858
0.36436945085216454
0.3692676805526624
0.3777872207004946
0.37759255596653785
0.32266364363773214
0.37852670068695876
0.3560262027156886
0.3614401117708169
0.3504088007385563
0.3547204060279717
0.35572711839990295
0.36593886018389893
0.3206609402505508
0.36530491932395365
0.33500972756138664
0.3841304318862028
0.3763132673845244
0.33412018263710924
0.3287969142134105
0.34030131810814207
0.3608069585638504
0.3681331586794337
0.33374945637703657
0.33933574464240795
0.35272132811474716
0.3928475985775997
0.3368748485334622
0.3430173895533237
0.3150601305573936
0.3313555036506611
0.3412345021460146
0.32736020451411607
0.33470129113742914
0.3350388428504157
0.30960283239353
0.32468633835733274
0.3199634222248507
0.3232384013136663
0.3125773541588595
0.3644378027183877
0.3431473923355305
0.29132397172788166
0.3238967733871754
0.2981780957068012
0.3332418733325749
0.32414555776106724
0.3434050814336569
0.32637945518771794
0.31661912896257066
0.3486366910653523
0.311247546202068
0.3258492981026967
0.35099594707382775
0.34002066053505453
0.3252923352579743
0.330102833700554
0.31756989144364567
0.30829837962650475
0.331943211109053
0.32585946914377034
0.32056492006511844
0.2796299803028031
0.31008194341259937
0.3442428394395034
0.3345233539530395
0.31388708636886925
0.31518956158828415
0.32425146003930216
0.33657313295192204
0.3365902967292872
0.30320954581018794
0.29772253189081466
0.3222310782352876
0.3282987946349391
0.30933439554910425
0.3023032727804895
0.31823629327763525
0.33164324777197135
0.29671803655898266
0.31439844400901007
0.296059196826025
0.2829122259267
0.30308962107738496
0.3186971721921958
0.2883811677646946
0.30478349235111823
0.27491751266325376
0.31416083256706273
0.28444615977973553
0.2945815221827023
0.31306581125862337
0.3068961631497468
0.27895831471557825
0.2976836209453962
0.3127749433444189
0.282688664353463
0.3138064997718643
0.313903890174541
0.29378466725238833
0.3035754580473844
0.26654730119447567
0.29691582435449704
0.28913205770662503
0.31159422277653825
0.2937434543849504
0.32612423756491965
0.2883472886433934
0.2907404466940051
0.30414010211881753
0.2690384222913709
0.3071329177948756
0.27978938745588433
0.3172032107381827
0.2943020207368214
0.2916347179808664
0.3021529334597958
0.25924804165715953
0.29659037941756783
0.27745318954299275
0.2974689920973868
0.296302641386521
0.2969380217377684
0.31771265457790554
0.3135374908030194
0.28191983995424863
0.3233556173706371
0.2889930099588113
0.2789711534967404
0.26498502314314953
0.2684999406229817
0.3416938767229774
0.2942251808230936
0.2794203793074449
0.30815845568985883
0.2882350096395803
0.2643671292628139
0.2681649857220542
0.27711485939822644
0.32435849069824974
0.2574632845254457
0.29024373822071764
0.2693132799258429
0.3115202434457791
0.28840414032898853
0.28895287432275235
0.3026328438627193
0.2627811039666805
0.27706852488618977
0.2990881590779801
0.26081286755178523
0.2876724057803416
0.2781441240205707
0.2749047850137162
0.30185493014649434
0.27814711769397676
0.27509037900045313
0.2837360365036132
0.28521816671374284
0.271797003108163
0.2772372100185639
0.3062538211150242
0.28653194187056646
0.30845148140887385
0.2689002028655101
0.31813768951572513
0.24281182313995348
0.2639303056993787
0.2555025764858356
0.2704723322442807
0.29499351651057437
0.26044674810456625
0.2737520733985444
0.25219697772781846
0.2801990799227581
0.25876140496240013
0.2547047010442856
0.2810334708593034
0.2647141854511405
0.32495201950022795
0.25633553464328784
0.2705875883467892
0.28033165940401844
0.2566314865491852
0.2797420335935768
0.2322638012947945
0.26042326708778424
0.3160395293573779
0.2504060216554526
0.27066999688451365
0.2708214438073398
0.238498182507249
0.302634590939167
0.2616888203738788
0.2377097504339003
0.2919463241209517
0.2656790222165425
0.25935155618701167
0.25346811858502427
0.2800015063806306
0.27246241288476436
0.22346724360282808
0.26050775041329943
0.2425039879089039
0.26618059658058807
0.2617830395562926
0.2791362026911842
0.24622983198090093
0.2785298402729993
0.2502527034464816
0.24406768791658223
0.2905038355876518
0.25525195588218025
0.25970786387913536
0.2553106477468735
0.24863328001448545
0.28308683627235576
0.25009465923612173
0.24630512911442232
0.244907304747482
0.23993328674597864
0.23470177565977646
0.25666248363150596
0.26001264347931713
0.25657454469822993
0.24285396418119018
0.2693137720735715
0.2770476429811533
0.24249946441741546
0.24486540780305466
0.23072453017008293
0.2734074396535249
0.2577753741954955
0.24300522041576011
0.26471973983754005
0.2069894044573933
0.2599534484601558
0.2638147255644635
0.237228085454996
0.26536162691437504
0.24907960770017426
0.25716666374903785
0.2257816683214686
0.26514539227268635
0.24311634084670003
0.27139151180371496
0.23310855980032993
0.24573250376690622
0.27208083557837154
0.20400361794362806
0.2612010451559809
0.2897153836444358
0.2597481205672169
0.22964474936527465
0.2564920864110317
0.2328812102015455
0.25428179149933217
0.2613761242733058
0.2373256897015837
0.24100054440754462
