-101.89139106759828
-295.2250293520738
-316.0811121848322
-385.7068823691337
-436.56856849775886
-472.48366093800365
-495.67586049725935
-520.227879827473
-503.22625424784997
-520.5262427264095
-568.8953062839772
-571.7330477138818
-608.0620129492975
-584.9860296820715
-634.7075648329775
-641.8077583488781
-612.2125590451851
-628.0999390914144
-694.557917915731
-640.0032163699102
-637.32092159135
-655.0898646253595
-686.6296090332594
-688.5216584667082
-664.851135376961
-721.4587784626517
-731.8211103870022
-715.8432555088799
-761.4656445551577
-727.7642534317508
-765.1872152161488
-768.2048918025284
-742.8854721174812
-743.3747737814205
-763.0241211218768
-615.3306261306534
-746.035983116396
-779.8708947968373
-775.8108944870909
-755.1043354684856
-797.3565206022306
-743.8801454882467
-684.3662649673252
-818.1404274443877
-772.103038031934
-784.6620259087207
-784.4272892508089
-588.184723113539
-749.8562070081861
-809.5402009673932
-794.7591509445472
-679.8235369739444
-703.7938463149533
-717.9119512144871
-744.2799780357818
-753.6967385287659
-706.9822060633364
-733.8013608906126
-778.1879928694343
-765.2255563516221
-782.0431968759282
-794.6560780046173
-790.7818763838386
-766.8308813033566
-789.655920626381
-776.4534653342814
-790.4924268590689
-786.9903359479069
-795.5462382795624
-747.6338448941982
-767.1331107143982
-790.5738033171623
-802.9561679681875
-830.2270327800979
-837.8462875295894
-805.3867336220455
-823.3204311247795
-778.6453422862813
-813.826890866328
-843.9277042441654
-830.0250066326511
-839.9306727818081
-846.137941281367
-812.9186111001925
-818.235791975452
-802.562454592797
-791.8080854635634
-837.1384604043126
-836.2417944807062
-872.0975988021095
-755.5828453802293
-852.2936238231747
-822.9355787022323
-866.5425891436739
-794.2653611354564
-809.3711655788157
-869.3340657493486
-869.2734397853025
-833.0191681505897
-843.7514592359693
-857.4400155906853
-856.2912878484769
-836.3200475894911
-812.598813966672
-830.1488264672768
-848.3924883301906
-828.2107867755099
-763.1216530426307
-866.0386854734289
-863.3206988743374
-831.9870352327549
-847.9312696325064
-845.6293016424926
-872.2232469567506
-860.2540986021543
-867.9107306695754
-898.4570220736315
-829.5190501235048
-886.5471682922082
-841.4213878174531
-868.8046460349439
-831.0553513979582
-835.5226639602591
-915.2437312394243
-879.7393852269046
-910.9931228567378
-860.0288611908662
-852.5876415841591
-857.1339678434732
-910.3811769968903
-850.4041866003643
-864.9946774030061
-906.603734414149
-866.1722050679994
-864.1362120720648
-847.5442139629944
-899.7242652611799
-876.407450522146
-907.5418284807337
-856.0258955362206
-889.2848310338736
-868.7805849769697
-908.8512451593778
-916.7252628528578
-875.0537115615634
-826.6786223732381
-883.4978841790406
-879.3483928557365
-870.144786149126
-900.5148220501737
-888.9030933643816
-866.573463967319
-896.9273769536875
-902.4891133110644
-888.6311115493423
-894.0081660538774
-919.585932015274
-925.8945063050442
-897.2199551410939
-867.3185743340699
-927.794547542449
-903.2997529737411
-889.7888734263759
-882.1342703735774
-886.202903738769
-887.3931690383067
-888.8753896836312
-846.2859497257092
-901.012891281585
-867.8881976923086
-905.150255932786
-931.9804309282434
-961.4035415429673
-902.5836500879807
-940.5078209028816
-920.8445289102018
-863.4666514154953
-887.1907859529767
-863.3190341720932
-912.9896453998056
-924.8013608554542
-905.6132698981993
-871.428161287088
-874.1542789782247
-897.07098573254
-912.2195373394522
-910.9826897651918
-924.1964574673209
-919.2690689157231
-916.4693389048774
-907.6749369537775
-949.4712974442864
-898.6412338045885
-885.374927672373
-947.8033037317514
-916.6807313338952
-963.7929368963988
-931.9123953190817
-857.2497551210465
-928.0867510149556
-908.7909134543986
-928.0442083771877
-910.9971761395855
-923.0411493789215
-901.5808044205063
-946.3642208433371
-919.0660223103888
-891.2445693829093
-923.7954874170541
-911.7914407440045
-954.5052179345338
-928.3960512925952
-967.9250759880664
-967.4902402816281
-927.7251481702251
-913.0483101348174
-894.9965969736126
-878.7393706537063
-895.6737556589364
-952.5018976800453
-939.9510723720498
-957.555442282681
-923.5456116144559
-915.0078324612384
-924.8176774758897
-919.1219551772017
-895.6529324439264
-909.3579987908289
-875.2675079837923
-936.3624831080986
-895.5515361733151
-954.3836056757632
-919.8687688238609
-945.9169181217246
-926.0848075343716
-903.1192901233375
-890.1072164438837
-902.2353855256112
-937.7494927595288
-923.2293470356321
-895.0423683834515
-921.4030558502619
-884.6898241174936
-921.8615038471837
-981.3513143776748
-960.655815774944
-955.7011416870328
-954.9942760907011
-935.5216611870973
-938.0923146542316
-940.722403601018
-938.7837181794479
-928.0706552953764
-955.749668516871
-984.8931314846337
-926.7727424516106
-954.0827537923365
-932.8490855748752
-956.2769604344522
-919.075176137933
-962.7121716688306
-852.7188536472585
-925.1345714446037
-918.4031354842648
-932.314355797482
-924.1360309794202
-935.0514532344132
-913.8089646194388
-944.8577576386764
-949.9331175984325
-1017.8897470219345
-957.2343773819883
-984.8814176216653
-935.6775309193519
-974.200971102385
-969.3281547440911
-923.5170437509563
-1012.9011585701446
-955.6529098721693
-979.1161866253972
-961.461276858633
-1014.7762094137306
-943.9944431990523
-969.5530855205202
-948.64953033166
-952.0076467628303
-952.1990554805176
-922.5250335552726
-956.9829033882387
-976.3777496496103
-954.3937602065126
-902.178203600343
-892.7746663774763
-935.9668466242777
-934.465313359889
-948.1278779341878
-974.7902058895831
-944.4753521334741
-964.1843521891651
-960.325901435817
-960.098066637593
-1003.3733253039522
-985.8089425926385
-990.2450788119971
-928.4572205697336
-1057.1544557562622
-982.0496865022018
-997.0182384192119
-951.7597700373917
-958.9408087137108
-956.2880621000369
-968.0551026339905
-985.7174708634477
-995.6490003172703
-952.9452218613866
-977.0669522087695
-975.7932605919201
-940.2931507303967
-1010.2442600935835
-913.1965057970741
-954.4780596895702
-991.7174289017778
-991.1159822314565
-954.5067976674726
-1021.9196476354027
-959.0197924161287
-949.0928000876431
-973.8109378551009
-942.6906733710645
-1005.7703885548675
-980.839849726945
-955.6759895289548
-969.1238129787181
-968.2685626618874
-1002.0384633288405
-1013.0254738803284
-946.905931762836
-951.2528694609892
-935.8748893210416
-969.9929658388762
-1013.4154000524002
-955.0522940851027
-1011.3835023713002
-993.4327444612705
-981.8073647318897
-974.0469063569873
-969.5959057873845
-921.8154306367795
-992.02415679457
-970.7019208037908
-994.2981931624875
-970.4798174212056
-980.4028331739013
-982.2494252112604
-1017.9097981958346
-957.4349980947609
-998.6690121839673
-936.5918905636132
-990.3907210354431
-988.9431634894164
-959.8553367386215
-988.0735686517531
-985.3052358671267
-995.8531075051303
-959.3438484613797
-975.0569371386058
-964.2114606936407
-954.5935211709018
-977.6666771409698
-983.0198236984043
-1021.7215845485986
-944.592263850199
-981.9168247275638
-991.05682557629
-988.4745378142678
-969.4808655312534
-959.3980858974193
-988.8098221352573
-1000.9206044421218
-955.2296887059366
-932.2433409097557
-943.9192464098952
-968.8916040060158
-1006.7454802517517
-990.1855707827801
-975.1578496414395
-1035.6146166401525
-1030.0084239063176
-990.1513491863479
-948.7626909088979
-1002.4955268895022
-1006.7566554952876
-994.4905298470352
-998.1472186602755
-952.2464473741944
-956.0598412439022
-930.062731272614
-988.4173814964734
-998.476258326236
-985.9995473694692
