9.737522509130366e-05
0.00010185930985748334
-1.0104804742095314e-06
7.715647129988661e-07
-1.1482102725448665e-07
8.065896795490667e-07
-5.591363233878846e-07
7.384932094498551e-07
-1.074634171306648e-08
4.833037949366426e-09
-8.540582393886875e-08
2.061933549472955e-07
-2.287110924447505e-07
7.161682820881019e-06
3.446211084366203e-07
-3.505015278773036e-07
2.9890234009354036e-08
-6.093239207023519e-06
-5.90369729218624e-06
1.27116215836234e-06
-1.6051256786433927e-06
-1.4258447633195712e-06
1.6452024687797767e-07
1.7773421201481768e-06
9.38545298302411e-07
1.9744383732566187e-06
-5.482473639845032e-07
1.119312919217434e-06
3.9097353374070375e-07
-2.488436700446597e-07
-1.1621659278142636e-06
-8.641570285116074e-07
5.225010414003656e-08
-3.70923626854899e-07
-1.5742699041549278e-07
-3.4653417289206213e-07
-1.9484608612891756e-07
-3.7474169014797255e-07
1.2309489092139196e-07
-3.744321316288574e-08
-8.582063729406483e-08
-2.0893582766421464e-07
5.342389881877257e-07
-7.563870184609199e-07
3.563384931069432e-07
-1.9492260939590327e-07
-4.784844884057362e-08
-1.0567229126757491e-07
-3.506117552611037e-07
-1.8698759406558674e-06
-6.089985817756365e-06
-9.162211986181643e-06
-8.031838363053836e-06
-8.787266543483764e-06
-1.1034815619850089e-05
-9.473433207223792e-06
-1.3552729224851404e-05
-1.4374800788885584e-05
-1.5237594083497193e-05
-1.851744876264893e-05
-1.9836547976892647e-05
-2.539833169886866e-05
-2.549780371573685e-05
-3.687373954246208e-05
-3.85702376583819e-05
-6.426816113447206e-05
-9.526317318450981e-05
-0.00016187355442865076
-0.0003278307489190704
-0.0008099334437259881
-0.003386567381505285
-0.010013052923572657
-0.016990551358080266
-0.019049501633711486
-0.026211604244418523
-0.026100382459358515
-0.024416345494589018
-0.022531023794089867
-0.03051371781224136
-0.042497466115521326
-0.03115170976723231
-0.042955973631946996
-0.043923955577563
-0.03867168445810718
-0.0459177976511451
-0.04986960955408363
-0.057390250126114505
-0.047006761010098895
-0.05242115484383215
-0.059848753485760506
-0.05109174881604702
-0.0526285678478739
-0.05168512869038306
-0.06549243038640387
-0.05431288467454059
-0.06760821956068208
-0.06122023154753969
-0.06728340233869266
-0.0583209345688022
-0.06196231996503225
-0.07088101196557729
-0.07354819436862309
-0.08045649865410433
-0.069500405674002
-0.06737928694298637
-0.06389323745431456
-0.06781164795688185
-0.07215936356953727
-0.0850760974993174
-0.08203898733782192
-0.07571174960995462
-0.07934503671970682
-0.0841234248616488
-0.07896099740012724
-0.08531947113323553
-0.08908143685701463
-0.09031210453914744
-0.0849288634393656
-0.0925656376483803
-0.0930617026864521
-0.09481398578226773
-0.09559681263756574
-0.09708826623541573
-0.10502825109803114
-0.10121352882618041
-0.116896213487237
-0.10963359377067965
-0.10748529743952011
-0.10600447622964734
-0.11710928652858284
-0.10985455948275767
-0.11523952779643375
-0.11646037842997367
-0.11577494653619928
-0.10925898472789229
-0.09976879399847068
-0.12464442190151953
-0.12472620645907068
-0.136092441506289
-0.12788952536417456
-0.12102439217183585
-0.12329041135973783
-0.1349102957088346
-0.1343325020311924
-0.12902834582301329
-0.12372828124108197
-0.13340123359989461
-0.1368870860660955
-0.13885003107938967
-0.14581907727682644
-0.13770349391130945
-0.14607789793184825
-0.14528305623422844
-0.15092131899764186
-0.14059766414811328
-0.1373127654349337
-0.15348308751454
-0.15825761833833316
-0.15092445488521306
-0.14196998700242025
-0.14887379876376572
-0.15838909547127922
-0.14538841290009952
-0.1428269108613601
-0.15539401574682632
-0.15088224081989926
-0.15374606808493008
-0.15378725021291087
-0.15107566493880947
-0.15454409472979092
-0.16643559821550885
-0.15944214246325916
-0.179616833765549
-0.16861456514160206
-0.16610871782861136
-0.1708153428248031
-0.1638366183532136
-0.16161900085251144
-0.16346263260181462
-0.17839270573933416
-0.18008548480379158
-0.1747869065370462
-0.16453857941999345
-0.1568818543198055
-0.1767956739600559
-0.17338735429990676
-0.17244554472838267
-0.16881600595487084
-0.17603071992744773
-0.17144436972035515
-0.1762060483806007
-0.18393621432770918
-0.1631807830476541
-0.17422103597181698
-0.1895606864398251
-0.17631858256581123
-0.1878671289125483
-0.18550473519907792
-0.17199439609054185
-0.18158899641634407
-0.1730930929325418
-0.17525284612564207
-0.17900717392357812
-0.19388066778819973
-0.1901788716912613
-0.1959861970940081
-0.18353166545565297
-0.17149962582475237
-0.18653557699362527
-0.17876908899186186
-0.19295895442555439
-0.18112735117223405
-0.20128300080015774
-0.19268382718348834
-0.18660836678303022
-0.19035688051653485
-0.17841279377070715
-0.17533471094538813
-0.18704023268631734
-0.19406694721018528
-0.18361305876759476
-0.20794352228980734
-0.1896792471769356
-0.18118576204601658
-0.17580109624801554
-0.1782000419986327
-0.18251490347465063
-0.18305203077396215
-0.1787093762986465
-0.1899724791925143
-0.18283415591764834
-0.20032091373534797
-0.18565813036987447
-0.19389636401883176
-0.1957789702171434
-0.19861722276073962
-0.18308831470662273
-0.19021793182784785
-0.18863950010221708
-0.189147441150097
-0.19375703461502555
-0.1927809950462135
-0.1866891174341127
-0.19205499661888945
-0.20132226988990803
-0.19366250795522524
-0.2037353429702982
-0.20883945380831095
-0.19585652979013557
-0.2029923522364228
-0.18752435496943887
-0.19423833434053692
-0.19444726583062916
-0.20121593276158936
-0.20169180973265577
-0.199410195050392
-0.1867802788799603
-0.19139137954455435
-0.19982748139168946
-0.19716664848523
-0.2057905379287933
-0.18360116729037493
-0.19369202922634815
-0.18635673239861492
-0.1880803405337276
-0.19532723439007585
-0.2057789177655281
-0.19320790308703611
-0.197257467185057
-0.1946360185433368
-0.22243561364779
-0.20900054024274928
-0.21557423420902772
-0.2026205062627479
-0.20753103805800324
-0.20727878592668042
-0.18911675946606743
-0.21240428341273648
-0.20631319646667776
-0.20974868773761707
-0.20297970775566343
-0.22344874861019273
-0.19814270610324525
-0.22061008895202303
-0.20407578695033277
-0.2040481097386798
-0.19986780693707343
-0.2008496733116252
-0.19982136430622247
-0.2155640560077838
-0.2028393318387358
-0.1858439008975702
-0.19539435941743136
-0.1961638356434516
-0.18877447605554726
-0.20828604347111168
-0.20709030182113708
-0.211457752060437
-0.21225195386648726
-0.20666308425075036
-0.20942166964373282
-0.21541291474223068
-0.20322442096379084
-0.20449179158146893
-0.20030179248976818
-0.22806968697033445
-0.21277007064889378
-0.2220447762023812
-0.20514613165078074
-0.20742036207699246
-0.2098204276528776
-0.1992437231272871
-0.21361943936052685
-0.20018796860090188
-0.20202507747740653
-0.20704203103304183
-0.212841960547861
-0.21463435857282084
-0.2187082810136425
-0.20481608217487687
-0.2042207889739544
-0.21601800684503833
-0.21789279513593232
-0.2001473104757201
-0.2237309902592043
-0.2210832684030456
-0.20811020436992844
-0.2123006637624469
-0.2187266233055273
-0.215943383258952
-0.21406884785003377
-0.21038588929560878
-0.2122081053284456
-0.2050194656685604
-0.21314724293550313
-0.21846170977513363
-0.2005957895718206
-0.2035839292049099
-0.19910246004191687
-0.21578857749872218
-0.21931810725548986
-0.2049792580014687
-0.21036815528290062
-0.2188670655137383
-0.20949598286549823
-0.21659265802786923
-0.20282819787735626
-0.21305359724677309
-0.2214068804748468
-0.21066244541397017
-0.21079588290046436
-0.2110161908584634
-0.21365221192167583
-0.21125286187298492
-0.21536214555257477
-0.216830037577155
-0.21626179140868002
-0.20326664636323596
-0.22108535348836864
-0.21319908970829599
-0.2104161692255344
-0.21936777094593657
-0.216445449842698
-0.2128201845329478
-0.20685448075648963
-0.2177136829117536
-0.20803128284389316
-0.2044965845966188
-0.21691625865717087
-0.2223177332568416
-0.2199779296645783
-0.1998977287745421
-0.2189792564250357
-0.21360344694249228
-0.2210139446947638
-0.21810551576127518
-0.21292690292627375
-0.22142985320225153
-0.2220540648746875
-0.21384555252466333
-0.2127529409314905
-0.20920097901730494
-0.21170151900191048
-0.222483351170021
-0.22592372683301773
-0.21549734955627797
-0.2239644578507831
-0.22950165155708516
-0.21409780453152372
-0.1981752741328668
-0.22480416475593495
-0.22835181254361356
-0.22068723904029017
-0.2277575332911745
-0.204204381671026
-0.19651242220250692
-0.20912922147987625
-0.21537399341991764
-0.22590841855510452
-0.22552190921891668
