34.04686720006606
31.581677222532385
28.682567988003
28.95521289404701
28.515298387583563
30.27163961691015
29.102942912438337
28.72052112635444
27.96131437918719
27.97381792377023
28.38960888077231
27.742554920981913
27.80962077393251
28.23864545289208
27.50446066912483
27.510256291838253
26.280600012891433
26.265924707300524
27.00705906755784
25.99465960867265
26.022354853293475
26.794333332847145
26.751797241603626
26.19992540696088
25.637538886911727
26.290987693281735
26.020038702067207
25.92806555551641
25.746358160692104
27.448722271638758
26.366694080969868
26.980760417826037
25.639374722031985
26.31983369771172
26.037861355893753
25.97435875303605
25.1772272196938
26.186278128904455
25.10747121109682
26.365190804425406
25.486837615686305
26.463088842840754
25.858924346250646
25.85610752330107
26.398698361621182
26.62510942627402
25.659437049136443
25.480390586853026
25.63749211423537
25.62206081755021
25.52031885062947
24.21454194545746
25.47451170724981
24.82065951347351
24.81538242368137
24.604203616030077
24.684538963261772
24.760156546480516
25.673401936923756
25.55094467527726
24.707043844952302
24.658317678395438
25.648603351256426
25.099282002168543
25.392500006170835
24.774516276471754
24.758401542270885
24.07047945387223
23.898422354529885
24.22819958153893
23.67722578497494
24.547249067530913
24.89552115833058
24.32436087355894
24.449173160721273
24.593929537043852
24.08577187986935
24.1379993985681
25.154175330610837
23.35494315371794
23.89805833564085
24.640790011462045
24.470539494402267
23.94413251063403
24.55484173045439
24.360217065811156
24.36266605573542
24.60645292562597
24.72397498327143
24.959431677986593
23.587850202111635
24.740257725435146
23.198050482132857
23.37803813345292
23.54771339640898
23.821367523810444
23.585303780611824
23.242253419932197
23.620459732448353
23.21838972568512
23.561121122416328
22.74044679333182
22.841934792574715
22.947020688898423
23.084256074849296
23.026749323957105
23.312605230107028
22.971590179555555
23.939185269299674
22.610127153116114
23.461037371018353
23.096514130760642
23.045083972706514
23.395789130996256
23.58473137434791
22.914851181647357
22.739199628829954
23.332686232398537
22.97199864387512
22.921884126943702
23.9471859255959
23.15817625326269
23.035796015963836
23.870247027733747
23.033195463068346
22.752509306458865
22.954696073812595
22.6988160980449
23.041769515205832
23.108163269688102
22.28979262674556
23.00041228939505
23.46290557945476
22.953199596966016
22.190598886994753
22.5667717090775
22.6819211417086
22.52722492793027
23.187724837134866
22.9756595064612
23.064413838386535
23.373864461393918
22.672422214115368
22.890391348109524
22.734037666320802
23.166702653940987
21.8678496464561
23.04977917502908
22.425304909313425
22.876697535514833
23.063636366900276
23.28633750957601
22.26771136592416
22.456523210020627
22.642351655960084
21.762654277857614
22.805879132046417
23.288284834132476
23.04542556482203
22.738425045854903
22.62316937853308
22.674403333102955
22.582056987986846
22.506876079895918
22.984573818375083
22.794885899038874
22.84817397818846
22.535914755849277
22.495776393834284
22.12588104542564
22.20253181962406
22.401783679232878
21.607052959834828
22.742236378894134
23.21238852262497
22.50740760719075
22.94383700763478
23.054994142616497
23.103134376581977
21.892230581115275
22.621324692052955
22.30382701579262
22.979843629107755
22.199588232881883
21.761571063153884
22.74811749612584
21.784621854669908
23.01104995994007
22.080026751967036
22.9738052871648
21.39280021681505
22.744932332599863
22.281634502130395
22.656416199908538
21.79983542203903
22.136345450878142
22.802309029242572
22.193689809686997
21.783711118137134
21.713625324613908
