34.534373116773715
32.433302689720605
29.60058911155252
29.56531848683077
29.350936789512634
30.97247973498176
29.53973614328048
29.297068167854757
28.644795044169708
28.607482160399943
28.872226218616262
28.253135028446422
28.613024750597337
28.546410960309647
28.273593302334056
28.227441717316122
27.069302180514615
26.969802305558147
27.417040543836706
26.55421032933628
26.975633375223946
27.974027451346902
27.19506271390354
27.006145072824815
26.23150473201976
26.922462102946113
26.785692910306594
27.059786173035118
26.367879990970387
28.339414732315962
26.895990922310773
28.560708704275243
26.238300680553213
26.73617084390977
27.141320174161127
26.36543681228862
25.95056174698998
27.314196821100573
25.790526768459994
26.95509609783397
26.075976997824277
27.243173602609073
27.047787471098058
26.991910316523384
26.932537325971268
27.56173874798943
26.586560422953436
26.096115418602437
26.16137692563674
26.104505318192874
26.06598030651317
25.166390914356008
26.34016115777633
25.687046146392824
25.348732658554525
25.100653986369863
25.474119880620172
25.614748539924623
26.064935775083654
26.226894292550927
25.476826089971205
25.41711692613714
26.13368317491868
25.75539364870857
25.784163277008954
25.530383678604576
25.40591842034284
24.770243638824013
24.832816902889924
25.108678821395426
24.63635820949779
25.318916990055758
25.652112313719357
25.206073554824382
24.98905609663795
25.23712130238028
24.715207176769482
24.539099387561574
25.652253160757176
24.173505961474252
24.540099299094255
24.836189660465017
26.025179798182318
24.83416520763846
25.589800003837137
25.228798692086162
25.085261401849635
25.619323724578408
25.383373754445245
25.529789093241973
24.23770219746758
25.232571874506334
23.88505318080678
24.095421680562637
24.174279897353227
24.233364292874057
24.21166680953082
24.17078355144052
24.5215032639223
24.022970139279085
24.361000572653378
23.789046020788305
23.405339429238264
23.908156210113972
23.67963213219362
23.91901927471161
24.13485807138331
23.781203342325547
24.616497921943665
23.579667130919063
23.909090944177965
23.661172555474675
23.410748459311094
24.371281055843127
24.23706493910621
23.374589979227853
23.24580532803255
24.14806977159837
24.081237832518184
23.712159472353317
24.326993238505196
23.503954129499547
23.939125410248252
24.808461369907153
23.269159205941595
23.50316529666676
23.98534957773545
23.40514536717359
23.651878525229062
23.26263207309386
23.51729446116616
23.640683964841507
24.111049256885753
23.837918977176443
23.163937481992384
23.339200349555295
23.121152326499715
23.620863408341126
23.614635484919827
23.628463929400723
23.94001674231361
24.217998718654407
23.321217239323783
23.244832901113174
23.27449005463544
24.285405933716717
23.031414793799904
23.965321658078363
22.914844439450434
23.530140957271353
23.870711243012373
24.249224145412445
22.59692323993234
23.018079084228066
23.271458531547996
22.19266441934249
23.595066839386433
24.039876002704396
23.740328834758085
23.455097462990704
23.430374347041635
23.218562622350806
23.334816872372347
23.885791374094346
24.02978610094856
23.665501447565415
23.745949783044704
23.113073173270507
23.236898039369024
22.65214999998317
23.05183391234454
23.235756314782535
21.923750842318814
23.316486091894262
23.686438698067384
23.136373011364658
23.4273140037761
23.770621801965376
23.756979992529924
22.544413403623246
23.352436923139237
23.249185594530665
23.636698891415314
22.97918328677907
22.281020743706648
23.228843424600715
22.51116614341736
24.292803255389718
22.39093850949231
23.493200195957634
22.049889615143048
23.181680729529436
22.86102061804603
23.374024325819576
22.210723700102637
23.158129410322974
23.471830758767968
22.563337577371037
22.370291309356688
22.25718003399232
