-854.8980323093198
-1988.5559056884304
-2079.469132163513
-2139.694357829071
-2242.6602332038337
-2256.3813279816327
-2268.5932841956333
-2121.4494965675317
-2313.4722301654906
-2291.3954174914065
-2384.6985633068175
-2407.1112224411627
-2356.547659175656
-2350.490282883576
-2383.692649648088
-2447.773847812725
-2491.9307371801674
-2669.427117374836
-2829.6841751387897
-3032.9209671698477
-3330.2712519722527
-3345.047261170301
-3778.9165599289663
-3565.7282629826623
-3794.9756140528134
-3776.638616308782
-3816.599894392547
-3978.6129781849577
-4037.8190267187724
-4088.588113241286
-4001.1435904163886
-4120.955488152978
-4100.06913177436
-4394.544962708984
-4209.963485611558
-4318.386238900406
-4059.02920898329
-4310.0688695659
-4290.049343217605
-4373.180745615214
-4331.991705034581
-4382.233900063411
-4368.310540854648
-4522.620432650308
-4469.395891966978
-4570.402446715188
-4441.464755110266
-4264.197741065545
-4487.976038547488
-4515.952890304593
-4749.987520655184
-4656.64042960976
-4603.0272321610655
-4811.562642392389
-4682.470424075827
-4771.113832903135
-4767.285564664416
-4892.099476969072
-4823.162074959108
-4667.340052238573
