0.3940594629620627
0.49852104780311407
0.39137738434949776
0.4569334379453126
0.3958466443949924
0.4347568672270544
0.4624820385591775
0.5057234512770781
0.43072600073872075
0.40693080016682226
0.4031921376555746
0.45869699307644424
0.4551538835335437
0.47688997993546145
0.47729171596227155
0.43811258771521155
0.39725773441626727
0.4363973353590284
0.4521103653936617
0.4332803579794097
0.4633095506707438
0.40173309292936105
0.4270588485738649
0.4813549422792026
0.43760244304546014
0.45775523534568224
0.4829881614254367
0.4947644006375069
0.4127579779806225
0.49908398311533686
0.43534436488893175
0.4000372110355285
0.43558288873752693
0.4120095419710339
0.4332779253133431
0.43815761323898067
0.42321142169737047
0.42387173290488905
0.41547978834210453
0.4586890295903254
0.3989009357096138
0.4659165639069773
0.46329221345724597
0.41860758116649044
0.466287172472422
0.4062985613736139
0.42159204648524384
0.38974622352057336
0.3946935924688517
0.3565492697643794
0.37026527407257237
0.3783337252068629
0.341013150890508
0.3463771332415842
0.3989246341953492
0.3927874282895145
0.3617126679708881
0.3627675150903071
0.3894889453932437
0.3095454692557317
0.37720008227922674
0.42508980727964835
0.3733416357193537
0.37042319874197654
0.37989326157877523
0.32894704753558757
0.3780275871333439
0.3413342546826134
0.37695925006394015
0.41152894869446754
0.34333849306033776
0.4067601959311193
0.3496101320407907
0.32284377254374014
0.3450566559411963
0.3716969480437617
0.3584157792928581
0.3116592849660579
0.38683019681460296
0.3521715991181849
0.3425518571643785
0.3239106501233743
0.38409377318648147
0.36606384988891366
0.3785902831686257
0.3214597725717153
0.3495719626992254
0.323993773555838
0.37234712289088334
0.3524869272081945
0.34854268114412984
0.35624649528465513
0.34194839072804295
0.2978235409693784
0.2808809700649455
0.31864650005019757
0.3037134678562253
0.3545693619013657
0.3421814583396445
0.2915188401662809
0.3214521317695555
0.30840676322510713
0.3117171861059655
0.26805868478114225
0.2819666876221582
0.310260068281867
0.29613885928958245
0.3023616958512551
0.3646029168353652
0.2486431109139584
0.26400188257067986
0.3280588702946764
0.28549323461022796
0.2933211184196895
0.26938883699305044
0.24723918693062896
0.28386107179838393
0.2593156313394896
0.26970651605024865
0.24207741813519584
0.28720863008966097
0.21934825581957668
0.24227343624981318
0.25687919268685
0.24596623010281043
0.23372738156038494
0.24359010523914743
0.25414859709514454
0.24584887571598527
0.24370171546438185
0.2607300342940446
0.20868796896412625
0.23696555678779904
0.22116288969353323
0.2541235337368629
0.1973420175195839
0.18814976925399446
0.22074850172894547
0.20679115376130502
0.19746223438857338
0.21955482536403265
0.16100181218382606
0.21378083951977267
0.2148587673533416
0.18844711185059584
0.17649080600559472
0.1968822701027282
0.2094681830089625
0.19062064336677198
0.16130782488179887
0.18506764226715394
0.17094742177308409
0.16263621422882762
0.15896997985138756
0.16859341576139653
0.17046428351190418
0.18987212024418818
0.16194869571876142
0.14943031853704375
0.1794491150863855
0.1600890538917022
0.17990714708699368
0.14839459168815916
0.11506525550707145
0.15234662314087222
0.13276300467894267
0.1481906567152465
0.1606931960143681
0.14507906285126926
0.1729403164416686
0.173388651642178
0.14384923318037113
0.17890215791922554
0.15523172281439987
0.14965838292750058
0.14220949836195476
0.14097124262418453
0.1339272603291073
0.1418650232790996
0.1332398013073376
0.15589043028052618
0.14353168105399708
0.13205792539113745
0.1390725351789052
0.13005122918377293
0.12874120237264822
0.13794431000983862
0.12487829386761996
0.1238533297595839
0.11925303293080738
0.12126763890738666
0.1321676757933292
0.12512901511818744
0.1341500415070136
0.14358209256610582
0.11344253924062496
0.09901068440306135
0.14773389288638003
0.11552541080877976
0.09902604029879143
0.09842825243656125
0.10312753268412606
0.09260977579890653
0.11426985127299563
0.0866569014531046
0.10258267230207772
0.13145162650446685
0.12309396277457113
0.13003475696327538
0.10644145619843152
0.08915213540739583
0.08175362359299915
0.0933956530523381
0.09018367406328506
0.07582308818911795
0.08525949883525444
0.08619776472681899
0.0775523788429251
0.0974806678088894
0.0702745064385754
0.08711687697802081
0.11501983534619667
0.09015982804662558
0.08407995805291728
0.07806463042808119
0.08336183323460256
0.1334441257302069
0.11162299536889835
0.0990717129641755
0.07560590237896647
0.0655870259121764
0.05931049282310613
0.07642881244143679
0.08541287757387432
0.07017927042762004
0.06744499634212137
0.0750115142302143
0.09335740931639118
0.07312518223805362
0.060068920071504404
0.08459422883079962
0.102013932973094
0.06773581878472874
0.0675988784259174
0.065624833367896
0.060093257884668995
0.06529466405368282
0.05365087578745501
0.07871640143520117
0.0924063348995827
0.08137765641393496
0.07554115384741238
0.07312326415633369
0.06818328249936582
0.07594714850199631
0.053913883031374864
0.052152110227129005
0.04338711644021081
0.06105100392336941
0.05832091091353308
0.07192971844734095
0.05898688588083741
0.07419008109538913
0.037365313203638964
0.05492730391189618
0.061914517972776056
0.09648822194107527
0.05884700556401304
0.07794624451452026
0.06373142013139589
0.05293329615308372
0.08277087083613958
0.02639450397746462
0.040596933557063404
0.04035529972057242
0.05617228150040298
0.10173633429787433
0.057409006291911834
0.04472221686366677
0.04712129221539187
0.06778220479474095
0.05310058534763511
0.04504638147083104
0.05818486295545222
0.1026965250380019
0.06335266316809052
0.06287718654257834
0.05153590708230358
0.04673799630605135
0.057274941832072955
0.06691881667862866
0.041460449532400814
0.05704083854611661
0.030853981446955826
0.058004446037007405
0.06112472424162677
0.06156153086885037
0.07655054073420492
0.05356146898507093
0.023704839171784373
0.08048728865234869
0.06430232684099568
0.050496298445100216
0.03991414637820256
0.10906639663645312
0.05298971458346331
0.05329751516776991
0.06147047221000595
0.06497320252321644
0.041477498589933395
0.04666839059539267
0.050894850306034856
0.04165125738312347
0.03418364948188933
0.03773258628038085
0.06563821784492208
0.03434371400086895
0.049266670250242825
0.07105223550085499
0.047166123783258844
0.044649215053575296
0.06869477340642854
0.06434886886975916
0.042697410833043514
0.0468686305568222
0.06019097314690633
0.05062335000251095
0.035856255551254275
0.024642102141903238
0.04720901417107714
0.08531384724583037
0.07722483470262169
0.07414977718259816
0.033787690693259265
0.048118088253424805
0.04844424676507311
0.032983269072911055
0.06737286604510963
0.044963128896703924
0.055645391854757545
0.04179995842887475
0.058772874370558136
0.03975126212494371
0.06916139675537444
0.024301420813370583
0.05341904692198455
0.05585655746837723
0.03617915815682804
0.03723813367590016
0.024951326862498506
0.052357685524296545
0.04654950867688758
0.04758067122138224
0.03460750908883059
0.042042471818406896
0.026966797185507
0.04757339403423336
0.054936605996368224
0.022104715779610807
0.01395406154482631
0.03889459924081863
0.0425822360642295
0.03536420652151433
0.03281529302757707
0.02502948977907218
0.02142001985804441
0.06063024567536368
0.043908201261051716
0.05037245222180513
0.04016922389941373
0.0575888677601935
0.03522613045345352
0.042300842461508885
0.039490482981387125
0.03870651512656285
0.02340843865145976
0.03658780508837482
0.031354191967167586
0.054264696778734765
0.06380788173695162
0.04509707686276849
0.08300764498097951
0.028059792114546123
0.06659683648642463
0.023846682216538684
0.025746478365348477
0.03881297086784272
0.04170820573428558
0.03065304461467785
0.029273134313847593
0.04052714095098564
0.016148193938841243
0.026088607142497788
0.03452208000617785
0.05188582784122894
0.016154676532662227
0.04026298542412397
0.0360713640224461
0.04349702193614093
0.05332759712262717
