-50.91874014095227
-259.78865186190274
-296.0306702824782
-295.0129214113209
-374.9995218312136
-414.5626015317055
-390.75478281293596
-460.0303388323103
-497.81867014098276
-493.414491451281
-539.445722817276
-520.5594705854144
-539.0176856396935
-585.1287240103093
-545.4410936557753
-590.9663179854643
-613.7146915752218
-606.5552999786518
-614.6171555409234
-598.2336883061492
-640.4327424044983
-671.610390241245
-646.2149176180088
-587.298656463623
-562.7019094871486
-633.7807694272511
-633.6734844858196
-643.6932408381167
-718.7737481033747
-682.6866445980863
-692.7032846020114
-731.245730668169
-737.6541506859564
-725.8168836365097
-731.6432289791546
-732.9208058519847
-754.1696439118979
-731.0134152179489
-769.5009873034218
-730.4739063104727
-743.9483689163138
-712.3031423630252
-771.9159830154911
-780.9823880788917
-795.610576717535
-757.7892031515798
-783.6169209546208
-797.1843639321041
-804.7544973522837
-803.3717861615019
-757.7839042118618
-851.2355407196255
-843.5404051547775
-844.5990220698343
-826.6110264299102
-801.51307389044
-814.4482856258269
-848.8597964097827
-819.8900299248058
-822.0827151883033
-846.5000102618873
-812.6924668544998
-834.9228871429021
-820.0562478342364
-788.7975375619352
-829.8854034705096
-837.6202256163144
-846.9673529330487
-795.8275335637106
-791.733339640402
-821.7889407109556
-815.9538569120767
-857.8665150936847
-862.4289251230829
-810.2526029925192
-828.3657455620129
-877.853286347631
-866.7158433281331
-795.3557895361553
-869.3475866713283
-784.6696290750108
-842.9007738350723
-833.6684372721729
-845.3311478575254
-844.2891494997086
-833.0049164943431
-857.7213463849187
-847.8832794927781
-810.6522156500047
-875.7765146070911
-836.9505137078773
-854.1409132997012
-862.9708323061192
-844.6436462314448
-902.4380574951523
-870.8878732145107
-813.0370395502188
-880.1341413506715
-861.712156023298
-860.7125989676621
-844.271633097653
-868.7380362754593
-888.8404229862899
-884.5740932517338
-834.463892923522
-907.452165735482
-786.6183649845387
-826.4166634379444
-864.0335290091379
-871.1554165765438
-907.1790992982926
-872.3576966562579
-843.399272690171
-842.0570143071188
-873.0861485213179
-876.0117492368145
-851.2346737604537
-828.3982261446764
-908.1494782707109
-880.3944635347287
-894.2754952918549
-854.8064591016638
-878.5415382912631
-865.8998620169504
-858.1272534137497
-825.5489633445916
-895.4667162565592
-885.5082495553153
-897.1270200843635
-901.588996605939
-926.8774893624442
-878.8373154055688
-905.648935274045
-863.6626154464511
-901.8669298409317
-876.9672587346372
-861.8499680620184
-899.6171363092238
-896.911369077621
-855.546438876385
-913.6172874292471
-880.7541841779437
-870.8380459552536
-851.8814850029308
-858.6902385658932
-929.4139614896291
-910.8631428134057
-886.423461527319
-862.313542080365
-934.4869460707986
-913.4882616667154
-919.1634062632987
-888.5647361509261
-897.5502991918045
-874.4588895129718
-870.1202712344684
-861.6814412499353
-920.1126187232232
-840.5573718383016
-898.2863032257502
-905.7189848258199
-916.464684631418
-917.6468166931434
-911.5819549208962
-878.8028411601546
-895.2034897518597
-937.8092464851344
-894.5454759048426
-882.5747486237557
-880.5460915279828
-910.2008986934538
-915.0647756690803
-899.7701977848458
-896.772873434603
-947.7220131658738
-877.9266826524163
-930.8958734433222
-900.0559070428945
-898.531221113996
-902.6920115738969
-907.1420206518217
-906.1157646530784
-917.095462500225
-871.8510742539085
-890.9931430926521
-980.970585379183
-918.5535539547968
-906.5762722173594
-885.4520845896637
-933.7999946840348
-923.1389917690084
-911.83529028475
-913.7179546092513
-908.4973777647941
-874.9929699172623
-955.2643453360703
-912.2919045285695
-928.2677300097206
-919.9719789083102
-914.1110950417233
-927.1285415157195
-951.6896598218224
-913.48793314569
-929.121771834413
-880.4764048163242
-924.80394745752
-889.785704867631
-920.9496227870889
-927.4126804105697
-896.1512058451428
-908.9669660928612
-901.4656100646691
-949.8719568208616
-906.7630532963485
-923.9162412019369
-977.1384303448937
-903.3578909948674
-916.6725928816378
-884.5086985029933
-903.4431183283231
-961.7193709518502
-896.7715105329241
-953.6723371584844
-926.7068925672962
-912.5635757446289
-915.3319284904937
-904.0399272584696
-934.5149725285544
-945.3444571077549
-871.0481916946201
-876.3280109546151
-885.6787631346883
-952.4496184318297
-950.7624580541514
-896.6563719296785
-914.6815264653501
-949.340564991472
-946.4936362235777
-927.5346366293419
-936.7701075681343
-931.2191683685725
-955.1512562624321
-899.6460329222789
-927.3183340960384
-902.5341225549373
-943.492433890769
-881.8577644242669
-923.8068687860867
-915.6293665450839
-956.5012432397236
-868.6122027322444
-891.1007052698443
-965.0856102446807
-903.3839227439072
-969.3643656084614
-908.8971649029288
-938.9309793990878
-932.7219551543486
-873.0704645605131
-925.7263756677303
-928.2730907668716
-946.4238535797541
-992.0226780763969
-978.1941132611394
-924.6014637925108
-943.560040733232
-950.6135453782323
-952.9886488057501
-964.4095259350016
-962.2461315102291
-933.3911205414803
-954.36163778349
-973.9915532450522
-918.8984554835728
-958.1800972723191
-979.2867021692514
-925.7226358756492
-886.2271306262038
-934.669600447202
-903.6866079057966
-929.1746265042212
-952.5596879473479
-912.2213120702224
-929.5104815223799
-962.5737519681728
-970.9038319038356
-963.9851048904629
-943.5981806038711
-981.7813610041745
-897.7251584452968
-959.939987024404
-958.2201561202652
-946.7783133862755
-943.7182486244061
-958.2783773351924
-921.0557908264723
-936.818553045598
-943.6989015851702
-933.3357929282474
-976.6319679225095
-922.1641218475482
-966.04894369099
-898.1143693352625
-932.1093236070624
-890.8180680868263
-915.6747496292887
-949.1954157429357
-962.7511259158086
-990.5261678212249
-913.719446204225
-946.7339573873353
-911.4821600276754
-948.3381707327707
-949.654774468066
-922.8985972338558
-937.4792382859964
-950.6017399713191
-941.9228067705708
-922.8089475148284
-960.5971226846018
-934.7609908459923
-924.6108798013854
-941.4587898430187
-914.5570554865121
-968.6312227117301
-968.8299950015161
-945.7848229298394
-956.7395213078794
-927.0546640075297
-926.8695201610091
-952.2997536725163
-954.6228641430903
-960.4103433635378
-973.9216516380486
-993.4578247773483
-980.3015365249001
-989.4503282775528
-977.9899544078634
-970.6912904379005
-1021.7229239292409
-988.9377159786663
-1001.4937190482144
-949.585687563716
-948.3563375231308
-912.7187835412092
-971.6032913137691
-968.9112932758946
-1008.7738253509943
-952.2978120443458
-941.2597537941647
-911.7285522249987
-921.2990898800335
-943.4430698799098
-938.6108064343853
-977.4436666515016
-957.3532820670836
-958.3708404769546
-953.5351215134018
-977.1734849780386
-979.4810741090555
-959.4785855904153
-915.6480994861796
-995.808227292953
-995.0277719102147
-942.8539564598541
-964.4023751729095
-951.7355171854045
-939.3903908224149
-957.0410494826357
-976.9196329819991
-970.1393048862159
-960.1685284733223
-946.8955510926137
-967.0214524510818
-967.6965969806442
-943.8907663899083
-933.1322284777593
-976.4078658495081
-985.1903275872156
-970.3678590405372
-925.3912646254087
-1003.8483480110696
-925.0459941916752
-976.1978859615765
-927.7302720381917
-970.4916264758132
-945.1422040033999
-926.1864556519117
-938.4457937803137
-952.2336808305731
-965.8148783626644
-932.8179892570741
-954.2776167557536
-967.7027333167291
-976.4473408641903
-943.9855420160952
-938.7086199395668
-1006.6305515974898
-948.596988150601
-953.4983959285894
