2.3038642406463623
2.3021183013916016
2.301082134246826
2.299100399017334
2.2941370010375977
2.2846646308898926
2.267151355743408
2.241279363632202
2.2033286094665527
2.15047287940979
2.078155517578125
1.9851230382919312
1.8753225803375244
1.761673927307129
1.6661754846572876
1.5991994142532349
1.5478211641311646
1.4938007593154907
1.4165178537368774
1.3274545669555664
1.2308646440505981
1.1048996448516846
0.977392315864563
0.8763833045959473
0.757702648639679
0.6792645454406738
0.6019982099533081
0.5196948647499084
0.45262423157691956
0.3990321457386017
0.31741195917129517
0.2624519467353821
0.2233937531709671
0.1715916097164154
0.12691713869571686
0.10464973747730255
0.07693366706371307
0.08409488946199417
0.17499661445617676
0.08293892443180084
0.07035281509160995
0.05746455118060112
0.05193730443716049
0.01292866189032793
0.04758428409695625
0.007828221656382084
0.006038338877260685
0.01916460692882538
0.008192872628569603
0.0020693582482635975
0.0012399191036820412
0.004736009985208511
0.00348307634703815
0.0010097131598740816
0.0006245638942345977
0.0005560325225815177
0.0005330810090526938
0.0005267917294986546
0.0005940518458373845
0.0007775590056553483
0.0008833572501316667
0.0006869551143608987
0.0004123375692870468
0.0002497512905392796
0.00018513930262997746
0.00016400580352637917
0.00015874157543294132
0.00015559003804810345
0.00014823702804278582
0.00013482313079293817
0.00011638252908596769
9.558163583278656e-05
7.539789658039808e-05
5.8309960877522826e-05
4.5725060772383586e-05
3.788275353144854e-05
3.372301216586493e-05
3.2090054446598515e-05
3.124372960883193e-05
3.0147057259455323e-05
2.85377955151489e-05
2.6880830773734488e-05
2.5223871489288285e-05
2.370998299738858e-05
2.2327245460473932e-05
2.11352453334257e-05
2.018165287154261e-05
1.94545355043374e-05
1.8977734725922346e-05
1.862013050413225e-05
1.8345959688303992e-05
1.8143309716833755e-05
1.7976417439058423e-05
1.782144681783393e-05
1.7594949895283207e-05
1.736845661071129e-05
1.7130041669588536e-05
1.6855867215781473e-05
1.659361441852525e-05
1.628368227102328e-05
1.5973750123521313e-05
1.5687655832152814e-05
1.54254084918648e-05
1.5163161151576787e-05
1.492475530540105e-05
1.4698271115776151e-05
1.4495626601274125e-05
1.4292981177277397e-05
1.4149942217045464e-05
1.3994975233799778e-05
1.3863855201634578e-05
1.374465227854671e-05
1.3649289030581713e-05
1.3530085197999142e-05
1.3446641787595581e-05
1.3351277630135883e-05
1.3267834219732322e-05
1.3208230484451633e-05
1.318438989983406e-05
1.3136706911609508e-05
1.3089023923384957e-05
1.307710317632882e-05
1.3065182429272681e-05
1.307710317632882e-05
1.3065180610283278e-05
1.3065182429272681e-05
1.3041340935160406e-05
1.3029419278609566e-05
1.296981645282358e-05
1.2957896615262143e-05
1.292213437409373e-05
1.2898293789476156e-05
1.2862534276791848e-05
1.2838691873184871e-05
1.2767171028826851e-05
1.2731407878163736e-05
1.2695646546490025e-05
1.2659884305321611e-05
1.2659885214816313e-05
1.2647964467760175e-05
1.26241229736479e-05
1.261220131709706e-05
1.261220131709706e-05
1.26241229736479e-05
1.2647964467760175e-05
1.2636043720704038e-05
1.2636043720704038e-05
1.2647964467760175e-05
1.263604463019874e-05
1.263604463019874e-05
1.2612203136086464e-05
1.2636043720704038e-05
1.2624123883142602e-05
1.2624123883142602e-05
1.2624123883142602e-05
1.2624123883142602e-05
1.2624123883142602e-05
1.2612203136086464e-05
1.2612203136086464e-05
1.2576443623402156e-05
1.2576443623402156e-05
1.2540682291728444e-05
1.2528759725682903e-05
1.2492999303503893e-05
1.2469157809391618e-05
1.2445316315279342e-05
1.2433394658728503e-05
1.2385714398988057e-05
1.2326110663707368e-05
1.2278428584977519e-05
1.2218825759191532e-05
1.2183065337012522e-05
1.2087701179552823e-05
1.2016176697215997e-05
1.1908893611689564e-05
1.1813529454229865e-05
1.1706243640219327e-05
1.1598957826208789e-05
1.1479752174636815e-05
1.139630694524385e-05
1.128902022173861e-05
1.1157892004121095e-05
1.1026764695998281e-05
1.083603456208948e-05
1.0728746929089539e-05
1.051417439157376e-05
1.0335363185731694e-05
1.013270957628265e-05
9.953900189429987e-06
9.703565410745796e-06
9.477070307184476e-06
9.262496860173997e-06
9.059843250724953e-06
8.928715033107437e-06
8.737982170714531e-06
8.618773790658452e-06
8.475724825984798e-06
8.380358849535696e-06
8.368438102479558e-06
8.177705240086652e-06
