1.0, 1.0, 33.75 
1.0, 1.0, 33.75 
1.0, 1.0, 33.75 
1.0, 1.0, 33.75 
1.0, 1.0, 33.75 
1.0, 1.0, 33.75 
1.0, 1.0, 33.75 
1.0, 1.0, 33.75 
1.0, 1.0, 33.75 
1.0, 1.0, 33.75 
1.0, 1.0, 33.75 
1.0, 1.0, 33.75 
1.0, 1.0, 33.75 
1.0, 1.0, 33.75 
1.0, 1.0, 33.75 
1.0, 1.0, 33.75 
1.0, 1.0, 33.75 
1.0, 1.0, 33.75 
1.0, 1.0, 33.75 
1.0, 1.0, 33.75 
1.0, 1.0, 33.75 
1.0, 1.0, 33.75 
1.0, 1.0, 33.75 
1.0, 1.0, 33.75 
1.0, 1.0, 33.75 
1.0, 1.0, 33.75 
1.0, 1.0, 33.75 
1.0, 1.0, 33.75 
1.0, 1.0, 33.75 
1.0, 1.0, 33.75 
1.0, 1.0, 33.75 
1.0, 1.0, 33.75 
1.0, 1.0, 33.75 
1.0, 1.0, 33.75 
1.0, 1.0, 33.75 
1.0, 1.0, 33.75 
1.0, 1.0, 33.75 
1.0, 1.0, 33.75 
1.0, 1.0, 33.75 
1.0, 1.0, 33.75 
1.0, 1.0, 33.75 
1.0, 1.0, 33.75 
1.0, 1.0, 33.75 
1.0, 1.0, 33.75 
1.0, 1.0, 33.75 
1.0, 1.0, 33.75 
1.0, 1.0, 33.75 
1.0, 1.0, 33.75 
1.0, 1.0, 33.75 
1.0, 1.0, 33.75 
0.046347841057259004, 2.7839596058713614, 5.727123666159072 
0.05171161769148117, 2.731522461986553, 7.315849810866342 
0.06304775190022155, 2.726456231945249, 7.104240545215347 
0.0674821498117296, 2.6657001500494077, 9.005097379686617 
0.04716060508785295, 2.772486127942241, 6.086922760234342 
0.06401326475365215, 2.687409391478312, 8.3894853521712 
0.08685736843858881, 2.656664188270309, 8.656147461074701 
0.07585821557226548, 2.623245488648753, 10.155249982540626 
0.10037634095538386, 2.6158166085358348, 9.578487954671374 
0.08668175038023944, 2.695902472462974, 7.337782479041532 
0.060429343019249446, 2.7026933236551933, 7.994609999737547 
0.14411154390006753, 2.569946908841882, 9.650527219959201 
0.12183214237941097, 2.5955244891679996, 9.539213685274888 
0.1132359290639263, 2.5968151875543533, 9.785774814133056 
0.09352905373582289, 2.670614918943738, 7.960140922064819 
0.1436481999414602, 2.4804565308135507, 12.686465337018378 
0.10394952252632463, 2.672581313560368, 7.542084282074126 
0.10154153367423169, 2.6344614735648797, 8.909898505679982 
0.09905991884882534, 2.6241420283902857, 9.341934280680004 
0.10966783577715485, 2.591508022124852, 10.085314795807276 
0.1303116446690264, 2.603758053808867, 8.975147676371083 
0.05903869642877476, 2.755946348820418, 6.244254722839742 
0.08463318870228695, 2.6866647210086194, 7.71869554725691 
0.08729426469064304, 2.6666653089670587, 8.303864389052563 
0.06681739110988906, 2.729165417835933, 6.885580198078516 
0.08468496286039523, 2.7278629417348372, 6.326508219910905 
0.055254506392883464, 2.8045516304061673, 4.731542883032014 
0.0628099553745965, 2.7870124083903214, 5.068495222934026 
0.07483210149847885, 2.7866650101413826, 4.674472482154662 
0.052696314067674596, 2.8223881799959134, 4.2158983253539235 
0.06393826709909621, 2.7714437125232054, 5.555858187747309 
0.043191227628480544, 2.8046633897477045, 5.134906663553756 
0.06979838153038195, 2.7900716527496177, 4.72938634305001 
0.05081013710005985, 2.7946341042277307, 5.216256855187056 
0.06550385811573745, 2.772956960190854, 5.451947382152532 
0.07092457483863929, 2.7874099196565716, 4.781210810786638 
0.06854937256577094, 2.7766368441001203, 5.224965187526155 
0.030766952037515238, 2.8410130921706855, 4.3274235079732195 
0.044387475227378466, 2.8203248000524077, 4.565960709307191 
0.05231722863211893, 2.8066594182101183, 4.759538169074504 
0.05984421933544917, 2.8161975389337797, 4.183590658413509 
0.044621867969699684, 2.79782483201009, 5.317423875682097 
0.05363091294234861, 2.814381366586539, 4.454585565900031 
0.053358696318734446, 2.790741120458232, 5.261631183777387 
0.04225653616495292, 2.8193310565894243, 4.671418744539783 
0.04161559159361552, 2.79033471338134, 5.671677207095254 
0.04749181092815865, 2.7982196152169823, 5.207239367601493 
0.04945996985702488, 2.8014014178611246, 5.033428164512441 
0.056755360249269214, 2.7815518750536485, 5.457130808526532 
0.038947291064261584, 2.8133021507760247, 4.986581337890328 
0.04106983476101671, 2.8022195960757807, 5.288981709258078 
0.045405220134521536, 2.78530111285164, 5.713661261717058 
0.04919501416925945, 2.794757868420395, 5.266590212599171 
0.06458149296501109, 2.7813087102095984, 5.201205642856943 
0.04322496398939698, 2.814376230160315, 4.805959697447212 
0.04579869525995454, 2.8044626719912906, 5.053678855270458 
0.03894668339157712, 2.8095795626590268, 5.112239195792109 
0.043845500557028017, 2.8122537889976353, 4.856648977530116 
0.044687804850743924, 2.801763842861877, 5.182256889699035 
0.030931577935770945, 2.851993402348959, 3.9512819153903695 
0.05374394849934111, 2.793612592976929, 5.151716725175883 
0.05673902967763453, 2.786467874394353, 5.291766987570426 
0.047638912628830195, 2.806735034009411, 4.914879300959343 
0.04317141366095962, 2.804464674758689, 5.142282015836836 
0.045642322670235304, 2.8006155281357232, 5.18879753529889 
0.0667002485833634, 2.7822879772005127, 5.096647379794187 
0.062092093875470426, 2.7917088738343434, 4.9342173397937845 
0.03318631930065782, 2.802332731805978, 5.551232025151055 
0.055900244342223876, 2.79057558560441, 5.18144073930111 
0.03537796871803184, 2.8144602663868525, 5.067959565210156 
0.06311044189717951, 2.7974553592846787, 4.705904210112301 
0.03559369375524334, 2.8010340966460756, 5.513812073955479 
0.03852873820871659, 2.8064685350341843, 5.231342028052108 
0.06181011718190929, 2.7838762263335197, 5.208085906354277 
0.046380755351254306, 2.806911918084895, 4.9513722715299515 
0.05236024593051239, 2.793493124199948, 5.202448758096969 
0.039810191808040435, 2.8287777956265807, 4.435155424081546 
0.04044816223227162, 2.830293340988156, 4.362474266310568 
0.0513136570903721, 2.8150700440453504, 4.5095500866693605 
0.05525675718982549, 2.778012600640856, 5.627159173214497 
0.038849806898255505, 2.8114765562459025, 5.0514852438846685 
0.041344376089360965, 2.8043349034927303, 5.208324314104411 
0.03909510427474666, 2.8423089281658855, 4.002613905128662 
0.05758036103480505, 2.7870280189938628, 5.244467174032464 
0.05176438854659146, 2.8047070701409713, 4.844088269294747 
0.03263066840902851, 2.823529770308947, 4.854585193268332 
0.0512579715531721, 2.825791345944149, 4.149585534465415 
0.03376992882905457, 2.828746615725053, 4.6400666212988835 
0.05497892591705656, 2.796809789398317, 5.002130858106142 
0.039734378281251946, 2.8123492379544497, 4.992177952045083 
0.056087538089765826, 2.80539782881306, 4.67486886702961 
0.04547012105086319, 2.8236706833813363, 4.41649785041325 
0.037069171313177204, 2.8570994516207624, 3.571808975979535 
0.06460194713698063, 2.7902872370428358, 4.897490033931207 
0.0387240221697563, 2.8213861690271456, 4.721281047104561 
0.04794554012118417, 2.806033556261539, 4.928205497083089 
0.033989714121189236, 2.8341640874374368, 4.449809197396383 
0.04045536397212205, 2.814326229367614, 4.9011212247839016 
0.046395760098639244, 2.799561803862852, 5.198932216299664 
0.030405025142812687, 2.8356242811353263, 4.5215109131128 
0.04348685200300453, 2.8195449348568435, 4.622677193480128 
0.03121290736850578, 2.8494980638304983, 4.026004722033613 
0.05883830228615408, 2.775094471249647, 5.604768893166712 
0.024082592531796367, 2.840534899979071, 4.569159627758211 
0.04426519865707182, 2.8280671800134667, 4.30878221986932 
0.04421199237621248, 2.8139095667240888, 4.788397380364826 
0.025250702815085388, 2.859400121512644, 3.89303467893914 
0.03416600220320293, 2.859333862728915, 3.594379558541042 
0.05113519925110904, 2.808996924647762, 4.720540818413103 
0.035212818023674514, 2.840410117646956, 4.197725921116215 
0.04556480461284455, 2.802418612393889, 5.1305596760227505 
0.03505217541543294, 2.8029237402390117, 5.468312846662508 
0.03352584870813345, 2.8437339371797115, 4.142482226285237 
0.04236324088777003, 2.840977501676748, 3.93724993844751 
0.03298958570748327, 2.844364212341314, 4.13930931585311 
0.03632791098450866, 2.82605036486383, 4.64473319011858 
0.048217325901288154, 2.8221182695530818, 4.376173653415012 
0.05001500317490449, 2.808019188257881, 4.7913460391435025 
0.032167926893103396, 2.837370093806434, 4.403091801390615 
0.045692601082496065, 2.814214285048506, 4.728142593078678 
0.035437993699940946, 2.8365196910634283, 4.321428139236274 
0.02004563988313897, 2.8750791610061954, 3.539537969984968 
0.03345240691716698, 2.8338755270198828, 4.4776822296245715 
0.050698756172159146, 2.80244799256879, 4.956297229992949 
0.035767534664177425, 2.8415550884154377, 4.140361471062987 
0.03955521209831271, 2.821763246896326, 4.680502008930955 
0.030475331231690758, 2.8327891893949864, 4.614822428849646 
0.027830610237387594, 2.856796694535837, 3.8938284639036738 
0.028607473541874026, 2.8473012015614483, 4.18808221526285 
0.024672581915354947, 2.8677615558121894, 3.630347851695372 
0.02556693952357758, 2.8477608337818303, 4.275187650942486 
0.024755457943991116, 2.845627359284782, 4.374579918528911 
0.0286248237751392, 2.8364700650050203, 4.553047503669623 
0.025189806286556916, 2.841720471842905, 4.4917781131306525 
0.028321303419262037, 2.8620226181937873, 3.70089264555958 
0.028964713902071376, 2.8350088213142683, 4.590893186448537 
0.019039149392514013, 2.8575890404793016, 4.163798591826213 
0.021285759292371715, 2.8651964877888023, 3.8312241610103612 
0.031168716886256973, 2.876047379076294, 3.1314567612638933 
0.02929219275831398, 2.8556264241631046, 3.883996678902121 
0.028447128230618873, 2.862429139418358, 3.682925966847045 
0.02433364192168016, 2.8629875337110953, 3.802910322393831 
0.021848993061645627, 2.879792116432388, 3.3196125545763895 
0.029166463516139884, 2.8569157616114893, 3.844724901942501 
0.02271699929897508, 2.847311237754473, 4.386546999446138 
0.02299086539132404, 2.8921381218092543, 2.864396681980484 
0.03178083597475421, 2.842808458286633, 4.232611318678182 
0.03281361503828971, 2.8712359104571434, 3.238328514529129 
0.03200548748761975, 2.850464877501254, 3.966625181625509 
0.017892075545459116, 2.864542495550153, 3.9678332255230666 
0.017523326600791696, 2.8847725044601678, 3.2975157016926224 
0.031157042736666377, 2.8520653743955675, 3.9412434217871106 
0.02251730924003818, 2.8787333109794337, 3.3327915675928166 
0.028225745121997544, 2.8577726807925368, 3.8475531253844606 
0.02304084606927967, 2.8829394848730017, 3.173163830698001 
0.025115835670630412, 2.8861168261981325, 2.995897661929233 
0.01872326172357084, 2.8956426682002467, 2.890149865071167 
0.024135386499360964, 2.870402358605753, 3.559351102702397 
0.02075867533036962, 2.8879491568030495, 3.0811106654971097 
0.01884902921387549, 2.894954179826318, 2.9091416948934534 
0.02056522022566495, 2.883928917730705, 3.2233228439725123 
0.028344372229011126, 2.8759998519081695, 3.2283824353701434 
0.025815989014747243, 2.8588519079475208, 3.892458477523468 
0.021975627770983764, 2.892745369629684, 2.878166337727471 
0.0206310348075469, 2.891569744485522, 2.9632236988589273 
0.029587341292893626, 2.8520561594896394, 3.994531848589529 
0.01896173098418055, 2.880680941896024, 3.387059790293093 
0.021322843873202484, 2.8940180972152203, 2.857243238265724 
0.01969555377745136, 2.9061998711513866, 2.501029408651726 
0.01739038352228379, 2.8684991436113982, 3.851228459238228 
0.02093243835307016, 2.8857659544409993, 3.1489292432001537 
0.018238069776867198, 2.8768260493826205, 3.5415859783672863 
0.02054224622257448, 2.895916495034867, 2.8195174825613396 
0.02104877517632189, 2.867687058000141, 3.7551656302943903 
0.02425796341989754, 2.8825615727246423, 3.144840655121798 
0.026083790123177793, 2.884250173756286, 3.0262287190680945 
0.024486498676566448, 2.8909368001135998, 2.854463665831885 
0.027488529022697095, 2.8633237228329067, 3.6850864998733748 
0.025929006887013183, 2.8774806837716693, 3.259922940269474 
0.029273193493920026, 2.889078309992233, 2.7556367573423386 
0.029650254090290186, 2.8643719401883274, 3.576750943096667 
0.02267356013618539, 2.8797523644919556, 3.293125043800236 
0.029169508841830376, 2.9033175089093883, 2.2785631508963595 
0.02050058412189596, 2.893091645351681, 2.9162622552667723 
0.025207979603018488, 2.9011529932764124, 2.485317165319204 
0.02333511766857464, 2.8743519110260936, 3.45306278155496 
0.036834201152821384, 2.87052513662367, 3.1266223500434043 
0.01950328433631014, 2.9101167542735062, 2.375323696918706 
0.02002261677427461, 2.8888039457007264, 3.0771035164687186 
0.028675500036261032, 2.8961913257544714, 2.535744629562787 
0.03571880468561875, 2.8579225879860157, 3.5896029973323436 
0.018550730049467203, 2.9047676958920383, 2.5880031244741777 
0.01642924329422625, 2.8960935446358014, 2.9523559073615546 
0.02100760062429204, 2.910561131260023, 2.3095552989043737 
0.01160373183942184, 2.917780509629396, 2.383281850427397 
0.019735961887459807, 2.901912026066556, 2.6443804065519836 
0.013730031066989891, 2.9106941939784967, 2.5506824047148284 
0.01838629898579974, 2.891129995882829, 3.0538250481837577 
0.01975285185143391, 2.885387505248601, 3.2015129478738364 
0.022469284744445497, 2.890901719917386, 2.923728592663177 
0.023768153553012903, 2.8844255201202618, 3.098463513526979 
0.011473371474974165, 2.920620699003723, 2.2918251213439778 
0.021394263181347607, 2.8740682248973934, 3.5281410273424787 
0.016395712023248993, 2.8921912013426434, 3.0851916739011513 
0.02615212935647802, 2.8820056000225547, 3.099676633457651 
0.018655003246866364, 2.888968586976086, 3.117703829975356 
0.020006650781859783, 2.9080154347125604, 2.429254614563322 
0.017901168860718297, 2.912972481974228, 2.333014284320571 
0.017547291088349938, 2.890725197197389, 3.095803520356323 
0.01567271599329057, 2.915608036855668, 2.319274591347628 
0.02446158479019498, 2.8870645451244323, 2.9859931153813304 
0.016790797877268327, 2.9038991343566103, 2.676714787106604 
0.015651865040532988, 2.9274747209370098, 1.9194777232579265 
0.028166706716900396, 2.891328794185058, 2.717026844558911 
0.01769682893783754, 2.9082785889843925, 2.4983296451247403 
0.011976832564737064, 2.918891630371684, 2.3331893758957984 
0.015926463199137122, 2.8940955707487843, 3.0367563542576557 
0.022268407151774194, 2.9068271443466216, 2.3930251369291513 
0.016998621246872465, 2.92158824193459, 2.0726933676256354 
0.024228991720573363, 2.900225805753517, 2.54965058524946 
0.018855629423253462, 2.8982930849907924, 2.7962308885259497 
0.02280552154212664, 2.8822307375818137, 3.2050262545670223 
0.02029056669322626, 2.874819651121753, 3.5400301487444406 
0.01748882214428874, 2.9042689232826993, 2.6406760918391585 
0.021277045811015943, 2.912410823719279, 2.2380344033525605 
0.02138720051856971, 2.8946176354043383, 2.8348367876018536 
0.02121094303388197, 2.902604195182938, 2.571239085182324 
0.014177008946383391, 2.9278263677695278, 1.957386035838003 
0.02120064791043614, 2.919272267296664, 2.009039111760377 
0.010263483156794179, 2.930492000897539, 1.9995024131662587 
0.017197715523097987, 2.9139792574201406, 2.322777163165692 
0.020789080771203262, 2.9275040242836505, 1.7451077043986876 
0.021327861470780793, 2.911974902586393, 2.251031713070395 
0.01830332464537756, 2.9129535356478873, 2.32008096510232 
0.017613441431582187, 2.933932935232693, 1.6353097875807052 
0.019322185770977322, 2.9099568437018593, 2.3868327552917674 
0.02018036611524084, 2.892809433466254, 2.9365942641245626 
0.02626221643215257, 2.894469927434654, 2.6752901444952784 
0.023006912481819897, 2.906238617578035, 2.3879633604798927 
0.018617820172893925, 2.9175323984566246, 2.1549301212537615 
0.02360464194708183, 2.8866280088999163, 3.0296480339138165 
0.02226188990307515, 2.923399593791878, 1.833924925295312 
0.027646464630335012, 2.901157564948649, 2.402864001709296 
0.01259964858724915, 2.935030894868433, 1.767469158370722 
0.017629863068960857, 2.91044090623663, 2.427611535936296 
0.026127212219332056, 2.8617676569617703, 3.783548165137788 
0.028326766409101728, 2.904016854435386, 2.2834027964985566 
0.01840676626679524, 2.9181842760701624, 2.1400523211277 
0.014919027543669975, 2.923085577166847, 2.092344591020048 
0.026622110307226433, 2.910411592601285, 2.1251125268377313 
0.013407417917909474, 2.9046288768822026, 2.766275050496216 
0.017482275788106398, 2.920256466410709, 2.1013174507899643 
0.021230171505551627, 2.901820692060478, 2.597033354646513 
0.022664280106070273, 2.8892241740890277, 2.973764670915443 
0.01555383573103421, 2.898668298636801, 2.8950029650855518 
0.018107272682575275, 2.9132969162704234, 2.315108622836283 
0.024544219153870808, 2.897506735765513, 2.6307802714708086 
0.01852192774250722, 2.9204951547277234, 2.0581734666297122 
0.01664859612864114, 2.9157385050900606, 2.2819353338688138 
0.027515522158871986, 2.9148379062702565, 1.9455717905169108 
0.019815498520479275, 2.911241489086715, 2.3268266682571976 
0.015882328108426418, 2.9427256771704227, 1.3969798218388452 
0.0171181763580437, 2.927977949861922, 1.8530057400761577 
0.02505468616878993, 2.903077437788181, 2.4255408164522456 
0.01642079708142337, 2.937818948740403, 1.5444085785133541 
0.017322981807829155, 2.9443545008588954, 1.2933849599980338 
0.017759638202789033, 2.9288589285049773, 1.8016233736128822 
0.011574758624142934, 2.9380138192876832, 1.701385495475881 
0.020714926617235598, 2.9176735760836916, 2.0793880338437205 
0.025079271929182512, 2.91550848888198, 2.0051630726232506 
0.016163064322388086, 2.929362950149862, 1.838497011561567 
0.025764652864909476, 2.8844040251698773, 3.0318071163259326 
0.014782269317878438, 2.9133540239225892, 2.4254001031342054 
0.013884233986339603, 2.934751281194655, 1.7335513626414216 
0.028590818240512076, 2.9255041230089063, 1.5492957328321282 
0.0185295241578383, 2.9246799476721685, 1.9166803257372655 
0.02023499043827505, 2.9298704047200474, 1.6839429134066242 
0.01747928966598677, 2.921563577943004, 2.0573032181965645 
0.019996880272614398, 2.9244064939247862, 1.8763861208377155 
0.019757631419992937, 2.928959789331955, 1.7307870496217568 
0.018272892129388422, 2.924515753759898, 1.9308832012365937 
0.022315734342706815, 2.934771084431184, 1.4483198663812056 
0.026242694656250027, 2.9126228563711494, 2.0632876528252546 
0.018171708654841037, 2.9150973695213866, 2.252168611552336 
0.015459591549788381, 2.9078500154853053, 2.5883007625655967 
0.0224527072490091, 2.9197548658898054, 1.9504944065650178 
0.01429409685665765, 2.931046122518886, 1.8447675960753978 
0.017838830389798103, 2.940831249172763, 1.3948848147635629 
0.016366562774086428, 2.9291893052987494, 1.8374894525417864 
0.01558882027032634, 2.9234117500941177, 2.058730750200013 
0.016879669030680368, 2.925803318032157, 1.934449186629213 
0.01838422528723595, 2.9338134957734785, 1.613326914200876 
0.02343132618858166, 2.9097153088490595, 2.2563010674795976 
0.016999069237498953, 2.901950718019514, 2.7354446800758114 
0.014377009978142227, 2.900276267367663, 2.880451889579066 
0.01881413494018581, 2.9143335199604445, 2.2562666471037294 
0.014419440940251122, 2.922797510853963, 2.1189278769452633 
0.022473051304628015, 2.918423550710523, 1.9947396819886292 
0.02853566968947848, 2.9002435627151377, 2.403700906344206 
0.016199039227631964, 2.9197521728301195, 2.161646593050907 
0.022939917184703472, 2.9341839864012704, 1.4470682539734114 
0.013658313940414018, 2.902049265236799, 2.8448692027690297 
0.016459861276702435, 2.91930793243106, 2.167836962363018 
0.017755146576889765, 2.9365952292221613, 1.5406748167820337 
0.02105769554017312, 2.9289981140416543, 1.6856164266133191 
0.038511810832265084, 2.8392953130113865, 4.1240095702767645 
0.02017075963756617, 2.9263707842371307, 1.8042228942290013 
0.015566925056251036, 2.914580942836688, 2.357509458613307 
0.017538778537018993, 2.91782684946883, 2.1814100548025923 
0.01402917905613032, 2.9138582894750313, 2.433797937073305 
0.02193954610138785, 2.937482567179695, 1.3695036767634308 
0.01175898833402704, 2.928789292190373, 2.0064955323015075 
0.016657526974222934, 2.9222749260728738, 2.061029709660481 
0.016265740416142867, 2.948010126985107, 1.2056894752078353 
0.029936778514137227, 2.914132650197416, 1.887656780985081 
0.02210297439089955, 2.9143647986030254, 2.1442126614550188 
0.01693356395868442, 2.9171231324244964, 2.225586497067661 
0.014276357245102211, 2.9372586270899013, 1.6356942786936184 
0.032395413463634525, 2.894335495626526, 2.4728318182070814 
0.01676295596076521, 2.9247849444386396, 1.9727583615200803 
0.026273215379840748, 2.887281597945686, 2.917525050263477 
0.01564823019261276, 2.9260732003419645, 1.9669017194580123 
0.01959474754862403, 2.914141360197117, 2.236406363581241 
0.019628573456522275, 2.92037805185715, 2.0247763956635656 
0.017149580108163993, 2.8999481323895036, 2.7979522032037103 
0.015027412602187401, 2.9213841725183696, 2.1461090021812006 
0.01817125052415998, 2.951549294330032, 1.021931611171022 
0.01949734755203146, 2.900802202904789, 2.6898901720823223 
0.016519388566460402, 2.9393850474136993, 1.4882252856696145 
0.015514542279636919, 2.904983899554658, 2.683177588092548 
0.021171596254255097, 2.9083626128787117, 2.378220441762387 
0.02292861717833979, 2.912390196499725, 2.182990038365316 
0.019423505576844986, 2.8771763554021397, 3.4897546919592792 
0.022413780567561527, 2.931301428459484, 1.5621116953372045 
0.022483004031760744, 2.8940042375870076, 2.818555595366564 
0.026798210295021812, 2.9126095523813436, 2.0449880096726765 
0.02842115550010857, 2.9394469972568515, 1.0844498444525938 
0.022286197048115085, 2.91387337885475, 2.1546143132783073 
0.015879436693877192, 2.929781475868931, 1.8339442010052336 
0.017980623027914845, 2.9210675949600455, 2.057122642906344 
0.016404846935289364, 2.923361581850981, 2.032883028463352 
0.02880517855899688, 2.873010159752578, 3.3137323319843364 
0.01057103270177819, 2.911265386689758, 2.6380208455356415 
0.02653716952708176, 2.885266574511777, 2.9766236386885203 
0.027135019150383514, 2.886392130717004, 2.9184586919756654 
0.027236677811732387, 2.9070057319907048, 2.2193186691677393 
0.02120076719471617, 2.936545534438833, 1.4260623198677187 
0.01836617209135613, 2.9299841799595554, 1.7431756182817273 
0.020042376533634255, 2.937808290894867, 1.4225399742880855 
0.024236163395391506, 2.8756297545753213, 3.379525268488446 
