-256.5733698022032
-925.75845964795
-1156.903353065065
-1286.6628152949552
-1399.4506157897722
-1499.4883951857478
-1554.984983734341
-1640.0188780159615
-1639.8809113202258
-1702.808622278197
-1781.8225094814013
-1818.9415115304275
-1802.1311538995888
-1866.3230911695423
-1831.8762829162538
-1862.9395138395282
-1833.8948083659816
-1891.8865993311094
-1898.203506820002
-1888.3665785038959
-1863.4265929913083
-1831.4581031216358
-1928.0702850842695
-1889.3068270478057
-1897.293321236169
-1907.2011966530065
-1927.4013219517542
-1937.1627230983822
-1924.33424856108
-1957.303907840546
-1879.9133424683582
-1959.0009451231322
-1964.7030080165348
-1946.4790812449726
-1961.951658646704
-1942.4752342119766
-1966.7104814426539
-1911.0019235460609
-1938.080763518297
-1974.2120010053013
-1995.9330018427208
-1963.1238055372007
-1985.4383229254045
-1973.7400329153977
-1968.6037909020906
-2010.77841603598
-1968.0987468990302
-1947.2121879602726
-1983.9912440793503
-1988.7421367864922
-2013.3191507673203
-1988.587905932369
-2022.7781171280008
-2004.3510033015639
-1951.589155314658
-2030.4535356859762
-2002.7002204267228
-1988.0577136245522
-2019.1920489036559
-1988.7121625491275
-2017.7833396889976
-2017.5888490040727
-1983.9032413611064
-2034.4821202157946
-1990.5343665472792
-2013.4753433637331
-2037.9485560985777
-2053.349168968896
-2047.1900314896548
-2051.6569105581784
-2047.4633733150008
-2049.4566849514454
-2046.0885935420051
-2029.1978581593607
-2004.276597413003
-2038.1493213597114
-1977.3450443992094
-2094.5988693811655
-2073.8758141940743
-2061.6832569279245
-2104.9545451347894
-2060.6584111077873
-2006.057774694637
-2038.1193987016854
-2036.6601998723677
-2033.694145390807
-2022.9072047180791
-2087.8682798124946
-2013.894498809669
-2080.8450808659295
-2056.0014773061766
-2081.177465925934
-2033.7347678744932
-2066.505505391399
-2009.3430309955481
-2048.428328432005
-2093.625611698335
-2055.387249843377
-2103.489655645196
-2090.6614287313955
-2147.272158528195
-2094.0584987990037
-2104.7655753044273
-2062.6734737703
-2157.2587199968875
-2098.4039886303167
-2113.0973306202
-2091.648265190603
-2071.5523950308852
-2048.3505168920574
-2009.2876194979347
-2092.4417800144643
-2064.460947035083
-2095.3361918714468
-2091.9923448489753
-2080.040819057956
-2133.0922699298376
-2032.872844958992
-2105.1609609553275
-2056.4539911069855
-2064.6550642744646
-2059.7804688908327
-2076.154011869629
-2096.7342863372214
-2079.9585781100177
-2131.882897526905
-2107.28348722088
-2035.596848696041
-2101.9985544551723
-2159.50292208258
-2088.824004638148
-2098.558936521279
-2110.964773693018
-2132.1701380252516
-2153.317345476383
-2096.834158673225
-2128.8423099449565
-2147.9185153585026
-2089.9351276758966
-2058.4574528790176
-2111.437627802282
-2105.9755033118454
-2175.984996622611
-2070.272387535109
-2137.2606656465964
-2115.536557712519
-2145.1938654637047
-2071.162527890717
-2097.1229368104623
-2121.394702736304
-2130.6134279905823
-2087.308630939148
-2119.6193390589915
-2064.687632547355
-2103.4764939723345
-2164.068053528446
-2084.718383180644
-2092.5999630510714
-2135.265504065168
-2088.5545792041426
-2041.730032069896
-2092.6757145402094
-2087.4674533010507
-2138.252974955438
-2147.224907672132
-2102.5040711701968
-2093.4372411857594
-2099.2275027059763
-2105.292382461765
-2166.0867749673007
-2141.2171607511464
-2140.3422946937308
-2171.18454557385
-2103.4357953904982
-2222.775062007869
-2105.5005506483585
-2123.2467424017773
-2121.9426772004495
-2127.702742639722
-2092.7386397488954
-2129.9294027718424
-2078.79292130654
-2103.1732069711857
-2160.0659413255153
-2180.0662817596663
-2107.593716223996
-2188.930481121957
-2111.804673607723
-2090.905510148339
-2154.8850148180663
-2101.338307696446
-2089.4966837980187
-2158.45312674519
-2177.049714642836
-2147.744600686567
-2123.068685779866
-2093.403802613615
-2140.3125656768816
-2113.1810883069656
-2114.4480694943827
-2156.4186285821847
-2135.959692119011
-2206.679132710167
-2152.8560955402922
-2129.5827678223277
-2126.1045783593167
-2079.6117052565955
-2052.2242735299974
-2124.51977128125
-2130.3787756131296
-2121.0244922035918
-2101.268535847628
-2084.7769180079795
-2129.3886836568763
-2119.0885861386305
-2085.87110818748
-2137.603431451873
-2131.7546042630092
-2092.079910268358
-2183.7922192295687
-2160.403508804321
-2119.047275175819
-2134.1971164556644
-2132.2544957664063
-2157.7985732684915
-2107.061756379393
-2147.806488961851
-2165.1181574090097
-2161.5360211063894
-2174.8845148253504
-2185.3336409670155
-2131.4296743361765
-2177.7761199295155
-2160.3759515824254
-2116.9311002226827
-2159.0157517977177
-2203.0378896014263
-2159.380548258317
-2142.557693327711
-2204.063808183381
-2104.674136624882
-2152.742205952154
-2171.53187378399
-2115.093740814939
-2185.4359816520987
-2167.577884524274
-2115.7695658179036
-2165.0746603483435
-2178.344363161392
-2123.9243129912616
-2116.611285475954
-2141.9482437611223
-2118.018830733492
-2171.765787507432
-2143.6023301811056
-2152.957675264049
-2183.7692739777744
-2144.4261033563366
-2140.501773199122
-2200.525575744632
-2162.4712962790013
-2143.0222691399035
-2163.984646826297
-2181.0289169344974
-2196.3105201953636
-2175.0549629879984
-2244.2545657317937
-2118.948472685266
-2234.0187656400003
-2204.5970763178716
-2126.509196816705
-2204.783639601783
-2162.96778605815
-2184.482171254666
-2166.6683536782525
-2146.832855138088
-2128.250465290249
-2176.1812886016937
-2150.571673558083
-2159.396779122319
-2168.271445036081
-2189.840597387308
-2159.9725706203344
-2216.0653426948275
-2186.8901041130935
-2117.320316601135
-2175.456767178298
-2180.246199791869
-2155.8977821734866
-2143.6074053514094
-2154.7210984842977
-2175.2485373867476
-2183.8879322145226
-2161.6426454341076
-2177.0173260953543
-2164.0728608935683
-2171.3543917554202
-2144.3028301624795
-2158.8688516438183
-2157.127207736426
-2185.1651119747867
-2140.6903936420117
-2110.0121814562704
-2085.095903384369
-2141.0067767932733
-2140.3949821087954
-2151.581391914142
-2124.3105286237146
-2111.169004410975
-2107.8053010360727
-2132.9683234867875
-2120.726185221189
-2185.6312243320203
-2160.240972891757
-2150.165674521552
-2206.4681539052795
-2172.750257064992
-2172.8651884340757
-2118.8925624064073
-2191.3365304612807
-2142.9243253735003
-2122.6475477548543
-2175.1124211099586
-2155.80668675102
-2137.9192377225063
-2148.1949927818923
-2136.0509780077978
-2159.0776243217524
-2184.237772781483
-2139.7438363042575
-2146.7924717006163
-2214.3618635760636
-2200.2808466852684
-2130.3638545932063
-2157.3892819618936
-2100.4164651086744
-2150.0229252618683
-2196.605814076586
-2150.0208893632753
-2192.8241793650373
-2177.6469255047614
-2174.750812706512
-2221.865347221818
-2176.809275383433
-2189.848565310548
-2158.287605680065
-2184.2626833492786
-2147.234873765042
-2184.61993442369
-2132.6165765941337
-2131.76724303969
-2190.9063173161794
-2160.7329282850706
-2159.852497534729
-2182.199443689478
-2203.793129217195
-2170.7365395894967
-2145.075250362295
-2196.65206095139
-2185.087127362828
-2157.883917387701
-2157.010855348858
-2174.9709428731335
-2179.734702949587
-2142.569885514947
-2119.316208026071
-2157.726611563449
-2189.2321793290666
-2099.029225548266
-2188.758556795315
-2134.0214216035088
-2198.551449362428
-2175.155307291847
-2181.885973133309
-2155.1394138138785
-2183.6691814574433
-2199.227837882297
-2235.582086748637
-2208.33111098703
-2201.7072373484375
-2233.2422163476567
-2161.5814727128663
-2110.6921008720956
-2194.7800190190715
-2142.92718483242
-2167.6454419173774
-2180.410482472107
-2211.658631542548
-2117.0301731346494
-2179.414204409149
-2149.427197343642
-2202.342962823377
-2222.74747215286
-2155.6015553378343
-2223.6878473973234
-2211.406151024367
-2207.060303811559
-2144.867372261677
-2170.6493183274592
-2175.331681488861
