2.3182789087295532
2.3008216619491577
2.3082571029663086
2.3032066822052
2.3005441427230835
2.286953926086426
2.272220492362976
2.2641897201538086
2.1781738996505737
2.13205885887146
1.9509094953536987
1.993988037109375
1.8434485793113708
1.8180975317955017
1.8501210808753967
1.8456124663352966
1.7578033804893494
1.7912737131118774
1.8217535614967346
1.6909247636795044
1.7637147903442383
1.7243010997772217
1.6568202376365662
1.6614919900894165
1.5651018023490906
1.5018295049667358
1.5640657544136047
1.497516393661499
1.602818250656128
1.423440396785736
1.425099492073059
1.5830318927764893
1.4197827577590942
1.3544411659240723
1.4448049068450928
1.4333102107048035
1.3822166919708252
1.3701724410057068
1.297084093093872
1.3978626132011414
1.4353002309799194
1.2578225135803223
1.5487905740737915
1.4744351506233215
1.2605212330818176
1.2901833057403564
1.162958025932312
1.2375643253326416
1.1970587968826294
1.1206187903881073
1.1520983576774597
1.0871991515159607
1.203940212726593
1.0438901782035828
1.1047480702400208
1.0086760520935059
1.0006723999977112
0.9921952486038208
0.9115003347396851
0.8873696625232697
0.8636144399642944
0.777648001909256
0.8265001177787781
0.8111016750335693
0.7041934728622437
0.7208279967308044
0.7052218317985535
0.9262800514698029
0.8477018177509308
0.7945906221866608
0.7019147276878357
0.7352554500102997
0.7567145824432373
0.6270425319671631
0.6941040754318237
0.6438899040222168
0.6432289779186249
0.5273295938968658
0.6002408564090729
0.42112593352794647
0.6792946308851242
0.3884468078613281
0.5980749428272247
0.5791222602128983
0.5049701631069183
0.5442861616611481
0.3517725020647049
0.5154808461666107
0.38475361466407776
0.42246463894844055
0.4628288447856903
0.6591840535402298
0.5675568878650665
0.5141036659479141
0.5543027967214584
0.4278697520494461
0.3189883902668953
0.5052576065063477
0.3533664643764496
0.547436848282814
0.3392016291618347
0.3575824052095413
0.2537386566400528
0.3384432792663574
0.18643571063876152
0.31375323235988617
0.23445657640695572
0.17058686912059784
0.2583533748984337
0.1897880882024765
0.2522289529442787
0.18108809739351273
0.23173729330301285
0.1980198547244072
0.2029404193162918
0.14896894991397858
0.2135469689965248
0.12137821689248085
0.30123676359653473
0.30146486312150955
0.21124739199876785
0.3238823190331459
0.2819678857922554
0.1686193086206913
0.19337890297174454
0.2963935360312462
0.1293681375682354
0.20832032710313797
0.14980603009462357
0.16687268018722534
0.12033771723508835
0.12624432146549225
0.08287119120359421
0.11107421293854713
0.10028351098299026
0.07362205162644386
0.13576731830835342
0.07335095293819904
0.07164135947823524
0.1062697172164917
0.05654995143413544
0.04422100447118282
0.05087883584201336
0.04705363139510155
0.08746439404785633
0.04309573583304882
0.05176607146859169
0.03590391110628843
0.0802274402230978
0.038816303946077824
0.06666590087115765
0.0426867613568902
0.08578754588961601
0.06640820670872927
0.0522944089025259
0.03202588763087988
0.15228259563446045
0.13124588504433632
0.056134290993213654
0.09359692316502333
0.18284372985363007
0.08375274948775768
0.055718121118843555
0.08307318761944771
0.05378109775483608
0.1247362568974495
0.04832987114787102
0.12018474843353033
0.09725766256451607
0.056161994114518166
0.20481568574905396
0.24082157015800476
0.5136603191494942
0.15736590325832367
0.315040186047554
0.0852491483092308
0.36633163690567017
0.09182107448577881
0.38067130744457245
0.1606708988547325
0.3287087008357048
0.3004297763109207
0.322280690073967
0.7643626630306244
0.19782911241054535
0.6160858124494553
0.43279167264699936
0.20247656852006912
0.24479776620864868
0.37578679621219635
0.2557285577058792
0.39852534234523773
0.1420666202902794
0.21515405923128128
0.24085672199726105
0.17445864900946617
0.2121070921421051
0.11991042643785477
0.13794604316353798
0.1338663548231125
0.04886636137962341
0.039620254188776016
0.09970731660723686
0.06796704791486263
0.049348317086696625
0.031105508096516132
0.04736596159636974
0.01433899812400341
0.016458505066111684
0.02911599725484848
0.027643872424960136
0.013359549455344677
0.011385348625481129
0.01645585149526596
0.019868498668074608
0.014828757848590612
0.008285417687147856
0.011664052493870258
0.009603316895663738
0.01008668472059071
0.00702553684823215
0.006765624275431037
0.006946227513253689
0.005878279567696154
0.01050919177941978
0.007799718645401299
0.0072300840402022
0.004950487520545721
0.005059293704107404
0.005410049809142947
0.004792687948793173
0.004450004198588431
0.0037323397118598223
0.0050960659282281995
0.003358587622642517
0.0028986961697228253
0.003574584610760212
0.0033332330640405416
0.002527973847463727
0.0026050038868561387
0.002932125935330987
0.002378158562351018
0.0031080913031473756
0.0024358503287658095
0.002795530832372606
0.0023319037281908095
0.0033655590377748013
0.0035574877401813865
0.002757188631221652
0.0020945511641912162
0.0024065119214355946
0.0018576284928712994
0.0020573149668052793
0.0024597839219495654
0.0020971153280697763
0.0030768479336984456
0.001719343475997448
0.0021247470285743475
0.0019825021736323833
0.0017830258002504706
0.0016988709103316069
0.0019499862100929022
0.0021075455006211996
0.0017383098602294922
0.001862822100520134
0.0015715541376266629
0.0020854437607340515
0.0016420315951108932
0.0020088226883672178
0.0016241950797848403
0.0021891166106797755
0.001798646291717887
0.0016982554807327688
0.001789781847037375
0.0015119524905458093
0.001657084736507386
0.001785784843377769
0.0014156865363474935
0.0018433069344609976
0.0022651570616289973
0.0023672584211453795
0.0013147608551662415
0.0014632462989538908
0.002251714817248285
0.001503033738117665
0.001298683404456824
0.001270200707949698
0.0013904790976084769
0.0011670230887830257
0.0010819901945069432
0.0011103348224423826
0.0012867990881204605
0.0010535302862990648
0.0009816501988098025
0.0008334263548022136
0.0011568525223992765
0.0008977446996141225
0.0007865509105613455
0.0010316343395970762
0.0008751870773267001
0.0010610389290377498
0.0008426331041846424
0.0007958171772770584
0.000717816932592541
0.000840468448586762
0.001029430073685944
0.0007625716389156878
0.0008112451469060034
0.0006294759368756786
0.0008384776301681995
0.0006985473446547985
0.0008115987293422222
0.0007822222250979394
0.000831192301120609
0.0005841791135026142
0.000584048728342168
0.0005100781563669443
0.0005702997150365263
0.0007272112416103482
0.0006085674685891718
0.000568619288969785
0.0006679872749373317
0.000557457358809188
0.0006136794108897448
0.0006325341673800722
0.0005455089558381587
0.00040672707837074995
0.00041748874355107546
0.0004604772839229554
0.0006052283133612946
0.0004931351577397436
0.00039242506318259984
0.00034261886321473867
0.0003739995008800179
0.0004388182860566303
0.0004301690642023459
0.0004788849764736369
0.0004989560839021578
0.000359142868546769
0.00029341464687604457
0.00034818756103049964
0.00035679317079484463
0.00032929414010141045
0.0003001628501806408
0.0004363056505098939
0.0003357469104230404
0.00027379031234886497
0.00033402282861061394
0.0003833229566225782
0.0002291286364197731
0.00033878139220178127
0.00035550916800275445
0.0002339286365895532
0.0003714955164468847
0.0002954531373688951
0.0002612935350043699
0.00033524390892125666
0.0002753659136942588
0.00036690267734229565
0.00031934023718349636
0.0002033501077676192
0.0002756433095782995
0.0002967991749756038
0.0002201946044806391
0.0001947015116456896
0.0002776499604806304
0.0002888228773372248
0.0002141475270036608
0.00021023723820690066
0.0003146114177070558
0.00020469571609282866
0.00020869030413450673
0.000264454516582191
0.00017807809490477666
0.00023778218019288033
0.0001783591360435821
0.0002582433517090976
0.00020267354557290673
0.0001881474381661974
0.00016793356189737096
0.0001888269980554469
0.00018430921772960573
0.00019710222841240466
0.000233874874538742
0.0002303841247339733
0.000157532707817154
0.00016525298997294158
0.0001561953358759638
0.00016780115402070805
0.00015602561688865535
0.00015344009807449766
0.0001788744339137338
0.00017865320114651695
0.0001720595610095188
0.00015138071103137918
0.0001737408892950043
0.00017583663429832086
0.00019918344332836568
0.0001629634789424017
0.00019754832464968786
