0.45796319437191785
0.509980720480741
0.42677378108561864
0.4314728455472102
0.44555039243764044
0.4758880037968884
0.42852563126021265
0.4586067297560279
0.4029786007367246
0.37821281977718874
0.4176331547342138
0.4477772988756681
0.3988169220872738
0.4280867218833915
0.4059199189878829
0.42880754424301987
0.4646814184666779
0.4691575300120126
0.44905795966605505
0.44616990416280683
0.46723643096361295
0.44097530876161867
0.4537444270048548
0.37809841579023734
0.40354743922635705
0.449493749007102
0.39898172329922427
0.4677417894250237
0.4301162095062332
0.43354908146891175
0.419441379040205
0.42713276681400114
0.5000624515562563
0.46245584139076795
0.4402754427650557
0.42331658825621626
0.39565670837043065
0.3839138035881354
0.40833370188414225
0.3770188825196385
0.4069867935804178
0.4429082442590031
0.40937677781153387
0.42136941727439653
0.45204009603245465
0.39785009430300805
0.4071258138951069
0.3892519554286371
0.37658066594380935
0.40837904282154575
0.4285409689155592
0.4014627150332873
0.45929546427616874
0.3875010729883261
0.4145662234194817
0.40232064499421055
0.3685846481738346
0.40371501026889695
0.393986920693091
0.34988619308609703
0.40972739178258155
0.3983014688101782
0.40210789351076026
0.4108509225727913
0.4055277956520907
0.40124071321626137
0.3835238820534148
0.4177959978168461
0.34800145385383463
0.3610963205107346
0.38111371299346336
0.3924348861202254
0.39885140452448126
0.4341286213441928
0.4148440508661182
0.35428864073677824
0.3835839259391007
0.38490446591706867
0.3400893656597022
0.39852538636203183
0.3591630963891882
0.37401733479638527
0.4142097898411311
0.38260815314914226
0.36545997155049154
0.39380745634367936
0.3208786990785379
0.3579799893058939
0.33188011040610654
0.42874632808401286
0.3928027261512071
0.37084348262867073
0.38353443631584744
0.37548866651711926
0.3805383670783263
0.3524273206921904
0.3136356272799079
0.40288410644789446
0.32698924571687726
0.41964117582664234
0.39135995946721547
0.33165212411622297
0.3455077690085233
0.37312938755352376
0.3479298021695856
0.3289055448317308
0.3555430133960077
0.35155347882757126
0.3331355135630353
0.31664076622163506
0.31806237766871115
0.3512863765732484
0.32720787563116593
0.3632639269795149
0.288931283790807
0.31718730676730383
0.3776269194236549
0.284286308567971
0.3291617423845326
0.29391634210618
0.318606682924322
0.3047317515131653
0.3305078181888788
0.3452380862481858
0.3349523426206302
0.30228937981427056
0.28662274774455804
0.37116548506980807
0.3123481523091068
0.29755845687363924
0.33275312226918025
0.3007859688913149
0.3066714334994778
0.28858006865747515
0.31705017358682674
0.3117487709904905
0.34117700440207205
0.29320932618312295
0.32095469222811784
0.2853677584506702
0.30782645315893237
0.29998580514869655
0.29045187281058404
0.2978901609481733
0.2783945077592464
0.30712559385118415
0.26732849329817304
0.25360600035388153
0.25578397526491586
0.2910591967850237
0.26049766146195924
0.25475476051317014
0.24939748773770837
0.30188204720012807
0.2890099143793449
0.2278499788377211
0.24540668117818057
0.2374227155549323
0.24935898796895578
0.2641918872942298
0.2393739403038788
0.260717901264018
0.2598687133329066
0.2262305424322259
0.25505939921997767
0.26253393211365517
0.25091034508297383
0.22430789763617917
0.23620198446916485
0.25628618987852253
0.24064386568637286
0.2011368622024831
0.2226711385164513
0.20924085111495147
0.21305404251559654
0.27335759848871266
0.17664797000226476
0.21414030604236137
0.18582634882410518
0.23883238200031284
0.2236945588855568
0.21617868519026018
0.23173056551886181
0.18654314929600554
0.14874871496300532
0.2020079605602149
0.23403731397481733
0.19403264514054708
0.1645882981535045
0.19245240709521824
0.16654240861506237
0.17141682797645014
0.20242168610888853
0.2171529500483973
0.18046777544498285
0.15713443394540058
0.21640836824368592
0.18078735092006223
0.18358998135062715
0.13996674150079896
0.18206251045435637
0.22745163769259769
0.12718637795445042
0.19077287003111462
0.1302304015881347
0.15903643678294652
0.13564629571026227
0.169868997304448
0.1430771359725361
0.20116138095318303
0.16866615390022016
0.18062556692112605
0.14056738620563267
0.17857885841075155
0.18190125733658932
0.13122278739054996
0.15828478177773886
0.13803770371229848
0.1502099376484861
0.18661329874251556
0.17338809926757023
0.15865286902180112
0.13448110405976127
0.14845077679869276
0.12798140140079725
0.15036167361832847
0.14198782826864487
0.15795737057926953
0.1527018563098323
0.1354310924281454
0.14685875470359747
0.21322863078222842
0.12638570625672757
0.10839906768738679
0.13566693092612142
0.13805309160090248
0.13242887817299906
0.13464572114015882
0.12380170617504732
0.10402968188893182
0.12108160420721834
0.14275710047392587
0.153780342360779
0.13212450768968106
0.10808157421986683
0.11415476369791384
0.14831729683400255
0.15264754577886752
0.08800914279027455
0.12137713698378694
0.13577348958394148
0.14669208047061344
0.13188456687107372
0.11646140514611973
0.12421707022936627
0.13339458823020323
0.12750600815826663
0.09955918574266648
0.17668322391902247
0.11137387614392365
0.11443406345335654
0.1104967398882512
0.12243860483486683
0.1319008076049591
0.1165988567630898
0.12007726170662243
0.14006993734628662
0.1136619856295678
0.09020387012685713
0.10262043753755279
0.1353365388099832
0.09176427914970013
0.11452618875992406
0.10323636295141687
0.09951945181461995
0.10469798950033428
0.15361435033249482
0.08655966841583673
0.10058692050067129
0.1162815530344719
0.09983680214601985
0.08870462350635362
0.09304231883298653
0.12227971819280682
0.11207918581786976
0.14616144216803392
0.10366845131955642
0.14917936985293553
0.08238144750022978
0.09979149856933428
0.08020486249868068
0.08549577847826868
0.11931307665800857
0.0888182962431185
0.1392751876737664
0.12260790068545827
0.08631079971565034
0.11689799729419413
0.10329884949824769
0.05607337273128323
0.09797130172833629
0.13043378619443624
0.07860653593716177
0.1260857654125439
0.09009835902411668
0.08938216074547145
0.09920884843098596
0.1105257647529264
0.08571725254181695
0.12126004529061248
0.08793489111644809
0.13799686029892969
0.07969011397448902
0.13180184618074994
0.12476408989432917
0.11354115535441724
0.05455839217593936
0.10500491298052303
0.08661916096102366
0.1097048858833524
0.09475464599288465
0.14578110171354247
0.11708510327925198
0.0940998703594995
0.10279809397883591
0.10683671635750148
0.11199237337452742
0.11870775077707021
0.11375765436929834
0.09098330227371675
0.08095444698848808
0.09297585460942243
0.07565454737640583
0.08840403373933482
0.07892419871016328
0.10077825324207115
0.08978605469434997
0.1468614150449397
0.1040409868395437
0.06555425837781773
0.10570766394888931
0.11747507549428934
0.08094586510030495
0.06496717505065439
0.10503180640096171
0.1314324684668937
0.08382453658944747
0.10344667688895971
0.0856451784413517
0.10189673669677009
0.06575840045085524
0.09170035625290611
0.06739778773903855
0.09825897137780457
0.12371354279664638
0.09373642029288541
0.061189234094971685
0.11258076327942228
0.09144236920365242
0.060907511007979524
0.12187584060365547
0.10204819315662009
0.0793829783620227
0.10412704456966151
0.07389863725185412
0.10438381000404695
0.07711531459314093
0.08823377689829157
0.06842454906037788
0.06431673176066062
0.052441246870908224
0.10185441144184958
0.08456483596607377
0.0925727201575098
0.11424495159835739
0.09745166663147832
0.08083185090572861
0.10349311495994806
0.08590775986579204
0.07163743121292364
0.07841415662917298
0.1068025487926282
0.08329465735037907
0.05852013293307169
0.09442462846018713
0.11924016172093188
0.10535383814369956
0.08109968476873614
0.06661904082452168
0.12946992243090857
0.09165342721286492
0.0738543574852653
0.06683568042437865
0.09449086763324965
0.06444008017462718
0.06323899535555406
0.0872451093934294
0.11128489568598321
0.09834757482103627
0.05497627216456439
