1.2883190619094032
1.3407450531210219
1.3798353501728602
1.016142874956131
1.2713286504149437
1.2476823734385627
1.0979547096150262
0.9621347822248936
1.077692259635244
0.9513284425650325
1.0540698553834642
1.2678070094968592
1.1273655827556337
1.2496116374220168
1.1839862684054034
1.1327583555664336
0.9900696958814349
1.0858363104718072
1.2220332005194254
1.3037433326244354
1.0796992118869508
1.0541011818817683
1.2261741565806525
1.3248690936182226
1.244456512587411
1.211760746581214
1.4764435929911477
1.0445044306772095
1.3799450482640947
1.099963295672621
1.2056954396622521
1.2829717729639794
1.290117010474205
1.1811122468539648
1.0470605657568999
1.1824813761881419
1.3313464394637518
0.9897365463631493
1.1998157405427523
1.1880506319659097
1.1066094956227712
1.1168071207191264
1.2971153073012829
0.8675152898899147
1.189201112304415
1.1805466690233775
1.0515602656773158
1.2419816106557846
1.2834972547633308
1.3806141061442239
0.9091389541115079
1.087066262960434
1.1463144017117364
1.179787484130689
1.305563360452652
0.9554617400613746
1.0958504070128714
1.083995764276811
1.0112864907298769
1.2959739140101842
1.3133505170161908
1.2187561924968446
1.0630886597292764
0.964582737003054
1.0203787695084299
1.2204670310020447
1.3733074090310506
1.0997607495103563
1.2313637839896339
1.344495062317167
1.0067407627190863
0.9130492040089199
1.1968970788376672
1.0378583829317773
1.2619668862649374
1.0652186548603433
1.4080872280257088
1.090813426034791
1.0514485431568963
1.0333943239280157
