-84.32351545419561
-287.10211094293726
-375.651702216144
-438.85556689275575
-447.23551435899077
-316.34118291090164
-408.62534148462356
-461.3274294374176
-528.0964409854555
-532.7560479838727
-573.3797687868918
-614.7519105612407
-607.2333464490653
-644.059705075031
-669.5163069551442
-668.2409182781448
-699.7141776436484
-652.4714485049797
-749.615338090378
-738.4929836071032
-658.7306120890076
-705.490172613601
-807.2792302067928
-752.753780125473
-780.65684798456
-777.9434051865256
-793.6438211801415
-791.0550317269866
-813.4328466011083
-767.5677606191504
-792.9946956041222
-902.0297127066669
-837.7110314753747
-870.5440277152347
-853.5839066329639
-873.2684022743032
-880.9756146850674
-864.9451151729179
-920.4563568044917
-895.0959607928579
-889.6338955032111
-868.2345061104419
-935.0467517189167
-860.6175756058934
-874.5498312464507
-853.6781512317569
-911.0355738055322
-863.0561918761873
-889.9177951746822
-900.3180441460851
-907.0084186336412
-946.6299815502035
-959.7353886195591
-971.2001433295588
-947.4957699083512
-931.1884753253603
-951.493327670383
-901.266164768676
-929.8918666680288
-887.4699741453619
-920.0481659366238
-938.3886183901317
-922.6077440828772
-956.3938618497365
-912.8100363208401
-924.9931782214873
-942.8559421372304
-941.5457535295443
-972.2570626307192
-963.1133263759349
-946.9698083620467
-790.3934605374315
-951.8483364219489
-898.0716676712036
-878.6530494788825
-913.3167721862617
-943.6179715691624
-971.826456200692
-922.1332497574766
-861.0623081213868
-922.5049640824718
-936.2082762344642
-994.4356018057616
-976.5584985325413
-1018.280152185172
-947.1412978853498
-956.0303569389379
-925.0210252104816
-882.0373847056094
-964.685768898731
-917.4440615721013
-928.522333439594
-969.9120089084871
-965.1959649044247
-975.9313975089157
-916.9259210764537
-866.6840070442121
-920.5014555619059
-993.8310050261185
-900.0170928552952
-995.8163879500007
-972.1732509454824
-989.9264569282532
-991.6521856652976
-988.6461577832973
-1010.9501174891599
-955.6012075172591
-941.7584317675384
-963.7682761332956
-938.2965691172033
-972.6804925922974
-984.2970707537391
-962.8969981022145
-904.7689680113771
-978.1863075604637
-993.162053610872
-971.3063260245433
-952.584487299216
-913.8574794953869
-998.069513324219
