-108.83860158975223
-328.2880085712204
-354.9143898981508
-405.4775557803668
-439.1339325904846
-449.9163352794911
-481.3545127486304
-549.0142299986105
-530.2807734814658
-571.2001196953559
-623.0998048562608
-632.5591750254829
-632.0033413232197
-661.9850700483894
-691.1292735156925
-664.4673240767097
-661.3470472355592
-709.0770949295589
-661.6002320232479
-705.2291052506266
-724.7303672561997
-717.7926027939616
-764.707173747401
-776.2333160303705
-817.3086967644055
-756.0343992918868
-795.1691031741657
-811.285518277076
-789.9699213405908
-764.2039458103444
-787.1412209305346
-805.2393894107661
-830.8409509790658
-877.0348592837286
-828.6319684323078
-802.259431280848
-855.142307307863
-912.0377467986076
-876.345412874002
-904.7164132869738
-891.0148470830259
-878.5104743852044
-894.0760419819212
-898.4937808876214
-903.2156018210995
-876.7894678027949
-866.6026427976547
-890.9584390293069
-861.94109518517
-927.7476109711256
-934.7210265963857
-906.1844912761917
-951.9548560287545
-923.8700285177626
-934.0481286466396
-921.0691394718012
-886.36529769436
-926.3562798390191
-930.2773044691658
-914.8092106849916
-902.2088316816339
-889.3989306781699
-912.2208806864128
-834.9209229034213
-918.3954524532442
-949.7861917557254
-881.6729893135035
-895.0745259122365
-930.8875948822443
-929.4294530982795
-905.0695994328794
-962.6823139893844
-878.8082119726365
-934.0888370566654
-906.501289103987
-907.5585032959688
-913.5913641304464
-839.8493278784686
-921.8601360760526
-921.1340137780537
-905.3042811732138
-934.4270164032686
-912.4421201609247
-943.0771131911036
-882.906133941791
-894.1430038065405
-850.8365974953647
-910.3079510767889
-891.2701218952232
-886.1724346530053
-882.4015934412381
-920.1088894523234
-913.0796589829405
-952.0025759094871
-1016.3710533177249
-865.7018673628706
-995.9993097331667
-911.7579923159516
-954.8675742259223
-909.9992306616998
-1002.139632827126
-906.3171192204348
-981.5860219836784
-918.7019874818864
-982.814345856416
-959.3341144614506
-951.2262977037561
-876.1979472252631
-965.785255757345
-953.9269807833131
-984.092026038104
-883.2851893165694
-1015.3199641847391
-989.7055211308914
-961.8392415727888
-985.3534466088643
-894.3287301656837
-959.1370976179976
-994.2434496374174
-964.0563598316386
-938.8530810132005
-910.9016738959721
-928.0718106740081
-998.239313485985
-917.3524926269109
-942.1718346457327
-932.108045340683
-932.9026558871643
-999.9908037317514
-906.3691681541056
-989.5481707137851
-957.2630760966358
-957.8662093641572
-959.9811690018473
-973.0102063719578
-936.8929599814701
-950.7648864253874
-924.1066442920315
-932.0154958891978
-997.3306372154693
-898.433574819345
-992.4388302350374
-907.5652308068517
-910.485223620718
-979.6914076739192
-977.2194212241106
-977.8510532818632
-972.424617978285
-906.4463318328154
-1001.3431126115509
-1010.0289797453287
-988.7015569660521
-973.3304837991565
-1066.1310496528029
-986.6278837529196
-981.2332600470512
-969.2760534330447
-968.5754505983696
-961.6606754355716
-1024.3723207289172
-984.3542348975959
-1002.6065788269043
-939.8963515373969
-920.5674503640645
-957.0906328473773
-975.9696457331082
-952.1317907412481
-921.5958413945914
-1032.3188332588443
-1020.866753204627
-974.9479842603481
-982.6803117919078
-997.9108248943558
-1033.9834499798612
-1038.0055551484982
-1000.7212133978918
-996.512634927776
-975.2019669493222
-992.6426545947378
-965.0339564837618
-1030.9830993089809
-991.0740799266622
-1018.083126683389
-1018.4850690243981
-1021.2028496518113
-998.7953733277211
-1027.755747887396
-987.6721367550335
-1052.2637186709637
-1038.4873391164613
-1028.7576904516616
-1040.7168124018726
-1023.3561184439242
-1042.0839654245685
-1040.24464414746
-1009.2313703369985
-1026.785732111074
-990.8073746114283
-1011.9657150699246
-1076.9397067935786
-1048.399050418133
-966.18723792854
-1029.3745110067903
-983.082415637882
-1012.2092088048909
-1025.7851193764243
-1046.6533537130751
-990.3539260653307
-990.8475575952486
-1030.1041226892428
-1058.8688335418701
-1034.434991177326
-1005.1564896491266
-1054.1163769383584
-970.844787109832
-1057.6946040210637
-977.6702052645969
-1065.1161171346216
-1018.6067036220005
-986.4312896025345
-994.1065072793565
-1004.1987207298455
-1063.6266286823607
-1006.4262551514234
-1009.5223284602714
-969.4173195658741
-992.3676692945068
-1033.2720848382344
-1081.3197235248056
-982.8840752153353
-1027.3633696560487
-1016.2236696267457
-1059.6506284195157
-998.1520870753696
-1010.6169467082221
-1051.6752375237952
-961.8279960386214
-1026.019801126647
-1046.8026643392677
-997.3044756524574
-1007.1576519100347
-1022.9087449614353
-1062.765877156763
-986.2600495518627
-1012.6763705767794
-1041.982423351657
-1013.2763120919328
-1034.8225751076975
-1002.1970687549784
-1070.8468997797108
-1075.968399417016
-1043.0335316636047
-1047.0011931388608
-1088.7809744188862
-1064.763095785396
-1037.052479264923
-1008.8584725164598
-1065.973247510497
-1061.5788054466248
-1018.3060157705562
-1046.3832296380249
-1003.7462485880346
-1055.7472916001
-1054.0363832069431
-1065.9782356578633
-1101.2628428441587
-990.6913855328538
-1071.3574344265846
-1102.933778771607
-1101.608641426684
-1066.6149996920115
-1067.3146666425714
-1037.2649919712048
-1070.2614863215504
-1069.633833274314
-1037.9481021182328
-1003.0616761220765
-1103.42591931743
-1091.3761126786333
-1070.9659329867034
-1067.684378865677
-1021.0802545855122
-1051.1287137572117
-1067.2415452948364
-1037.8952609756575
-1036.8297933763074
-1050.5381572037797
-1084.379260612523
-1053.8443742040115
-997.1972714997656
-1070.9789126347837
-1033.1303485395722
-1054.8249666108513
-1018.638111931937
-1032.127938355169
-1003.2855740736157
-1053.0195791007186
-1012.9165749967373
-1087.7518004667925
-1012.1459723749468
-1034.9540515407439
-1061.6178131279307
-1048.9838909333753
-1036.1489540838427
-1062.2221104274697
-1094.4516518940025
-1056.4105260646838
-1026.2300579932428
-1004.6588658715174
-1020.9281533236878
-1004.1773631803451
-1053.4248732267986
-1081.901671372251
-1033.4124359447285
-1053.8998003401514
-1089.250474077216
-1047.989255492039
-1022.6843104999735
-1032.12451945362
-1018.1635719642112
-1064.8814454276442
-1007.6771727355394
-1014.0791007450649
-1037.4934837675314
-1061.7201004753465
-1054.983247756958
-1046.9596042017783
-1124.0741203061996
-1049.662715235064
-1041.5069094627133
-1093.1830033508863
-1054.6628030302338
-1088.0963272037593
-1005.9793960905295
-1018.0215900131085
-1018.1726594564552
-1044.9100150864244
-1032.0551172071887
-1035.893390998313
-1010.1675842698269
-998.9859193722773
-1088.6800941036593
-1040.7594905690664
-1129.0958952398344
-1067.3859072742375
-1055.582773375621
-1096.9391113667994
-1005.7336733769712
-1059.929470853322
-1109.7928148964033
-1118.7048868276006
-1037.8394169258083
-1092.8376091812063
-1102.4326727730888
-999.7372869676159
-1018.377583903651
-1037.5432447793846
-1070.8637791822582
-1077.3583532060895
-1084.1868150772586
-1012.5004762570429
-1039.2470520234876
-1035.9831054133754
-1058.4617576950707
-1048.3821590792747
-1066.7896767893146
-1039.3253210217172
-1042.7920735003213
-1073.302388225283
-1061.5639388616185
-955.8417179969049
-1063.0049892021214
-1063.265639485302
-1033.93919949158
-1051.9310751884213
-1086.2222918848838
-1113.7130499633226
-1122.619267512027
-1050.098875546785
-1076.0864629613638
-986.0347652523199
-1010.5265226583876
-1048.7035714514245
-1061.1423273921562
-1100.7794728432932
-1098.682988355786
-1045.2963162259573
-1072.4708165902696
-1071.5285035322338
-1119.9579090171146
-1076.3744208691855
-997.3313013760176
-1033.9502827868484
-1045.3072040399647
-1093.0358686842676
-1070.0480916598974
-1049.090545162078
-1080.3253115465016
-1063.4467363840972
-1079.9016588975758
