0.49596425482848083
0.502738541366388
0.4994234649754973
0.4991351974632459
0.5014413375612569
0.5077832228307869
0.49394638224272125
0.49855866243874314
0.49034303833957915
0.49870279619486885
0.4988469299509945
0.5049005477082733
0.49711732487748633
0.4932257134620928
0.4936581147304699
0.49927933121937157
0.5001441337561257
0.5090804266359181
0.4982703949264918
0.5015854713173825
0.5188815220524647
0.5018737388296339
0.49754972614586335
0.497261458633612
0.4979821274142404
0.5028826751225137
0.4981262611703661
0.502738541366388
0.5056212164889017
0.5142692418564427
0.4989910637071202
0.503170942634765
0.5040357451715192
0.5024502738541367
0.4968290573652349
0.4936581147304699
0.5001441337561257
0.49927933121937157
0.49481118477947533
0.49610838858460654
