0.3556326307519446
0.3543338918723681
0.33489141885774887
0.34462908720640545
0.3371841330767914
0.3342012133608113
0.33963869455000084
0.34728136353950073
0.31409737449418323
0.3442048148900133
0.34907927065401034
0.35693167783491625
0.3478234942813623
0.35539605695977466
0.35406980138220545
0.34068538018498
0.3495032250750295
0.3408616191864739
0.34902089268982
0.34514466775280817
0.34079649700667314
0.32767699008232437
0.35077416235881465
0.3418861536399251
0.3537153162336844
0.339419529142399
0.3439806354262175
0.35982555580166625
0.3285031551752703
0.3185946680047476
0.3269657449639072
0.33892351483351074
0.33859849316904894
0.3626869389452555
0.33554340880965033
0.3311670784246228
0.3451631411862847
0.3709748526133837
0.34584254206668946
0.3629046574402343
