0.5020178725857596
0.5046122801960219
0.5007206687806284
0.5005765350245027
0.5047564139521475
0.5001441337561257
0.5046122801960219
0.5067742865379071
0.5038916114153935
0.4978379936581147
0.49192850965696167
0.5090804266359181
0.5139809743441914
0.5008648025367541
0.505044681464399
0.4981262611703661
0.5072066878062842
0.5109541654655521
0.4946670510233497
0.5056212164889017
0.5005765350245027
0.486739694436437
0.49553185356010376
0.5012972038051312
0.502306140098011
0.502738541366388
0.5012972038051312
0.4979821274142404
0.49654078985298356
0.49120784087633323
0.492216777169213
0.4952435860478524
0.49855866243874314
0.49553185356010376
0.4979821274142404
0.5067742865379071
0.4889017007783223
0.4858748918996829
0.49481118477947533
0.4963966560968579
0.5036033439031421
0.4932257134620928
0.503170942634765
0.48803689824156815
0.5008648025367541
0.4896223695589507
0.5047564139521475
0.5024502738541367
0.5185932545402133
0.5343038339579129
0.52738541366388
0.5389161141539348
0.5549149610838858
0.5618333813779187
0.5631305851830499
0.5559238973767656
0.5573652349380225
0.5707696742577112
0.5651484577688095
0.558950706255405
0.5763908907466129
0.5723551455750937
0.5583741712309023
0.5869126549437879
0.5824445085038916
0.5736523493802248
0.5696166042087056
0.5756702219659844
0.5896511963101758
0.577688094551744
0.5712020755260883
0.5771115595272412
0.5807149034303833
0.580426635918132
0.5727875468434708
0.5761026232343615
0.5730758143557221
0.5825886422600173
0.5802825021620064
0.5753819544537331
