0.33413975629183007
0.3424086501899128
0.34549055102148224
0.3198624987515711
0.35653161916727294
0.32321639556125503
0.3449764278404037
0.35933938756379113
0.34265591282277336
0.3514670074792914
0.3260083406592809
0.3132572993958017
0.3430667286760212
0.3489509836876816
0.33498181986369296
0.34452648351423887
0.3313556609392029
0.3578593277904604
0.33902065094328626
0.34616792495555593
0.3642099576354164
0.36355710678523584
0.3440944110000429
0.34254954208529764
0.35474518312287223
0.3647340154146544
0.32626809333429635
0.3479906846318514
0.3418264608027645
0.3472725647214096
0.34875955635870587
0.3444767986522979
0.32616652315911676
0.3449265945730688
0.3525932429246776
0.3541024035622885
0.3602561624162757
0.3340384673492442
0.3489732513556145
0.33717220754701693
0.3377187870408533
0.3418170135684981
0.33733649299510066
0.3336478989519831
0.3537448499231569
0.3545203378385422
0.3434514565745257
0.3380070885746366
0.3278381406042021
0.35721722765383634
0.3581767240496275
0.3263551974325754
0.3374427090386092
0.3405482608155446
0.3268787763532131
0.3425555826435166
0.34970359995179007
0.3515974950508863
0.3401665439794896
0.34813333277602376
0.33505369461257406
0.30865985954455033
0.32408740297861155
0.33095031811035996
0.33235932033388843
0.33118017398953986
0.3316833493621668
0.33778943075510903
0.31251758503543065
0.3231562981639521
0.3221332230927071
0.33355642635426763
0.3264807278479767
0.31196069306466506
0.324042613658848
0.33041039082620827
0.30139375550775416
0.3454850230082732
0.31221008949059015
0.3267808497372654
0.34048479231083034
0.32611473756177084
0.32844116041771554
0.33077102632600863
0.3447999225989465
0.3413793304076736
0.3142579654789603
0.33879321676191837
0.32478105789882
0.3462802018747077
0.3439365761345982
0.30808148922372935
0.31774536092778505
0.3278904169720645
0.3157644018462177
0.296380251417503
0.3301973602667983
0.33173257515074744
0.3241403069570317
0.3310749640834222
0.32375303272175077
0.3397089704476331
0.3034817781084762
0.32784269189178805
0.3079896421399191
0.3238809727698839
0.3155278159347835
0.31848494826991985
0.3200434065823044
0.34336306883906303
0.33379127903227707
0.3344195724168818
0.3207210738572382
0.31758395767843667
0.31205435986909585
0.3336069954018439
0.32376194941437875
0.3028092539701868
0.3339984833806311
0.31609003105059197
0.3358603377873722
0.32386235906721056
0.33656171065527724
0.3180494257399151
0.3136620421138536
0.32077090094731864
0.3086175584767555
0.33588108204923195
0.3274617349205341
0.31525891266917716
0.31818499584351817
0.31133019466227785
0.3207548405108158
0.3342450593945824
0.32615067669048836
0.33501993898036225
0.3266196668594389
0.31330327409821723
0.32851897710548017
0.3253220635968419
