0.3095695376396179, 0.0020655207335948944, 0.09457733482122421 
0.7099583745002747, 0.0016874640714377165, 0.11565720289945602 
0.7012485265731812, 0.0002808642166201025, 0.03754148259758949 
0.6593006253242493, 0.0001500923535786569, 0.02503371052443981 
0.5594557523727417, 3.771094998228364e-05, 0.012001149356365204 
0.5536920428276062, 0.0002947751490864903, 0.01683269627392292 
0.5213563442230225, 0.00010222785931546241, 0.01357695460319519 
0.5224430561065674, 1.6936813835854991e-06, 0.000518461805768311 
0.6115325689315796, 5.699168355022266e-07, 0.000634008611086756 
0.5608185529708862, 2.0639586182369385e-06, 0.000862050917930901 
0.6150075793266296, 8.540764042663795e-07, 0.0003977590531576425 
0.5510463118553162, 3.0590005528630115e-10, 1.5262139640981331e-07 
0.5344787240028381, 5.309852326718101e-07, 0.00032426766119897366 
0.5705163478851318, 2.1340438252082095e-05, 0.003493719734251499 
0.5675718784332275, 3.879996768318961e-09, 1.5885692619121983e-06 
0.515144944190979, 0.0, 0.0 
0.43730705976486206, 0.0, 0.0 
0.4207535684108734, 0.0, 0.0 
0.3558100759983063, 3.086193345325228e-08, 0.0 
0.443955659866333, 5.085010457150929e-08, 1.5844294466660358e-05 
0.3162805736064911, 3.292372275609523e-05, 0.00925431214272976 
0.36578279733657837, 6.900104926899076e-05, 0.014979573898017406 
0.3660069704055786, 1.693547164904885e-05, 0.007282534148544073 
0.3235301673412323, 1.3780113476968836e-05, 0.0063287545926868916 
0.3430880606174469, 3.083854949181841e-08, 5.249025434750365e-06 
0.3395898938179016, 2.299021252838429e-05, 0.005748217459768057 
0.3751787543296814, 4.624500434147194e-06, 0.0016914349980652332 
0.34382471442222595, 2.090457383019384e-05, 0.009809935465455055 
0.31523433327674866, 1.270873599423794e-05, 0.008099191822111607 
0.35579970479011536, 2.4764492991380394e-05, 0.010288153775036335 
0.3201037347316742, 2.4487202608725056e-05, 0.013879407197237015 
0.4092502295970917, 5.799154314445332e-05, 0.023462994024157524 
0.448609858751297, 0.00038458494236692786, 0.05113273859024048 
0.42936819791793823, 0.0033933676313608885, 0.11641687899827957 
0.5484967827796936, 0.011524703353643417, 0.2126130312681198 
0.4659864008426666, 0.027763670310378075, 0.32168853282928467 
0.5671114921569824, 0.04030640423297882, 0.3872586786746979 
0.542053759098053, 0.05417334660887718, 0.43910959362983704 
0.5215062499046326, 0.05706013739109039, 0.5245108008384705 
0.5922009944915771, 0.06544859707355499, 0.5333133339881897 
0.6255993247032166, 0.07572569698095322, 0.5559676289558411 
0.6136310696601868, 0.07233301550149918, 0.5480695366859436 
0.8159070014953613, 0.08156850188970566, 0.5782395005226135 
0.8367416262626648, 0.07406710088253021, 0.6695644855499268 
1.0133757591247559, 0.08968307077884674, 0.7745564579963684 
1.284893274307251, 0.08721091598272324, 0.6747463345527649 
1.203249454498291, 0.08975985646247864, 0.6626750826835632 
1.7049425840377808, 0.08854348212480545, 0.6997796893119812 
2.022968292236328, 0.0929054394364357, 0.786495566368103 
2.2291629314422607, 0.09965372830629349, 0.6693874597549438 
2.9816174507141113, 0.10784526914358139, 0.8062530755996704 
2.5168213844299316, 0.09874679893255234, 0.8083100914955139 
2.823481321334839, 0.11634871363639832, 0.8279103636741638 
2.841409683227539, 0.12248636782169342, 0.8661791086196899 
3.6477646827697754, 0.12965869903564453, 0.9116136431694031 
3.290905475616455, 0.13914310932159424, 0.8958118557929993 
3.8265328407287598, 0.14608272910118103, 0.9108735918998718 
4.8768720626831055, 0.1398189514875412, 0.9066036939620972 
4.745482444763184, 0.14355707168579102, 0.9655245542526245 
4.6374921798706055, 0.14551128447055817, 0.9961983561515808 
5.631709575653076, 0.14341773092746735, 0.913354754447937 
6.246992111206055, 0.13974106311798096, 1.0455979108810425 
5.727462291717529, 0.14242173731327057, 0.8784558176994324 
7.3942060470581055, 0.1462734043598175, 0.8394774198532104 
6.754826068878174, 0.15130996704101562, 0.9404733180999756 
6.969944000244141, 0.13621775805950165, 0.9182634353637695 
7.893077850341797, 0.15664200484752655, 0.9822525978088379 
5.132229328155518, 0.15182183682918549, 0.9030335545539856 
7.766966819763184, 0.1808830201625824, 1.1635544300079346 
7.286947727203369, 0.1709728240966797, 1.0019415616989136 
9.048426628112793, 0.16498352587223053, 1.0132009983062744 
8.204325675964355, 0.16859272122383118, 1.1364729404449463 
9.167795181274414, 0.1534155160188675, 1.0836336612701416 
9.638479232788086, 0.17430254817008972, 1.072655200958252 
11.261722564697266, 0.19032885134220123, 1.1280618906021118 
8.036038398742676, 0.17668724060058594, 1.0421950817108154 
10.543050765991211, 0.17244482040405273, 1.1068949699401855 
13.287528038024902, 0.16903330385684967, 1.173736810684204 
9.999848365783691, 0.16300518810749054, 1.2222635746002197 
11.868566513061523, 0.1818048357963562, 1.116194725036621 
13.56414794921875, 0.18480117619037628, 1.1513738632202148 
13.961152076721191, 0.18853791058063507, 1.304913878440857 
13.145236015319824, 0.17949208617210388, 1.2756708860397339 
15.128744125366211, 0.16616982221603394, 1.2140328884124756 
12.228767395019531, 0.15996789932250977, 1.372096300125122 
12.68400764465332, 0.18167521059513092, 1.3844139575958252 
12.589153289794922, 0.19434630870819092, 1.4759511947631836 
11.644744873046875, 0.1870763748884201, 1.36785888671875 
13.566519737243652, 0.20920522511005402, 1.3947319984436035 
14.106144905090332, 0.1961326003074646, 1.3132268190383911 
12.433491706848145, 0.17010653018951416, 1.417912483215332 
13.332176208496094, 0.19059622287750244, 1.3200695514678955 
14.109936714172363, 0.18535982072353363, 1.438161015510559 
14.818262100219727, 0.18965154886245728, 1.4193847179412842 
15.007305145263672, 0.17674259841442108, 1.456836462020874 
17.182130813598633, 0.1851913332939148, 1.4796099662780762 
15.143817901611328, 0.20853334665298462, 1.5366101264953613 
16.253578186035156, 0.2139613777399063, 1.729709267616272 
15.08610725402832, 0.20367933809757233, 1.7396076917648315 
14.039461135864258, 0.20914463698863983, 1.4713047742843628 
12.930074691772461, 0.20507612824440002, 1.757481575012207 
9.766789436340332, 0.22182610630989075, 2.088541030883789 
13.541781425476074, 0.2663436233997345, 2.1345348358154297 
14.674639701843262, 0.2892798185348511, 2.187055826187134 
11.249053001403809, 0.2646522521972656, 2.444894552230835 
13.968189239501953, 0.27018797397613525, 2.3093454837799072 
15.037741661071777, 0.2658209204673767, 2.5338692665100098 
14.106836318969727, 0.2934219539165497, 2.4823405742645264 
15.468851089477539, 0.3049221336841583, 2.9004790782928467 
14.388622283935547, 0.29286789894104004, 2.7374799251556396 
15.62613296508789, 0.3219607174396515, 2.7712507247924805 
13.155914306640625, 0.2812119722366333, 2.7374160289764404 
17.636493682861328, 0.3501286804676056, 2.930320978164673 
15.685022354125977, 0.32468101382255554, 3.0480055809020996 
14.833588600158691, 0.32459044456481934, 2.9938483238220215 
15.739038467407227, 0.3701978325843811, 2.9782023429870605 
16.730812072753906, 0.3204704821109772, 2.930149555206299 
18.53445816040039, 0.3158376216888428, 3.3454415798187256 
18.489139556884766, 0.31317052245140076, 3.1055479049682617 
17.156644821166992, 0.33746543526649475, 3.479912042617798 
21.559986114501953, 0.3670578896999359, 3.1821463108062744 
18.049970626831055, 0.35311010479927063, 3.208247423171997 
18.48759651184082, 0.37203314900398254, 3.5176243782043457 
18.037025451660156, 0.3486350178718567, 3.5433075428009033 
18.908601760864258, 0.35946038365364075, 3.5868797302246094 
16.943010330200195, 0.3768939971923828, 3.4872777462005615 
20.617122650146484, 0.40395036339759827, 3.433964967727661 
20.61246109008789, 0.400758296251297, 3.6262497901916504 
20.048789978027344, 0.37742528319358826, 3.704683780670166 
22.10361671447754, 0.39310967922210693, 3.0161287784576416 
18.791210174560547, 0.3589058220386505, 3.435218572616577 
20.73277473449707, 0.3716602027416229, 3.3734183311462402 
21.665102005004883, 0.39082086086273193, 3.7392125129699707 
17.474651336669922, 0.33151862025260925, 3.5484659671783447 
23.733369827270508, 0.40036317706108093, 3.514730453491211 
20.874465942382812, 0.3793148398399353, 3.4924442768096924 
20.57635498046875, 0.39964577555656433, 3.4645509719848633 
23.878637313842773, 0.3947775661945343, 3.1800537109375 
24.12625503540039, 0.4110511541366577, 3.694667100906372 
19.70795440673828, 0.3802870810031891, 3.1066935062408447 
22.435791015625, 0.41293615102767944, 3.48726224899292 
20.365571975708008, 0.3774288594722748, 3.525951862335205 
22.258609771728516, 0.3875599205493927, 3.125657320022583 
20.37887954711914, 0.35665953159332275, 3.304260492324829 
26.296770095825195, 0.43075963854789734, 3.2557103633880615 
24.815624237060547, 0.3573409914970398, 3.2308690547943115 
27.49993324279785, 0.39795926213264465, 3.4372100830078125 
21.094112396240234, 0.39203354716300964, 3.127422332763672 
29.452056884765625, 0.4023056626319885, 3.2192859649658203 
21.450557708740234, 0.3951795697212219, 3.314483880996704 
25.460933685302734, 0.40409162640571594, 2.9391868114471436 
30.424087524414062, 0.4393097162246704, 3.40198016166687 
23.529056549072266, 0.3958838880062103, 3.414867639541626 
27.25827980041504, 0.38994300365448, 2.908283233642578 
27.69696617126465, 0.3662800192832947, 3.0613996982574463 
30.55435562133789, 0.39939531683921814, 2.7450759410858154 
30.48796272277832, 0.4063863754272461, 2.6741771697998047 
25.119396209716797, 0.3753325045108795, 3.215684652328491 
28.42231559753418, 0.4188896715641022, 3.0735232830047607 
30.709379196166992, 0.38579943776130676, 3.121344566345215 
28.444957733154297, 0.40102994441986084, 3.076176404953003 
28.735105514526367, 0.35517892241477966, 2.7711591720581055 
29.939632415771484, 0.39449697732925415, 3.1965391635894775 
27.45026206970215, 0.3839409649372101, 2.8805973529815674 
28.89432144165039, 0.40780898928642273, 3.3465518951416016 
26.36115074157715, 0.3233981132507324, 2.884746789932251 
33.39540100097656, 0.3904808759689331, 3.3247108459472656 
32.51860427856445, 0.36586451530456543, 2.820040464401245 
29.860353469848633, 0.3759429454803467, 3.334651231765747 
34.79875946044922, 0.4381002187728882, 2.9982683658599854 
33.44557571411133, 0.4309511184692383, 2.9223170280456543 
32.028804779052734, 0.38812580704689026, 2.851072072982788 
36.43846893310547, 0.3705116808414459, 2.984116315841675 
26.0479793548584, 0.38797593116760254, 3.1484971046447754 
33.93869400024414, 0.3534071147441864, 2.848649740219116 
28.982263565063477, 0.38032999634742737, 2.6185362339019775 
34.767189025878906, 0.3640528619289398, 2.674748420715332 
36.00284194946289, 0.4379752576351166, 2.64139986038208 
32.72987747192383, 0.3966839015483856, 2.876635789871216 
29.028303146362305, 0.3592216372489929, 2.696929454803467 
36.333656311035156, 0.39588454365730286, 3.0801098346710205 
32.935577392578125, 0.35933226346969604, 3.107639789581299 
38.459861755371094, 0.4130679666996002, 2.638885498046875 
34.51750946044922, 0.3573101758956909, 2.7268598079681396 
27.51661491394043, 0.32955625653266907, 2.635727643966675 
35.747047424316406, 0.38961249589920044, 2.5293145179748535 
31.4381103515625, 0.3701739013195038, 2.890134811401367 
33.19084167480469, 0.3479843735694885, 2.3479297161102295 
35.88907241821289, 0.37007471919059753, 2.715656280517578 
31.00988006591797, 0.36902451515197754, 2.946443557739258 
31.031848907470703, 0.38221627473831177, 2.773059129714966 
35.33631896972656, 0.3587521016597748, 2.7892649173736572 
36.316650390625, 0.346175879240036, 2.6490495204925537 
41.29178237915039, 0.37015876173973083, 2.9882819652557373 
36.950557708740234, 0.3239454925060272, 2.409684658050537 
41.533599853515625, 0.3619782626628876, 2.387341022491455 
38.48726272583008, 0.30445000529289246, 2.688197374343872 
30.842880249023438, 0.304813951253891, 2.458470582962036 
33.12649154663086, 0.3537231385707855, 2.499018669128418 
43.6046142578125, 0.355646014213562, 2.620276689529419 
33.89105987548828, 0.3746155798435211, 2.7083232402801514 
38.421241760253906, 0.3509642779827118, 2.6881284713745117 
37.43625259399414, 0.3516249656677246, 2.525277614593506 
44.80391311645508, 0.3631118834018707, 2.5043468475341797 
33.156707763671875, 0.351808100938797, 2.873206377029419 
34.03292465209961, 0.3264482915401459, 2.2745699882507324 
37.249088287353516, 0.3276093900203705, 2.722761869430542 
37.9601936340332, 0.35388728976249695, 2.7522618770599365 
38.62205505371094, 0.33055371046066284, 2.608008861541748 
46.264442443847656, 0.3316715955734253, 2.4331424236297607 
39.72624588012695, 0.29418450593948364, 2.4401421546936035 
41.174224853515625, 0.3125665783882141, 2.6052205562591553 
41.30918502807617, 0.33032429218292236, 2.671412944793701 
46.69825744628906, 0.3567679524421692, 2.358743906021118 
37.13155746459961, 0.32579052448272705, 2.5038270950317383 
45.394866943359375, 0.3772468864917755, 2.529466152191162 
36.60865783691406, 0.29501205682754517, 2.452608346939087 
41.72982406616211, 0.36533573269844055, 2.4936909675598145 
40.62199783325195, 0.36439281702041626, 2.8869645595550537 
32.07217788696289, 0.3135606348514557, 2.4193241596221924 
37.31160354614258, 0.3307759165763855, 3.0856518745422363 
40.85270309448242, 0.292228639125824, 2.6312549114227295 
41.546546936035156, 0.34023401141166687, 2.425893545150757 
37.509361267089844, 0.3212047219276428, 2.3740129470825195 
36.410770416259766, 0.308965802192688, 2.4573915004730225 
33.90447998046875, 0.3033584654331207, 2.361971855163574 
46.48778533935547, 0.3804939091205597, 2.4555397033691406 
31.810823440551758, 0.30385929346084595, 2.3539793491363525 
46.901466369628906, 0.30294036865234375, 2.4879024028778076 
38.69313430786133, 0.3159208595752716, 2.5433340072631836 
36.13902282714844, 0.3040764033794403, 1.9615569114685059 
44.384944915771484, 0.31836003065109253, 2.2482120990753174 
43.06901931762695, 0.3262620270252228, 2.2092337608337402 
38.59934616088867, 0.27210479974746704, 2.366896152496338 
45.605743408203125, 0.2728860080242157, 2.010845422744751 
38.17222595214844, 0.3140948414802551, 2.2503368854522705 
44.90037536621094, 0.3252306878566742, 2.4935407638549805 
39.570499420166016, 0.29894107580184937, 2.1249005794525146 
36.739898681640625, 0.3002336323261261, 2.3445680141448975 
39.0035514831543, 0.2974279224872589, 2.642035484313965 
37.9249382019043, 0.29861268401145935, 2.271595001220703 
39.55921936035156, 0.268457293510437, 2.3013663291931152 
39.61055374145508, 0.28823035955429077, 2.227915048599243 
46.62544631958008, 0.3026163876056671, 2.3787972927093506 
39.059696197509766, 0.28454676270484924, 2.2030186653137207 
44.04806137084961, 0.31395408511161804, 2.115720272064209 
49.95479202270508, 0.31372711062431335, 2.480086088180542 
40.05458068847656, 0.3343077600002289, 2.361748218536377 
38.6448974609375, 0.3044138252735138, 2.024285316467285 
42.105533599853516, 0.30984237790107727, 2.1832828521728516 
51.277793884277344, 0.27735939621925354, 2.298663854598999 
39.92793273925781, 0.28557220101356506, 1.89052414894104 
45.19782257080078, 0.29966363310813904, 2.4776906967163086 
47.748043060302734, 0.2912350296974182, 1.9700078964233398 
45.052486419677734, 0.28645193576812744, 2.202863931655884 
46.0649299621582, 0.27150705456733704, 2.0916006565093994 
52.058292388916016, 0.2743585705757141, 2.3821816444396973 
43.575218200683594, 0.32954639196395874, 2.3446247577667236 
39.34475326538086, 0.30686748027801514, 2.2984745502471924 
47.65813446044922, 0.258624404668808, 2.3291592597961426 
45.661827087402344, 0.33231043815612793, 2.0709073543548584 
47.444976806640625, 0.3248625099658966, 2.0724098682403564 
52.6754035949707, 0.2853279709815979, 2.1273951530456543 
39.844749450683594, 0.2843259572982788, 2.1362595558166504 
49.21053695678711, 0.29681214690208435, 2.0970206260681152 
40.73952102661133, 0.28692832589149475, 2.58150315284729 
42.366798400878906, 0.30463483929634094, 2.137308359146118 
56.70999526977539, 0.3205918073654175, 2.584625482559204 
46.3442497253418, 0.3198232054710388, 2.012005090713501 
44.755088806152344, 0.25493839383125305, 2.381314754486084 
43.842655181884766, 0.309514582157135, 2.3714983463287354 
56.71614456176758, 0.31561705470085144, 2.528435230255127 
41.25895309448242, 0.2729834020137787, 1.9983129501342773 
45.95619201660156, 0.27997907996177673, 2.1851439476013184 
57.33372116088867, 0.3209981620311737, 2.232475757598877 
53.59280014038086, 0.3140060305595398, 2.1729531288146973 
43.21849060058594, 0.24735207855701447, 1.7915890216827393 
46.78413391113281, 0.2911336421966553, 2.07586669921875 
47.79603958129883, 0.26760467886924744, 2.1375935077667236 
51.02265548706055, 0.26566821336746216, 2.0714590549468994 
47.93412399291992, 0.26972413063049316, 2.2002816200256348 
50.96376419067383, 0.2921566367149353, 2.25240421295166 
43.642765045166016, 0.28132739663124084, 2.1724493503570557 
48.65166473388672, 0.26333796977996826, 2.226017951965332 
49.154571533203125, 0.30918601155281067, 2.600048065185547 
73.40396118164062, 0.31279781460762024, 2.3538777828216553 
30.743894577026367, 0.29413649439811707, 2.457900285720825 
38.144676208496094, 0.2970459759235382, 2.2738053798675537 
40.984657287597656, 0.2718077301979065, 2.3088901042938232 
47.22203063964844, 0.27324432134628296, 2.1100521087646484 
48.13735580444336, 0.2896334230899811, 2.0138487815856934 
53.31683349609375, 0.27776196599006653, 1.811135172843933 
49.348228454589844, 0.28271985054016113, 2.1669089794158936 
49.99947738647461, 0.284924179315567, 2.1335597038269043 
40.48351287841797, 0.28224748373031616, 2.285358428955078 
41.4249267578125, 0.2998351454734802, 2.302706003189087 
47.801666259765625, 0.2709420621395111, 2.086454391479492 
51.392295837402344, 0.3186042606830597, 2.27083420753479 
51.52332305908203, 0.28711849451065063, 1.9601722955703735 
49.14886474609375, 0.31789615750312805, 2.287771224975586 
41.27961730957031, 0.26815882325172424, 2.3575048446655273 
50.891807556152344, 0.29034245014190674, 2.0340065956115723 
47.54991912841797, 0.2558545470237732, 2.121403455734253 
47.22196578979492, 0.2810828685760498, 1.9737523794174194 
48.642547607421875, 0.2892959713935852, 1.9179832935333252 
58.4320068359375, 0.30498364567756653, 2.2064707279205322 
42.00012969970703, 0.3001576364040375, 2.0896763801574707 
52.706417083740234, 0.2922263443470001, 2.0492072105407715 
52.362396240234375, 0.3207275867462158, 2.1192193031311035 
43.73163986206055, 0.2378203570842743, 2.071012258529663 
55.48817825317383, 0.32257279753685, 1.8408833742141724 
53.828094482421875, 0.2938369810581207, 2.2386064529418945 
73.77177429199219, 0.28715571761131287, 1.7846555709838867 
56.42238998413086, 0.30247318744659424, 1.9442949295043945 
62.77632522583008, 0.27039992809295654, 2.2211105823516846 
41.036922454833984, 0.28035128116607666, 2.2330217361450195 
44.21479415893555, 0.29994457960128784, 2.5067152976989746 
49.39201354980469, 0.27046412229537964, 2.1647980213165283 
57.30986022949219, 0.26317131519317627, 2.0868608951568604 
50.794898986816406, 0.3035408556461334, 1.9165126085281372 
56.91048049926758, 0.28495749831199646, 1.9092159271240234 
67.2099838256836, 0.2970907688140869, 2.37516450881958 
42.75406265258789, 0.2845720648765564, 2.040513038635254 
48.2713508605957, 0.2933337688446045, 1.9929594993591309 
51.80389404296875, 0.2897508144378662, 2.061861515045166 
68.14566802978516, 0.3182401657104492, 2.52929949760437 
48.67189025878906, 0.26668640971183777, 1.8308160305023193 
47.523643493652344, 0.26534759998321533, 2.041043758392334 
49.460811614990234, 0.2598777413368225, 2.0263113975524902 
54.338863372802734, 0.2886803150177002, 2.268200159072876 
60.067142486572266, 0.2577537000179291, 1.9495755434036255 
57.83267593383789, 0.2692376375198364, 2.1461682319641113 
47.53300476074219, 0.2818814218044281, 2.2555980682373047 
54.78001022338867, 0.2866792380809784, 1.9726182222366333 
60.3450927734375, 0.2914639711380005, 1.9371613264083862 
52.66358947753906, 0.2818484306335449, 2.1891250610351562 
50.58097839355469, 0.27040988206863403, 2.1297175884246826 
54.21467590332031, 0.2634983956813812, 1.8193047046661377 
55.556217193603516, 0.291988343000412, 1.7172207832336426 
52.794010162353516, 0.2553325295448303, 1.9281957149505615 
56.43206024169922, 0.3180071711540222, 1.8170429468154907 
49.08307647705078, 0.2826307415962219, 2.1631367206573486 
57.66969299316406, 0.27929529547691345, 2.2251532077789307 
67.23179626464844, 0.27989625930786133, 1.7728697061538696 
56.11275863647461, 0.3048846423625946, 1.8528163433074951 
57.3111572265625, 0.2681918740272522, 2.155369281768799 
55.22764205932617, 0.2759552597999573, 2.090217351913452 
50.811336517333984, 0.28077492117881775, 1.974784255027771 
53.010074615478516, 0.2959156036376953, 2.2822484970092773 
56.8384895324707, 0.26299750804901123, 1.7090539932250977 
52.17877197265625, 0.29762259125709534, 1.9517017602920532 
60.451881408691406, 0.2955200970172882, 1.8718724250793457 
51.08798599243164, 0.29131680727005005, 1.8686621189117432 
62.887229919433594, 0.26311928033828735, 2.1390907764434814 
52.63570022583008, 0.2702638804912567, 2.010546922683716 
55.00056076049805, 0.2918895483016968, 1.9611706733703613 
63.386634826660156, 0.2791174054145813, 2.118624687194824 
44.85329818725586, 0.2617078721523285, 1.7925076484680176 
69.27391815185547, 0.2840096652507782, 2.0885534286499023 
42.704959869384766, 0.3105889558792114, 2.3545379638671875 
48.750179290771484, 0.2546226978302002, 1.9245918989181519 
49.51990509033203, 0.3028940260410309, 2.296964645385742 
72.46666717529297, 0.2634378671646118, 1.8472265005111694 
51.334320068359375, 0.26394224166870117, 2.018766403198242 
50.56673049926758, 0.2554793357849121, 2.1339831352233887 
47.05426025390625, 0.2569185495376587, 1.7137852907180786 
71.07730865478516, 0.30085113644599915, 2.100994348526001 
61.55488204956055, 0.2633141279220581, 1.8228604793548584 
59.8806037902832, 0.2623872458934784, 1.790871024131775 
58.37203598022461, 0.31139057874679565, 1.8419740200042725 
63.491703033447266, 0.2910310924053192, 2.034224510192871 
61.23455810546875, 0.29632601141929626, 1.8098280429840088 
61.089080810546875, 0.30142736434936523, 2.0761821269989014 
47.59434127807617, 0.25409114360809326, 1.7493882179260254 
61.65008544921875, 0.24982617795467377, 1.9608079195022583 
56.2530517578125, 0.27132177352905273, 2.173814535140991 
52.71717071533203, 0.26947668194770813, 2.016771078109741 
46.78373718261719, 0.27298611402511597, 2.0427937507629395 
55.31256866455078, 0.25767630338668823, 1.9746437072753906 
69.12501525878906, 0.2743867337703705, 1.9094613790512085 
52.827579498291016, 0.32327717542648315, 1.9769178628921509 
66.76547241210938, 0.3123282790184021, 1.9702398777008057 
53.46355438232422, 0.25445035099983215, 1.8870550394058228 
53.03544998168945, 0.30142122507095337, 1.9325295686721802 
67.2475357055664, 0.3108479678630829, 2.0878894329071045 
57.345645904541016, 0.2660082280635834, 1.8272805213928223 
53.144569396972656, 0.27909690141677856, 1.9874054193496704 
57.9262809753418, 0.31029194593429565, 1.9188660383224487 
59.17976379394531, 0.254528671503067, 1.8092097043991089 
61.21720504760742, 0.2843872308731079, 1.9193921089172363 
66.55716705322266, 0.3043491244316101, 1.8972657918930054 
52.674964904785156, 0.2971455752849579, 2.0390570163726807 
60.503963470458984, 0.29158446192741394, 1.553564429283142 
73.4367446899414, 0.2851954400539398, 1.9700467586517334 
60.77663803100586, 0.2886276841163635, 1.9254192113876343 
56.1833381652832, 0.2737501263618469, 1.8723227977752686 
57.984317779541016, 0.26580530405044556, 1.8577617406845093 
82.99154663085938, 0.28097471594810486, 1.9389710426330566 
48.26940155029297, 0.3051524758338928, 1.8882403373718262 
53.485023498535156, 0.33403292298316956, 1.9284095764160156 
58.528987884521484, 0.28296512365341187, 1.9375264644622803 
54.32036209106445, 0.26273319125175476, 1.9483013153076172 
45.63576126098633, 0.24996191263198853, 1.7650777101516724 
63.189632415771484, 0.2726033926010132, 2.0058650970458984 
59.91671371459961, 0.23952141404151917, 1.5615284442901611 
63.28689193725586, 0.28706932067871094, 1.847503900527954 
50.39350509643555, 0.27988624572753906, 2.0886330604553223 
53.8723030090332, 0.2547840476036072, 2.084853410720825 
56.311378479003906, 0.2687598764896393, 1.935495138168335 
76.0013427734375, 0.2874484956264496, 2.040193557739258 
67.0995864868164, 0.2858351767063141, 1.6816574335098267 
70.62934112548828, 0.2469467669725418, 2.0064074993133545 
55.48902130126953, 0.31206512451171875, 1.8183313608169556 
62.62599563598633, 0.2688593864440918, 1.8566919565200806 
66.73050689697266, 0.25756439566612244, 1.7450977563858032 
60.67243576049805, 0.2527281641960144, 1.7880854606628418 
52.58012008666992, 0.27741631865501404, 1.762594223022461 
61.32109832763672, 0.27051281929016113, 2.154902935028076 
55.738346099853516, 0.26050642132759094, 1.7514675855636597 
71.43321228027344, 0.27222001552581787, 1.9055018424987793 
54.791412353515625, 0.2877732217311859, 1.9599008560180664 
58.16172409057617, 0.25828301906585693, 1.5931813716888428 
61.7125244140625, 0.27968770265579224, 1.7475862503051758 
63.782901763916016, 0.2506437301635742, 1.6466553211212158 
57.06800842285156, 0.30447864532470703, 2.045818328857422 
68.93974304199219, 0.2666199207305908, 1.7675814628601074 
54.71295928955078, 0.28902602195739746, 2.2070484161376953 
61.768394470214844, 0.2682597041130066, 1.89960515499115 
62.66484069824219, 0.2676018178462982, 2.0710349082946777 
78.72693634033203, 0.26363667845726013, 1.7993019819259644 
88.16726684570312, 0.26085177063941956, 1.9082616567611694 
50.859432220458984, 0.2685830295085907, 1.7694361209869385 
47.465721130371094, 0.2688872516155243, 1.7184768915176392 
59.440696716308594, 0.27397534251213074, 1.7641667127609253 
63.50080490112305, 0.2611939609050751, 2.070518732070923 
53.2127685546875, 0.24581870436668396, 1.8520084619522095 
59.484649658203125, 0.28365033864974976, 1.794882893562317 
68.89818572998047, 0.2705305516719818, 1.7562741041183472 
64.5670166015625, 0.2568645179271698, 1.9496123790740967 
59.788963317871094, 0.27593758702278137, 1.6753854751586914 
65.22076416015625, 0.27877336740493774, 1.7509211301803589 
65.2671127319336, 0.2584320306777954, 1.7474517822265625 
50.30601119995117, 0.25191301107406616, 1.7162539958953857 
73.1199722290039, 0.3070330023765564, 1.9044231176376343 
65.68917083740234, 0.2789134681224823, 2.0286169052124023 
66.05770111083984, 0.2900463044643402, 1.6926895380020142 
59.552833557128906, 0.26429882645606995, 1.677854061126709 
68.3614730834961, 0.2687623202800751, 1.7188688516616821 
64.9403076171875, 0.26944205164909363, 1.9238249063491821 
68.34127807617188, 0.2534739077091217, 1.7776918411254883 
59.524513244628906, 0.26417988538742065, 1.6266990900039673 
51.650733947753906, 0.24640510976314545, 1.6144894361495972 
80.84030151367188, 0.2881471514701843, 1.7983157634735107 
62.46345138549805, 0.2488400936126709, 2.1469287872314453 
59.486270904541016, 0.2436075061559677, 1.7310681343078613 
48.00380325317383, 0.24579910933971405, 1.7787387371063232 
70.01726531982422, 0.2837854027748108, 1.6383424997329712 
60.306129455566406, 0.2631717324256897, 1.8201181888580322 
69.18468475341797, 0.26154905557632446, 1.8733183145523071 
69.0806655883789, 0.2796885669231415, 1.6610167026519775 
57.60872268676758, 0.23536065220832825, 1.638167142868042 
60.17652893066406, 0.26351720094680786, 1.5848554372787476 
71.34915924072266, 0.2712172269821167, 1.652894377708435 
60.375030517578125, 0.24898986518383026, 1.8566482067108154 
56.80672836303711, 0.2812681794166565, 1.8350094556808472 
67.89151763916016, 0.2724362909793854, 1.7381852865219116 
62.944374084472656, 0.2687787413597107, 1.829209327697754 
67.98167419433594, 0.2469564974308014, 1.6494373083114624 
64.7518539428711, 0.3081133961677551, 1.5050088167190552 
66.98275756835938, 0.28413522243499756, 1.6614891290664673 
65.70494842529297, 0.2602323293685913, 1.799513339996338 
70.57044219970703, 0.2696666419506073, 1.8859769105911255 
59.57890701293945, 0.24204635620117188, 2.0740644931793213 
62.30828857421875, 0.28019988536834717, 1.9755949974060059 
60.04309844970703, 0.2684002220630646, 1.5865452289581299 
74.42471313476562, 0.29167497158050537, 1.4965887069702148 
62.55403137207031, 0.28336554765701294, 1.771323800086975 
64.13426208496094, 0.28423434495925903, 1.5642099380493164 
74.01827239990234, 0.3041043281555176, 1.9458457231521606 
56.297264099121094, 0.26369941234588623, 1.652258276939392 
57.3890495300293, 0.26462191343307495, 1.6381912231445312 
69.4316177368164, 0.25956234335899353, 1.7406965494155884 
63.501827239990234, 0.24860961735248566, 1.3180122375488281 
60.456581115722656, 0.24518106877803802, 1.8160569667816162 
55.82498550415039, 0.2576179504394531, 1.5879372358322144 
64.75428009033203, 0.2544119954109192, 1.7308902740478516 
64.12310791015625, 0.2424154132604599, 1.5764687061309814 
67.61076354980469, 0.2602326273918152, 1.9593960046768188 
68.11634826660156, 0.28922978043556213, 2.011875629425049 
71.73739624023438, 0.2532294690608978, 1.775168776512146 
64.09501647949219, 0.2841203212738037, 1.5661076307296753 
72.18789672851562, 0.26477324962615967, 1.7013155221939087 
55.166748046875, 0.25218465924263, 1.5720477104187012 
64.30223083496094, 0.2773456275463104, 1.5769821405410767 
68.01239776611328, 0.2660044729709625, 1.8573312759399414 
66.95964813232422, 0.271355539560318, 1.489997148513794 
53.95513916015625, 0.25215938687324524, 1.6063008308410645 
72.26762390136719, 0.2846866846084595, 1.558372974395752 
75.51636505126953, 0.30017006397247314, 1.8106999397277832 
68.95576477050781, 0.25819098949432373, 1.7414076328277588 
69.467041015625, 0.2653600871562958, 1.4976296424865723 
71.32896423339844, 0.2545919716358185, 1.6848453283309937 
72.62399291992188, 0.28752630949020386, 1.6132022142410278 
62.458526611328125, 0.25051671266555786, 1.7893880605697632 
64.20806121826172, 0.2668757736682892, 1.47890305519104 
70.12750244140625, 0.29945454001426697, 1.6935834884643555 
58.54997634887695, 0.24401073157787323, 1.5899661779403687 
68.75169372558594, 0.27423447370529175, 1.8026694059371948 
73.3587875366211, 0.27961286902427673, 1.8167884349822998 
57.743194580078125, 0.2629499137401581, 1.6779818534851074 
58.8148078918457, 0.2645319998264313, 1.9623557329177856 
81.27397155761719, 0.2585771083831787, 2.055211305618286 
87.71269989013672, 0.23663394153118134, 1.4838920831680298 
68.11370849609375, 0.26247289776802063, 1.6592768430709839 
58.41582107543945, 0.2438947558403015, 1.4486002922058105 
63.16719436645508, 0.24448262155056, 1.5626837015151978 
74.54255676269531, 0.2617532014846802, 1.7945693731307983 
67.5344467163086, 0.25521156191825867, 1.5980807542800903 
70.5300521850586, 0.26638275384902954, 1.8310060501098633 
73.50568389892578, 0.28553733229637146, 1.879811406135559 
81.04523468017578, 0.2946067750453949, 1.7189784049987793 
59.171043395996094, 0.25080227851867676, 1.8934955596923828 
58.62698745727539, 0.2697283923625946, 1.591495394706726 
68.33472442626953, 0.2707749903202057, 1.7593878507614136 
59.276153564453125, 0.24539029598236084, 1.6359131336212158 
54.6297607421875, 0.23012731969356537, 1.7134300470352173 
64.97679901123047, 0.2634503245353699, 1.5432637929916382 
59.856964111328125, 0.24382634460926056, 1.64864182472229 
78.45011138916016, 0.24774378538131714, 1.6265385150909424 
62.85271072387695, 0.28556641936302185, 1.573246955871582 
63.72930908203125, 0.2378595471382141, 1.4692480564117432 
65.36954498291016, 0.24681395292282104, 1.6471949815750122 
76.2053451538086, 0.2763018012046814, 1.7554655075073242 
59.297847747802734, 0.24463453888893127, 1.7992123365402222 
76.01429748535156, 0.26893237233161926, 1.449356198310852 
75.87601470947266, 0.26062774658203125, 1.3629705905914307 
78.9081039428711, 0.29237547516822815, 1.8511136770248413 
59.996864318847656, 0.26888301968574524, 1.8267618417739868 
75.61664581298828, 0.26385751366615295, 1.450086236000061 
62.0899772644043, 0.2525602877140045, 1.6104094982147217 
56.54291915893555, 0.26491114497184753, 1.3647208213806152 
60.892337799072266, 0.2603217363357544, 1.5846470594406128 
74.94097137451172, 0.28757426142692566, 1.8183205127716064 
75.441162109375, 0.2495676428079605, 1.8128710985183716 
59.54578399658203, 0.2644404172897339, 1.4762699604034424 
77.75666809082031, 0.3079771399497986, 1.8101105690002441 
72.20468139648438, 0.2504746913909912, 1.4613574743270874 
63.84502029418945, 0.2409844994544983, 1.5515447854995728 
68.20043182373047, 0.22087638080120087, 1.4967554807662964 
54.9670524597168, 0.25512024760246277, 1.4625431299209595 
79.99786376953125, 0.2882460951805115, 1.5941760540008545 
68.00579071044922, 0.24586933851242065, 1.4291073083877563 
56.884986877441406, 0.24889087677001953, 1.4154897928237915 
73.4815902709961, 0.2643415033817291, 1.6490209102630615 
59.12028503417969, 0.2632409930229187, 1.9610216617584229 
72.15618896484375, 0.266971230506897, 1.5162867307662964 
71.30308532714844, 0.27185705304145813, 1.8084478378295898 
74.72492218017578, 0.296800434589386, 1.6541498899459839 
59.67650604248047, 0.24928820133209229, 1.4469680786132812 
74.12617492675781, 0.2668288052082062, 1.6646556854248047 
68.0345230102539, 0.26181676983833313, 1.5401674509048462 
68.38887786865234, 0.25188320875167847, 1.873388409614563 
80.02149963378906, 0.23409916460514069, 1.658066749572754 
61.900909423828125, 0.24822810292243958, 1.734466791152954 
75.62825012207031, 0.27400943636894226, 1.566344976425171 
84.3357162475586, 0.2606533169746399, 1.620516061782837 
64.31137084960938, 0.27067750692367554, 1.5316426753997803 
79.24496459960938, 0.25773799419403076, 1.4111621379852295 
64.41297912597656, 0.27414506673812866, 1.5294320583343506 
78.92130279541016, 0.26603949069976807, 1.596946358680725 
79.62806701660156, 0.290423184633255, 1.5702688694000244 
62.24961853027344, 0.2596466541290283, 1.5209625959396362 
59.931671142578125, 0.25348275899887085, 1.3635882139205933 
73.23756408691406, 0.265288770198822, 2.019181489944458 
69.03274536132812, 0.2549549639225006, 1.484329104423523 
84.71086120605469, 0.24951186776161194, 1.4113084077835083 
65.75601959228516, 0.27899232506752014, 1.8900578022003174 
80.51087188720703, 0.2751588821411133, 1.5490633249282837 
62.35830307006836, 0.2238023281097412, 1.5989625453948975 
76.26362609863281, 0.2646201252937317, 1.8229297399520874 
63.418643951416016, 0.2714141607284546, 1.5314149856567383 
72.59209442138672, 0.24533461034297943, 1.2886972427368164 
73.14237213134766, 0.2673538625240326, 1.7575165033340454 
69.63265991210938, 0.2658543586730957, 1.8345383405685425 
70.66624450683594, 0.26807257533073425, 1.7076479196548462 
70.6609115600586, 0.2572028338909149, 1.7075105905532837 
65.3986587524414, 0.2521727681159973, 1.4802411794662476 
67.50875091552734, 0.25824540853500366, 1.4583491086959839 
69.02254486083984, 0.23619328439235687, 1.3806647062301636 
59.78640365600586, 0.2576153874397278, 1.7047233581542969 
91.40557861328125, 0.28567880392074585, 2.0599348545074463 
71.89585876464844, 0.24917523562908173, 1.5794384479522705 
78.79767608642578, 0.25566089153289795, 1.6098251342773438 
74.31022644042969, 0.25762614607810974, 1.508865475654602 
75.12486267089844, 0.2620246112346649, 1.6720154285430908 
60.69579315185547, 0.23304098844528198, 1.524533987045288 
86.37258911132812, 0.27077049016952515, 1.6462234258651733 
72.7219009399414, 0.26926112174987793, 1.984368920326233 
68.39993286132812, 0.26088669896125793, 1.4297218322753906 
64.24188995361328, 0.2411518692970276, 1.4325257539749146 
70.38774871826172, 0.26659002900123596, 1.446677327156067 
80.30030059814453, 0.2629546523094177, 1.8676317930221558 
81.7495346069336, 0.2686559557914734, 1.7042529582977295 
77.3509750366211, 0.2510663866996765, 1.7662160396575928 
70.4927978515625, 0.2839014232158661, 1.8828444480895996 
76.23633575439453, 0.2539673447608948, 1.5816295146942139 
66.27098083496094, 0.25223055481910706, 1.5166116952896118 
80.59105682373047, 0.27420681715011597, 1.6946440935134888 
62.599388122558594, 0.24478083848953247, 1.4532333612442017 
65.12934112548828, 0.24037332832813263, 1.5482474565505981 
86.25617980957031, 0.24905848503112793, 1.7304917573928833 
71.21826934814453, 0.24371741712093353, 1.5319217443466187 
69.12079620361328, 0.28332778811454773, 1.5931556224822998 
81.80549621582031, 0.2930680513381958, 1.6302356719970703 
77.8281478881836, 0.29140743613243103, 1.5560450553894043 
64.27676391601562, 0.2356305569410324, 1.859408974647522 
72.05207061767578, 0.25732874870300293, 1.814893364906311 
89.93763732910156, 0.2873193919658661, 1.7402981519699097 
61.142215728759766, 0.2683863341808319, 1.6071727275848389 
72.64947509765625, 0.2666473388671875, 1.4992915391921997 
71.35873413085938, 0.23197054862976074, 1.5356448888778687 
65.6596908569336, 0.25804615020751953, 1.4681239128112793 
76.962890625, 0.2556593716144562, 1.922838568687439 
71.81965637207031, 0.24996696412563324, 1.9301021099090576 
107.16584777832031, 0.2754908502101898, 1.9424279928207397 
71.66254425048828, 0.29515451192855835, 1.7373719215393066 
63.539947509765625, 0.229220449924469, 1.618241786956787 
62.474239349365234, 0.25130361318588257, 1.4795361757278442 
74.12498474121094, 0.27448081970214844, 1.724721908569336 
60.18276596069336, 0.24857230484485626, 1.5748071670532227 
68.57146453857422, 0.2839820086956024, 1.515776515007019 
64.3711929321289, 0.25828608870506287, 1.6734646558761597 
79.351806640625, 0.2854985296726227, 1.4849921464920044 
79.7155532836914, 0.2402317225933075, 1.5199416875839233 
73.76634216308594, 0.25754764676094055, 1.655102252960205 
65.51831817626953, 0.27025777101516724, 1.5985748767852783 
75.03720092773438, 0.2577885091304779, 1.5188113451004028 
67.69207763671875, 0.282389760017395, 1.6028146743774414 
72.31859588623047, 0.2636169195175171, 1.7549731731414795 
61.22331237792969, 0.23156508803367615, 1.4749314785003662 
71.11174774169922, 0.2416575849056244, 1.6271880865097046 
64.5732421875, 0.2447325885295868, 1.5182626247406006 
76.97504425048828, 0.2632385492324829, 1.5555894374847412 
69.47865295410156, 0.26024213433265686, 1.6352144479751587 
68.43672943115234, 0.2698911428451538, 1.628748893737793 
67.95232391357422, 0.28559422492980957, 1.6875165700912476 
78.7091293334961, 0.2773834764957428, 1.7809194326400757 
77.28564453125, 0.2613719403743744, 1.4948410987854004 
81.69512176513672, 0.2760198712348938, 1.7399519681930542 
100.41703033447266, 0.26574942469596863, 1.7209699153900146 
67.03621673583984, 0.2937907874584198, 1.4197269678115845 
78.56851959228516, 0.2811158299446106, 1.5066847801208496 
74.6070785522461, 0.269927978515625, 1.4859106540679932 
65.86158752441406, 0.2571544051170349, 1.6849119663238525 
81.65968322753906, 0.2694796323776245, 1.8694463968276978 
81.80133819580078, 0.27352914214134216, 1.697741150856018 
59.8822135925293, 0.24729762971401215, 1.391647219657898 
66.20906066894531, 0.26089560985565186, 1.4677144289016724 
81.7999496459961, 0.24507391452789307, 1.4412399530410767 
68.3316421508789, 0.2567819356918335, 1.4021131992340088 
86.26541137695312, 0.2937565743923187, 1.7633360624313354 
74.86800384521484, 0.2798294723033905, 1.5172327756881714 
66.32984924316406, 0.25816455483436584, 1.4618901014328003 
77.89096069335938, 0.22408275306224823, 1.8094165325164795 
68.88365936279297, 0.24247851967811584, 1.6068711280822754 
82.30816650390625, 0.23911751806735992, 1.331618070602417 
74.27149963378906, 0.2575969696044922, 1.292359471321106 
74.59552764892578, 0.2847234904766083, 1.6727969646453857 
85.74675750732422, 0.2376338243484497, 1.8153398036956787 
75.64495849609375, 0.27563604712486267, 1.465506911277771 
65.93122863769531, 0.23910945653915405, 1.5911881923675537 
104.54586029052734, 0.26745671033859253, 1.5679867267608643 
59.81096267700195, 0.2763398289680481, 1.4804431200027466 
72.26602172851562, 0.2333126962184906, 1.5080931186676025 
75.08921813964844, 0.2563684284687042, 1.4672613143920898 
66.70964050292969, 0.2448628544807434, 1.8051648139953613 
87.14453125, 0.26709794998168945, 1.757202386856079 
73.50045013427734, 0.28630566596984863, 1.59477698802948 
76.40121459960938, 0.25731346011161804, 1.5371689796447754 
69.4365463256836, 0.24893948435783386, 1.5797621011734009 
82.50286102294922, 0.24683748185634613, 1.6535884141921997 
65.02576446533203, 0.21849660575389862, 1.3964437246322632 
75.02763366699219, 0.24522274732589722, 1.6661567687988281 
79.31806945800781, 0.24935296177864075, 1.645180583000183 
83.02941131591797, 0.2827061712741852, 1.5749754905700684 
69.78511047363281, 0.26565808057785034, 1.4842429161071777 
68.00215911865234, 0.23746934533119202, 1.639372706413269 
77.7486343383789, 0.24956238269805908, 1.717934012413025 
90.13640594482422, 0.24588818848133087, 1.6205859184265137 
81.8414535522461, 0.2686741352081299, 1.4389780759811401 
75.54022979736328, 0.27888575196266174, 1.3466720581054688 
84.51952362060547, 0.28303685784339905, 1.5165759325027466 
106.01624298095703, 0.3041623830795288, 1.7420120239257812 
94.60704040527344, 0.27161580324172974, 1.596693992614746 
62.54670333862305, 0.26581668853759766, 1.3999006748199463 
79.50544738769531, 0.23840774595737457, 1.5563114881515503 
56.17111587524414, 0.2401878833770752, 1.355812668800354 
70.5628662109375, 0.2685677707195282, 1.3028074502944946 
73.6092300415039, 0.26640966534614563, 1.6823610067367554 
84.83072662353516, 0.26102960109710693, 1.5153813362121582 
89.95962524414062, 0.23574377596378326, 1.3163048028945923 
99.21932220458984, 0.2447713166475296, 1.3911653757095337 
96.68861389160156, 0.2323557585477829, 1.4720572233200073 
69.1509780883789, 0.248835951089859, 1.366050362586975 
71.44864654541016, 0.2499612420797348, 1.4582444429397583 
64.86560821533203, 0.2438773810863495, 1.355315923690796 
77.61851501464844, 0.24740712344646454, 1.412022352218628 
66.6395492553711, 0.2732006907463074, 1.3540265560150146 
52.452762603759766, 0.2516735792160034, 1.619657039642334 
76.96749877929688, 0.24884876608848572, 1.6296814680099487 
75.9894027709961, 0.2490430325269699, 1.362224817276001 
57.85380172729492, 0.2813430726528168, 1.4387848377227783 
65.91651916503906, 0.26480475068092346, 1.6695157289505005 
76.01698303222656, 0.2843068838119507, 1.528677225112915 
97.14305114746094, 0.2787554860115051, 1.3463605642318726 
72.84858703613281, 0.276034414768219, 1.749521017074585 
70.01014709472656, 0.2649954557418823, 1.8239054679870605 
84.25961303710938, 0.30383747816085815, 1.7780272960662842 
76.3970947265625, 0.26387742161750793, 1.5673925876617432 
72.46383666992188, 0.26659491658210754, 1.3825114965438843 
86.57853698730469, 0.28651151061058044, 1.6937271356582642 
72.38773345947266, 0.2418382614850998, 1.7113585472106934 
96.16629028320312, 0.29461246728897095, 1.530614972114563 
72.35787200927734, 0.2872945964336395, 1.5782854557037354 
74.70232391357422, 0.2455604076385498, 1.3920583724975586 
65.51961517333984, 0.24823395907878876, 1.4277738332748413 
76.59003448486328, 0.2675015330314636, 1.54170823097229 
79.61756896972656, 0.2550409138202667, 1.5728822946548462 
83.47602081298828, 0.26781168580055237, 1.6040433645248413 
78.91116333007812, 0.25408896803855896, 1.7923612594604492 
95.52900695800781, 0.2819785475730896, 1.7750383615493774 
69.8323974609375, 0.26176682114601135, 1.816354513168335 
75.01476287841797, 0.2950165271759033, 1.440669059753418 
100.41192626953125, 0.28524306416511536, 1.5137920379638672 
67.6010513305664, 0.24981671571731567, 1.6323421001434326 
67.83979034423828, 0.2587279677391052, 1.32010817527771 
78.69715118408203, 0.2570115327835083, 1.6772868633270264 
58.59156799316406, 0.22031424939632416, 1.4254528284072876 
75.2724838256836, 0.23917104303836823, 1.3906643390655518 
82.5205307006836, 0.2853144705295563, 1.860268235206604 
82.4664077758789, 0.27674952149391174, 1.5529160499572754 
89.10595703125, 0.2559502124786377, 1.6951192617416382 
71.00820922851562, 0.26947563886642456, 1.5238573551177979 
83.35758972167969, 0.25134748220443726, 1.3350862264633179 
79.24871063232422, 0.28660476207733154, 1.980261206626892 
72.63001251220703, 0.26987311244010925, 1.9322298765182495 
88.9212417602539, 0.2828134000301361, 2.05293345451355 
76.57540130615234, 0.2618464529514313, 1.799827218055725 
85.58631134033203, 0.2585338056087494, 1.586647629737854 
74.24442291259766, 0.28506436944007874, 1.9259164333343506 
88.71842956542969, 0.25560858845710754, 1.95501708984375 
74.5736083984375, 0.24723294377326965, 1.6517179012298584 
73.04309844970703, 0.2748664319515228, 1.5090950727462769 
83.70468139648438, 0.27113860845565796, 1.9691863059997559 
80.90022277832031, 0.2745678126811981, 1.5493018627166748 
69.8753662109375, 0.2755136787891388, 1.5296218395233154 
98.11856842041016, 0.2588227391242981, 1.4502547979354858 
65.8572769165039, 0.24757324159145355, 1.3426603078842163 
94.28022003173828, 0.2788264751434326, 2.068697452545166 
59.58338928222656, 0.2709217667579651, 1.7600939273834229 
78.65082550048828, 0.2901022136211395, 1.712921142578125 
79.7179946899414, 0.29023343324661255, 1.6702263355255127 
89.48663330078125, 0.2603401839733124, 1.6825848817825317 
84.63614654541016, 0.28273332118988037, 1.7806932926177979 
70.33030700683594, 0.27668046951293945, 1.5758055448532104 
78.47493743896484, 0.2851521372795105, 1.7218406200408936 
71.8475570678711, 0.27767857909202576, 1.8561580181121826 
77.5397720336914, 0.25305575132369995, 1.4973622560501099 
71.36784362792969, 0.24398663640022278, 1.5790823698043823 
69.4880142211914, 0.2769106924533844, 1.463364601135254 
93.56450653076172, 0.2907972037792206, 1.7383744716644287 
73.12301635742188, 0.26476722955703735, 1.730756163597107 
75.17406463623047, 0.26534777879714966, 1.8228179216384888 
62.45093536376953, 0.2334575355052948, 1.5464648008346558 
65.9144058227539, 0.2675941586494446, 2.02630877494812 
75.84034729003906, 0.26113489270210266, 1.752988576889038 
74.6695327758789, 0.235355943441391, 1.5226250886917114 
75.13963317871094, 0.2173425257205963, 1.5431898832321167 
76.38865661621094, 0.2500084936618805, 1.5125975608825684 
74.75133514404297, 0.25335797667503357, 1.4773714542388916 
97.37921142578125, 0.26951029896736145, 1.7806097269058228 
66.43950653076172, 0.23044709861278534, 1.794325828552246 
81.4200439453125, 0.2414107769727707, 1.5629799365997314 
63.5245475769043, 0.24173960089683533, 1.3061387538909912 
78.2523422241211, 0.2468968629837036, 1.4887773990631104 
72.38121032714844, 0.2523176968097687, 1.4534380435943604 
73.22789001464844, 0.246903657913208, 1.5085909366607666 
70.66797637939453, 0.29731157422065735, 1.45121431350708 
78.6051025390625, 0.2656553089618683, 2.0224907398223877 
82.62562561035156, 0.2358977198600769, 1.556780219078064 
80.35710144042969, 0.23743899166584015, 2.1815388202667236 
71.65730285644531, 0.2471969723701477, 1.4912574291229248 
85.47371673583984, 0.2945948541164398, 1.7259867191314697 
88.57756042480469, 0.2583678662776947, 1.768624186515808 
76.25812530517578, 0.25064998865127563, 1.7714166641235352 
103.4984359741211, 0.2778937816619873, 1.6150442361831665 
58.06024932861328, 0.2760975658893585, 1.6337902545928955 
72.15957641601562, 0.2670105993747711, 1.8056427240371704 
82.19168853759766, 0.2558883726596832, 1.594190001487732 
88.25181579589844, 0.25868889689445496, 1.678079605102539 
72.37989807128906, 0.2777726948261261, 1.7013463973999023 
83.31705474853516, 0.2695983350276947, 1.7769838571548462 
69.14590454101562, 0.2487000674009323, 1.3523187637329102 
93.71998596191406, 0.292450875043869, 1.554853916168213 
75.65338897705078, 0.2604694068431854, 2.0956034660339355 
76.35914611816406, 0.25046253204345703, 1.5536363124847412 
71.72853088378906, 0.2556159794330597, 1.7162063121795654 
94.09626770019531, 0.2670319974422455, 2.0161988735198975 
68.3177261352539, 0.23741482198238373, 1.2634369134902954 
73.92144775390625, 0.26185142993927, 1.5909322500228882 
77.9326400756836, 0.27192530035972595, 1.7257931232452393 
73.05387878417969, 0.27119311690330505, 1.909910798072815 
88.45366668701172, 0.2407585233449936, 1.6047097444534302 
76.94923400878906, 0.2222055196762085, 1.471644401550293 
77.11200714111328, 0.253292053937912, 1.3228251934051514 
72.06400299072266, 0.2648753225803375, 1.4501782655715942 
90.37425994873047, 0.28323468565940857, 1.868969202041626 
73.8672866821289, 0.21779540181159973, 1.4553369283676147 
80.75392150878906, 0.24267981946468353, 1.6162235736846924 
76.29548645019531, 0.2777756452560425, 1.4472968578338623 
82.77806854248047, 0.2613760828971863, 1.7817938327789307 
84.46184539794922, 0.23231801390647888, 1.450628638267517 
77.53527069091797, 0.2674456834793091, 1.5841634273529053 
73.38896942138672, 0.2370966225862503, 1.2054530382156372 
75.12122344970703, 0.20727595686912537, 1.335334062576294 
66.48944091796875, 0.25966501235961914, 1.3926948308944702 
75.22337341308594, 0.2866724133491516, 1.6777873039245605 
93.27528381347656, 0.26806244254112244, 1.5989370346069336 
82.66726684570312, 0.25602665543556213, 1.4127095937728882 
84.0887451171875, 0.2622619867324829, 1.3832483291625977 
67.77544403076172, 0.2678931653499603, 1.8252946138381958 
70.90792083740234, 0.22833377122879028, 1.5485644340515137 
97.6597900390625, 0.25845634937286377, 1.6707043647766113 
90.37934875488281, 0.25652197003364563, 1.5847957134246826 
78.95301055908203, 0.26358911395072937, 1.7145065069198608 
73.34210968017578, 0.23366983234882355, 1.5485849380493164 
70.910400390625, 0.2388160228729248, 1.1965292692184448 
99.25139617919922, 0.29080861806869507, 1.5992907285690308 
82.52554321289062, 0.2524295449256897, 1.7201563119888306 
74.49385070800781, 0.24014052748680115, 1.440637230873108 
71.1023941040039, 0.257159024477005, 1.7755905389785767 
80.23878479003906, 0.24893513321876526, 1.4900155067443848 
113.62059020996094, 0.2673165202140808, 1.9869940280914307 
60.51006317138672, 0.28247445821762085, 1.3860787153244019 
74.71636199951172, 0.26424598693847656, 1.4358137845993042 
79.02970886230469, 0.2607988119125366, 1.5796284675598145 
70.78350830078125, 0.27199649810791016, 1.3250534534454346 
69.61970520019531, 0.2391207367181778, 1.555863857269287 
63.20524978637695, 0.22145868837833405, 1.5268259048461914 
70.0283432006836, 0.24134443700313568, 1.3818235397338867 
83.69488525390625, 0.24470336735248566, 1.6455068588256836 
78.94522094726562, 0.25880154967308044, 1.7940949201583862 
75.32344055175781, 0.24155963957309723, 1.3793883323669434 
87.36151123046875, 0.26188310980796814, 1.6407585144042969 
84.82657623291016, 0.23085525631904602, 1.7658289670944214 
66.34770965576172, 0.21340063214302063, 1.4399914741516113 
68.87477111816406, 0.25596943497657776, 1.3713135719299316 
109.14507293701172, 0.2636396288871765, 1.5153595209121704 
79.35877227783203, 0.24648742377758026, 1.6023555994033813 
60.1132698059082, 0.21985764801502228, 1.6720800399780273 
85.60118865966797, 0.2702271640300751, 1.5951117277145386 
83.58414459228516, 0.26306071877479553, 1.804560661315918 
96.32401275634766, 0.2350424826145172, 1.609809398651123 
71.23788452148438, 0.2634339928627014, 1.3925706148147583 
70.39573669433594, 0.24410633742809296, 1.825243353843689 
75.0161361694336, 0.23338952660560608, 1.3939319849014282 
86.69035339355469, 0.27708080410957336, 2.037846088409424 
105.53607177734375, 0.28730764985084534, 1.5775034427642822 
80.44803619384766, 0.2625431716442108, 1.6393656730651855 
80.47034454345703, 0.23644015192985535, 1.4943292140960693 
79.08043670654297, 0.23198579251766205, 1.1901644468307495 
65.60235595703125, 0.24088473618030548, 1.5671172142028809 
80.09735107421875, 0.2629038989543915, 1.4411332607269287 
83.75865173339844, 0.23895563185214996, 1.6589127779006958 
102.61954498291016, 0.23676036298274994, 1.6620466709136963 
68.91271209716797, 0.26148104667663574, 2.0376532077789307 
90.40196228027344, 0.264877587556839, 1.7727952003479004 
69.2108154296875, 0.26371386647224426, 1.598019003868103 
76.6224365234375, 0.27185478806495667, 1.4449050426483154 
92.523681640625, 0.26655441522598267, 1.915384292602539 
87.66527557373047, 0.26352381706237793, 1.3961015939712524 
64.80559539794922, 0.25071004033088684, 1.363255500793457 
79.20581817626953, 0.23683474957942963, 1.3053369522094727 
74.39018249511719, 0.22545725107192993, 1.77324640750885 
73.2945327758789, 0.23321303725242615, 1.6036832332611084 
101.79554748535156, 0.26776501536369324, 1.3552933931350708 
73.56881713867188, 0.2691870331764221, 1.5315961837768555 
70.59255981445312, 0.2577420771121979, 1.7759383916854858 
75.55638122558594, 0.249881774187088, 1.7562170028686523 
88.48149108886719, 0.2183873951435089, 1.3579732179641724 
80.32552337646484, 0.25926852226257324, 1.5073635578155518 
86.59854888916016, 0.2630620002746582, 1.4270870685577393 
64.21996307373047, 0.2580578923225403, 1.3072724342346191 
96.07962799072266, 0.28101927042007446, 1.8221527338027954 
85.28160095214844, 0.2552557587623596, 1.560814619064331 
95.31156921386719, 0.27208226919174194, 1.6976313591003418 
83.58401489257812, 0.2522837519645691, 1.4426017999649048 
81.447265625, 0.2599389851093292, 1.572430968284607 
78.97608947753906, 0.2580081820487976, 1.3782145977020264 
80.98870849609375, 0.2515197694301605, 1.4544986486434937 
66.292236328125, 0.2358396351337433, 1.5457967519760132 
96.59395599365234, 0.26496466994285583, 1.5525996685028076 
91.23381042480469, 0.23298586905002594, 1.476751685142517 
71.06526947021484, 0.23033566772937775, 1.4260494709014893 
91.67398071289062, 0.23258621990680695, 1.9116885662078857 
84.90164947509766, 0.24177788197994232, 1.447335124015808 
106.02165222167969, 0.2520846426486969, 1.1803345680236816 
79.45175170898438, 0.3010946214199066, 1.7914040088653564 
78.49897766113281, 0.2664373815059662, 1.3060873746871948 
106.43203735351562, 0.2378101646900177, 1.6805585622787476 
66.39286041259766, 0.24282227456569672, 1.3680027723312378 
64.9520034790039, 0.21766167879104614, 1.3240491151809692 
79.83417510986328, 0.2566143274307251, 1.6053129434585571 
95.93546295166016, 0.24696871638298035, 1.5451853275299072 
68.77080535888672, 0.26452234387397766, 1.4989408254623413 
91.31262969970703, 0.24441182613372803, 1.7113531827926636 
79.57234191894531, 0.21218931674957275, 1.5101195573806763 
76.25917053222656, 0.21392935514450073, 1.4288086891174316 
75.13154602050781, 0.2566381096839905, 1.4661405086517334 
76.43226623535156, 0.22399500012397766, 1.3509100675582886 
69.45039367675781, 0.25458794832229614, 1.6279542446136475 
90.90513610839844, 0.2531927227973938, 1.465880036354065 
127.87615966796875, 0.304385244846344, 1.5628538131713867 
100.17034912109375, 0.2745855450630188, 1.8386574983596802 
71.39392852783203, 0.24349769949913025, 1.585699439048767 
74.37725830078125, 0.23607826232910156, 1.6858090162277222 
89.10791778564453, 0.2255556732416153, 1.5911731719970703 
68.65208435058594, 0.24322228133678436, 1.5895949602127075 
89.84797668457031, 0.24056048691272736, 1.4749817848205566 
72.3547134399414, 0.23458410799503326, 1.4432460069656372 
89.44123840332031, 0.24510300159454346, 1.8233721256256104 
92.12098693847656, 0.27843254804611206, 1.4764682054519653 
94.14744567871094, 0.27974528074264526, 1.8839855194091797 
75.47332000732422, 0.27450957894325256, 1.334700345993042 
97.60490417480469, 0.27911266684532166, 1.657397747039795 
74.21755981445312, 0.22500872611999512, 1.6211531162261963 
103.48162078857422, 0.2305944561958313, 1.5492393970489502 
72.2350082397461, 0.2534174919128418, 1.4436341524124146 
75.57528686523438, 0.2662130296230316, 1.8492116928100586 
97.98478698730469, 0.24172614514827728, 1.565576195716858 
68.59588623046875, 0.21848765015602112, 1.3827656507492065 
83.24659729003906, 0.2857632339000702, 1.4632689952850342 
93.39673614501953, 0.2474462240934372, 1.2357356548309326 
72.27832794189453, 0.22534307837486267, 1.5233025550842285 
82.35770416259766, 0.2347010374069214, 1.3573660850524902 
76.53040313720703, 0.24030354619026184, 1.5616583824157715 
96.55118560791016, 0.25290530920028687, 1.4889041185379028 
87.67292022705078, 0.26835647225379944, 1.9716238975524902 
86.92971801757812, 0.26401177048683167, 1.7060790061950684 
71.35741424560547, 0.2401931881904602, 1.3142293691635132 
78.499755859375, 0.2589067220687866, 1.270287036895752 
97.25199890136719, 0.25072434544563293, 1.6042985916137695 
67.25123596191406, 0.26320880651474, 1.5797277688980103 
81.49971008300781, 0.23207171261310577, 1.686356544494629 
74.73844146728516, 0.25824782252311707, 1.5096744298934937 
113.1581802368164, 0.25918999314308167, 1.474945306777954 
64.83332061767578, 0.24128390848636627, 1.291702389717102 
75.4825210571289, 0.23061838746070862, 1.583357334136963 
79.5150375366211, 0.25235024094581604, 1.2487707138061523 
69.28309631347656, 0.2413761168718338, 1.792386770248413 
95.88648223876953, 0.25670552253723145, 1.5512797832489014 
101.61253356933594, 0.28353407979011536, 1.6568090915679932 
73.63642120361328, 0.2611337900161743, 1.382204294204712 
92.05683135986328, 0.25811171531677246, 1.4749865531921387 
87.94845581054688, 0.26284030079841614, 1.4759924411773682 
62.2108268737793, 0.2072434276342392, 1.1615585088729858 
78.6781005859375, 0.2505852282047272, 1.378767728805542 
76.46100616455078, 0.2532823085784912, 1.6987488269805908 
104.85577392578125, 0.22698147594928741, 1.4793765544891357 
70.91950225830078, 0.21263812482357025, 1.5906060934066772 
71.98506927490234, 0.23359829187393188, 1.6171729564666748 
103.55250549316406, 0.28887858986854553, 1.5270566940307617 
76.39046478271484, 0.24908564984798431, 1.6988228559494019 
89.65406036376953, 0.2551170587539673, 1.395631194114685 
91.76657104492188, 0.24724642932415009, 1.2987346649169922 
97.27098083496094, 0.2906688451766968, 1.3633440732955933 
81.50083923339844, 0.22671280801296234, 1.4250608682632446 
72.34077453613281, 0.21723559498786926, 1.3623255491256714 
100.0428466796875, 0.2705661356449127, 2.2903082370758057 
88.25830841064453, 0.24723093211650848, 1.67038094997406 
109.71235656738281, 0.23707835376262665, 1.9702322483062744 
95.41864013671875, 0.2716939449310303, 1.5389000177383423 
68.7234115600586, 0.22572775185108185, 1.6377876996994019 
75.37828063964844, 0.19974786043167114, 1.2973216772079468 
67.82730865478516, 0.2130897045135498, 1.313990592956543 
78.86185455322266, 0.23317280411720276, 1.6453698873519897 
67.98556518554688, 0.24702411890029907, 1.4578962326049805 
102.5926742553711, 0.2670198678970337, 1.6321501731872559 
93.48821258544922, 0.28532087802886963, 1.4629828929901123 
94.62043762207031, 0.2214195281267166, 1.1709119081497192 
82.62303161621094, 0.21381767094135284, 1.540355920791626 
105.72919464111328, 0.27734479308128357, 1.678367018699646 
78.44973754882812, 0.23674462735652924, 1.3838636875152588 
66.4043960571289, 0.2350112348794937, 1.5309240818023682 
75.50686645507812, 0.2284117341041565, 1.237716794013977 
87.05179595947266, 0.25531888008117676, 1.5190695524215698 
90.64984130859375, 0.27508264780044556, 1.4582427740097046 
84.81922912597656, 0.2529807984828949, 1.5192517042160034 
74.07818603515625, 0.24189671874046326, 1.5755568742752075 
97.06009674072266, 0.26966527104377747, 1.7115839719772339 
86.67787170410156, 0.2294297069311142, 1.6589555740356445 
101.47834014892578, 0.23492920398712158, 1.5699174404144287 
80.21880340576172, 0.24621552228927612, 1.4009966850280762 
81.46040344238281, 0.24363911151885986, 1.623128056526184 
97.44097137451172, 0.25969037413597107, 1.5913705825805664 
90.19611358642578, 0.24426335096359253, 1.5165534019470215 
87.98395538330078, 0.2550889849662781, 1.7723907232284546 
79.49231719970703, 0.2577110528945923, 1.602613925933838 
86.50017547607422, 0.22016827762126923, 1.5546469688415527 
79.32843017578125, 0.2554723620414734, 1.5934491157531738 
137.65016174316406, 0.2676069736480713, 1.9532710313796997 
70.97746276855469, 0.2748143672943115, 1.4456642866134644 
115.5042724609375, 0.26044851541519165, 1.502345085144043 
72.1460952758789, 0.27254554629325867, 1.5547643899917603 
87.98584747314453, 0.2226990908384323, 1.6104439496994019 
60.73238754272461, 0.23028025031089783, 1.6317057609558105 
86.98408508300781, 0.2708449959754944, 1.7340275049209595 
76.85198974609375, 0.2291097790002823, 1.3041950464248657 
93.59252166748047, 0.2351461946964264, 1.3670523166656494 
67.86361694335938, 0.2380106896162033, 1.3851583003997803 
91.73518371582031, 0.2585064172744751, 1.666897177696228 
86.74150848388672, 0.24779918789863586, 1.3833856582641602 
74.22491455078125, 0.26109954714775085, 1.3154081106185913 
104.46388244628906, 0.2510482966899872, 1.6759001016616821 
94.50482177734375, 0.25554898381233215, 1.5932141542434692 
90.89570617675781, 0.2813524901866913, 1.4636482000350952 
109.90650177001953, 0.26817333698272705, 1.5739530324935913 
63.51994323730469, 0.2487524300813675, 1.6279587745666504 
86.39571380615234, 0.23379290103912354, 1.6987954378128052 
78.09768676757812, 0.27113375067710876, 1.6368324756622314 
88.86823272705078, 0.22824552655220032, 1.4902291297912598 
81.8311996459961, 0.26156532764434814, 1.5987203121185303 
76.66954803466797, 0.26009389758110046, 1.9395991563796997 
83.20803833007812, 0.24942371249198914, 1.3930498361587524 
90.23314666748047, 0.24407145380973816, 1.5734347105026245 
94.97557067871094, 0.2692457437515259, 1.5403311252593994 
82.19554901123047, 0.25842180848121643, 1.8003336191177368 
77.10197448730469, 0.24726836383342743, 1.4490680694580078 
88.78112030029297, 0.25308847427368164, 1.5964215993881226 
77.45443725585938, 0.22960621118545532, 1.4824222326278687 
90.71417236328125, 0.2590135335922241, 1.620421051979065 
79.60633850097656, 0.24458661675453186, 1.5075126886367798 
91.6336669921875, 0.26153016090393066, 1.4622515439987183 
77.95223236083984, 0.2566228210926056, 1.524131178855896 
91.44710540771484, 0.23039843142032623, 1.4198791980743408 
97.15630340576172, 0.25784528255462646, 1.5697340965270996 
70.77836608886719, 0.22728310525417328, 1.431910753250122 
74.76864624023438, 0.2484392523765564, 1.3936855792999268 
87.55799102783203, 0.25863125920295715, 1.3132942914962769 
100.96613311767578, 0.23525527119636536, 1.6120727062225342 
78.44281005859375, 0.24670980870723724, 1.6540299654006958 
86.91142272949219, 0.2349759191274643, 1.654402256011963 
116.6523208618164, 0.23487934470176697, 1.4690617322921753 
111.22747039794922, 0.29650989174842834, 1.6237437725067139 
87.36747741699219, 0.2716461420059204, 1.6174986362457275 
76.34635925292969, 0.20366139709949493, 1.2807291746139526 
88.24726104736328, 0.24631349742412567, 1.859811544418335 
87.78901672363281, 0.2334982454776764, 1.578826665878296 
119.05535125732422, 0.2600612938404083, 1.4045965671539307 
72.43657684326172, 0.23949207365512848, 1.4729831218719482 
97.6632308959961, 0.26937204599380493, 1.3063921928405762 
81.21405029296875, 0.2398303747177124, 1.5265634059906006 
81.191162109375, 0.22783279418945312, 1.2096115350723267 
86.56071472167969, 0.2699592113494873, 1.319743037223816 
96.44606018066406, 0.2481258362531662, 1.976036787033081 
77.48272705078125, 0.2526702284812927, 1.8347948789596558 
97.94367218017578, 0.24388381838798523, 1.4893792867660522 
83.74382019042969, 0.2554858922958374, 1.2955248355865479 
78.98666381835938, 0.20991812646389008, 1.476116418838501 
103.95903778076172, 0.24756531417369843, 1.3976444005966187 
66.85612487792969, 0.21696704626083374, 1.4974794387817383 
114.7347412109375, 0.2528233826160431, 1.9395554065704346 
78.0540771484375, 0.2680478096008301, 1.6636251211166382 
82.88970947265625, 0.2533974051475525, 1.7612075805664062 
86.54981231689453, 0.23945024609565735, 1.2684205770492554 
91.16519927978516, 0.25649726390838623, 1.5288026332855225 
97.08999633789062, 0.26165294647216797, 1.515949010848999 
63.29542922973633, 0.23852390050888062, 1.1653130054473877 
93.50856018066406, 0.24800512194633484, 1.5596778392791748 
93.98196411132812, 0.2564868927001953, 1.5138111114501953 
91.35276794433594, 0.24440257251262665, 1.402611494064331 
114.74198150634766, 0.24340276420116425, 1.964139461517334 
97.27090454101562, 0.23891831934452057, 1.7965787649154663 
89.3187026977539, 0.24611812829971313, 1.335930585861206 
121.35192108154297, 0.2585943341255188, 1.6598836183547974 
115.31826782226562, 0.27562853693962097, 1.5589615106582642 
71.43193817138672, 0.24960508942604065, 1.5496238470077515 
109.32906341552734, 0.2786806523799896, 1.1973294019699097 
81.83055877685547, 0.23357710242271423, 1.5309754610061646 
74.73179626464844, 0.23620162904262543, 1.5140516757965088 
88.99898529052734, 0.22959654033184052, 1.5508553981781006 
75.91863250732422, 0.2557505965232849, 1.4669756889343262 
103.07378387451172, 0.275560200214386, 1.5073003768920898 
98.37139129638672, 0.2337038516998291, 1.2607829570770264 
81.26673126220703, 0.25647565722465515, 1.4037202596664429 
93.12517547607422, 0.24053235352039337, 1.2886378765106201 
67.90321350097656, 0.24335087835788727, 1.5175020694732666 
113.37506103515625, 0.2605271339416504, 1.5669233798980713 
71.43781280517578, 0.25878050923347473, 1.6365249156951904 
95.53251647949219, 0.24784068763256073, 1.6813863515853882 
123.68285369873047, 0.2841930389404297, 1.953434705734253 
85.39131927490234, 0.2498210370540619, 1.298764705657959 
66.76953125, 0.22936472296714783, 1.5577055215835571 
83.74608612060547, 0.2729651629924774, 1.4719841480255127 
88.8873519897461, 0.2419005036354065, 1.4408515691757202 
79.868896484375, 0.2787221670150757, 1.4290459156036377 
86.28136444091797, 0.2430877536535263, 1.3542457818984985 
102.42266845703125, 0.27522847056388855, 1.4753540754318237 
72.56754302978516, 0.21772617101669312, 1.3670152425765991 
97.26850128173828, 0.2866480350494385, 1.8056455850601196 
77.3277359008789, 0.22093895077705383, 1.4040417671203613 
88.50260162353516, 0.24238067865371704, 1.5537036657333374 
106.90274810791016, 0.23848161101341248, 1.3954658508300781 
91.4955062866211, 0.25028276443481445, 1.6068414449691772 
101.16458129882812, 0.2840917110443115, 1.4056806564331055 
91.33582305908203, 0.23340488970279694, 1.3123388290405273 
95.68378448486328, 0.28592824935913086, 1.596030831336975 
94.46903228759766, 0.27595052123069763, 1.6171491146087646 
92.10521697998047, 0.2728901505470276, 1.310386061668396 
85.40734100341797, 0.24608227610588074, 1.4870980978012085 
84.02259063720703, 0.2567509114742279, 1.5222396850585938 
84.52777099609375, 0.22994816303253174, 1.5387530326843262 
88.91244506835938, 0.2274126410484314, 1.3681544065475464 
74.90288543701172, 0.2148813009262085, 1.5800658464431763 
84.73389434814453, 0.23706454038619995, 1.5288310050964355 
119.30591583251953, 0.26436805725097656, 1.4661365747451782 
81.54361724853516, 0.253169983625412, 1.8398250341415405 
68.84683990478516, 0.20396418869495392, 1.3475959300994873 
81.89346313476562, 0.25068846344947815, 1.28455650806427 
110.77957153320312, 0.2705003619194031, 1.7490999698638916 
82.08854675292969, 0.21861161291599274, 1.5785812139511108 
115.00662231445312, 0.23368561267852783, 1.555230736732483 
80.19271850585938, 0.22552068531513214, 1.7762844562530518 
92.27233123779297, 0.23272867500782013, 1.3632912635803223 
77.46791076660156, 0.23444820940494537, 1.264785885810852 
97.79875183105469, 0.250009149312973, 1.601210355758667 
113.49282836914062, 0.2428540140390396, 1.708857536315918 
97.22611236572266, 0.23776903748512268, 1.6062445640563965 
75.45797729492188, 0.2591727375984192, 1.6519683599472046 
80.2638168334961, 0.23271973431110382, 1.3349825143814087 
96.01728057861328, 0.2293732911348343, 1.4059685468673706 
77.93025970458984, 0.2280382663011551, 1.2484103441238403 
84.8625717163086, 0.2641497850418091, 1.4130001068115234 
83.87261962890625, 0.258301317691803, 1.4877309799194336 
95.68781280517578, 0.2586650252342224, 1.397279143333435 
78.67884826660156, 0.25116652250289917, 1.2111362218856812 
82.64857482910156, 0.23921020328998566, 1.5108065605163574 
76.59613800048828, 0.21979092061519623, 1.5349770784378052 
77.7357406616211, 0.22609204053878784, 1.4251189231872559 
90.0003890991211, 0.23514491319656372, 1.350760817527771 
82.45150756835938, 0.22032307088375092, 1.3071695566177368 
103.76692199707031, 0.23854361474514008, 1.6703001260757446 
95.22633361816406, 0.24620968103408813, 1.416805386543274 
105.0469741821289, 0.28941553831100464, 2.2039296627044678 
102.42263793945312, 0.23909729719161987, 1.4713293313980103 
77.94561004638672, 0.27919289469718933, 1.4321149587631226 
91.7106704711914, 0.27697327733039856, 1.43869948387146 
83.69172668457031, 0.24473761022090912, 1.2749156951904297 
82.48939514160156, 0.24260659515857697, 1.5419822931289673 
88.75157928466797, 0.2641852796077728, 1.4739737510681152 
99.74717712402344, 0.27193737030029297, 1.7185829877853394 
108.51728057861328, 0.2727150321006775, 1.494948148727417 
87.43666076660156, 0.23744294047355652, 1.3609650135040283 
71.77812194824219, 0.2243705689907074, 1.4580307006835938 
115.58808898925781, 0.2962372899055481, 1.5139409303665161 
96.10525512695312, 0.2813354432582855, 1.7781636714935303 
84.25220489501953, 0.24706092476844788, 1.2800472974777222 
105.29998779296875, 0.22078196704387665, 1.6895688772201538 
74.6079330444336, 0.2574440836906433, 1.5460883378982544 
84.63136291503906, 0.2251567393541336, 1.4411039352416992 
73.39930725097656, 0.2281673401594162, 1.3307511806488037 
101.13420104980469, 0.2622610628604889, 1.7419878244400024 
83.55319213867188, 0.24016931653022766, 1.1502150297164917 
75.18062591552734, 0.21330150961875916, 1.4194464683532715 
91.63587188720703, 0.27009856700897217, 1.3947969675064087 
93.72872161865234, 0.2607001066207886, 1.5926822423934937 
79.68926239013672, 0.2602994740009308, 1.487451434135437 
87.28484344482422, 0.25506791472435, 1.3844411373138428 
91.87677764892578, 0.2583208382129669, 1.3057887554168701 
99.27117919921875, 0.2639443874359131, 1.631657361984253 
77.86035919189453, 0.25185427069664, 1.3418488502502441 
96.5359115600586, 0.21924662590026855, 1.392542839050293 
109.78937530517578, 0.2651510536670685, 1.2523012161254883 
103.10275268554688, 0.2578454911708832, 1.4607210159301758 
78.23199462890625, 0.24336308240890503, 1.4563509225845337 
83.93962097167969, 0.2715185582637787, 1.4690028429031372 
120.20650482177734, 0.25199681520462036, 1.6401660442352295 
75.8041000366211, 0.26979589462280273, 1.7318031787872314 
90.0916976928711, 0.2573612630367279, 1.7383404970169067 
85.99392700195312, 0.2481020838022232, 1.8390814065933228 
88.44523620605469, 0.27745720744132996, 1.535980463027954 
106.82736206054688, 0.21465377509593964, 1.5874719619750977 
101.05195617675781, 0.28273800015449524, 1.735007405281067 
87.54403686523438, 0.22869102656841278, 1.3883886337280273 
88.33124542236328, 0.22020573914051056, 1.6051312685012817 
84.80924987792969, 0.2901643216609955, 1.415498971939087 
86.93407440185547, 0.2228187620639801, 1.7096867561340332 
74.14871978759766, 0.23913522064685822, 1.4842418432235718 
80.75764465332031, 0.23292899131774902, 1.6784852743148804 
98.66270446777344, 0.24959665536880493, 1.490366816520691 
61.12705993652344, 0.2029920071363449, 1.334140658378601 
101.71528625488281, 0.24244052171707153, 1.4101682901382446 
91.98287200927734, 0.24820110201835632, 1.5345937013626099 
73.31492614746094, 0.24990878999233246, 1.471831202507019 
68.01200866699219, 0.2100761979818344, 1.1070516109466553 
107.34442901611328, 0.2619491219520569, 1.9279296398162842 
94.29107666015625, 0.22257296741008759, 1.2559205293655396 
81.7208480834961, 0.22473575174808502, 1.6268011331558228 
84.55084991455078, 0.22796449065208435, 1.2780729532241821 
80.28020477294922, 0.25541749596595764, 1.39928138256073 
104.11872863769531, 0.26527470350265503, 1.5012742280960083 
96.70219421386719, 0.25050586462020874, 1.4854375123977661 
90.07310485839844, 0.2501180171966553, 1.5334655046463013 
74.9682388305664, 0.2530885934829712, 1.2900956869125366 
121.07598876953125, 0.2875550389289856, 1.454332947731018 
90.113525390625, 0.24829301238059998, 1.407953143119812 
99.17338562011719, 0.26275429129600525, 1.330316424369812 
99.72573852539062, 0.2544524669647217, 1.417646050453186 
89.09101867675781, 0.24794119596481323, 1.4891644716262817 
88.67743682861328, 0.2502497732639313, 1.2198039293289185 
83.7845687866211, 0.2485392540693283, 1.4862210750579834 
92.92390441894531, 0.25752949714660645, 1.4314076900482178 
86.3652572631836, 0.2355162799358368, 1.507230281829834 
88.59455108642578, 0.24805393815040588, 1.3666741847991943 
75.51654815673828, 0.24352554976940155, 1.2744786739349365 
94.51448822021484, 0.24762865900993347, 1.458629846572876 
83.82330322265625, 0.22483962774276733, 1.3698190450668335 
105.06520080566406, 0.2773500680923462, 1.502951741218567 
91.7265853881836, 0.26282355189323425, 1.5416724681854248 
80.6080551147461, 0.24479509890079498, 1.4781341552734375 
97.86124420166016, 0.22280831634998322, 1.4255146980285645 
134.65182495117188, 0.2197338193655014, 1.4397954940795898 
84.55596160888672, 0.24928466975688934, 1.6996320486068726 
78.4955062866211, 0.23975136876106262, 1.2845531702041626 
72.49486541748047, 0.24538224935531616, 1.4851109981536865 
84.7277603149414, 0.24676547944545746, 1.348421335220337 
98.047607421875, 0.24963213503360748, 1.4118460416793823 
99.92729187011719, 0.2263597846031189, 1.413625955581665 
73.15495300292969, 0.2539951503276825, 1.8330632448196411 
95.64147186279297, 0.2663702666759491, 1.4653959274291992 
93.28216552734375, 0.2535153329372406, 1.389374852180481 
100.50215911865234, 0.2284407615661621, 1.2986215353012085 
82.30725860595703, 0.21329647302627563, 1.6796427965164185 
103.97885131835938, 0.27256661653518677, 1.3566794395446777 
83.79158020019531, 0.26441121101379395, 1.6728317737579346 
157.52418518066406, 0.2902933955192566, 1.7550102472305298 
111.91011810302734, 0.2518851161003113, 1.579064965248108 
72.60415649414062, 0.23950718343257904, 1.4168487787246704 
144.76414489746094, 0.26820865273475647, 1.908658504486084 
122.86495208740234, 0.3035357892513275, 2.0238454341888428 
70.66885375976562, 0.22295868396759033, 1.2930957078933716 
89.99227142333984, 0.26639315485954285, 1.3855111598968506 
100.47785949707031, 0.2750491797924042, 1.6344536542892456 
78.89114379882812, 0.23531313240528107, 1.2021455764770508 
76.30072021484375, 0.22115565836429596, 1.5170246362686157 
137.34092712402344, 0.25546684861183167, 1.7167247533798218 
108.39390563964844, 0.24924792349338531, 1.4692002534866333 
174.91629028320312, 0.2722731828689575, 1.4578065872192383 
82.57965087890625, 0.2689443528652191, 1.838335394859314 
104.72598266601562, 0.2370757758617401, 1.302873134613037 
134.37181091308594, 0.2443355768918991, 1.4512180089950562 
89.04444885253906, 0.23054969310760498, 1.513504147529602 
109.19856262207031, 0.24606239795684814, 1.2802321910858154 
77.57670593261719, 0.23582221567630768, 1.1619013547897339 
87.03976440429688, 0.2614680826663971, 1.7042790651321411 
97.43942260742188, 0.2577025592327118, 1.3913809061050415 
116.77088928222656, 0.22430390119552612, 1.717664361000061 
78.3166732788086, 0.2228444367647171, 1.283117413520813 
109.71109008789062, 0.23519660532474518, 1.6516902446746826 
81.26200866699219, 0.23373107612133026, 1.5315182209014893 
108.17417907714844, 0.2788572907447815, 1.5698083639144897 
83.83472442626953, 0.23928619921207428, 1.4940884113311768 
85.61416625976562, 0.23769061267375946, 1.4326354265213013 
78.47386169433594, 0.24078615009784698, 1.6404030323028564 
127.54945373535156, 0.25087088346481323, 1.4082577228546143 
78.76061248779297, 0.2280762493610382, 1.5372273921966553 
100.08658599853516, 0.2579963207244873, 1.685451865196228 
88.40234375, 0.2457699179649353, 1.446284532546997 
112.50254821777344, 0.27606678009033203, 1.643442153930664 
108.11454010009766, 0.26897555589675903, 1.452396035194397 
98.01231384277344, 0.26375874876976013, 1.6126006841659546 
104.37507629394531, 0.2775995433330536, 1.7288522720336914 
83.30301666259766, 0.23156051337718964, 1.4929288625717163 
89.1951675415039, 0.21637707948684692, 1.1293892860412598 
90.88634490966797, 0.26493844389915466, 1.5417330265045166 
96.8358383178711, 0.23680666089057922, 1.6848164796829224 
119.5669174194336, 0.28095629811286926, 1.6819736957550049 
97.36260986328125, 0.2871081531047821, 1.6815185546875 
92.88755798339844, 0.26319482922554016, 1.8627896308898926 
88.37548065185547, 0.25472113490104675, 1.3698432445526123 
112.63353729248047, 0.26096463203430176, 1.468690037727356 
84.31012725830078, 0.2497311532497406, 1.2185500860214233 
84.765625, 0.2890424430370331, 1.5771121978759766 
108.45978546142578, 0.25646352767944336, 1.7293518781661987 
91.78943634033203, 0.2671835422515869, 1.6041170358657837 
85.03855895996094, 0.2366635948419571, 1.4272139072418213 
102.78746795654297, 0.2474845051765442, 1.5972968339920044 
91.38642120361328, 0.24761109054088593, 1.4381777048110962 
89.45104217529297, 0.22836346924304962, 1.583118200302124 
109.40393829345703, 0.23137925565242767, 1.4970836639404297 
101.85652923583984, 0.24027712643146515, 1.2999281883239746 
90.17218780517578, 0.25762608647346497, 1.5877070426940918 
115.87474060058594, 0.21905626356601715, 1.370029091835022 
69.98831939697266, 0.2336568385362625, 1.3280483484268188 
90.3643569946289, 0.26106494665145874, 1.6445727348327637 
92.23954010009766, 0.2638479769229889, 1.7978266477584839 
93.51610565185547, 0.25969913601875305, 1.3939671516418457 
76.32718658447266, 0.2010079026222229, 1.2989245653152466 
110.6292724609375, 0.253066748380661, 1.395816445350647 
104.49137878417969, 0.2547576129436493, 1.6509666442871094 
96.53675842285156, 0.2490202784538269, 1.577849268913269 
100.75481414794922, 0.2357705533504486, 1.36691153049469 
89.25650024414062, 0.22126023471355438, 1.4342933893203735 
104.0636215209961, 0.24454422295093536, 1.451749324798584 
83.62660217285156, 0.23514963686466217, 1.266931176185608 
92.79597473144531, 0.23464620113372803, 1.3594982624053955 
77.60800170898438, 0.23368704319000244, 1.3604676723480225 
92.22377014160156, 0.27513957023620605, 1.3166428804397583 
116.05693817138672, 0.23766368627548218, 1.145605206489563 
92.41822052001953, 0.24632306396961212, 1.4266419410705566 
93.1530990600586, 0.23628656566143036, 1.3782552480697632 
107.80746459960938, 0.24815478920936584, 1.2891045808792114 
92.6058578491211, 0.24872814118862152, 1.6467573642730713 
147.03158569335938, 0.2827847898006439, 1.6534110307693481 
130.95455932617188, 0.2878578007221222, 1.4892529249191284 
81.04098510742188, 0.22282439470291138, 1.644732117652893 
95.06886291503906, 0.2370813488960266, 1.1983693838119507 
90.85729217529297, 0.23317337036132812, 1.2890148162841797 
97.22798919677734, 0.24036292731761932, 1.3696285486221313 
92.32048034667969, 0.23091758787631989, 1.436715006828308 
91.1725845336914, 0.2323215901851654, 1.1482374668121338 
91.93712615966797, 0.24250023066997528, 1.541008472442627 
81.5919418334961, 0.2232857495546341, 1.2505651712417603 
82.87531280517578, 0.22958005964756012, 1.389822244644165 
105.75675964355469, 0.24634499847888947, 1.1661499738693237 
83.19573211669922, 0.25175055861473083, 1.558351755142212 
94.96696472167969, 0.2665594816207886, 1.7275598049163818 
127.38603210449219, 0.26474499702453613, 1.760278344154358 
102.5395736694336, 0.21749208867549896, 1.3809373378753662 
91.5940170288086, 0.22700235247612, 1.3486558198928833 
76.65140533447266, 0.2041047215461731, 1.5285465717315674 
97.1943130493164, 0.21546490490436554, 1.3602350950241089 
89.1444091796875, 0.2503111958503723, 1.4240245819091797 
99.09823608398438, 0.2060588151216507, 1.2500393390655518 
73.94701385498047, 0.21953743696212769, 1.5021802186965942 
92.5001449584961, 0.24935561418533325, 1.6526141166687012 
135.03182983398438, 0.21825240552425385, 1.2697290182113647 
94.8885726928711, 0.27038905024528503, 1.4173353910446167 
93.7074966430664, 0.27396440505981445, 1.2115657329559326 
165.94297790527344, 0.25692394375801086, 1.40997314453125 
95.59455871582031, 0.25125518441200256, 1.6144448518753052 
72.74870300292969, 0.24031542241573334, 1.2189933061599731 
97.09444427490234, 0.28345662355422974, 1.491407871246338 
106.17890930175781, 0.24894602596759796, 1.5448552370071411 
111.22286224365234, 0.26687487959861755, 1.5214413404464722 
87.23625183105469, 0.24860168993473053, 1.4145790338516235 
89.5791015625, 0.24970003962516785, 1.6802289485931396 
92.63927459716797, 0.2432783544063568, 1.4993914365768433 
91.49807739257812, 0.23721720278263092, 1.335702657699585 
99.71549224853516, 0.24441750347614288, 1.3675278425216675 
109.6419448852539, 0.2521069645881653, 1.2921732664108276 
84.1639633178711, 0.2928154170513153, 1.4960442781448364 
97.48744201660156, 0.2598164975643158, 1.6085081100463867 
85.96077728271484, 0.23044125735759735, 1.4259707927703857 
81.02664947509766, 0.2742808163166046, 1.4961854219436646 
112.10863494873047, 0.2580212354660034, 1.717110514640808 
98.66241455078125, 0.2322937697172165, 1.3337197303771973 
105.65592193603516, 0.26277753710746765, 1.3317270278930664 
83.1089096069336, 0.24878892302513123, 1.2462884187698364 
109.59928131103516, 0.25340962409973145, 1.662217140197754 
171.78659057617188, 0.27646443247795105, 1.7703137397766113 
100.71800994873047, 0.2630646824836731, 1.6085482835769653 
140.46104431152344, 0.26513078808784485, 1.6097650527954102 
135.9783172607422, 0.25330850481987, 1.6520107984542847 
84.31543731689453, 0.25938159227371216, 1.4644697904586792 
113.68651580810547, 0.28261640667915344, 1.6461912393569946 
80.89412689208984, 0.2458849996328354, 1.467368721961975 
95.20154571533203, 0.24895568192005157, 1.2211827039718628 
119.21009826660156, 0.2662524878978729, 1.5760539770126343 
73.76747131347656, 0.2307441085577011, 1.267203450202942 
111.30596923828125, 0.2847580313682556, 1.2839125394821167 
87.61991882324219, 0.2795923054218292, 1.5763752460479736 
100.7336196899414, 0.2617238759994507, 1.4958138465881348 
81.76995849609375, 0.21897150576114655, 1.5742074251174927 
140.80194091796875, 0.2719671130180359, 1.808847188949585 
74.04444885253906, 0.24226532876491547, 1.3333207368850708 
96.22391510009766, 0.20729906857013702, 1.508018136024475 
75.06847381591797, 0.22862564027309418, 1.494393229484558 
98.96406555175781, 0.24706998467445374, 1.6603549718856812 
78.47432708740234, 0.2038552314043045, 1.072946310043335 
116.87123107910156, 0.247125044465065, 1.2702829837799072 
84.14385223388672, 0.2534272372722626, 1.5698518753051758 
93.5133285522461, 0.22183279693126678, 1.3142679929733276 
94.9944076538086, 0.22746780514717102, 1.119576096534729 
98.48440551757812, 0.2454274594783783, 1.570928931236267 
84.72403717041016, 0.2389363944530487, 1.353421688079834 
95.85282897949219, 0.23892240226268768, 1.3149994611740112 
92.7410659790039, 0.25080761313438416, 1.103317379951477 
110.4232406616211, 0.28074395656585693, 1.9175907373428345 
79.4743423461914, 0.2647329568862915, 1.4212379455566406 
