-108.9863603213965
-324.0961185820092
-346.07653002585135
-394.9151446291928
-432.4204211520709
-455.9694699845556
-476.0498993341824
-530.9368541031938
-481.2494748199041
-341.19601590540003
-503.37574367259504
-567.0804761895387
-577.6643240265033
-621.6706793385167
-585.3326364420526
-625.3119511054957
-620.231868568104
-662.8618311200823
-641.1960238959932
-618.5125389802291
-660.0141254108622
-663.6947210977704
-712.3633754676388
-693.2400842525992
-701.938576310461
-742.5446010756602
-724.0675500526955
-769.5752573057254
-777.5176539179367
-785.0166878260775
-803.6694853558519
-781.2333580755418
-839.8763019368396
-785.1836857949534
-828.9413350188787
-825.462622435961
-831.2826850293419
-871.4440216908257
-843.2687058778403
-876.8066436310518
-908.175900964693
-849.6798409668531
-813.2119078658144
-855.8640467032859
-818.047424298827
-856.6102024531035
-785.4365366746753
-835.879255338748
-875.7461870606594
-916.4632198316161
-879.5856394174461
-908.9709023847008
-875.8252658756098
-884.0738810174477
-928.0626261267245
-904.6358099379298
-911.4654811867921
-871.2728110458444
-886.7423488159883
-879.7877263890982
-892.2305447077422
-858.6742360690772
-856.0375837862217
-901.515372491652
-936.6387136784567
-964.9182244577715
-901.2813739688715
-976.7249954856486
-895.168020604393
-920.035553954164
-918.7074480540192
-962.5733861000307
-924.0242066625076
-863.6456694009667
-915.4592078160581
-916.2271492602089
-938.310901096889
-927.2464889667001
-938.5088617351198
-954.0872614284814
-935.0568328013618
-908.467051774126
-955.5927478069534
-938.3972690072477
-925.8531931863952
-849.6042472206502
-1012.6492117253317
-961.1198637826102
-933.651426587786
-958.5077157086491
-987.6421126616166
-967.7912767823391
-960.0786431352115
-956.1159685240364
-982.7455434491558
-963.1624417810397
-883.5249569273215
-926.3186931434315
-976.453358100856
-898.4975364482897
-923.0016152869721
-989.8380034046788
-998.8478740393291
-993.7935184092016
-976.9267682018368
-976.9305301437729
-944.3739784258302
-953.5262270918639
-990.1797113550424
-953.9494731569071
-972.838605608259
-933.1197920416906
-911.8615896234863
-886.2497358190299
-961.7988743891914
-924.6677140398509
-906.0945855417559
-1012.2152702072249
-1001.8747536443894
-938.4275674951791
-977.6496842995217
-984.5314490059004
-953.3878197230501
-1016.4778167443342
-935.4783824160352
-888.4024007770872
-1001.534687916804
-957.0860407780942
-959.5710234048729
-985.8621691690612
-957.3948198485484
-955.6000186792717
-921.9516799373012
-966.6718689395535
-950.6260741449172
-951.3912033397481
-959.6959974754791
-960.2216006511917
-958.411240151401
-976.422393403295
-980.0371078456052
-966.742303136307
-923.6632466250301
-950.1579059038294
-982.3917809147989
-968.8069877097134
-971.5332398722248
-979.0635813699889
-956.7551268652287
-997.4822184479182
-947.0785998243341
-967.2294223802979
-1057.8015459210092
-947.5258869575465
-1038.3560974279308
-998.9421970613541
-1029.0550365711688
-985.0417410942816
-988.5752860521941
-1003.3024859801965
-971.8617773099978
-1018.7386908421319
-1010.9727600027339
-1034.9506540276489
-976.535528191773
-1000.4669606784522
-1034.1989213618265
-1039.4469472999397
-986.5423692272556
-1022.5555926885473
-1037.6954107965742
-1000.3351108972928
-1019.1805661988149
-993.1690310465026
-946.4429406021048
-992.9966792510951
-1003.191278659803
-1064.171438853312
-1001.4193981891403
-979.1501880680911
-957.9778618263209
-1015.5867400718724
-1002.6203123523343
-1067.3887069983416
-1056.5026694091234
-1060.2250011461672
-1096.7255415498935
-996.5692523657451
-970.8423933389549
-1034.5834488231465
-1058.2666604617773
-1062.2683682419738
-1011.9378763365855
-990.6029963822958
-1025.174802859258
-1016.0477435446005
-1049.313946350379
-1031.716121809823
-1027.3191478680906
-995.6847179869902
-1066.969711444345
-1011.074819854877
-996.8961312649986
-1018.9585907404324
-1052.703955911821
-1038.4785411676503
-1046.766804681945
-1021.2292476227756
-1071.2375671105451
-1068.4279520896173
-1107.027197314847
-1132.5720585238548
-1103.5909967730122
-1080.2398852510935
-1050.4842736732026
-1093.8827814023066
-1090.289882501699
-1033.0947777532763
-1011.3441251906381
-1017.274251568702
-1017.5492694960212
-1002.3859392508933
-979.3059265382828
-1044.732493207202
-1059.9657135009766
-1057.1917424004198
-1011.2657546206004
-1073.1238795161796
-1093.4243914520684
-1029.6969906855288
-1059.7339122614003
-1034.5498142506121
-1103.617644789032
-999.6554466766147
-1071.1786546135827
-1001.8584332795737
-1033.2113704769292
-1082.3505452591153
-986.4117136517978
-1061.7493781340288
-1060.7027768605317
-995.5152256367943
-1041.5187968658413
-1112.9469725085844
-1068.230776547287
-1074.6354480514879
-1046.697014215355
-1135.274183763337
-1131.7883251691194
-1095.2174227929884
-983.5882010437925
-1020.7083963666644
-1050.5155147341538
-1024.4642382503105
-1044.79720177189
-1007.682130101639
-1069.6839972289476
-1056.677723379179
-1092.7339649991507
-1043.5580772276849
-1067.7527048928398
-1082.1289866443053
-1128.8511390510243
-1049.2904617731472
-1112.2176719085412
-1193.2290201340952
-1014.8582117107057
-1066.28974393326
-1001.4253363455496
-1126.8718459661106
-1069.4207501861906
-1069.4898282943234
-1074.4241022777996
-1088.7879172470164
-1109.8253513107652
-1085.8571444810261
-1066.8029560493435
-1070.1534876669607
-1073.7562477533718
-972.1552857693439
-1124.1124096004644
-1117.0631460725986
-1077.3159686804916
-960.0562454918013
-1033.24790692659
-1102.8337874170822
-1024.4883101502871
-1046.3035668579664
-1087.761614926949
-1097.7339277487197
-1152.5291378179454
-1017.8661522228048
-1044.7111036436897
-1139.4473577930082
-1068.7784676793533
-1020.3549392629878
-1083.4518241442843
-943.797433850952
-1114.686198326849
-1064.8622223287134
-1061.75100117345
-1051.3499950637465
-1056.882955208352
-1127.4177762572117
-1117.9416598482615
-1126.7791191487818
-1049.3002132292718
-1086.4444001281317
-1051.3311901751752
-1038.0983302911854
-1092.5724816036663
-1078.9995442755212
-1061.345555705409
-989.4207434939899
-1062.0984500322475
-1025.1004777899536
-1094.8190051663307
-1059.427785829465
-1029.144040296704
-1062.8617555820447
-1042.2222569637036
-1100.985626328376
-1078.8126944616643
-1117.8625865751696
-1052.666720552928
-1040.2796538216728
-1085.9252032222835
-1063.9870198684903
-1105.7380860148487
-1057.6135627641106
-1100.4341395857148
-1073.2082569632112
-1110.0867595408918
-1065.8201951936642
-1113.700677194903
-1113.6860231957678
-1098.7240043389631
-1102.3937368085308
-1106.6480932807044
-1057.3160833367554
-1078.1034464682302
-1104.849137055709
-1159.0109542987313
-1087.559349921442
-1068.0018262555523
-1166.1158769273538
-1100.5761218444543
-1102.4360649179205
-1019.2287200013614
-1087.1447301064768
-1123.9072251913185
-1045.564978234779
-1109.9275643484932
-1102.3282163593626
-1063.1799393029805
-1095.3709507603799
-1050.873963685629
-1071.0719625938873
-1099.4243557486116
-1101.0407321771718
-1016.5183215295115
-1107.6188553137713
-1182.827555748724
-1138.5030601079563
-1128.3279475902082
-1131.4850384672666
-1055.1776447032453
-1117.2864422424598
-1069.699093406651
-1096.014932430285
-1070.5468256023073
-1056.145605166387
-1099.8382684382425
-1150.6487662913064
-1098.833569043243
-1052.2456695934595
-1064.345831207416
-1096.2578580478369
-1087.4825785764351
-1101.3284809248787
-1106.9001133738575
-1134.1451781675014
-1142.100466644709
-1095.262858113935
-1066.4698971779117
-1075.3613829590759
-1061.7255696591144
-1038.0902518259215
-1054.5997152240595
-1081.2551547634987
-1160.2994181901079
-1079.491486639471
-1120.2044158619121
-1108.2800847506194
-1071.3122777938843
-1089.1402241930984
-1077.8206681194392
-1064.0630865844164
-1102.1233702628842
-1048.5960542793098
