0.41690478509952944
0.4294060870472874
0.4315062686114267
0.37754132777177796
0.41531534280095783
0.44693635287372746
0.4440108098192698
0.4158603667800877
0.4586848278748824
0.4015234207846053
0.4230873535992363
0.4785720186848794
0.44614277447011613
0.43374180124239986
0.4697016969511998
0.4060064262371459
0.4152693029853605
0.46594608819738786
0.46422966037477764
0.41612197994361827
0.4498494701794765
0.409691069944663
0.45760647964573675
0.48028782437542616
0.445632418351514
0.456568485177401
0.4428940136929811
0.3928088784767186
0.40902680196383034
0.43336514902004997
0.40545909007161446
0.39284499353527474
0.41985371681402356
0.35886860765894435
0.4024190679535888
0.42677040810134553
0.34726558285786807
0.4087272813105913
0.34993912976595665
0.38458550197591634
0.36702252767362076
0.3692174382713808
0.3855361155307238
0.3745935450432487
0.42875402455093675
0.3711066036592431
0.4527857426880142
0.38549784394109854
0.38952074917505414
0.35829894436943915
0.4098071155872213
0.4050781962028297
0.41637312864652976
0.3886054306192332
0.33584703264697907
0.3418338341200681
0.34676411960806164
0.35000929967736316
0.33058527057071985
0.3794760300610472
0.31801511112102715
0.3207004146032413
0.3752726497866797
0.3123916025329295
0.3201775614017715
0.33597265576733454
0.3647395565350484
0.315205971010819
0.3459210638729383
0.34965767881356624
0.3261938992982155
0.2621402658590798
0.3279171590156819
0.3602715129127151
0.3430717462321855
0.3466165794514566
0.28512141462157947
0.3220497405903268
0.36794171705498674
0.3041102230411521
0.3077216384940982
0.31458556229755075
0.3299242716952128
0.3203857320656974
0.30584840431878096
0.3127940243564992
0.3019655250047209
0.29675083801424995
0.3000146060976015
0.28051798320525595
0.31773049059894776
0.3064366769440438
0.2949203460859264
0.3023514678489314
0.28935536367106274
0.28133653626189253
0.3031574371807311
0.3158080588665701
0.3132671810480581
0.2823128679140647
0.31870266723055996
0.27345255676502456
0.2514791281095573
0.28839113108367415
0.2451236582133696
0.2583050598403276
0.29762629393814344
0.2601762306511677
0.2579160757740522
0.2834621421597932
0.2474424237050631
0.2876373796127222
0.2941219232856266
0.32558791102274975
0.2823750016296686
0.27189827174772313
0.272387036633107
0.22356890522647427
0.2199129038490355
0.2663829270149431
0.2712167097359664
0.23645388231127767
0.25682085336396293
0.23776455609930447
0.2607930851971499
0.2229221346122878
0.22146061518817522
0.24964081196432014
0.21125100954963658
0.2506762678404489
0.24380767240279144
0.2500152313558187
0.22559664543494926
0.23865231152297714
0.20257984882666974
0.20712025241775026
0.21905288870515052
0.25209050076653694
0.22286380509618448
0.22173663018880763
0.22917960532661957
0.21854456514120102
0.2530141504854822
0.24735046669943817
0.20658371129506675
0.2229917951202887
0.19531689935539792
0.21708349667061422
0.23625267069563613
0.21722548304236716
0.2455455911118314
0.22184976839458018
0.21425254144362488
0.23556793645595112
0.1949721438283678
0.21934350627481997
0.20305214271612984
0.2089994514923251
0.20323986814395967
0.21834730369377933
0.19246017593624337
0.15288902408913344
0.1775815045726078
0.1733806418456955
0.20474770152941346
0.18676367044032546
0.19445191019897087
0.16883040851299663
0.1738856048591452
0.16098122654045763
0.18092262718374819
0.18327942975418007
0.1564807879458469
0.18652085582493677
0.1899870894987443
0.19408057642293758
0.15420975970532982
0.13656137164999743
0.1765549300986338
0.15162169978651324
0.22483384926172514
0.1255432807667125
0.17781132640231573
0.16300876644403248
0.16314530734070426
0.17526404439334325
0.12722119203626034
0.17107965006648074
0.17991068193040927
0.16279747252661547
0.1385217598894221
0.18090064251422025
0.1675697439674756
0.1505868450372613
0.1437051438046233
0.1343937199256326
0.16617168999867984
0.1579402606221768
0.1714092833281029
0.15248650536684144
0.09938505137943307
0.1517658602338486
0.16761189628036238
0.12226909312123459
0.1353441338695053
0.13262370273140678
0.14365181842192973
0.1672771378567288
0.14353620916259505
0.1473723133483554
0.1325363216422496
0.11079132556834811
0.10710240233270123
0.11650199201399265
0.1481223559196123
0.14905163463557028
0.14104075927484763
0.1239047632155691
0.11716322633690626
0.16775524805282235
0.14795738321671065
0.142268899088395
0.15603153516236942
0.1376397863487503
0.13030405905409415
0.15524193594953226
0.1340316744754091
0.14130564453133945
0.15293717102473817
0.15384211245024162
0.11729866935129059
0.11935673916469916
0.1102075776455292
0.1328253325448835
0.1530520917730457
0.10967219512199357
0.11602735011057803
0.11260849039078707
0.14781453531786148
0.11534136831927909
0.12858878365465148
0.13568868786954263
0.11652508822090785
0.07453654336260966
0.12163024451682201
0.14848512334579173
0.13386647901358298
0.08236765957886025
0.1215345711794581
0.11433463554902722
0.1269108341293371
0.1338577840735927
0.09654849829717295
0.16648362204093836
0.13422755928107105
0.1426293545465899
0.11335131591523907
0.1172715674642922
0.1098055383073829
0.11421294301814464
0.08802161327751529
0.10417417018017779
0.09777386901886895
0.13374773818495375
0.12355550222956954
0.1028890024406599
0.11343482710176751
0.08227561675442382
0.12462936340027168
0.08095769257810313
0.1370779627546007
0.1065416988496366
0.11335103462827684
0.11425424578333003
0.09699659580488212
0.10839879508682823
0.12066030549784063
0.11855385144249737
0.08803507290689142
0.14224356639942295
0.10088751684903266
0.07616298308246032
0.10895730933743457
0.12436419451198313
0.14367361081739155
0.12398503545024175
0.12115000555132602
0.09149644448039858
0.11763252055736034
0.08985641037062828
0.10038636612611601
0.10445049594161032
0.09458599573594893
0.08527023590606136
0.09395492204508159
0.10388170604951881
0.0909606582752211
0.12748056615069392
0.08463674542416463
0.08578265380505502
0.10776215346871346
0.15528770980212198
0.11414251586128335
0.08644829934289458
0.07477396872149222
0.07951751288138924
0.09526862224165891
0.13060183392696173
0.10122022940254177
0.08033377421306145
0.11050686832826184
0.12008010866984184
0.08500350902466187
0.09142222918065855
0.10952175983166001
0.10100664219099181
0.10256456715374064
0.14962670885920762
0.10506890998641621
0.0908805357682291
0.10420683031754405
0.08795561897192872
0.08517756106564876
0.06449186491393821
0.10097050068420245
0.07666222775992262
0.09760254880040503
0.0881636774830306
0.12136984490285185
0.08489089374105917
0.10631496126363496
0.09221362159401353
0.07961220141076664
0.10277677730763493
0.09652002164359957
0.08509617987877177
0.08114195197666019
0.0754124428833704
0.11284623754444456
0.09335116932221178
0.09764229685822713
0.07481933373016089
0.0596496113818499
0.10590559008587536
0.07309564920120037
0.06999106565285054
0.11474724824409953
0.08700239948663763
0.07859287999865616
0.11151358936409192
0.09119636489644452
0.09708387797713568
0.0919746694573362
0.10269352159882965
0.06361271569886745
0.11825122595922756
0.0791945061664005
0.10856760566808696
0.08178095995074644
0.0856234169011588
0.08528739544844897
0.09692015091581373
0.06045904354252033
0.08450716327461864
0.052778909022828384
0.08512384339472125
0.08496011196966818
0.08572837250732528
0.07391604164570306
0.0894340317357915
0.08751086889646321
0.0542464194639247
0.08468852172574741
0.04944881940107442
0.060327598895048545
0.0733266975252497
0.08511555253526784
0.10561367549833028
0.08157636407300635
0.08513993813726364
0.1023910390704762
0.10001406936830821
0.06579712730916178
0.08152130862337112
0.08169250659237293
0.08840636644230745
0.09527076197044473
0.08168706728677781
0.07337584832673456
0.09334615897737547
0.0781742317666765
0.09238001692218568
0.09956033930492136
0.08089060012028106
0.09659076259319595
0.07919378369199687
0.0917286183343899
0.06634417685029866
0.09264279430285521
0.09033022796077415
