2.1980043015581496
2.0354311060398182
1.9513172469240554
1.8081159718493198
1.7640769684568365
1.6665175240090553
1.61857681832415
1.556017961907894
1.4730868922903182
1.4886657177133764
1.344726024790013
1.3452723964731743
1.2706217765808105
1.260956568920866
1.2359052883817794
1.3049828372103103
1.2285410127741225
1.312407650846116
1.2112853615841968
1.2518883106556344
1.1317260937487825
1.1812985704300252
1.096557839119688
1.1210378953751097
1.2111614346504211
1.027810754928183
0.9644696966130683
1.0061707712234336
0.9326159992116563
1.0092392158001027
0.921393871307373
0.8212299524469578
0.9612939421166765
0.9977529353283822
0.8557235281518165
0.7977595735103526
0.8218266697640114
0.712715818526897
0.7513025263522534
0.6823247005330756
0.8089052051939862
0.7409508114165448
0.6599851269671257
0.741113191589396
0.7873582358055926
0.6651468714500995
0.7019946232755133
0.6898952158207589
0.8317916501075664
0.6397136322995449
0.6774730707736726
0.6210926251208528
0.6539849201415447
0.6291276165779601
0.5942982067453101
0.5659929057385059
0.5577270299830335
0.5479362461161106
0.642819031121883
0.6098440378270251
0.5561903315655728
0.6444846696042
0.6398836792783534
0.5812441687634651
0.5454159702392335
0.5608845118512499
0.5064825992634956
0.6052698435935568
0.5844331789523998
0.4542812353118937
0.549909585967977
0.4955636129734364
0.4543032906156905
0.45098556419636343
0.45130602064284875
0.4874138289943655
0.5064146525048195
0.47216067922876237
0.43666571347003286
0.4486249105093327
0.4603710539163427
0.44397933178759635
0.4645896630084261
0.4717921151759777
0.42204742831118564
0.5473624531258928
0.4830865672928222
0.3978951548008209
0.36732535508084807
0.4100425325809641
0.42320284247398376
0.4151404227348084
0.3485327052309158
0.3966270051103957
0.482156311577939
0.39419109675478425
0.3925472295030634
0.3958672329466394
0.5620723965954273
0.34539083121938907
0.3340411709344133
0.403390682758169
0.36309586275131145
0.45411824355734154
0.3987831241906957
0.43739554396969205
0.3345136601240077
0.342230608805697
0.3727251500525373
0.3717312048724357
0.3376713902392286
0.338210218130274
0.32448301670399116
0.3054994871007635
0.37485550201319634
0.40549422198153556
0.4118642252176366
0.3280898839869398
0.3081025516099118
0.3061514182927761
0.35346441858626426
0.3436800035390448
0.3039193219961004
0.2966500725200836
0.31054309232437866
0.3725624683689564
0.3601021215002588
0.25896329068123025
0.40466442545677755
0.28385375559012943
0.33963955352281
0.3417472690343857
0.27621802037700693
0.28302673979642545
0.3135191855278421
0.2812401699893018
0.3275758253133043
0.33868159195210074
0.3345450286535507
0.28744092678770106
0.3193525878038812
0.2666030343859754
0.3171879238587745
0.2652643768394247
0.264616496068366
0.3173106349212058
0.26921181127111965
0.2599540985328086
0.27179083973169327
0.2553488200807825
0.22756054949887256
0.2901102691254717
0.29838420720176495
0.327818900663802
0.26721346711224697
0.31810758278724993
0.2821342066881504
0.3054212236658056
0.25955860760617766
0.2630758172971137
0.26061740248127185
0.31956110656895537
0.3720723977114292
0.30039664976140285
0.36113144996318414
0.20273511222702392
0.2256783662324256
0.31491626545469814
0.25530063440190987
0.2801964557234277
0.30164917035305755
0.26230664551258087
0.21679602721904187
0.34858813438009706
0.21027413834916783
0.22991439351376067
0.2111796590876072
0.3001011370661411
0.3875631464922682
0.2951625201930391
0.3554863598435483
0.24316438002155183
0.2681882964803817
0.24127191051523736
0.29274898545539124
0.27125765922221734
0.25921850667354907
0.20081462203822237
0.2336251883906253
0.2933786722256782
0.26224661983074027
0.23280992945458026
0.238197276091322
0.2848589447267512
0.21156362190525582
0.18027182192878521
0.17137546853182165
0.2139179860340788
0.2595172625906924
0.28050595569483777
