2.445056829046696
2.1851941676850015
2.094821186775857
2.043093242543809
1.9766861276423677
1.930036760391073
1.8685325130503228
1.8220837243059849
1.7506221558185333
1.6974701272680404
1.664640467217628
1.6176585618485795
1.5342153741958293
1.5002200476666714
1.452173463841702
1.405197059854548
1.3722876183530117
1.3408610364224047
1.3310542385628883
1.346594455394339
1.3052976106075531
1.2240054277663535
1.1948639687071456
1.1853669387228944
1.1621728222420875
1.129852350721968
1.1719001595010148
1.0807039205064164
1.0450568719113127
1.0160311232221888
1.0144892195437818
1.0251571244381843
0.9857391195094332
0.9342200730709319
0.9096598866138053
0.9542216113273133
0.9428159340899042
0.8655503404901382
0.9184969156346423
0.8239429872086708
0.8395158077808137
0.8244612914450625
0.7556072080388982
0.8246873743990635
0.7615649941119742
0.7312227018336033
0.7466626167297363
0.7135259432995573
0.7204402672483566
0.7039935062540338
0.7034066940875764
0.6676660459092323
0.7276362364596509
0.6583006128351739
0.6790706382152882
0.6473454737916906
0.6252304518476446
0.6811750531196594
0.6639314008520004
0.587320698702589
0.6026561399723621
0.6967139167988554
0.5896554468794072
0.6235827962134747
0.6401490207682264
0.6014413675095173
0.6226930954354875
0.5592723203466293
0.5686621729363787
0.571480985017533
0.5844207101679862
0.6120358477247522
0.5344220032083228
0.6018625516840752
0.5376673156910754
0.5459857462568486
0.5804124721821319
0.5508345866456945
0.5143872493125022
0.5027738029652453
0.5156189780286018
0.5207899694747113
0.5017412812151807
0.5148114612761964
0.5065699346522068
0.4912004737143821
0.5361703215761388
0.5114401071629626
0.5196783174859717
0.5115035905482921
0.47001697249869084
0.465921365834297
0.5661664123230792
0.5465477945956778
0.48449291193738897
0.5323589364898965
0.4364826755320772
0.46593578001286123
0.4569952557695673
0.4597863583488667
0.45851543418904567
0.48346926715779814
0.46724501886266345
0.450858029279303
0.45027004626203093
0.49041200508462623
0.4406929853114676
0.4761270887040077
0.46830773416985855
0.4610284741254563
0.5313777175355465
0.4360462167161576
0.4365895631465506
0.4318163252257286
0.43364289466370926
0.46079302436493813
0.464031420172529
0.4604071147264318
0.4176634150616666
0.4680004227668681
0.4584191403490432
0.4089190278281557
0.39076873438155396
0.4492271659856147
0.4058043601665091
0.43772904384643474
0.45577753287680606
0.42960852891840834
0.38032750087849637
0.38817728041334354
0.3862608680699734
0.4116385537893214
0.42582816995204764
0.4120705634989637
0.37961929275634443
0.39277422015971325
0.39633305782967426
0.3642919830819394
0.36347524948576665
0.37799462137070106
0.4320476083679402
0.35198182818737433
0.3995026616339988
0.3892263136011489
0.38062780271185204
0.350629615339827
0.37365863583189374
0.38111942784583314
0.4220544863888558
0.37541962938105805
0.3551455612512345
0.3931094766297239
0.41632094598831015
0.444040891654948
0.3723328912511785
0.37731711185993033
0.37720897064564074
0.34213723464215057
0.37695086668146416
0.386217843978963
0.36060023307800293
0.3921334556442626
0.3507210079659807
0.33938724785409075
0.34463810096395775
0.3460608723949879
0.36669071494264804
0.3699757104858439
0.3959143526376562
0.32598395391981655
0.3294744808623131
0.3379045347584055
0.31753885904525186
0.34981992872471507
0.38177624535053334
0.333517683313248
0.374729371134271
0.3341755689458644
0.32441166074986155
0.3279992107381212
0.3396765115730306
0.3948644047721903
0.3895806226324528
0.33615555313039336
0.3475334565056131
0.34137352064568943
0.38182326707434144
0.34480689941568576
0.34491329846229957
0.3660098561581145
0.35475265123742694
0.3515043775451944
0.2909201656250244
0.30986687350780406
0.3094174433895882
0.3568327785172361
0.4473991793520907
0.30249756923381316
0.31253164562773195
0.2862003784864507
