-123.80749245475513
-315.708554158013
-387.00091939477875
-388.23057332895866
-421.87546389883016
-447.5668023808211
-464.27966639962614
-456.3025785349481
-480.68822362565777
-487.5235950979769
-488.23274492338504
-563.5412591151927
-562.7328214513541
-535.2666844662433
-575.9685213994321
-589.8163174044702
-608.9119927762291
-580.0545544888017
-631.4620530088926
-625.8730372591502
-621.2787335830899
-636.8138868929603
-560.4263559596329
-685.0157760409166
-673.2979050737372
-643.9187073465866
-713.0390391020181
-699.1782349265666
-708.326788519934
-662.2927884220528
-692.1325557023149
-688.7578357573478
-722.2240827006679
-743.5642907278879
-750.6694635575817
-713.992137522192
-744.0001189587853
-726.6421607826163
-765.1441203635959
-704.5116278740668
-761.5496040730982
-710.5090095590336
-753.5363208225796
-734.1841065015661
-756.7507233685612
-741.3266734285838
-802.2384788407708
-750.990379685081
-751.796566818167
-762.0622905168665
-823.819164276123
-827.4026150329871
-805.3438284034553
-819.3309409145935
-793.6514095534927
-795.5074308281121
-819.3093993367138
-738.7089516951742
-820.8454357797649
-829.374641488774
-838.6690165524109
-847.4071907008298
-811.1480184985745
-823.9779599053519
-786.5123530357115
-814.7875306441488
-808.9458984164049
-815.4323600558092
-842.6845348024149
-800.8294266731508
-850.7059158674583
-829.8407293047223
-874.4249167024815
-782.1368839334233
-807.817692681941
-867.8337046891313
-815.4980447742796
-816.426574408184
-862.4601533951297
-827.2860618978052
-794.1680890623875
-847.0806582050939
-801.1737833330708
-865.6315408522083
-820.3935935903804
-832.9207513694939
-866.9348319972165
-852.6138058236118
-826.9059602763796
-849.7101603916714
-864.6220457542877
-865.0971488073674
-806.0292703039635
-812.0564518941712
-837.9492443805466
-870.8585610807216
-844.0938393025904
-857.4916657126994
-867.1099993622248
-837.1975492310414
-869.1112324982744
-910.9370232507381
-894.8149412480368
-896.6440940342741
-872.1032887471986
-868.1557597103207
-899.0311700495706
-876.3638875231765
-863.3154116687687
-882.0857300824284
-874.1318219619961
-886.8066131310529
-889.8230185091221
-851.8971649732458
-900.9254554713376
-846.5359741333992
-901.2315740629275
-840.4198258922946
-892.2383765295353
-864.2003189825242
-872.8227210330524
-891.3640442246116
-878.94763623075
-859.9067400040165
-839.0968085521927
-888.1045196111301
-893.7364158278787
-824.4036928695468
-837.9830769481747
-879.1998695689962
-839.9218453965428
-871.4949967344785
-830.208223578018
-897.3771796775853
-847.3136064379995
-895.34459130775
-879.9130178179059
-852.7607077805128
-856.707718124038
-882.2340077343075
-905.354477069345
-901.6237385305941
-846.6859404568298
-875.4961046579247
-864.8495684505058
-873.9894629271898
-896.3875998571721
-877.6501097789009
-898.9826288882489
-887.9652006087765
-868.7594642111783
-916.1542905113115
-869.5242163310952
-895.2532499814363
-922.0334819494853
-937.0397420434908
-887.6256276407549
-878.8463308448615
-919.9227644045782
-878.6403268537214
-846.9825262254284
-889.0451265853671
-901.0895401036136
-890.7285382099416
-927.4737032877135
-854.9541789112003
-935.0398821149554
-837.2612785655782
-895.7725262971518
-919.5061232043851
-932.7808663504464
-869.2071166851554
-900.2816323486891
-916.2600094843569
-883.4501542122133
-925.2049717353785
-903.1224337107575
-917.278428565522
-882.1729227936213
-884.8503071349887
-894.4617874040032
-915.6356962704988
-866.6185920117638
-936.479987289499
-908.0939231556132
-912.987692758235
-855.8365381038683
-908.0093548111103
-884.4081122402771
-878.7322659470518
-908.4200383551109
-916.9984633977512
-895.5133129946098
-869.2756056631765
-891.3794393506467
-903.5378977692072
-925.6747687115648
-859.7663143351331
-917.4614479398947
-927.5442945067234
-935.328873291543
-933.8686359247305
-918.0007278688493
-916.9251568701959
-926.2749645742953
-899.470753243442
-888.1512450776341
-895.0971761255221
-899.8290214362781
-873.9041543336508
-908.1403248167258
-912.1259966204243
-894.0057004761586
-889.474329627604
-918.1754774454002
-921.7612099361859
-925.4917894706199
-889.7605728553737
-923.1699004634734
-941.106221352854
-888.2710719921622
-891.1475099836077
-901.0393653553202
-920.2474975585938
-910.3307315193563
-948.3947223716068
-925.9064855267925
-901.2954121251261
-930.3305956405429
-918.4846033368792
-957.4889018678446
-942.8188752293038
-909.4236046487835
-919.0845261674872
-918.8406470514113
-927.9173330140004
-952.9242354713826
-942.4580506575272
-939.1641004184424
-872.2119193011165
-916.7051412520871
-952.2269281659808
-909.7919561148789
-967.3901025798464
-966.1326780714747
-1002.8249293560257
-934.925532257502
-926.7202754570043
-854.3570965006604
-912.0572784771018
-933.7074219664121
-915.1564394867365
-911.7861420789621
-920.8859093485889
-923.3016417608833
-970.1788361017606
-959.7768275001631
-913.6701339510729
-945.6753324869042
-946.8591645236389
-898.0746660012803
-920.3730354836459
-887.5848166645947
-918.0725417950187
-955.530636097429
-922.6696416265953
-933.7713418688093
-952.9448960827243
-933.124870792512
-893.3999311253772
-934.3168580718853
-944.9992353026219
-912.5504255338748
-922.6534710721486
-927.1960927374352
-924.9481054912515
-967.5037495265908
-960.0932900565011
-962.6584689232611
-998.3313092350411
-940.354598401329
-918.195997053577
-945.2929046560542
-947.8148695400783
-943.6387619422877
-908.5288120403817
-941.3279331049063
-932.6190942157798
-909.7921800569455
-945.7634956957558
-915.3437024481285
-940.4210097646933
-935.6018837783744
-973.5973164255169
-906.6354342341972
-916.2018557078278
-937.432996442241
-967.1119283157559
-940.016741132956
-949.4303174205639
-914.5650203546621
-944.3312921524048
-973.9793502877934
-967.9854009953513
-928.1419218212778
-918.0314590524418
-956.6224547926731
-945.1363443548229
-939.2885549167335
-930.4867580739035
-935.6669882321687
-978.1514168313022
-960.2711336645663
-977.122908848222
-936.3005386343749
-987.1016647980509
-926.3643120181176
-944.4788581918461
-997.6161092151694
-943.3495338545417
-947.6101709181263
-946.2178023729456
-969.3181236196773
-955.3404230741861
-946.065191594137
-1023.5115296851654
-986.4419626958909
-986.6656197842365
-999.4864345849385
-1005.7907366071429
-913.621970031668
-982.4451792492845
-970.8282792051816
-930.6909221350322
-963.1883351725917
-956.0663634972639
-935.3532216647803
-985.3300709878245
-939.9843715280981
-960.9753888037897
-947.5898770099411
-964.2694011481676
-923.8726344657933
-910.4498929845572
-960.0719205794796
-991.4492522736299
-992.847813118438
-947.5505077080793
-942.8725343519642
-945.255373836113
-949.8062864822177
-984.2371240431263
-982.7098353337583
-937.1128853125506
-912.7317385871289
-972.1256786645283
-943.1549443715179
-948.194651691595
-993.6853447136242
-984.2019375216577
-1009.1895539947369
-961.6998221577587
-950.0982974004087
-958.7181731061452
-986.354065205095
-1015.0733648906655
-1006.9385346531319
-1015.5258290339175
-958.9794879509008
-960.8580975071077
-985.6219198341194
-950.6057068961007
-984.2564545556697
-901.3516025543213
-959.9783116705406
-970.3817094020579
-1011.315919445407
-1030.2442802218247
-979.2983895578692
-984.2636373845114
-943.8376389428768
-1014.3847574682279
-994.6260843760407
-1003.5029623849051
-1017.7577272054787
-956.1496894590316
-940.249272219047
-987.4425986856909
-990.7328067199426
-968.6201354787097
-1003.841771138978
-975.3227641725321
-950.6761991790912
-952.8492601522103
-947.1435779624271
-962.5174915647726
-947.6447665482622
-970.2707274915986
-951.282715828188
-1005.1929119479272
-990.450175131521
-945.9033828243132
-1022.0854011570804
-938.1635758711996
-965.9000679051272
-935.4589245242457
-939.7938624790737
-962.6805976129348
-1002.756355602071
-953.8813902771418
-961.9273030153618
-977.2008615660777
-1021.4538267109251
-962.3377069921537
-997.0737780557799
-1000.9379989870133
-977.4173421134598
-913.0453027118735
-970.0432410877421
-976.2331752513411
-961.8031810395729
-963.9881470192413
-953.1773491784725
-1030.8917182184034
-942.6116373440087
-984.6737722141952
-933.4757229150166
-955.5252425022389
-937.0401957639351
-1017.5777284121184
-965.9179772231986
-934.0402745189755
-939.7151699857228
-941.189349069024
-982.0884643282209
-993.9509023499379
-1013.8411353326613
-1018.9464533230126
-1022.4425669727237
-1012.9676745014806
-985.3008168304021
-1014.2362941970474
-996.838520208262
-951.0310048397785
-984.5770356907823
-1006.5397445397443
-959.2167522588633
-1013.0716192008164
-913.4960216750748
-999.9539393587596
-992.2859645263391
-975.4193467258858
-950.0657247112644
-989.6435784370668
-937.4401366589806
-999.5345811272547
-993.8852217010639
-942.9902590211086
-987.7443592559357
-985.5575009534986
-998.8561159828291
-969.894386572772
-1008.0923518343455
-957.4121349000711
-1005.0786106707313
-1046.4883407733407
-957.608658258816
-956.7157925197056
-1045.5613565225206
-942.0702211582167
-1046.3638279822565
-1051.7800473156062
-992.638187672136
-995.9561290389382
-966.5275543757847
-962.5726177725375
-958.9192627058601
-922.4812872618575
-986.6339873564408
-949.573233116607
-1031.9390829763104
-950.0964453824654
-1026.4719076156616
-1015.4635006249775
-1016.6260700313726
-992.5758766490743
-1035.1539980980658
-998.892466567079
-1010.0768101951494
-1009.4251735704835
-979.9008099955897
-969.8421208078411
-1007.2705916303644
-986.3734668081257
-960.9603024144327
-1024.5019870617423
-1004.726930011802
-1013.8170699633761
-968.7250782487579
-986.0498661797168
-986.219595386136
-1013.7702152718048
-982.0023035673502
-972.7993742375879
-951.4191407058646
-994.0918480657762
-981.8609639972036
-944.4322707356396
-978.0427782260878
-950.1797502886865
-987.5581573451169
-1035.0625093807273
-1005.6727660306587
-1031.161978268953
-992.700334364368
-937.5103107663343
-1028.9557908581148
-990.9707334316271
-961.6903743128622
-960.7505196426322
-984.5848387265535
-969.8095371800084
-959.4931888844011
-1001.2900543740268
-957.6500852031093
-1028.5411239834975
-976.5899328064809
-1020.1055702789588
-1015.8644654937603
-973.9117946185274
-1010.5405987858223
-1044.3481325422015
-986.58909831948
-1010.0249364321133
-972.7803258412445
-1019.2500922251406
-1046.934825070992
-980.3040218089583
-935.3358543721213
-996.463143203665
-1021.2817134945074
-1017.2352924962198
-1000.3482908433483
-965.639533785631
-954.04583116171
-959.8198538222072
-1016.1137599219925
-989.7231006886003
-960.5123325470955
-961.5252751644855
-990.3822654864755
-958.5364292634797
-995.3215165204167
-989.1207799603862
-1023.3428401683333
-955.124034196001
-1059.4912118340417
-990.8006790793986
-1024.203139133717
-1004.1415356051538
-983.8052767300935
-984.3461535405454
-991.7085726162255
-985.2078410908923
-969.8380258907371
-1056.6788635957075
-987.469492477206
-988.5653866183374
-1018.6316091300156
-983.7681821480325
-983.9300395069034
-993.422068037745
-1036.3286454512777
-996.5704940233362
-1031.5063951861473
-1001.2053154800345
-1053.4063629115233
-1014.289922652706
-1037.7662432798043
-944.2298062935403
-999.6522813436623
-1023.888054597213
-1033.8756548622237
-1044.7894643968152
-1020.2756442935786
-986.1121873284266
-962.6815507686632
-968.3315271825834
-999.7414853495936
-1019.7317618884249
-1014.5228965864753
-1029.9876410137124
-982.3674002089259
-973.5735860024729
-1016.4716738511889
-1010.2128865114555
-1033.4112467260404
-1015.3797397877214
-1017.8963433366766
-999.0690645138789
-1009.4173950368908
-1023.5197170978317
-1032.4751909669094
-1034.8681167743173
-994.5668751237579
-1054.5254600981964
-982.2021402455695
-1012.8504286383703
-1014.1113942493491
-1005.707331415695
-1032.102373807661
-1034.6259512483798
-1054.0547841001764
-1022.7481318882534
-1040.352278538014
-1008.8105950179737
-1009.7873404015045
-1066.576082537251
-1030.6408103775868
-1025.460292675528
-1056.0037964851626
-984.163824476954
-967.7854420710269
-979.7226365963984
-1030.5301508749685
-972.9693963538666
-1004.8280318651331
-966.4182115458124
-1007.5059359326341
-1003.4512337188017
-996.9112000707107
-962.5635187373183
-1035.1144588136453
-955.6530714562412
-1058.3733749389648
-968.9375860855876
-966.4739463560043
-1000.9072304650936
-1028.4844694686924
-976.3272749377835
-999.254869636852
-1020.4892434502527
-974.3354562504501
-947.554266072638
-1028.9818588291994
-993.3714639690065
-1000.7014633389662
-992.9791496294434
-996.6800549239058
-1047.0595652496759
-1011.5228960590978
-992.6822088127312
-975.9650776507118
-1017.6058026854344
-977.5435528865058
-1015.6602331064813
-1029.0148287302886
-993.7020770657447
-1029.0774839902253
-987.492234032275
-963.0305941884968
-971.397893615582
-972.1022419380153
-1025.209729664886
-945.3043858049102
-1026.663338641417
-1068.4291694043418
-971.9997135856734
-1005.0276984992664
-893.2963868923451
-976.4245876892371
-1027.8881161949053
-1069.5337669970254
-1003.4648101384738
-983.6907247090669
-1007.28184048701
-948.4257290132584
-1008.5222275202176
-1014.4315469451764
-1002.0351262597994
-1026.973600818265
-1035.9259432603687
-951.3927411329911
-1005.4060389083652
-1007.5960243330574
-996.7675478886899
-999.4761187294112
-1013.148574117142
-1032.883450591619
-1010.9572236373128
-993.826364350209
-984.5326607348183
-964.7348168017128
-1032.2882832470027
-941.9274827983522
-996.792472804197
-999.9802195817094
-1058.2658106368808
-1038.0959713140392
-985.4904512238393
-969.8690798974807
-999.1705402690694
-969.0421860163113
-996.2754743725474
-1028.1648591212963
-964.7584334914036
-1019.7260152227867
-1043.7976276160384
-1022.6715963557019
-981.0131655222809
-1023.1107381774533
-1017.9363785493209
-989.4253289183164
-956.680096454884
-953.8315618752334
-955.99530284196
-1069.303346771249
-982.7770128074329
-1015.0062668268582
-1017.4493244496359
-974.9270923807874
-1006.8282677435105
-1022.6747140928347
-1056.9073101254653
-952.3809834845055
-949.3843045740084
-1019.6739660166376
-1005.6354322301627
-976.6994846537366
-1026.0536771446878
-1017.174484270509
-1010.7656899047887
-976.7467625349898
-1002.864705608737
-1014.2680548830516
-947.1157776441443
-1004.3314831905101
-1062.812510828818
-976.6383245617563
-985.3566967045657
-1017.4188581194196
-1006.5116902716148
-992.9509332850232
-1027.2017035253587
-1001.5369188335085
-1013.2106606971283
-982.1445974886143
-1014.4244936050907
-1017.1329085354431
-989.2534812892087
-1026.7330445320376
-1000.6873095815632
-1006.0581232237926
-1002.23585390715
-1047.6224025603265
-1025.8833140360045
-1025.430269267702
-975.1107519826581
-983.5009007607737
-953.8577381257088
-968.4832027452882
-1016.96021246141
-983.5587033566242
-989.4596376199327
-968.9313703791886
-1103.4236235025292
-1010.3471806939297
-1001.2975298094859
-958.020926145914
-1015.7348164677071
-997.791500671668
-985.4399032241189
-986.9608855928693
-1026.279420246177
-1044.3505195143036
-1051.0710858815278
-1046.2282584405714
-1022.1441269711964
-995.6003005559543
-1025.3428513838949
-975.0843716370895
-975.3928060575564
-1000.5559156215685
-999.7980521417434
-975.6721014119513
-1018.8442145492623
-1012.3330822430448
-1050.6316804314538
-988.9296330043247
-996.8862132938227
-1034.8024193196802
-1012.6542101038217
-1021.977908543178
-1025.538819554764
-976.6318774069509
-1032.1052831834363
-1020.2255760579615
-1001.3076414820237
-1064.863721115798
-1006.4661680300665
-1009.2336629700551
-1002.0503944471684
-1041.7959723758258
-1024.4725071076423
-1044.5219804790163
-1025.29214924052
-951.1057280263593
-1016.2884444135675
-1005.0097585361674
-1003.5021035374584
-990.9268801640806
-984.8565073540683
-1015.4297258227651
-1006.9041646438809
-1037.914653268278
-1062.9310375864056
-1030.7253699939922
-983.478271554692
-1046.2464889623052
-1011.045099653956
-1011.3860180235129
-940.2783648758989
-1027.3483348090529
-972.800717419743
-1061.9700847221409
-1006.9645601088001
-981.218870439837
-973.4117362554172
-1039.5253607226957
-1025.619842951199
-957.4262160903298
-945.2318545574417
-1016.0708430417671
-972.3271264106996
-1038.1678143899012
-962.9460707985311
-986.591926012171
-1003.465897713938
-1004.989971178468
-1032.09486967078
-987.1838960779428
-1059.2719617746943
-932.1595873590989
-990.4559291540752
-1001.2781679707189
-1033.262805745349
-996.6641533319852
-1006.6470848821824
-945.848757871285
-1028.9832601019864
-1037.6543421591482
-1027.489485569264
-995.6494321339691
-1028.672890311562
-998.0740829502932
-985.4871741088305
-1003.1874980135448
-1003.6731670045633
-996.9032649730208
-988.1073331701041
-1047.474230304841
-983.8435772311303
-1006.0190371500182
-1030.3012368514242
-1040.3917368040657
-1013.4209260896604
-1040.6600174618206
-1016.1062209309521
-1013.1990305113902
-1039.532424733386
-1073.128373247138
-1043.1140860983853
-1002.3601861241775
-974.4672884435697
-1066.0841124925746
-999.6344540152132
-973.1240158784225
-1064.9717450119933
-1029.6337116248046
-1038.8383989465951
-1059.7065021497313
-1058.102301531673
-965.0761187197426
-985.8428036957841
-1006.0593414284666
-1048.4998343858852
-1034.209817130445
-1039.7646017558013
-971.3413781372633
-1064.5949373552876
-996.7103870233633
-964.4217180568502
-996.2659399410546
-1001.4766074677217
-1037.2687710001721
-997.9671107426217
-998.3184091242777
-1032.0660296090737
-1005.6210063811271
-1042.478768133348
-995.7556797326436
-1047.6633361341767
-1031.8852948307442
-998.2240216655116
-1006.9103332203105
-999.8200048455445
-1022.7761818670457
-975.523833164971
-1036.1119729318928
-1035.7442359309043
-982.5624346842964
-1056.3652137018018
-985.6278398751114
-992.5239691800236
-1008.8425333357077
-1032.9103468793878
-964.3206936181416
-1018.7756396526565
-984.1355408875074
-1018.666555198107
-969.7832186474778
-1032.251694499073
-1037.2426205120878
-1009.4610049340033
-994.5604177729874
-1006.8194302589662
-969.8938978168821
-1037.4615167890277
-1039.65080521733
-1024.6431875624414
-1038.6308626557275
-967.1916792557536
-1003.5007799561672
-1014.8020885485108
-999.354105057255
-995.7600220711
-1029.805168116697
-974.4486948883479
-1008.2134652192691
-1053.3442320757747
-1020.2754380889752
-1058.760869496429
-1012.0853707098191
-1027.2821789842596
-1017.2283805460424
-1019.5777940881967
-1015.0749901978102
-1001.141379220145
-1070.4932252382903
-1013.4830439903769
-996.6342640582318
-990.4609907299692
-1002.8241683634744
-1034.6001530440722
-1012.6740550379599
-988.9694086417625
-997.6076696896882
-996.0604270548315
-989.9803882370346
-1017.410336419734
-950.9567003733551
-996.0665302188715
-1027.5052936571535
-1009.5815074235063
-1031.4084967687932
-981.0920072986233
-1022.747074742471
-1000.5851801155899
-1056.746169630833
-1054.5549100181474
-1000.6547019899166
-1041.9025499897618
-1044.1564527239118
-1021.1625182683566
-1029.5472855458063
-1020.4444284746723
-1025.7927559048348
-991.9269197261827
-1009.9771019368677
-1003.0094819838001
-1053.6687809640912
-1026.339484957506
-1033.808114188058
-1011.6861554862168
-1040.480326122952
-1057.6475704913864
-1046.3900780655822
-1004.424318586077
-1005.4409849808512
-991.00758136802
-1018.3548503822994
-1063.4162340999198
-1019.4977053969686
-998.3883407874041
-999.7142806338825
-963.8818527960008
-1025.3330354558707
-1005.203725001779
-1061.1454471201391
-1029.1280375361991
