0.19265316426753998, 0.0006278909859247506, 0.07223474979400635 
0.4123198390007019, 0.0005452786572277546, 0.09199637174606323 
0.44043654203414917, 0.00042340034269727767, 0.06154017895460129 
0.4619044363498688, 0.0001872480206657201, 0.05293791741132736 
0.38957440853118896, 8.267881639767438e-05, 0.030196787789463997 
0.3367217779159546, 5.150224023964256e-05, 0.02288229949772358 
0.24016104638576508, 4.0910283132689074e-05, 0.020738394930958748 
0.23004953563213348, 5.3194904467090964e-05, 0.018564501777291298 
0.3307798504829407, 0.00015761585382279009, 0.029166817665100098 
0.2454608678817749, 8.361079380847514e-05, 0.02420036867260933 
0.26895660161972046, 0.00010134492185898125, 0.031037461012601852 
0.24331076443195343, 7.715081301284954e-05, 0.02521243691444397 
0.29440876841545105, 6.156561721581966e-05, 0.021426744759082794 
0.1946353316307068, 2.2666272343485616e-05, 0.015292908996343613 
0.20020103454589844, 1.3452174243866466e-05, 0.008441231213510036 
0.2045639306306839, 1.5829607491468778e-06, 0.002482136944308877 
0.19238236546516418, 2.6065022211696487e-06, 0.0029343091882765293 
0.18351879715919495, 4.583697773341555e-06, 0.004339440725743771 
0.1458619385957718, 8.372904630959965e-06, 0.008798389695584774 
0.17832455039024353, 6.189383384480607e-06, 0.004242015071213245 
0.13931939005851746, 6.237039087864105e-06, 0.005633984226733446 
0.14817850291728973, 7.593658665427938e-06, 0.006995129864662886 
0.15030795335769653, 1.0896809726546053e-05, 0.009122980758547783 
0.14764030277729034, 1.8993077901541255e-05, 0.010849116370081902 
0.14475302398204803, 2.300399137311615e-05, 0.013845076784491539 
0.23653577268123627, 2.1669084162567742e-05, 0.012784164398908615 
0.17380128800868988, 1.7373244190821424e-05, 0.011446090415120125 
0.185005784034729, 1.53832406795118e-05, 0.010675214231014252 
0.21041330695152283, 1.333125965174986e-05, 0.009999849833548069 
0.3522133231163025, 1.3374767149798572e-05, 0.013151549734175205 
0.2535736560821533, 1.6130714357132092e-05, 0.01426759548485279 
0.2811131775379181, 1.7717988157528453e-05, 0.017174692824482918 
0.5967562794685364, 2.470779509167187e-05, 0.017335237935185432 
0.48955515027046204, 2.2352685846271925e-05, 0.01775703765451908 
0.5158947110176086, 2.680771103769075e-05, 0.02153967320919037 
0.5644285678863525, 3.371231650817208e-05, 0.022614600136876106 
0.5243092775344849, 4.2957391997333616e-05, 0.02880844660103321 
0.7841913104057312, 4.546378113445826e-05, 0.03380883112549782 
0.820846676826477, 5.753243021899834e-05, 0.0381496362388134 
1.1035798788070679, 8.850873564369977e-05, 0.045531973242759705 
0.9079588651657104, 0.0001249254128197208, 0.05238449200987816 
1.0573691129684448, 0.00017042634135577828, 0.061892323195934296 
1.076724648475647, 0.0002345605316804722, 0.08754744380712509 
1.1500039100646973, 0.0004204189754091203, 0.09491253644227982 
1.5487943887710571, 0.000759296992328018, 0.11706217378377914 
1.9718877077102661, 0.0011471444740891457, 0.19401083886623383 
1.583395004272461, 0.0020707291550934315, 0.22438590228557587 
1.7119325399398804, 0.0036099262069910765, 0.27987661957740784 
1.2727946043014526, 0.006581989582628012, 0.3407452404499054 
1.562754511833191, 0.008824855089187622, 0.32530534267425537 
1.7138357162475586, 0.01566694676876068, 0.5668830275535583 
2.1838583946228027, 0.02045365236699581, 0.5161951184272766 
1.822167158126831, 0.030830353498458862, 0.7293683290481567 
1.7929584980010986, 0.040855102241039276, 0.9715444445610046 
2.0905086994171143, 0.04260746017098427, 0.7879469990730286 
3.509969711303711, 0.0587533675134182, 0.9694728255271912 
2.138505220413208, 0.06400652974843979, 1.1603634357452393 
1.9851624965667725, 0.0662139281630516, 0.9630220532417297 
1.7651317119598389, 0.0646957978606224, 1.2962309122085571 
2.059966802597046, 0.0652136579155922, 1.0614769458770752 
2.064706563949585, 0.0858619287610054, 1.3209172487258911 
2.1493749618530273, 0.0961199700832367, 1.3498262166976929 
2.1650733947753906, 0.09629502147436142, 1.677048683166504 
1.786780595779419, 0.1138802170753479, 1.5584051609039307 
2.372807264328003, 0.09680196642875671, 1.5409694910049438 
1.7069467306137085, 0.10554362833499908, 1.4865171909332275 
3.2249131202697754, 0.12228316068649292, 1.3038040399551392 
3.055448293685913, 0.12076874077320099, 1.9334290027618408 
2.7785279750823975, 0.12107051908969879, 2.0124311447143555 
3.2978296279907227, 0.15586066246032715, 1.638170599937439 
3.0714011192321777, 0.15104731917381287, 1.5096510648727417 
3.5333757400512695, 0.157835453748703, 1.7782330513000488 
3.6178994178771973, 0.15678082406520844, 1.9902552366256714 
3.149275064468384, 0.12282417714595795, 1.8529361486434937 
2.8332035541534424, 0.14392627775669098, 1.940909504890442 
3.334451198577881, 0.14504459500312805, 1.8968486785888672 
4.0066609382629395, 0.17558494210243225, 1.8584319353103638 
3.5870189666748047, 0.15394845604896545, 2.2452332973480225 
3.5901613235473633, 0.16467726230621338, 2.2815053462982178 
3.1332950592041016, 0.1612023562192917, 2.2479090690612793 
4.742610454559326, 0.17429639399051666, 1.7486615180969238 
4.215030193328857, 0.1716901808977127, 2.2394702434539795 
5.3733367919921875, 0.16944493353366852, 2.1738264560699463 
4.7485032081604, 0.1756478101015091, 2.0905792713165283 
4.22368049621582, 0.1738487035036087, 2.6088473796844482 
5.5220561027526855, 0.18723049759864807, 2.006535053253174 
3.417097330093384, 0.1566399335861206, 2.6060774326324463 
5.866061210632324, 0.1821349710226059, 1.9539531469345093 
5.824679374694824, 0.187237948179245, 2.3092641830444336 
4.166936874389648, 0.1790255308151245, 2.160764455795288 
5.005871295928955, 0.18947090208530426, 2.013404369354248 
4.435009479522705, 0.17624089121818542, 2.4115138053894043 
5.978020668029785, 0.1874275952577591, 2.0234179496765137 
5.968130111694336, 0.19638147950172424, 2.3433165550231934 
5.090356349945068, 0.16504962742328644, 2.5409393310546875 
4.5736403465271, 0.1673937290906906, 1.971545696258545 
3.97393536567688, 0.1541992723941803, 2.9732720851898193 
6.5600714683532715, 0.2164110690355301, 2.2275824546813965 
4.638940811157227, 0.19022157788276672, 2.2504098415374756 
6.016409873962402, 0.1891467422246933, 2.5073704719543457 
5.233202934265137, 0.2180805206298828, 2.446450710296631 
4.6651082038879395, 0.17535176873207092, 2.497307062149048 
6.350584983825684, 0.22899146378040314, 2.7178380489349365 
5.853931427001953, 0.253846675157547, 2.789027452468872 
3.821162700653076, 0.20695148408412933, 2.8614518642425537 
5.647820472717285, 0.21552617847919464, 3.3153076171875 
5.822044372558594, 0.2514919340610504, 3.7415590286254883 
5.490446090698242, 0.24135573208332062, 3.4209325313568115 
6.897402286529541, 0.23539400100708008, 3.5733981132507324 
4.749107837677002, 0.2722054123878479, 3.637826681137085 
4.766292095184326, 0.2613087296485901, 3.2430431842803955 
4.662938594818115, 0.23948590457439423, 3.5697102546691895 
6.092799186706543, 0.262326717376709, 3.18027663230896 
5.024564266204834, 0.24742764234542847, 4.365204811096191 
5.317523956298828, 0.2747052013874054, 3.319166898727417 
6.255163669586182, 0.283856064081192, 3.7767105102539062 
6.229743957519531, 0.2842777371406555, 3.913119316101074 
7.3857293128967285, 0.34073373675346375, 3.96051287651062 
7.33074951171875, 0.28552934527397156, 4.109514236450195 
7.356909275054932, 0.3010564148426056, 3.178384780883789 
6.53604793548584, 0.30749624967575073, 3.8860461711883545 
7.713670253753662, 0.3157843351364136, 3.84669828414917 
7.8847761154174805, 0.3460161089897156, 3.539463758468628 
10.525345802307129, 0.31465333700180054, 4.239294528961182 
8.430563926696777, 0.3433658480644226, 3.1355607509613037 
7.240410804748535, 0.29318735003471375, 4.600564956665039 
8.129350662231445, 0.34761884808540344, 4.027580261230469 
8.459817886352539, 0.33136630058288574, 3.5267257690429688 
9.625322341918945, 0.328813761472702, 3.7411303520202637 
9.395480155944824, 0.3618680536746979, 4.380407333374023 
8.122169494628906, 0.3514034152030945, 3.2647945880889893 
7.010785102844238, 0.3545460104942322, 3.7310047149658203 
9.538330078125, 0.36330747604370117, 3.195929765701294 
9.363908767700195, 0.38789716362953186, 3.9121816158294678 
10.344511985778809, 0.3209770619869232, 4.237487316131592 
7.45244836807251, 0.3409497141838074, 3.6325223445892334 
7.296820163726807, 0.3222787082195282, 3.6055984497070312 
8.845619201660156, 0.3458336293697357, 3.2524654865264893 
8.64283275604248, 0.3616716265678406, 3.554903507232666 
12.81860637664795, 0.38539114594459534, 3.5150325298309326 
7.093880653381348, 0.33282479643821716, 3.9349687099456787 
17.898479461669922, 0.41379043459892273, 3.106766700744629 
10.737777709960938, 0.3899829685688019, 3.491795301437378 
8.841561317443848, 0.36947402358055115, 2.5206286907196045 
11.197649002075195, 0.3180253505706787, 4.1896562576293945 
13.299995422363281, 0.3691123425960541, 3.070063591003418 
11.586542129516602, 0.3614446520805359, 4.630323886871338 
9.408907890319824, 0.3565131425857544, 3.5677530765533447 
10.410144805908203, 0.3660132586956024, 3.464055061340332 
9.09929370880127, 0.32357287406921387, 4.432053565979004 
12.275274276733398, 0.3642052710056305, 3.506410837173462 
11.854808807373047, 0.33129486441612244, 4.57688045501709 
10.051874160766602, 0.30170905590057373, 4.214062213897705 
12.850860595703125, 0.3282606899738312, 4.477241039276123 
19.62811279296875, 0.3190186321735382, 2.994067430496216 
12.933923721313477, 0.3552747070789337, 4.270808219909668 
9.331493377685547, 0.28094905614852905, 3.3450920581817627 
11.744498252868652, 0.3452991545200348, 2.8557190895080566 
14.0353422164917, 0.3122817277908325, 3.601567029953003 
13.714155197143555, 0.4089548885822296, 2.5617918968200684 
19.69684600830078, 0.4390435814857483, 3.6918678283691406 
15.182662010192871, 0.37651631236076355, 3.3296077251434326 
15.267850875854492, 0.36448344588279724, 2.840670347213745 
12.233105659484863, 0.31027063727378845, 3.1090610027313232 
14.071724891662598, 0.42095378041267395, 2.8928699493408203 
18.40617561340332, 0.33393195271492004, 3.3403944969177246 
14.239166259765625, 0.37228843569755554, 3.1160566806793213 
15.360844612121582, 0.349172443151474, 2.6996243000030518 
18.540237426757812, 0.32559290528297424, 2.8777823448181152 
23.83883285522461, 0.4104127585887909, 3.277456045150757 
15.127187728881836, 0.29990091919898987, 2.380354166030884 
14.877199172973633, 0.3037627935409546, 4.20205545425415 
23.581626892089844, 0.35639461874961853, 3.179905652999878 
19.40503692626953, 0.3579528033733368, 3.507315158843994 
18.713685989379883, 0.32341668009757996, 3.251641035079956 
21.907337188720703, 0.4073622524738312, 3.9926042556762695 
17.18457794189453, 0.3565349280834198, 3.2569165229797363 
21.265405654907227, 0.3162411153316498, 3.202984571456909 
25.128158569335938, 0.3562183082103729, 2.835949659347534 
26.027084350585938, 0.3330172300338745, 2.4569272994995117 
18.929445266723633, 0.3022196292877197, 2.8804609775543213 
17.564273834228516, 0.28287744522094727, 3.8632469177246094 
19.84932518005371, 0.33563730120658875, 4.160674095153809 
19.88104248046875, 0.3119135797023773, 3.877211332321167 
17.40778350830078, 0.37049636244773865, 3.1381380558013916 
27.025634765625, 0.35332462191581726, 3.8754303455352783 
26.798748016357422, 0.33891376852989197, 3.8293299674987793 
30.07156753540039, 0.35803449153900146, 3.2062947750091553 
25.412368774414062, 0.3485974073410034, 2.5139102935791016 
26.570945739746094, 0.3214159309864044, 2.9312148094177246 
23.438634872436523, 0.319661945104599, 3.260854959487915 
25.72542381286621, 0.35602688789367676, 3.308720350265503 
23.412137985229492, 0.3055139482021332, 3.6887519359588623 
35.80765914916992, 0.31018635630607605, 3.2747833728790283 
11.342813491821289, 0.2765890657901764, 3.1843762397766113 
21.114797592163086, 0.44869494438171387, 4.05607271194458 
23.38136100769043, 0.34212160110473633, 2.5439577102661133 
21.998884201049805, 0.3627963066101074, 3.5434391498565674 
18.783370971679688, 0.3007609248161316, 3.9329655170440674 
31.511987686157227, 0.29209089279174805, 2.458138942718506 
18.994352340698242, 0.3129326403141022, 2.627336025238037 
24.88182830810547, 0.30848371982574463, 2.82238507270813 
40.58383560180664, 0.30433201789855957, 2.582949161529541 
18.386978149414062, 0.32344958186149597, 2.724686861038208 
24.03853988647461, 0.3243770897388458, 3.2894740104675293 
21.504728317260742, 0.2976885139942169, 3.5911996364593506 
38.702903747558594, 0.31693050265312195, 2.8719916343688965 
22.956607818603516, 0.300507128238678, 2.7278261184692383 
23.925792694091797, 0.3341338634490967, 2.0790786743164062 
28.086435317993164, 0.3120436668395996, 3.5835790634155273 
33.13777160644531, 0.3463778495788574, 2.736584424972534 
26.734041213989258, 0.3195331394672394, 2.0253026485443115 
19.517297744750977, 0.3177943229675293, 2.822453498840332 
21.127403259277344, 0.35129454731941223, 2.590334415435791 
20.249813079833984, 0.348352313041687, 2.6424057483673096 
25.194650650024414, 0.3056500554084778, 3.4626832008361816 
22.925783157348633, 0.29830652475357056, 3.003140449523926 
21.097658157348633, 0.35842981934547424, 3.5076653957366943 
27.786605834960938, 0.4065817892551422, 2.402287006378174 
28.710681915283203, 0.3706279993057251, 3.126655340194702 
34.32380676269531, 0.3136242926120758, 2.264312744140625 
35.167720794677734, 0.38256993889808655, 2.375917434692383 
35.78120803833008, 0.3689732551574707, 2.569751739501953 
29.02915382385254, 0.3373628258705139, 1.9461910724639893 
27.350358963012695, 0.2873820662498474, 2.924675226211548 
31.793176651000977, 0.42498478293418884, 3.3339152336120605 
26.14984130859375, 0.36401569843292236, 3.462367057800293 
26.432689666748047, 0.30522075295448303, 2.2422120571136475 
34.25254440307617, 0.3289407789707184, 2.8709285259246826 
22.140853881835938, 0.3343217670917511, 2.741062879562378 
23.01116943359375, 0.2690794765949249, 3.9957804679870605 
38.745819091796875, 0.4062291383743286, 2.985093116760254 
43.175537109375, 0.3556562066078186, 2.5823612213134766 
29.972070693969727, 0.3473634719848633, 1.949205994606018 
35.327293395996094, 0.37948688864707947, 2.4383902549743652 
20.312856674194336, 0.3338579535484314, 2.659160614013672 
22.89513397216797, 0.28588610887527466, 2.7602803707122803 
19.685176849365234, 0.35660210251808167, 2.880171298980713 
33.66551208496094, 0.35459160804748535, 2.703108310699463 
25.55817985534668, 0.3172146677970886, 2.6109752655029297 
28.877412796020508, 0.3115047216415405, 3.0381596088409424 
25.652090072631836, 0.29630836844444275, 2.3011045455932617 
32.88725280761719, 0.3229736089706421, 1.9158601760864258 
43.034271240234375, 0.31223398447036743, 1.9110805988311768 
34.3523063659668, 0.36251044273376465, 1.8929762840270996 
29.43316650390625, 0.3057291507720947, 2.5804426670074463 
49.485984802246094, 0.3288830518722534, 2.7925736904144287 
37.780094146728516, 0.34923669695854187, 2.2765934467315674 
28.448139190673828, 0.35009878873825073, 2.3331246376037598 
28.850074768066406, 0.34758055210113525, 2.496318817138672 
52.27772521972656, 0.30355554819107056, 2.7631309032440186 
30.239280700683594, 0.28056859970092773, 2.963770866394043 
35.6349983215332, 0.30947718024253845, 3.0708017349243164 
28.895957946777344, 0.27927491068840027, 2.822067975997925 
37.3772087097168, 0.31955039501190186, 2.471865177154541 
34.505863189697266, 0.30987387895584106, 2.1824326515197754 
33.59422302246094, 0.35178348422050476, 2.65140700340271 
22.222078323364258, 0.2596914768218994, 2.3285365104675293 
38.07579040527344, 0.325149267911911, 3.691643714904785 
35.067710876464844, 0.3914329707622528, 2.7383458614349365 
35.623016357421875, 0.3566126227378845, 2.3109753131866455 
41.889312744140625, 0.28704729676246643, 1.375766396522522 
39.099937438964844, 0.3427295386791229, 2.830678701400757 
34.58021926879883, 0.3485943078994751, 1.9245390892028809 
40.33503723144531, 0.3353993594646454, 2.829608678817749 
45.4759635925293, 0.3023579716682434, 2.7573254108428955 
28.64561653137207, 0.33588486909866333, 1.9045817852020264 
38.29617691040039, 0.3261668086051941, 2.5648505687713623 
36.50607681274414, 0.3175501227378845, 2.354858875274658 
22.887348175048828, 0.30119046568870544, 3.382861852645874 
37.03826904296875, 0.29723185300827026, 2.0374724864959717 
28.592361450195312, 0.3002774715423584, 2.8284342288970947 
38.068878173828125, 0.36732470989227295, 2.392317295074463 
35.277130126953125, 0.3217259347438812, 3.3080413341522217 
34.31060028076172, 0.26300299167633057, 2.126525402069092 
22.492477416992188, 0.23857538402080536, 2.0713915824890137 
35.50182342529297, 0.28417202830314636, 3.049797534942627 
25.001611709594727, 0.24487601220607758, 2.5827596187591553 
27.867036819458008, 0.24308398365974426, 2.177981376647949 
36.61289978027344, 0.3118889629840851, 1.9012986421585083 
25.21237564086914, 0.3328007459640503, 2.3191351890563965 
38.687416076660156, 0.433932900428772, 2.604551076889038 
35.42523956298828, 0.3280249238014221, 2.0196263790130615 
35.307350158691406, 0.28675469756126404, 2.668843984603882 
44.42439651489258, 0.31955596804618835, 2.268221616744995 
29.016237258911133, 0.3043842613697052, 2.199845790863037 
47.0287971496582, 0.40279000997543335, 2.935793399810791 
75.86811828613281, 0.3924039304256439, 2.2000069618225098 
37.59340286254883, 0.39586496353149414, 2.9738998413085938 
32.08325958251953, 0.32023337483406067, 3.5024406909942627 
39.010799407958984, 0.3783729076385498, 2.414146661758423 
61.619102478027344, 0.2903788983821869, 3.011500835418701 
40.82648468017578, 0.32221728563308716, 2.265580654144287 
28.928239822387695, 0.3562754988670349, 2.6065025329589844 
26.955320358276367, 0.34679171442985535, 2.662491798400879 
33.4087028503418, 0.3683633804321289, 3.7219479084014893 
46.31882095336914, 0.3347375690937042, 3.1229114532470703 
39.11435317993164, 0.32890549302101135, 2.830700635910034 
32.246822357177734, 0.3452374339103699, 2.190495729446411 
35.32953643798828, 0.2818838059902191, 1.5178861618041992 
44.44062042236328, 0.3136960566043854, 3.174928665161133 
37.56996154785156, 0.36065778136253357, 2.7884814739227295 
33.310420989990234, 0.3038741946220398, 2.259312629699707 
37.96158981323242, 0.33900293707847595, 2.423511266708374 
25.05293083190918, 0.3027474582195282, 2.8141584396362305 
28.868968963623047, 0.27141961455345154, 1.9405879974365234 
39.517578125, 0.33028483390808105, 2.8814809322357178 
45.19222640991211, 0.3127346932888031, 1.9237536191940308 
31.66073226928711, 0.34138381481170654, 2.5849342346191406 
30.799930572509766, 0.31130945682525635, 2.523273468017578 
37.038143157958984, 0.27848565578460693, 2.224318504333496 
29.21427345275879, 0.30551087856292725, 1.837063193321228 
39.959163665771484, 0.34179338812828064, 2.2934157848358154 
41.74371337890625, 0.3452534079551697, 2.9320507049560547 
32.32957458496094, 0.31653478741645813, 2.247652769088745 
48.53751754760742, 0.3552209436893463, 1.5678846836090088 
45.201210021972656, 0.3795028030872345, 2.049154281616211 
55.08506774902344, 0.32319751381874084, 3.2136969566345215 
35.621307373046875, 0.3183322846889496, 2.8804454803466797 
41.29793930053711, 0.3157553970813751, 1.551894187927246 
37.656150817871094, 0.34789568185806274, 1.6164271831512451 
47.99956512451172, 0.31157970428466797, 3.0981128215789795 
32.99964904785156, 0.3592442274093628, 2.3217618465423584 
38.39216232299805, 0.2436901032924652, 2.7542383670806885 
30.4543514251709, 0.3377148509025574, 1.9854053258895874 
39.60593795776367, 0.2804964780807495, 2.980320453643799 
42.89898681640625, 0.38857096433639526, 2.613603115081787 
33.244754791259766, 0.2928588390350342, 1.625341534614563 
40.61244201660156, 0.3229787349700928, 3.0282347202301025 
42.99477005004883, 0.2847321629524231, 2.2529468536376953 
76.0443344116211, 0.3517749607563019, 2.0205860137939453 
43.240108489990234, 0.37786659598350525, 2.024218797683716 
61.23646926879883, 0.3012576997280121, 2.6524226665496826 
32.462833404541016, 0.26646557450294495, 2.333699941635132 
58.84967803955078, 0.3518834412097931, 2.2893946170806885 
42.5616340637207, 0.3222258985042572, 2.2585275173187256 
56.5609130859375, 0.31467193365097046, 2.2775728702545166 
33.36555480957031, 0.3044491708278656, 1.5591458082199097 
61.26887130737305, 0.32053011655807495, 1.7622185945510864 
42.80418014526367, 0.34911954402923584, 2.2792465686798096 
59.702064514160156, 0.39562785625457764, 2.5622994899749756 
46.736968994140625, 0.33745846152305603, 2.1173181533813477 
38.18129348754883, 0.3606046140193939, 2.8082821369171143 
27.073984146118164, 0.24515891075134277, 2.075399398803711 
54.337886810302734, 0.31233838200569153, 2.2252180576324463 
31.257892608642578, 0.2863295376300812, 2.1737802028656006 
42.20236587524414, 0.28728216886520386, 2.4442782402038574 
40.48455810546875, 0.25782310962677, 1.8599239587783813 
51.84888458251953, 0.30312013626098633, 1.5540424585342407 
31.88941764831543, 0.30648598074913025, 2.2255823612213135 
41.03621292114258, 0.47300687432289124, 3.253068447113037 
55.7521858215332, 0.3182263672351837, 3.6946380138397217 
37.64002990722656, 0.27686265110969543, 2.0474019050598145 
45.99204635620117, 0.29590335488319397, 2.1837525367736816 
46.39850616455078, 0.27449744939804077, 1.6228504180908203 
53.822715759277344, 0.28612297773361206, 2.0401229858398438 
48.74791717529297, 0.36448177695274353, 1.9015223979949951 
39.18680191040039, 0.2913213074207306, 1.7673016786575317 
44.822601318359375, 0.3308761715888977, 2.1080546379089355 
37.693485260009766, 0.375392884016037, 1.9194923639297485 
64.86906433105469, 0.37532109022140503, 2.3738481998443604 
52.828887939453125, 0.301556259393692, 2.3551864624023438 
54.28459930419922, 0.3063645362854004, 1.9619824886322021 
36.626930236816406, 0.2749794125556946, 1.765434980392456 
34.859466552734375, 0.35053780674934387, 2.3088042736053467 
66.29360961914062, 0.3336988687515259, 2.5202059745788574 
58.654380798339844, 0.2889888882637024, 1.6304423809051514 
85.8240737915039, 0.3052070736885071, 1.661449909210205 
34.41421890258789, 0.2945060729980469, 1.328271508216858 
42.30429458618164, 0.3231157660484314, 2.091038703918457 
37.118797302246094, 0.2879661023616791, 2.1892054080963135 
36.834266662597656, 0.31468096375465393, 2.1479132175445557 
32.694488525390625, 0.30688369274139404, 1.7755881547927856 
57.43061447143555, 0.2866276204586029, 2.89043927192688 
43.78916549682617, 0.33855947852134705, 2.573718786239624 
44.956382751464844, 0.2657623589038849, 1.5726968050003052 
29.65338134765625, 0.31666100025177, 2.307635545730591 
34.06666946411133, 0.30272144079208374, 2.0116305351257324 
58.33952713012695, 0.3168606758117676, 2.8207011222839355 
43.84665298461914, 0.2973063290119171, 1.6133300065994263 
47.6227912902832, 0.3188811242580414, 2.267036199569702 
66.86946868896484, 0.2853047251701355, 1.9216854572296143 
33.91721725463867, 0.33158716559410095, 1.7308316230773926 
44.25797653198242, 0.23997922241687775, 1.9028682708740234 
45.2506217956543, 0.3285794258117676, 2.4835093021392822 
52.10802459716797, 0.3402807414531708, 3.384110450744629 
43.85062789916992, 0.28488871455192566, 2.1217689514160156 
72.81471252441406, 0.28917089104652405, 1.980348825454712 
36.481468200683594, 0.2782944440841675, 1.278091549873352 
54.3964729309082, 0.2857081890106201, 1.2949285507202148 
74.23585510253906, 0.2896451950073242, 2.1202290058135986 
48.22624969482422, 0.28344762325286865, 1.9054096937179565 
44.74836349487305, 0.25545257329940796, 1.7180912494659424 
66.10614776611328, 0.37185946106910706, 2.307734966278076 
38.05269241333008, 0.31385624408721924, 1.7677793502807617 
53.105506896972656, 0.2825133502483368, 2.22892689704895 
47.16395568847656, 0.29700058698654175, 2.4589455127716064 
52.27088928222656, 0.3028603792190552, 1.7205547094345093 
44.34211730957031, 0.28671085834503174, 2.210435152053833 
33.937828063964844, 0.32221803069114685, 2.3001022338867188 
60.38740921020508, 0.329921156167984, 2.1378366947174072 
32.875526428222656, 0.27593040466308594, 2.0824930667877197 
47.13032531738281, 0.27564185857772827, 2.1623098850250244 
57.206878662109375, 0.24996842443943024, 1.8973616361618042 
42.698978424072266, 0.31626275181770325, 1.7323212623596191 
81.24702453613281, 0.28665006160736084, 2.1371138095855713 
34.33406448364258, 0.22307665646076202, 1.8226624727249146 
52.2423095703125, 0.2840059697628021, 1.8634958267211914 
46.17838668823242, 0.31310227513313293, 1.7134867906570435 
49.51398468017578, 0.3469662666320801, 1.5309174060821533 
44.5383415222168, 0.2757601737976074, 2.4340033531188965 
42.625083923339844, 0.22150449454784393, 1.5936199426651 
75.61732482910156, 0.37154340744018555, 3.6704788208007812 
45.7482795715332, 0.25273963809013367, 2.3488497734069824 
32.895442962646484, 0.26263999938964844, 2.196770191192627 
44.32902526855469, 0.32516661286354065, 2.6131954193115234 
42.345603942871094, 0.333838552236557, 2.2626943588256836 
68.38983154296875, 0.2627657353878021, 2.1089181900024414 
51.7619514465332, 0.29782262444496155, 1.4164878129959106 
62.14432144165039, 0.3215724229812622, 1.7138103246688843 
54.98854446411133, 0.32783132791519165, 1.1246092319488525 
60.97550964355469, 0.31978294253349304, 2.27376651763916 
84.57376861572266, 0.33262237906455994, 2.3959641456604004 
61.950927734375, 0.32163456082344055, 1.7927758693695068 
63.519927978515625, 0.28354141116142273, 2.699207067489624 
51.61841583251953, 0.31925225257873535, 1.4560035467147827 
41.03639221191406, 0.28251081705093384, 1.6825037002563477 
59.3455810546875, 0.31668612360954285, 2.3546199798583984 
43.50337600708008, 0.30876871943473816, 1.654333233833313 
65.1771240234375, 0.30647921562194824, 2.1951935291290283 
45.76968002319336, 0.34655189514160156, 2.1485095024108887 
73.99247741699219, 0.36487120389938354, 2.623523235321045 
39.97119903564453, 0.2682037651538849, 1.5548287630081177 
53.638580322265625, 0.2425110638141632, 2.159749746322632 
48.29601287841797, 0.253810852766037, 2.681044816970825 
47.00252914428711, 0.2621256411075592, 1.9198116064071655 
33.25859069824219, 0.3107319474220276, 2.9103050231933594 
46.337581634521484, 0.3671841323375702, 1.7972286939620972 
54.83428192138672, 0.31910237669944763, 1.8829901218414307 
51.945552825927734, 0.26876574754714966, 1.6872193813323975 
36.97080993652344, 0.3432985544204712, 2.054093360900879 
35.15239715576172, 0.2701948583126068, 3.660177230834961 
44.108848571777344, 0.40018847584724426, 2.456467866897583 
43.09184646606445, 0.2543763220310211, 1.609874963760376 
51.454833984375, 0.2619871199131012, 2.069856643676758 
53.64720916748047, 0.3081445097923279, 1.7892329692840576 
55.70933151245117, 0.34926044940948486, 2.4935765266418457 
47.85483932495117, 0.23630473017692566, 2.352876901626587 
74.68295288085938, 0.40978050231933594, 1.754045009613037 
47.247474670410156, 0.2601330876350403, 1.6228581666946411 
56.15535354614258, 0.30431339144706726, 1.6247568130493164 
40.59614944458008, 0.2746027410030365, 1.439777135848999 
59.71544647216797, 0.27905192971229553, 2.476531982421875 
41.12582015991211, 0.3212786316871643, 2.0557150840759277 
50.01555252075195, 0.32138609886169434, 1.8779628276824951 
35.73583221435547, 0.2603689432144165, 1.1909748315811157 
54.638275146484375, 0.3333710730075836, 1.8905314207077026 
46.969905853271484, 0.33083096146583557, 1.6963927745819092 
54.15468215942383, 0.3101910948753357, 1.4770368337631226 
35.0794563293457, 0.28015875816345215, 1.473013997077942 
50.04536437988281, 0.2618720531463623, 1.3330256938934326 
45.94050979614258, 0.29259854555130005, 1.059251070022583 
46.593605041503906, 0.3251984715461731, 1.7209323644638062 
54.21141052246094, 0.3153707683086395, 2.149219274520874 
122.77374267578125, 0.34028759598731995, 2.5000717639923096 
36.3857536315918, 0.32354217767715454, 1.8469154834747314 
44.66421890258789, 0.3516558110713959, 1.7852050065994263 
80.43272399902344, 0.3251875042915344, 1.6949490308761597 
45.415260314941406, 0.24097776412963867, 1.585815668106079 
63.43716049194336, 0.2560681402683258, 1.597411036491394 
54.851707458496094, 0.2657625675201416, 2.260770797729492 
50.02019500732422, 0.3109336793422699, 1.3225600719451904 
56.3181037902832, 0.2590283751487732, 1.3685288429260254 
49.818641662597656, 0.34851473569869995, 2.4254043102264404 
78.52626037597656, 0.29524198174476624, 2.1382453441619873 
52.86381530761719, 0.25082123279571533, 2.0797672271728516 
56.6868896484375, 0.3484102785587311, 2.059145927429199 
50.64719009399414, 0.36687514185905457, 2.0338499546051025 
55.36365509033203, 0.2726784944534302, 2.372894525527954 
61.93280029296875, 0.319158673286438, 1.6656558513641357 
55.57588577270508, 0.27043959498405457, 1.6592622995376587 
66.68151092529297, 0.2891397774219513, 2.1666440963745117 
46.4399528503418, 0.3266255557537079, 1.7333840131759644 
63.20315933227539, 0.27047380805015564, 1.6448742151260376 
39.93341827392578, 0.2896290719509125, 1.132473349571228 
73.8453140258789, 0.27337607741355896, 1.3926880359649658 
69.53348541259766, 0.295352965593338, 1.3414186239242554 
41.64854049682617, 0.31086277961730957, 1.9906158447265625 
75.55284118652344, 0.29940882325172424, 2.4909753799438477 
57.56630325317383, 0.31859490275382996, 2.0731735229492188 
46.90217208862305, 0.2750887870788574, 1.801615834236145 
71.19020080566406, 0.3059583902359009, 2.114285707473755 
43.31293487548828, 0.3232869803905487, 0.943070650100708 
71.5640640258789, 0.29762983322143555, 2.3485894203186035 
48.87240219116211, 0.30262643098831177, 2.0595486164093018 
52.48030471801758, 0.31657105684280396, 1.884504795074463 
70.65955352783203, 0.33261677622795105, 2.8627777099609375 
57.99813461303711, 0.2885771095752716, 2.0120785236358643 
96.1966323852539, 0.2972439229488373, 1.8449333906173706 
86.17310333251953, 0.3130582571029663, 1.9343897104263306 
107.41661834716797, 0.271409273147583, 1.8760696649551392 
50.51626205444336, 0.295065701007843, 2.1498913764953613 
38.184391021728516, 0.2693529427051544, 2.030315637588501 
55.82343673706055, 0.25529029965400696, 2.1131887435913086 
74.809814453125, 0.27809298038482666, 1.2607394456863403 
44.62289810180664, 0.25453126430511475, 2.109560012817383 
79.28478240966797, 0.3485392928123474, 1.948252558708191 
64.89727783203125, 0.2606590688228607, 1.7492319345474243 
74.60355377197266, 0.29069143533706665, 1.235002040863037 
34.467464447021484, 0.28110626339912415, 1.3101931810379028 
90.0727310180664, 0.3284870386123657, 2.6660845279693604 
59.895347595214844, 0.30001768469810486, 1.8963069915771484 
39.163936614990234, 0.3031041622161865, 2.420476198196411 
60.67532730102539, 0.30249911546707153, 1.4699244499206543 
64.55845642089844, 0.3215864896774292, 2.076784133911133 
60.539886474609375, 0.3267403841018677, 1.2986376285552979 
55.877933502197266, 0.2738540470600128, 2.592694044113159 
62.42735290527344, 0.28788241744041443, 2.2282867431640625 
58.361385345458984, 0.2610638737678528, 1.4689137935638428 
54.6911735534668, 0.30892646312713623, 2.569917678833008 
52.19121170043945, 0.2851148843765259, 1.0592193603515625 
98.32122802734375, 0.31719279289245605, 1.8367055654525757 
93.08811950683594, 0.39640548825263977, 1.7053390741348267 
42.70656967163086, 0.30626919865608215, 2.273277997970581 
95.90676879882812, 0.37810418009757996, 2.36456298828125 
55.19192886352539, 0.2548178732395172, 1.8730636835098267 
56.28034973144531, 0.2793436646461487, 2.0300779342651367 
53.483055114746094, 0.2739855945110321, 1.8460239171981812 
81.76087951660156, 0.2638392746448517, 1.701971411705017 
34.143798828125, 0.2553921341896057, 0.6833660006523132 
61.12774658203125, 0.32936492562294006, 3.0904312133789062 
51.69355010986328, 0.23177029192447662, 1.413779377937317 
79.87965393066406, 0.32671788334846497, 1.1853530406951904 
48.43375015258789, 0.32642072439193726, 1.9508275985717773 
77.1615982055664, 0.29026955366134644, 2.7891931533813477 
45.48091506958008, 0.2573980391025543, 2.540482521057129 
62.79966735839844, 0.3053482472896576, 2.2237772941589355 
51.19822692871094, 0.2776232659816742, 1.3965330123901367 
53.79901885986328, 0.30479586124420166, 1.2294707298278809 
71.46593475341797, 0.3535800278186798, 1.1625103950500488 
45.876712799072266, 0.3054228127002716, 1.2715275287628174 
54.9749755859375, 0.2952362298965454, 2.371886968612671 
63.70455551147461, 0.3429226279258728, 3.0883407592773438 
48.87566375732422, 0.22004005312919617, 2.3835439682006836 
62.48154830932617, 0.33168014883995056, 2.0943996906280518 
47.439857482910156, 0.2878205180168152, 1.5656510591506958 
80.69344329833984, 0.3347257077693939, 1.5091767311096191 
57.408287048339844, 0.3403031826019287, 1.586308479309082 
62.26911163330078, 0.31251075863838196, 1.71444571018219 
61.30439758300781, 0.29840612411499023, 2.6290276050567627 
89.5546875, 0.23732315003871918, 2.4588937759399414 
60.43071365356445, 0.27789726853370667, 2.465369939804077 
49.90449523925781, 0.3133544325828552, 1.5710593461990356 
63.71143341064453, 0.2823045551776886, 2.067636728286743 
62.968955993652344, 0.2710198163986206, 1.8193318843841553 
80.54458618164062, 0.358597993850708, 1.4636937379837036 
54.28910446166992, 0.3347085416316986, 1.9996750354766846 
65.87882995605469, 0.36263129115104675, 1.5851155519485474 
59.255157470703125, 0.25471270084381104, 1.5854759216308594 
65.24501037597656, 0.30140221118927, 1.6975202560424805 
57.460968017578125, 0.29106104373931885, 1.5047290325164795 
50.89373016357422, 0.27786171436309814, 1.1853384971618652 
80.32185363769531, 0.2477240264415741, 1.5784765481948853 
74.4229507446289, 0.24590909481048584, 2.153383731842041 
56.35054397583008, 0.26681020855903625, 1.341869592666626 
111.0828857421875, 0.3618428409099579, 1.858970046043396 
57.33059310913086, 0.2672395706176758, 1.0748025178909302 
122.8097152709961, 0.2703540623188019, 0.9989567399024963 
49.14456558227539, 0.3558109700679779, 2.116866111755371 
105.21742248535156, 0.364007830619812, 1.9488868713378906 
39.30061721801758, 0.2927688658237457, 2.4223885536193848 
51.0573616027832, 0.24344447255134583, 1.31455397605896 
60.43220520019531, 0.35150694847106934, 1.3337616920471191 
51.03546142578125, 0.2560191750526428, 2.466144323348999 
66.82747650146484, 0.2687077522277832, 1.312715768814087 
59.50273895263672, 0.30683112144470215, 1.0224475860595703 
46.51655578613281, 0.32459327578544617, 2.0441091060638428 
50.52985763549805, 0.30302107334136963, 2.176232099533081 
67.93448638916016, 0.2994559407234192, 2.246147394180298 
68.02487182617188, 0.2654782831668854, 2.016181707382202 
70.55168914794922, 0.2885925769805908, 1.0119009017944336 
133.10850524902344, 0.2973707318305969, 1.5469368696212769 
56.79117202758789, 0.33155372738838196, 1.2795416116714478 
79.17218780517578, 0.2897898852825165, 1.7153958082199097 
44.97552490234375, 0.2889096736907959, 1.8656249046325684 
65.8810806274414, 0.3308665156364441, 1.5508334636688232 
70.62187194824219, 0.26206526160240173, 1.844670295715332 
58.72799301147461, 0.3079376518726349, 0.9797166585922241 
80.39911651611328, 0.3339010179042816, 2.094836950302124 
53.267913818359375, 0.2594563663005829, 1.6669235229492188 
74.0451889038086, 0.3237428367137909, 1.766789436340332 
75.46222686767578, 0.29519322514533997, 1.7984274625778198 
53.631248474121094, 0.31128546595573425, 3.999239444732666 
90.98287200927734, 0.2591366469860077, 1.9341695308685303 
62.88800048828125, 0.2726540267467499, 1.2003412246704102 
47.31850814819336, 0.2729145288467407, 0.7088460326194763 
64.79448699951172, 0.26226603984832764, 1.8268731832504272 
71.35121154785156, 0.3028145432472229, 1.4725443124771118 
61.2513427734375, 0.2673872113227844, 2.2442760467529297 
44.92439270019531, 0.2716737389564514, 1.7295533418655396 
87.518310546875, 0.24721014499664307, 1.7021141052246094 
83.31455993652344, 0.35067492723464966, 1.447767734527588 
63.81557846069336, 0.3310917317867279, 1.5742716789245605 
43.7978515625, 0.25444504618644714, 0.8788725137710571 
72.57845306396484, 0.29979202151298523, 1.163454294204712 
65.90756225585938, 0.2963719964027405, 1.025117039680481 
46.27721405029297, 0.26191598176956177, 1.1460539102554321 
65.07125091552734, 0.3336316645145416, 2.256795883178711 
60.34352493286133, 0.26374635100364685, 1.0521533489227295 
77.28770446777344, 0.28567174077033997, 1.3908202648162842 
61.93730926513672, 0.21835395693778992, 1.0445603132247925 
131.68678283691406, 0.30185097455978394, 1.3142691850662231 
62.420448303222656, 0.30419257283210754, 2.261479616165161 
55.5087890625, 0.3032783269882202, 2.383042335510254 
111.64276885986328, 0.2724749445915222, 1.237083911895752 
51.69662094116211, 0.2599846422672272, 1.4632925987243652 
47.61521911621094, 0.2854239046573639, 1.0049008131027222 
40.58819580078125, 0.33779504895210266, 0.7978901863098145 
85.93344116210938, 0.33221396803855896, 1.215787410736084 
81.81067657470703, 0.25719597935676575, 1.2078642845153809 
44.11128616333008, 0.30721500515937805, 2.396531105041504 
66.17729949951172, 0.2752862870693207, 1.0025230646133423 
67.441650390625, 0.34056544303894043, 2.1745028495788574 
75.97281646728516, 0.3278075158596039, 1.9711002111434937 
119.28555297851562, 0.2858210504055023, 1.6199615001678467 
55.916595458984375, 0.24329052865505219, 1.833823800086975 
69.46646881103516, 0.35700052976608276, 1.3428637981414795 
51.87470626831055, 0.2548069953918457, 1.127926230430603 
63.65534591674805, 0.28291991353034973, 2.0526344776153564 
67.6841812133789, 0.31699755787849426, 1.800999402999878 
116.15257263183594, 0.2719643712043762, 1.6918638944625854 
53.26115798950195, 0.3245440125465393, 2.2951624393463135 
52.06454849243164, 0.2764071524143219, 2.8481593132019043 
57.149314880371094, 0.3189642131328583, 2.4025485515594482 
87.74569702148438, 0.24422569572925568, 2.1989855766296387 
62.06670379638672, 0.30289340019226074, 1.7195297479629517 
68.6519546508789, 0.2916669547557831, 2.3183064460754395 
79.98173522949219, 0.2841150164604187, 1.2267459630966187 
55.50669479370117, 0.27732059359550476, 2.111067533493042 
64.94776153564453, 0.30136293172836304, 1.6212482452392578 
52.65000915527344, 0.3589206039905548, 2.0229623317718506 
90.17819213867188, 0.30881577730178833, 2.079409122467041 
83.27632141113281, 0.30534258484840393, 1.922391653060913 
44.414485931396484, 0.2670499384403229, 1.6109331846237183 
175.71580505371094, 0.291009783744812, 2.2087268829345703 
51.65818405151367, 0.33141669631004333, 4.4725446701049805 
45.32669448852539, 0.2832058072090149, 1.785631537437439 
115.45156860351562, 0.3777569830417633, 3.8514981269836426 
49.68476867675781, 0.29951444268226624, 1.3767333030700684 
96.40081787109375, 0.27933210134506226, 2.289484739303589 
42.218772888183594, 0.29004448652267456, 1.7776050567626953 
65.47435760498047, 0.2949063777923584, 2.5711441040039062 
53.643943786621094, 0.29198020696640015, 2.1100497245788574 
54.18336868286133, 0.2921503484249115, 1.9122288227081299 
71.15399169921875, 0.285693883895874, 1.4912415742874146 
51.22228240966797, 0.3287035822868347, 2.3028135299682617 
62.514766693115234, 0.2745599150657654, 1.7148284912109375 
52.35795974731445, 0.3174888789653778, 3.0952107906341553 
89.21910095214844, 0.27634450793266296, 1.7964264154434204 
86.45911407470703, 0.2822607457637787, 1.8913018703460693 
82.52679443359375, 0.2769433259963989, 2.064741611480713 
37.65886306762695, 0.29343441128730774, 1.8652465343475342 
78.27598571777344, 0.31774720549583435, 1.2224557399749756 
64.46046447753906, 0.32861652970314026, 2.2415812015533447 
37.292869567871094, 0.2637577950954437, 1.7731740474700928 
69.30966186523438, 0.31855154037475586, 1.558363676071167 
50.301692962646484, 0.3230723738670349, 2.3837218284606934 
69.0013427734375, 0.30652788281440735, 3.6174228191375732 
58.26322937011719, 0.3526743948459625, 3.17097544670105 
128.99017333984375, 0.3005618155002594, 2.4607460498809814 
46.664825439453125, 0.24709057807922363, 1.730970025062561 
48.751895904541016, 0.3027101755142212, 1.1882712841033936 
49.229732513427734, 0.3181171119213104, 1.1828117370605469 
50.1196403503418, 0.3087596595287323, 1.0222792625427246 
67.79896545410156, 0.34504690766334534, 1.9459091424942017 
76.24837493896484, 0.33313921093940735, 2.2581236362457275 
83.15666961669922, 0.41766393184661865, 2.2567460536956787 
56.8480339050293, 0.3526434898376465, 1.9613004922866821 
57.20528793334961, 0.3119651675224304, 2.165496587753296 
51.12825393676758, 0.32397139072418213, 1.3123366832733154 
51.206703186035156, 0.2491588592529297, 1.4334548711776733 
54.74932861328125, 0.2876816391944885, 2.2844045162200928 
66.97166442871094, 0.2991808354854584, 2.0546939373016357 
73.71116638183594, 0.2942162752151489, 2.1933538913726807 
108.45271301269531, 0.33946263790130615, 2.5196759700775146 
33.16421127319336, 0.27294814586639404, 1.2071102857589722 
69.48912811279297, 0.29572421312332153, 1.7924586534500122 
79.41690826416016, 0.29580390453338623, 2.42358136177063 
56.327003479003906, 0.37344032526016235, 1.1565053462982178 
86.43059539794922, 0.3577812910079956, 1.549643635749817 
66.13063049316406, 0.33377760648727417, 1.0381596088409424 
65.89640045166016, 0.28260537981987, 1.7809871435165405 
63.53714370727539, 0.2946290373802185, 1.7442094087600708 
63.85081481933594, 0.27314215898513794, 1.678066611289978 
46.245086669921875, 0.3025661110877991, 2.0740015506744385 
53.24121856689453, 0.3088427186012268, 1.9121917486190796 
78.606689453125, 0.3176725208759308, 1.5647599697113037 
72.6598129272461, 0.31462720036506653, 1.996460199356079 
63.17390823364258, 0.2733350098133087, 1.5103989839553833 
44.130332946777344, 0.2561812102794647, 2.114222526550293 
129.66563415527344, 0.2990139126777649, 1.4321650266647339 
57.64423370361328, 0.22883039712905884, 1.920686960220337 
73.30644226074219, 0.362449049949646, 1.7632324695587158 
77.15216827392578, 0.3221381604671478, 2.073415517807007 
78.49934387207031, 0.27463600039482117, 3.008725643157959 
80.72700500488281, 0.2913302481174469, 1.6963305473327637 
59.844322204589844, 0.24995627999305725, 1.9125345945358276 
76.16847229003906, 0.28417178988456726, 1.3793352842330933 
54.815181732177734, 0.2823474407196045, 1.8195170164108276 
90.97917175292969, 0.32863089442253113, 1.8489242792129517 
47.255516052246094, 0.22938701510429382, 1.1901146173477173 
74.26715850830078, 0.27727919816970825, 1.7600009441375732 
61.55533981323242, 0.27746671438217163, 1.3948899507522583 
55.37558364868164, 0.2740911841392517, 1.138441801071167 
67.45768737792969, 0.24482114613056183, 1.994226098060608 
72.39319610595703, 0.36119189858436584, 1.6760518550872803 
59.73088455200195, 0.3410758972167969, 2.238611936569214 
146.72694396972656, 0.30414602160453796, 3.7933812141418457 
54.418460845947266, 0.28638964891433716, 2.175341844558716 
75.60177612304688, 0.2533956468105316, 0.7341672778129578 
57.850582122802734, 0.2996203899383545, 1.8904067277908325 
41.521541595458984, 0.30994272232055664, 1.5705268383026123 
68.331298828125, 0.3469037711620331, 2.401439666748047 
61.48432159423828, 0.3297233581542969, 2.213378429412842 
70.8666000366211, 0.3248182237148285, 2.57247257232666 
66.44720458984375, 0.26689013838768005, 1.6805315017700195 
68.69011688232422, 0.308681845664978, 1.0321623086929321 
82.30921936035156, 0.29919931292533875, 2.9269182682037354 
101.93547821044922, 0.31972411274909973, 2.96525239944458 
48.662960052490234, 0.2969663739204407, 1.3259564638137817 
50.32405090332031, 0.30041033029556274, 1.892021656036377 
78.52236938476562, 0.28990525007247925, 1.6793006658554077 
96.12195587158203, 0.3349663019180298, 1.9285029172897339 
84.7763900756836, 0.2810855209827423, 0.9632143378257751 
60.81777572631836, 0.33507663011550903, 2.080366611480713 
61.535945892333984, 0.21691609919071198, 1.6590261459350586 
115.57220458984375, 0.2970840036869049, 2.204519748687744 
58.746559143066406, 0.20515696704387665, 1.5430911779403687 
79.7667236328125, 0.29913991689682007, 1.7846344709396362 
58.08680725097656, 0.2920280396938324, 1.8467657566070557 
79.36234283447266, 0.34939050674438477, 1.3314276933670044 
76.91470336914062, 0.2853543758392334, 1.1128261089324951 
67.91699981689453, 0.3003668487071991, 2.051776647567749 
74.16820526123047, 0.2901066243648529, 1.0125888586044312 
76.94641876220703, 0.25560352206230164, 1.9039802551269531 
74.41046905517578, 0.3386325538158417, 2.8075904846191406 
69.0726318359375, 0.35260558128356934, 1.8067240715026855 
73.7253646850586, 0.42905309796333313, 2.42633056640625 
65.28520965576172, 0.24111182987689972, 1.3166582584381104 
108.62640380859375, 0.35041412711143494, 3.4118316173553467 
72.93766784667969, 0.39023298025131226, 1.6349809169769287 
60.11845397949219, 0.3403250277042389, 1.9829381704330444 
52.65434646606445, 0.26843976974487305, 1.6787912845611572 
59.67676544189453, 0.31144145131111145, 3.324357271194458 
67.69080352783203, 0.31251686811447144, 1.7373473644256592 
103.21695709228516, 0.2995438277721405, 1.7069284915924072 
57.785682678222656, 0.250821053981781, 1.2234742641448975 
68.3826904296875, 0.3446800410747528, 2.2812209129333496 
93.68087768554688, 0.3140982687473297, 2.140765428543091 
66.9989013671875, 0.32064706087112427, 2.8944900035858154 
92.06383514404297, 0.33147481083869934, 1.7338253259658813 
79.19355010986328, 0.31622597575187683, 2.1522631645202637 
55.21781921386719, 0.33503788709640503, 2.66033935546875 
80.2230224609375, 0.2756294310092926, 1.5877623558044434 
46.85330581665039, 0.22033070027828217, 1.5955513715744019 
85.28779602050781, 0.3477061986923218, 1.2524381875991821 
70.09960174560547, 0.29015764594078064, 0.8406193852424622 
71.00709533691406, 0.32855987548828125, 2.591622829437256 
68.52639770507812, 0.37864336371421814, 1.5801717042922974 
62.160587310791016, 0.34577634930610657, 1.418456792831421 
75.46602630615234, 0.30933165550231934, 2.1236534118652344 
47.905513763427734, 0.2909029424190521, 1.1285072565078735 
55.60906219482422, 0.3082261085510254, 2.477952718734741 
72.95576477050781, 0.3031969368457794, 1.6571812629699707 
70.91533660888672, 0.3182273209095001, 1.8152728080749512 
48.461265563964844, 0.27750155329704285, 2.0837857723236084 
78.41098022460938, 0.3326936960220337, 1.5045123100280762 
54.954898834228516, 0.27955561876296997, 2.1574902534484863 
112.0673828125, 0.30247563123703003, 1.6563937664031982 
80.34754943847656, 0.4016079306602478, 1.9778534173965454 
76.44921112060547, 0.3164977729320526, 1.3204371929168701 
48.75539016723633, 0.3438257575035095, 1.4859058856964111 
73.4676513671875, 0.31558310985565186, 2.1126742362976074 
62.25869369506836, 0.28138527274131775, 1.3582438230514526 
103.68287658691406, 0.33393439650535583, 1.3756749629974365 
50.49848556518555, 0.24986392259597778, 2.504913330078125 
59.29731750488281, 0.2329767346382141, 0.8185136318206787 
49.970211029052734, 0.27346548438072205, 1.820544958114624 
54.22043991088867, 0.2684360146522522, 1.757656216621399 
67.92792510986328, 0.31414079666137695, 0.7749060988426208 
79.70496368408203, 0.40234288573265076, 2.6427764892578125 
77.55147552490234, 0.3402359187602997, 2.173909902572632 
67.80946350097656, 0.2842315435409546, 0.7944885492324829 
62.748722076416016, 0.3285442292690277, 2.1613166332244873 
62.27534484863281, 0.28311070799827576, 1.8855942487716675 
106.32383728027344, 0.3236604928970337, 2.5693230628967285 
57.165836334228516, 0.34504109621047974, 2.71174955368042 
54.49153137207031, 0.2897706925868988, 0.8149462342262268 
67.30509948730469, 0.3524485230445862, 1.990203857421875 
112.38580322265625, 0.3286105990409851, 1.5742136240005493 
74.58650207519531, 0.28840866684913635, 2.7798144817352295 
62.4792366027832, 0.27644112706184387, 1.0579400062561035 
145.53189086914062, 0.31662219762802124, 2.317786931991577 
104.0596694946289, 0.3082488477230072, 1.1646020412445068 
62.28690719604492, 0.2708108127117157, 1.8198617696762085 
58.00885772705078, 0.30732953548431396, 1.777446985244751 
65.34527587890625, 0.32114869356155396, 1.4098010063171387 
86.500732421875, 0.2655447721481323, 1.644482135772705 
94.62760162353516, 0.3630513846874237, 1.3546735048294067 
77.73184204101562, 0.33954259753227234, 0.9162532091140747 
92.52320861816406, 0.2767973840236664, 2.1302216053009033 
75.58648681640625, 0.3205760419368744, 2.015702962875366 
139.8896484375, 0.4038751423358917, 2.3227996826171875 
85.60179901123047, 0.3196776509284973, 1.8485125303268433 
56.09672546386719, 0.2607945203781128, 2.7883412837982178 
90.88153076171875, 0.3434601426124573, 2.4924960136413574 
227.03846740722656, 0.29436635971069336, 1.7071810960769653 
109.11274719238281, 0.3412025272846222, 1.152663230895996 
84.06310272216797, 0.25460901856422424, 1.8660999536514282 
57.710018157958984, 0.2600475549697876, 1.4841994047164917 
90.21559143066406, 0.208730086684227, 1.343549370765686 
41.57133865356445, 0.2905610203742981, 1.5900700092315674 
68.51890563964844, 0.25914764404296875, 1.2474379539489746 
88.24816131591797, 0.2584071159362793, 1.9457736015319824 
78.42861938476562, 0.2893024981021881, 1.9012874364852905 
72.7938232421875, 0.3198913633823395, 1.0548505783081055 
69.75033569335938, 0.28736788034439087, 2.981013774871826 
90.19743347167969, 0.2796788811683655, 2.005075693130493 
61.254695892333984, 0.27180054783821106, 1.4921791553497314 
70.91078186035156, 0.3309231102466583, 1.849812388420105 
120.45957946777344, 0.3002926707267761, 1.2134581804275513 
73.29537200927734, 0.25973445177078247, 1.081632137298584 
94.59571838378906, 0.36844950914382935, 1.7396910190582275 
51.64358139038086, 0.31013023853302, 2.1166343688964844 
143.80172729492188, 0.3833193778991699, 1.7365940809249878 
81.08516693115234, 0.31351062655448914, 2.430291175842285 
73.19966125488281, 0.33351999521255493, 1.7470062971115112 
93.76342010498047, 0.3220093250274658, 2.6211562156677246 
107.12882995605469, 0.38070401549339294, 1.875441551208496 
55.5268440246582, 0.2502572238445282, 2.3435611724853516 
76.56075286865234, 0.32474786043167114, 0.9515388011932373 
142.2247314453125, 0.31584760546684265, 1.888024926185608 
50.633480072021484, 0.30103278160095215, 2.484140157699585 
90.40419006347656, 0.2669343948364258, 1.861269235610962 
71.65946197509766, 0.3033994138240814, 2.8038768768310547 
83.00720977783203, 0.30315908789634705, 1.281019687652588 
50.99064254760742, 0.2544028162956238, 1.3514556884765625 
79.97610473632812, 0.30969950556755066, 2.326812505722046 
187.91416931152344, 0.30317816138267517, 1.3162907361984253 
88.51477813720703, 0.28154537081718445, 1.5659841299057007 
50.131874084472656, 0.27388662099838257, 1.7714921236038208 
50.53089141845703, 0.35251563787460327, 1.9826457500457764 
84.54605865478516, 0.29358524084091187, 2.262192726135254 
59.52732849121094, 0.2931625247001648, 0.6348747611045837 
59.91972732543945, 0.31601160764694214, 2.4175844192504883 
74.46442413330078, 0.2991562485694885, 1.918262243270874 
40.68116760253906, 0.33274364471435547, 1.9424357414245605 
80.7977294921875, 0.3142580986022949, 1.8468859195709229 
84.11763763427734, 0.31718602776527405, 1.996032476425171 
85.66629791259766, 0.2786751389503479, 0.8999821543693542 
90.62259674072266, 0.3168087601661682, 1.2935333251953125 
90.3893051147461, 0.3097790479660034, 2.5322728157043457 
66.0846176147461, 0.3224117159843445, 2.303440809249878 
54.531803131103516, 0.24904583394527435, 1.837465524673462 
75.34722900390625, 0.28007441759109497, 1.0543848276138306 
68.8491439819336, 0.355801522731781, 1.8249281644821167 
79.09663391113281, 0.2590295970439911, 1.2164031267166138 
114.36669921875, 0.3383699953556061, 2.21877121925354 
99.52644348144531, 0.366384357213974, 2.455249071121216 
62.88650131225586, 0.2575637102127075, 1.2022693157196045 
87.60476684570312, 0.39931708574295044, 1.8474396467208862 
114.35938262939453, 0.3340955376625061, 1.6988232135772705 
78.53682708740234, 0.31009435653686523, 1.984278917312622 
79.203125, 0.24650990962982178, 2.6749517917633057 
68.57523345947266, 0.33378762006759644, 1.8189383745193481 
70.16609954833984, 0.3526976704597473, 1.6792712211608887 
95.32910919189453, 0.3989008069038391, 1.1681782007217407 
181.0894317626953, 0.3082553446292877, 1.7647732496261597 
97.32617950439453, 0.311772882938385, 1.4158947467803955 
74.18402862548828, 0.2546846866607666, 1.6781132221221924 
71.39668273925781, 0.2806524336338043, 1.521681308746338 
92.09585571289062, 0.2948797047138214, 1.4948335886001587 
50.22835922241211, 0.2821190059185028, 1.881748914718628 
96.3588638305664, 0.3098684251308441, 2.183032274246216 
49.14910888671875, 0.2420983612537384, 2.016120672225952 
168.83766174316406, 0.36665648221969604, 2.3023898601531982 
112.94583892822266, 0.3085353970527649, 1.217630386352539 
76.25675201416016, 0.35734793543815613, 1.6648330688476562 
66.5006332397461, 0.2831791639328003, 3.1908044815063477 
80.42048645019531, 0.24341505765914917, 3.295912742614746 
114.39598083496094, 0.30723652243614197, 2.6519134044647217 
198.80804443359375, 0.31453651189804077, 1.5117907524108887 
63.474822998046875, 0.31226658821105957, 1.747185230255127 
207.71231079101562, 0.2935124635696411, 2.498506784439087 
68.37062072753906, 0.3628329038619995, 5.478495121002197 
47.66439437866211, 0.31679823994636536, 3.1186683177948 
68.25243377685547, 0.24615447223186493, 1.454264760017395 
148.8494415283203, 0.24077440798282623, 2.29056453704834 
134.0532684326172, 0.3537013828754425, 2.1236369609832764 
75.04491424560547, 0.2810242176055908, 2.298877000808716 
56.30624008178711, 0.3221229910850525, 1.343075156211853 
93.96038818359375, 0.2807099223136902, 1.1976288557052612 
59.01375961303711, 0.3049902617931366, 1.8256304264068604 
95.16974639892578, 0.28629401326179504, 1.2804566621780396 
72.29721069335938, 0.2601596713066101, 1.599513053894043 
58.09040451049805, 0.2972211539745331, 2.0091593265533447 
77.0679931640625, 0.28351685404777527, 1.641923427581787 
154.8121337890625, 0.3166693449020386, 2.1985254287719727 
130.15139770507812, 0.3367401361465454, 2.3714771270751953 
42.96432113647461, 0.24341723322868347, 0.9808486700057983 
54.84077072143555, 0.2724789083003998, 1.2343273162841797 
64.60322570800781, 0.3621599078178406, 1.2947843074798584 
72.4312744140625, 0.3545384407043457, 2.907202959060669 
70.576171875, 0.31056857109069824, 1.7990063428878784 
65.79607391357422, 0.2884386479854584, 1.6434613466262817 
50.95313262939453, 0.27810922265052795, 1.6074286699295044 
85.62801361083984, 0.3138534724712372, 1.3711881637573242 
71.87338256835938, 0.2679341435432434, 2.678128719329834 
57.96430206298828, 0.28931644558906555, 1.596938133239746 
65.29707336425781, 0.35229170322418213, 3.662966012954712 
82.93064880371094, 0.3051639795303345, 2.8514561653137207 
78.00953674316406, 0.34308865666389465, 2.1245880126953125 
85.19941711425781, 0.3242461681365967, 2.713975667953491 
82.63897705078125, 0.3515831530094147, 2.7465226650238037 
72.61431121826172, 0.3334287703037262, 1.7165052890777588 
61.26488494873047, 0.32654523849487305, 1.883935809135437 
125.47740173339844, 0.2896835207939148, 1.028083324432373 
86.39105987548828, 0.3073781430721283, 1.3571323156356812 
52.21809005737305, 0.32879722118377686, 0.3622218668460846 
87.16806030273438, 0.3666418790817261, 1.4984517097473145 
63.082767486572266, 0.27440011501312256, 1.8992245197296143 
96.43236541748047, 0.28390929102897644, 1.3858071565628052 
80.37816619873047, 0.26802781224250793, 2.4086153507232666 
71.70719909667969, 0.3896178603172302, 1.3308748006820679 
76.33601379394531, 0.2986416816711426, 0.8298827409744263 
111.18962097167969, 0.3678559958934784, 2.187577962875366 
76.4611587524414, 0.37013331055641174, 3.095836877822876 
89.66609191894531, 0.2839178442955017, 1.3528972864151 
156.5313720703125, 0.35360798239707947, 1.7149195671081543 
97.85894775390625, 0.30456826090812683, 2.4857370853424072 
97.96099090576172, 0.27861592173576355, 1.519406795501709 
58.34409713745117, 0.26490432024002075, 1.5826258659362793 
81.3749008178711, 0.2682906985282898, 1.0534485578536987 
94.51673126220703, 0.37430649995803833, 2.9154438972473145 
79.65962982177734, 0.32768192887306213, 4.380340099334717 
40.83627700805664, 0.2836308479309082, 2.0246198177337646 
178.24989318847656, 0.3367806077003479, 2.049684524536133 
54.483154296875, 0.2867353856563568, 1.8892897367477417 
107.70439910888672, 0.34284624457359314, 1.872969388961792 
160.1376953125, 0.2903248369693756, 1.4855927228927612 
59.74233627319336, 0.26771852374076843, 1.5651636123657227 
77.61681365966797, 0.33893883228302, 1.2169946432113647 
123.67188262939453, 0.3373386859893799, 1.8490407466888428 
49.754581451416016, 0.2954103648662567, 2.2455599308013916 
79.96219635009766, 0.39415183663368225, 2.066758632659912 
106.14221954345703, 0.30706921219825745, 2.810058832168579 
63.85564041137695, 0.3307625949382782, 3.270555019378662 
64.72201538085938, 0.26106753945350647, 1.7863242626190186 
69.61859130859375, 0.2514248192310333, 1.1618280410766602 
128.8720703125, 0.3880138695240021, 1.7909408807754517 
93.80735778808594, 0.379530668258667, 1.2216801643371582 
85.12742614746094, 0.3390984535217285, 1.823683500289917 
62.395511627197266, 0.22936460375785828, 0.8781368136405945 
65.16336822509766, 0.3185395896434784, 3.4433579444885254 
56.568790435791016, 0.366868257522583, 1.796645998954773 
107.95077514648438, 0.3479411005973816, 2.252685308456421 
64.3447494506836, 0.410795658826828, 2.474508762359619 
85.58419036865234, 0.41754189133644104, 2.150214672088623 
63.533687591552734, 0.3981139063835144, 3.5645909309387207 
99.71063995361328, 0.35801684856414795, 2.1907410621643066 
162.3101348876953, 0.36829614639282227, 1.643045425415039 
102.06236267089844, 0.2572582960128784, 1.3221434354782104 
196.217529296875, 0.24913643300533295, 1.689377784729004 
52.98542022705078, 0.29375872015953064, 3.858536720275879 
54.40190505981445, 0.22074051201343536, 0.9352672100067139 
116.52320098876953, 0.3620213568210602, 3.0482749938964844 
66.32357025146484, 0.2681637108325958, 2.2452211380004883 
94.82992553710938, 0.29553472995758057, 1.1804736852645874 
80.72831726074219, 0.3038250505924225, 1.5944217443466187 
98.12965393066406, 0.2827824652194977, 1.3415462970733643 
87.93506622314453, 0.29090285301208496, 1.493105411529541 
167.38214111328125, 0.36831411719322205, 1.5727834701538086 
75.57373046875, 0.3467312753200531, 1.8417867422103882 
86.67369079589844, 0.31444865465164185, 1.6504168510437012 
120.95494079589844, 0.4090214669704437, 0.9423997402191162 
65.51026153564453, 0.27955085039138794, 1.8976469039916992 
103.9127426147461, 0.31827107071876526, 1.3964403867721558 
35.0412483215332, 0.2552785575389862, 1.7104721069335938 
61.90737533569336, 0.37102678418159485, 2.521074056625366 
127.40868377685547, 0.3434654772281647, 0.7191731333732605 
59.38121032714844, 0.2567685842514038, 0.5222589373588562 
88.88534545898438, 0.35511162877082825, 1.414618730545044 
94.35503387451172, 0.39809727668762207, 3.0444741249084473 
60.15666961669922, 0.2516869008541107, 2.3703949451446533 
72.67672729492188, 0.2636173367500305, 1.7418562173843384 
93.23666381835938, 0.2928128242492676, 1.811061978340149 
53.23957824707031, 0.278118371963501, 2.420504093170166 
91.156494140625, 0.331020325422287, 1.5616165399551392 
92.02588653564453, 0.40152350068092346, 1.7162126302719116 
86.94566345214844, 0.33861300349235535, 3.2685725688934326 
