0.7654767632484436, 0.001071641338057816, 0.06749174743890762 
0.7546225786209106, 0.0009595864685252309, 0.07212452590465546 
0.8945302963256836, 0.0004041549109388143, 0.04516780003905296 
0.8451237678527832, 0.00024468949413858354, 0.04422146454453468 
0.8860582113265991, 0.00023234417312778533, 0.03866671398282051 
0.9665359854698181, 0.00022284001170191914, 0.037639301270246506 
0.9650607109069824, 0.00015991651162039489, 0.03573746234178543 
0.8266348242759705, 0.0002632476680446416, 0.033564161509275436 
0.9178513288497925, 0.00016971875447779894, 0.03170726075768471 
0.7413552403450012, 0.00021988172375131398, 0.03042062744498253 
0.5768710970878601, 0.00012076730490662158, 0.025950314477086067 
0.8621320128440857, 8.116447133943439e-05, 0.02642522193491459 
0.7763380408287048, 8.923359564505517e-05, 0.025501085445284843 
0.5897793769836426, 6.695078627672046e-05, 0.022948309779167175 
0.6929891109466553, 5.491599949891679e-05, 0.02063669264316559 
0.5707520842552185, 5.565949686570093e-05, 0.02134149894118309 
0.5441968441009521, 4.974755574949086e-05, 0.02098994329571724 
0.40777871012687683, 3.696862040669657e-05, 0.013915657065808773 
0.5326341986656189, 3.5067187127424404e-05, 0.016661664471030235 
0.41958579421043396, 3.5347726225154474e-05, 0.01202092133462429 
0.5679016709327698, 3.855907925753854e-05, 0.011791761964559555 
0.35665637254714966, 3.828444459941238e-05, 0.01540263369679451 
0.2957490384578705, 3.7920490285614505e-05, 0.013808279298245907 
0.47934427857398987, 2.414122900518123e-05, 0.01347661204636097 
0.2751516103744507, 2.3202946977107786e-05, 0.0083000548183918 
0.39987242221832275, 2.455887442920357e-05, 0.007990404963493347 
0.4911261200904846, 3.0433136998908594e-05, 0.014896240085363388 
0.49739348888397217, 2.2690715923090465e-05, 0.014065136201679707 
0.44709670543670654, 1.6944462913670577e-05, 0.010262589901685715 
0.5606516003608704, 1.4083168935030699e-05, 0.007941029034554958 
0.268277108669281, 9.789024261408485e-06, 0.00541258230805397 
0.32305824756622314, 8.903552952688187e-06, 0.006518025882542133 
0.25145038962364197, 6.9181278377072886e-06, 0.0064203450456261635 
0.39865052700042725, 7.780072337482125e-06, 0.0070803202688694 
0.48092120885849, 6.5373105826438405e-06, 0.006881250534206629 
0.49464040994644165, 7.034188456600532e-06, 0.007905262522399426 
0.6217026710510254, 8.989569323603064e-06, 0.009507290087640285 
0.5917196273803711, 1.2283989235584158e-05, 0.009744127281010151 
0.8365521430969238, 1.8705510228755884e-05, 0.016271628439426422 
0.8658692836761475, 3.3292872103629634e-05, 0.01568051241338253 
0.5857160687446594, 5.626858910545707e-05, 0.023343823850154877 
0.7515685558319092, 0.000102225698356051, 0.030285870656371117 
0.7584291100502014, 0.00021485518664121628, 0.04538702219724655 
0.719677746295929, 0.00048055409570224583, 0.0905960276722908 
0.9319940209388733, 0.0010456403251737356, 0.12917257845401764 
1.0054526329040527, 0.002309474628418684, 0.11803159862756729 
1.1909810304641724, 0.004839123226702213, 0.20571014285087585 
1.5075241327285767, 0.009739832952618599, 0.21505039930343628 
1.2585374116897583, 0.007513284683227539, 0.25269371271133423 
2.1840500831604004, 0.01173639390617609, 0.2483023703098297 
2.605656623840332, 0.0126089658588171, 0.31620195508003235 
1.6554347276687622, 0.018528355285525322, 0.36810198426246643 
2.0018856525421143, 0.02144097350537777, 0.3636069893836975 
1.7224856615066528, 0.020754499360919, 0.5279709100723267 
2.1015357971191406, 0.020467866212129593, 0.3392038941383362 
1.7323476076126099, 0.0186638031154871, 0.3540218472480774 
2.009060859680176, 0.02372758835554123, 0.6859371066093445 
1.929580569267273, 0.023180125281214714, 0.4189402163028717 
2.874772548675537, 0.02982381172478199, 0.40577268600463867 
1.3757158517837524, 0.03284258022904396, 0.367439866065979 
2.2261664867401123, 0.03345191478729248, 0.5325945615768433 
1.500251054763794, 0.03482421860098839, 0.4413229525089264 
1.5724847316741943, 0.04628719761967659, 0.6075435280799866 
3.157193899154663, 0.047706250101327896, 0.6580114960670471 
2.0251083374023438, 0.046914443373680115, 0.7380501627922058 
2.2769665718078613, 0.047925423830747604, 0.8170879483222961 
2.0999016761779785, 0.04140830039978027, 0.7514675259590149 
2.1272683143615723, 0.04754862189292908, 0.4949684143066406 
2.364316701889038, 0.04953259602189064, 0.5898908376693726 
3.084596633911133, 0.0439613051712513, 0.6905601024627686 
2.8253800868988037, 0.055298030376434326, 0.968970537185669 
2.1521337032318115, 0.039944861084222794, 0.673929750919342 
3.850006580352783, 0.05485008284449577, 0.6575554013252258 
2.316654682159424, 0.039598770439624786, 0.8485066294670105 
2.689190626144409, 0.05251847207546234, 0.6848104596138 
2.7853119373321533, 0.049178507179021835, 0.8261834979057312 
2.85707950592041, 0.054340604692697525, 0.669963538646698 
3.045590400695801, 0.04870964214205742, 0.6972907185554504 
4.954781532287598, 0.05700065940618515, 0.8021555542945862 
3.1377968788146973, 0.053373292088508606, 0.6780960559844971 
4.553505897521973, 0.05017532408237457, 0.862060010433197 
4.709354400634766, 0.05460424721240997, 0.7633830904960632 
3.2952818870544434, 0.06286437809467316, 0.6706377863883972 
3.5737123489379883, 0.06164665147662163, 0.8596887588500977 
2.824965476989746, 0.06962849944829941, 0.8698779940605164 
3.02842116355896, 0.05838843062520027, 0.956554651260376 
3.4741315841674805, 0.06304783374071121, 0.9721909165382385 
3.727184295654297, 0.06189500540494919, 0.9307332038879395 
4.335723400115967, 0.06384458392858505, 0.677586019039154 
3.968639612197876, 0.06194525957107544, 1.0080147981643677 
5.464933395385742, 0.07327745854854584, 1.007355809211731 
4.257059097290039, 0.06330174952745438, 1.036473274230957 
4.243120193481445, 0.06654378026723862, 0.8339939713478088 
5.6139349937438965, 0.07894148677587509, 0.9950622320175171 
4.587867736816406, 0.06649026274681091, 1.1638792753219604 
6.912194728851318, 0.06005162000656128, 1.1464335918426514 
3.9651143550872803, 0.07283499091863632, 1.0828231573104858 
6.847654342651367, 0.07468294352293015, 1.1863207817077637 
5.8089399337768555, 0.06993992626667023, 1.1822164058685303 
4.6977009773254395, 0.06889940053224564, 1.4353355169296265 
