0.5007734806629834
0.49790055248618786
0.5013996316758748
0.49675874769797423
0.5025046040515654
0.4984162062615101
0.4974953959484346
0.5040883977900552
0.5081399631675875
0.4991160220994475
0.4983793738489871
0.5006998158379374
0.5004051565377532
0.49701657458563536
0.4938121546961326
0.5028729281767956
0.4993001841620626
0.4969060773480663
0.499963167587477
0.505340699815838
0.5046408839779005
0.5053038674033149
0.5048250460405157
0.5118968692449355
0.5110128913443831
0.5064088397790055
0.5119705340699816
0.5103867403314917
0.5208839779005525
0.5187476979742173
0.5231307550644567
0.5250092081031308
0.525414364640884
0.5243830570902394
0.5207734806629835
0.5305340699815838
0.5308287292817679
0.5368692449355433
0.5450092081031308
0.5431307550644567
0.5498342541436464
0.54548802946593
0.5416942909760589
0.5544014732965009
0.5526335174953959
0.5532965009208103
0.5586003683241252
0.5642357274401474
0.5669613259668508
0.5625782688766114
0.56548802946593
0.5675138121546961
0.572707182320442
0.5671086556169429
0.5705340699815838
0.5681767955801105
0.5766114180478822
0.5671823204419889
0.5718600368324125
0.5790423572744015
0.5742541436464088
0.5712338858195212
0.5784898710865561
0.5751012891344383
0.5732965009208103
0.5731123388581952
0.5791896869244936
0.5774217311233886
0.5763167587476979
0.5798895027624309
0.5823204419889503
0.5848250460405157
0.5806629834254143
0.583720073664825
0.5807366482504605
0.5841620626151013
0.5833885819521178
0.5826887661141805
0.5830939226519337
0.5840515653775322
0.5880662983425414
0.588987108655617
0.581804788213628
0.5812891344383057
0.5907918968692449
0.5829465930018416
0.5808471454880295
0.587329650092081
0.5898710865561694
0.5815837937384899
0.5938121546961326
0.5904604051565377
0.5876979742173112
0.5949171270718232
0.5962799263351749
0.5991160220994475
0.5990055248618784
0.5936648250460406
0.5910865561694291
0.6031307550644567
0.6095395948434622
0.6094290976058931
0.6121546961325967
0.6104235727440147
0.6162062615101289
0.6088766114180478
0.6089871086556169
0.6154696132596685
0.6226151012891344
0.6095395948434622
0.6104235727440147
0.6226519337016575
0.6280662983425415
0.6392633517495396
0.6212154696132597
0.6324493554327808
0.6215101289134438
0.6199631675874769
0.6300184162062615
0.6415469613259669
0.6373480662983425
0.6316022099447514
0.630939226519337
0.6423204419889503
0.6464825046040515
0.6409208103130755
0.6446408839779005
0.6438305709023942
0.6489134438305709
0.638121546961326
0.6369797421731124
0.6466298342541437
0.6371639042357274
0.6386740331491713
0.6478084714548803
0.6447145488029465
0.6375690607734806
0.6575322283609576
0.6556906077348066
0.6549539594843462
0.6495395948434622
0.6588581952117863
0.6630939226519337
0.6593738489871086
0.6495395948434622
0.6428729281767955
0.6549907918968693
0.6607734806629835
0.6586740331491713
0.6575322283609576
0.6553959484346225
0.6626887661141805
0.6677716390423573
0.6641620626151012
0.652707182320442
0.6667771639042357
0.6602946593001842
0.6624677716390424
0.6655985267034991
0.6704972375690608
0.6663351749539594
0.6700920810313076
0.6712707182320442
0.6689134438305709
0.6722651933701658
0.6682872928176795
0.6776058931860037
0.6721546961325967
0.6769060773480663
0.6768692449355432
0.685377532228361
0.6766850828729282
0.6737753222836096
0.6770534069981584
0.6768692449355432
0.6822836095764273
0.6863720073664825
0.6730755064456722
0.6847882136279926
0.6894659300184162
0.6839779005524862
0.6902394106813996
0.6830939226519337
0.6895027624309392
0.6936279926335175
0.6845672191528546
0.6786372007366482
0.6815837937384899
0.6864825046040516
0.6802946593001842
0.6874769797421731
0.6950276243093922
0.6942909760589319
0.6932965009208103
0.6992633517495396
0.6799263351749539
0.6884346224677717
0.6936279926335175
0.6929650092081031
0.6901657458563536
0.7044935543278085
0.7111970534069981
0.7117863720073665
0.6958747697974217
0.692780847145488
0.7007366482504604
0.696390423572744
0.7044198895027625
0.7183057090239411
0.7144014732965009
0.7184898710865562
0.7076979742173113
0.7149539594843463
0.716500920810313
0.7114180478821363
0.7107182320441989
0.6984530386740332
0.7099815837937384
0.7077716390423573
0.721878453038674
0.7262983425414364
0.7194843462246777
0.7303867403314918
0.7178268876611418
0.721841620626151
0.7171270718232045
0.7245303867403315
0.7123756906077348
0.7149539594843463
0.7171639042357274
0.7139963167587478
0.7267771639042357
0.7185267034990792
0.7188581952117864
0.7144014732965009
0.7334438305709023
0.7327808471454881
0.7296869244935543
0.7328545119705341
0.7248987108655617
0.7354696132596685
0.7195211786372008
0.7250092081031307
0.7431307550644567
0.7296132596685083
0.7264825046040516
0.7301289134438306
0.7275874769797421
0.7278453038674033
0.7258195211786372
0.7359116022099448
0.7241988950276244
0.7459300184162062
0.7287292817679558
0.7296869244935543
0.7479189686924493
0.7303130755064456
0.7399631675874769
0.7442357274401473
0.7355432780847145
0.7537384898710866
0.7384898710865562
0.7342541436464088
0.7277348066298343
0.7355432780847145
0.7413259668508287
0.7437937384898711
0.7474401473296501
0.7436464088397791
0.7503499079189687
0.7404788213627993
0.738158379373849
0.7430570902394107
0.7530755064456722
0.75097605893186
0.7510128913443831
0.7465930018416206
0.7427992633517495
0.7568692449355433
0.7541068139963167
0.745451197053407
0.7446777163904236
0.7374217311233886
0.7474401473296501
0.7608471454880295
0.7542173112338858
0.7409208103130756
0.7529650092081032
0.7426519337016575
0.7398158379373849
0.7460773480662983
0.752707182320442
0.7591528545119706
0.7510865561694291
0.7613996316758748
0.7647145488029466
0.7500552486187845
0.7409576427255985
0.7443093922651933
0.7580110497237569
0.7398158379373849
0.7676979742173112
0.749208103130755
0.7480662983425415
0.7565377532228361
0.7397421731123388
0.7627255985267035
0.7506813996316759
0.7628729281767955
0.7619521178637201
0.7581952117863721
0.767329650092081
0.7548434622467771
0.7465193370165746
0.7377900552486187
0.7584162062615102
0.756427255985267
0.7434622467771639
0.7462615101289134
0.7597421731123388
0.7485451197053407
0.7405156537753222
0.7570902394106814
0.7700920810313076
0.7703867403314917
0.7625414364640885
0.763609576427256
0.7700920810313076
0.7633149171270718
0.7493186003683241
0.7470349907918968
0.7548066298342542
0.7479189686924493
0.7582688766114181
0.7615101289134438
0.7681031307550644
0.752633517495396
0.7611786372007366
0.7569797421731124
0.7699079189686925
0.7634622467771639
0.7569797421731124
0.7644567219152855
0.7554327808471455
0.7743278084714549
0.7704972375690607
0.7765009208103131
0.7639042357274402
0.7688766114180479
0.7696869244935544
0.7650460405156537
0.7508287292817679
0.7613996316758748
0.7670718232044199
0.7743278084714549
0.7776058931860037
0.7552854511970534
0.760073664825046
0.7721915285451197
0.7603683241252303
0.7749539594843462
0.7801104972375691
0.783572744014733
0.7815469613259669
0.7772007366482505
0.7624677716390423
0.7685819521178637
0.7677716390423572
0.7750276243093923
0.7621362799263351
0.7689871086556169
0.7778268876611418
0.7718968692449355
0.7717127071823204
0.7686924493554328
0.7795948434622467
0.774548802946593
0.7713812154696132
0.7676611418047882
0.772633517495396
0.7801841620626151
0.774548802946593
0.7676611418047882
0.7722651933701657
0.7642357274401473
0.7680294659300184
0.7905340699815838
0.7702762430939226
0.7816574585635359
0.7793738489871087
0.7553222836095764
0.7698710865561694
0.7794475138121547
0.7793738489871087
0.7765009208103131
0.7657458563535912
0.7805156537753223
0.7773112338858196
0.7711602209944751
0.7841988950276243
