-110.76168753955285
-345.1501896129528
-431.5389567921419
-490.0159592785186
-483.65805188031266
-523.3939964715304
-539.4892585109657
-578.9540864828047
-606.8769029071074
-418.8351148976966
-579.0475239641789
-610.5286156784201
-630.6028119297655
-597.2998125586711
-635.8195167505685
-691.33820488979
-674.487449229603
-741.3288410437499
-709.0775586159576
-633.7409276335452
-762.1811890937913
-766.2213005549471
-776.4956307344033
-818.648541078881
-729.8400656964297
-872.7243684938816
-782.2729902670417
-767.4794018660352
-841.6590433613235
-849.0487274563928
-852.1355777436019
-827.5343414852877
-800.903655182028
-879.767397240294
-849.7493727688499
-882.1159307811182
-887.0223214066644
-861.3885108747393
-820.9766846150859
-884.6221096773103
-850.3803752845441
-839.4503448020685
-912.7846198999825
-878.1589237445957
-827.7407912133446
-951.3954472788063
-878.0330955971015
-902.1849109264607
-943.9733394210887
-944.8204208427752
-876.2731211845863
-901.9883972669431
-933.5864653072447
-964.1457830079844
-893.9939006192023
-926.6154654775987
-967.069619048929
-934.4403280741732
-975.4896298260755
-984.4792594999215
-924.3378327821902
-881.517347291042
-909.8661658237797
-950.1009643447231
-963.1825119251376
-922.2389551977597
-984.4071065517659
-958.8422663693137
-958.1239819593833
-895.4187418351152
-964.5496868885739
-959.9869887660926
-910.8574078340486
-958.0251992364445
-979.4856125379392
-939.5639938166444
-931.5100782869008
-925.1584181091595
-932.4533490328722
-916.0434461065302
-977.8578977092332
-998.6295528859599
-952.6005099390594
-945.771281963223
-971.7620413336955
-941.6827667128872
-956.0271644592285
-936.6760697566287
-895.8789058739031
-957.2641250717808
-861.0381992053537
-956.2332839607633
-971.975104927457
-1004.0685218488667
-896.9065193212089
-965.2369550606454
-954.405346006295
-1006.2937101623821
-962.7813052123701
-1000.0165101552793
-991.2781432089112
-965.9722054944912
-948.104674307953
-951.6705362875136
-967.0178857185472
-938.3440186361752
-992.2225702133537
-899.6734141497545
-911.8624325179159
-951.3761978149414
-981.5135800581023
-1010.1694579281158
-984.9510448975183
-989.4216227464273
-1026.346945408924
-1011.9507422290498
-948.417593960471
-919.4646246019104
-956.2018538998885
-957.1393956063499
-1028.28285480553
-955.2189221001566
-936.757381698895
-1010.0444900933566
-951.8085695365226
-958.2119295003828
-927.7635070191862
-1012.3237117489739
-948.8743647544037
-969.506232355682
-990.3231487721904
-950.7939466377939
-1007.7977783131488
-961.0366768635495
-1000.9523206003395
-1015.0816205163517
-957.5832397411687
-945.4294906759486
-967.0850829719938
-992.6593685866521
-957.2715637079427
-960.256073587937
-982.0268203842808
-1038.5039875227521
-967.3310561023408
-955.9925615832279
-1018.4460860776229
-1023.7096015858539
-977.4498741973733
-946.4613456726074
-961.5646627005277
-903.5513272442168
-992.514863636572
-990.2181861949078
-1000.7495737892921
-1025.5008082859952
-978.4234820800208
-929.0786772624988
-976.3194590823751
-966.8470682023277
-978.178018059529
-1039.9295502604452
-972.9848547205679
-1012.3169975997137
-999.9015358938298
-1008.9618927413869
-982.7189993970271
-998.4466740424645
-972.7376994459842
-948.6381086027119
-970.1423595768745
-1021.3554051358935
-922.9251150928193
-1025.5427033330354
-961.5165821666449
-962.3744288162446
-990.8364755334989
-1039.049168286749
-1046.7555070259202
-1013.8371076986823
-1062.308155615005
-1017.1049435933431
-974.1734718089932
-1024.0855891984393
-943.6302194908751
-955.3608685614357
-996.8996444845424
-1066.8685935293565
-1062.8116004254337
-1039.2771529793179
-976.5579499079029
-1002.2508542951844
-947.4237887422803
-986.294308174384
-986.4618371596358
-1033.7987138810852
-994.8510545005261
-988.392555335318
-1036.2868812811766
-1014.3849768481904
-1001.8822541595065
-1026.6649277019949
-1062.8322155374876
-902.932827013759
-1019.0004651087551
-978.5446375457334
-1025.1849075997939
-1049.9694529094606
-1000.7180900394636
-979.4946497169459
-1048.8230160278893
-1008.362249938535
-991.3372084210176
-987.6559668930483
-1032.1198661517649
-991.9582151851744
-980.7900146699287
-1032.2362384370795
-1004.9666902783891
-1011.0852770715812
-1049.6450530497682
-991.5775238180385
-1095.2444329172233
-1032.9517751881774
-970.1882537586588
-1037.9258691805628
-1061.8670728441696
-978.52418574369
-973.7906321091272
-1010.1947882746307
-1059.0727901906475
-1016.9880585558537
-979.8215775109232
-980.7823972299066
-1036.7154615518632
-1057.4937168085519
-1047.001283582947
-1055.5473253491898
-995.1807460516271
-1013.9081166585287
-1027.7158569909038
-1026.6143576214572
-1083.7185853590988
-1003.4979713332485
-1001.4899632091253
-1042.3499160238275
-1006.9775528885389
-1039.5573539375698
-1007.7711633662103
-1070.792189889111
-1044.9794521779522
-964.0783469150883
-999.9707735581018
-1065.0697091689133
-1033.0815897480422
-1054.8098927887393
-1031.1544383904184
-1045.1381410097292
-994.577622449454
-1047.1682749152744
-994.0516540992987
-1064.446399849905
-1043.663934555412
-1094.675984378152
-1022.5357069454283
-1044.7965826115137
-1049.2644371784909
-1006.3541837745989
-1065.8242267734008
-1013.4719308486007
-1067.3762079874675
-1004.8012385838468
-1052.2644605770918
-1029.318076550121
-1066.5497445478127
-1028.1672094640599
-1004.0949569845424
-1073.543625495803
-1046.71646522916
-1034.5676643031304
-1088.4024909113493
-1045.8934352409112
-1095.369725813888
-978.6332975530848
-1100.8023244651831
-1055.2322600458708
-1025.109551693912
-989.4467931756391
-1027.7056337869224
-1087.6104102873467
-1073.7352630006314
-1025.368427401977
-1071.4566697134098
-1034.6516871564265
-1017.5108385309927
-1036.1788009410732
-1033.3324379540386
-1080.6814072814905
-1032.1418362827928
-1072.6627755679995
-1069.5419718066291
-1025.5884853954046
-1025.7931350206545
-1046.2697872108138
-1024.833933619826
-992.2795093070733
-1076.984280653403
-1044.5164891352676
-1077.7811108351873
-1051.535670795351
-1067.4973027762112
-1041.4600295841415
-1088.3085285777777
-1007.3857206581904
-1049.798344616599
-1063.0986717653946
-1083.87261018171
-1019.8519129417311
-1079.2933450260073
-1052.8219201173022
-1058.2461746197912
-1044.3295678152165
-1086.374516375188
-1076.1428725909739
-1060.2091019321495
-1068.839336413173
-1056.5085205919866
-1019.9748700638892
-1087.1203376698381
-1039.1019097986355
-1119.5259720820216
-1046.213087807239
-1038.3713038986277
-1102.9005734797374
-1047.572104006306
-1058.737078433865
-1054.667168518747
-1060.367856092856
-1027.3186895701806
-997.0377340182453
-1062.8724699154707
-1070.424710305084
-1069.6681453409328
-1059.2758439919198
-1064.0369284186565
-1082.9489888294202
-1096.7228596647021
-1048.4955293538985
-1069.997978246268
-1056.4426640076256
-1120.977578463129
-1066.348523977217
-1075.2542772964694
-1058.1723448704106
-1091.1082838174882
-1018.3593062996305
-1053.7243913462464
-1014.6538625278383
-1067.2583107388634
-998.3760457419454
-1048.6084652752943
-1040.5241181100478
-1046.7404480159562
-1199.771440891033
-1068.6072931021033
-1049.9690475105679
-1134.9454338897563
-1074.50508643316
-1060.1699343891771
-1120.480632737209
-1094.4635536928133
-1125.6844222377724
-1033.5065629448688
-1058.7829212314086
-1045.6419317912607
-1022.8143014325782
-1143.0058911999627
-1117.1373757375798
-1043.7440582508214
-1090.155015184286
-1090.501918147987
-1088.9409265831603
-991.4324913203997
-1108.2661703763433
-1066.641961899162
-1034.5964351461528
-1012.8757196345799
-1083.5318112261418
-1054.6904850006104
-1014.0734113594735
-1003.8307619050075
-1078.9193399635278
-1076.4826464227667
-1053.0915393650253
-993.5330487148303
-1097.8959593616182
-1057.3659988188408
-1042.7079880584574
-1062.586331577928
-1090.0535409058764
