-114.78748718219968
-337.78787758383334
-410.4477043371596
-421.89995870722055
-460.9534585662701
-539.1623886389666
-582.1097177184672
-576.0244842388663
-593.3644735977946
-672.4002479858663
-602.8654369165271
-660.7807472307012
-749.2908085590134
-741.849630610734
-778.6999962450722
-749.8341258791735
-757.845699327882
-797.8359759282407
-797.6388217677719
-807.797340920444
-774.1314752112885
-830.3133261016986
-780.7172023404029
-822.9810561079034
-819.3783478627007
-867.6486531633386
-833.4040885169385
-856.8887174865617
-879.2523143610098
-820.7980764011085
-873.1662503255677
-836.3117702325918
-814.0657034667406
-861.9606227523171
-867.5217943323373
-872.0866635230279
-873.4853642195601
-831.5142997992203
-907.2298323108304
-868.968329064857
-857.507766530261
-876.8053991629781
-885.5479691852622
-886.2534515187488
-811.6251589515791
-942.0356681533673
-932.1898974229663
-897.551512124901
-897.714346468174
-889.6815230286066
-938.6629043438468
-912.9490776501493
-943.0987243905046
-933.2804982761085
-946.6808566431845
-919.9284485847719
-953.369900800116
-921.5517608273414
-938.6589039657523
-912.4305567587576
-945.816038597564
-997.9628799763693
-946.9869151488977
-951.6312909631686
-951.7397996698107
-851.4920177723405
-919.9769690025787
-942.4613780360067
-958.0567679075601
-965.6932046556253
-878.0031464923911
-888.7815177759268
-910.9995692160821
-936.7684127218712
-928.4105906112952
-918.3568900675268
-922.4621590469291
-875.8953659259779
-939.0284634427541
-971.4027667067568
-939.4885531043127
-899.617914507466
-936.8438900890438
-942.80996576652
-939.9691368489771
-913.0416065690704
-884.9356223954583
-912.0626177633962
-893.00972319748
-952.0839837773055
-953.2533937972812
-929.4671274110469
-948.5069599327404
-909.487826384707
-1007.7901147016182
-910.7728527438256
-983.1169405642743
-1023.9810056906142
-984.1640245376095
-948.3794626332648
-1040.433473402454
-936.3672592936573
-937.3345457595615
-928.1838594537726
-963.4139477866037
-929.009256725487
-932.3066179126089
-1058.9450988769531
-1007.7216310545047
-974.8608092206964
-982.0597511062973
-974.0110093547452
-990.7233182461031
-993.2045466603222
-979.5871051533431
-974.3539965757027
-922.2368532171996
-943.3616715620191
-1003.6397676270129
-1004.5845667052379
-953.793958321145
-1000.0969473052135
-953.0487434633317
-945.2547856388004
-1021.1524349072013
-957.7760220892418
-972.6772535121935
-1004.306024191017
-1096.143117298179
-1018.2641681372295
-957.3461227680681
-1003.9491030785346
-975.1895728045345
-979.7311423165457
-937.9994007057858
-952.451170257709
-1048.9346433191256
-989.9780647348149
-1036.5730310607066
-1033.108302964593
-980.5169746645036
-998.6816106699579
-951.9910218199277
-1001.1840577191472
-1058.4034428047146
-980.6279098581059
-991.3727646796934
-943.3159159822948
-1021.034324002156
-1018.148093966295
-1031.1822168991862
-1063.3353424775435
-974.0866226336923
-931.980712257772
-964.8756578682754
-1017.97534285163
-1044.3753832628101
-1104.7275320044312
-1010.1122569774153
-1010.5461468718569
-994.3925487324939
-969.0808021264143
-989.7270132693277
-979.6501808693881
-996.5887848814511
-979.9338777691538
-1049.3915574825305
-1042.0805471042333
-1046.8663042481594
-992.2652287109656
-1008.6090755682387
-1010.4414383145521
-965.9273694033997
-959.2525835696454
-1009.782097425329
-1054.541241105251
-1087.5649740948654
-962.6427394497779
-1010.6941214530699
-1046.9634664157568
-1032.2085647670904
-1017.6281010148712
-953.7931940984067
-1011.9735539344049
-1072.7141020111223
-1035.474001449374
-1005.3028890372422
-968.5720697723775
-995.0953131754827
-992.2682661790452
-1070.8802527326593
-1060.9916950348884
-1036.7636888126074
-1069.73061121444
-1028.3065510235624
-1049.4856712411627
-991.5757680444674
-1037.6724485054544
-1059.5993045332245
-1000.2395754607592
-1094.866209179575
-1049.8170581501201
-922.7855102609379
-1017.0403212622014
-1019.5571720720985
-1041.4890688004032
-1027.3297923215523
-1020.0784438128845
-1017.5998002153387
-968.6779420386811
-1042.7154761283628
-1052.1886145596131
-1031.0526411346575
-958.0113228828676
-1082.0541516492992
-996.6430667929935
-1050.9475236971807
-966.5416980866463
-1017.0588058436521
-1006.2157371802264
-1031.1722742862964
-1061.719821877194
-1040.5377906236781
-1075.25652627901
-1008.5245985809009
-1025.2999387644404
-1034.1375428212953
-961.0787221319664
-1022.8254958209903
-1074.9293367851715
-959.6359850492346
-1099.8732836411295
-1067.895513086275
-1114.1743773359308
-997.3369760820942
-1040.1903150883688
-1070.0555395310926
-1001.2776514044555
-1039.553586300617
-1007.1997650779338
-1053.2761298324656
-1070.4298770746327
-1022.4982023239136
-1059.435608806698
-980.5108731617026
-1065.680589192474
-995.0034790214855
-1080.9708610218242
-993.4551539267263
-1070.6710246565156
-1062.3717424946446
-1109.3742458765407
-1074.016946291594
-1008.1891473866827
-1086.9966808442146
-1047.1518403593846
-1020.7935230237548
-1054.9265453584733
-1065.368251009471
-1061.669647082755
-1066.9472684552593
-971.3935718635261
-1062.0567522532378
-1006.4584654355378
-1056.0388184121127
-1052.5784082720356
-1079.9341395681354
-1035.736003392303
-980.5541371639972
-1146.2049431690973
-1081.7887190893498
-1056.3087577292447
-1107.4567389422298
-1050.277378372333
-1025.1840199764972
-1072.370069090672
-1032.0689992948612
-1068.6031622820735
-1085.195332733717
-984.8046115224812
-1067.1398244409518
-990.3343400032289
-1079.8533634765906
-1076.7182577985773
-1105.6460200366887
-1057.140425589777
-1025.0378884873633
-1085.0508369322747
-1089.3574552700816
-1033.103786090552
-1042.7691659531836
-1097.303457418345
-996.1917693823714
-1064.168876981955
-1020.1649850590438
-1058.165907653246
-1093.133589037003
-1126.4880858148847
-940.5734938234777
-983.0240213068948
-1067.639571247013
-1083.315047945295
-1016.484678611228
-982.6665857200799
-988.8416103064189
-1043.7638273634668
-1047.9270098813668
-1016.7935159217377
-1110.1172766619563
-1076.8651920793243
-1091.9462310158162
-1077.3521071403256
-1029.4768620548161
-1030.5552293276457
-1049.124269406367
-1011.4958366567638
-1092.68831640015
-1069.583875418808
-1086.381383869505
-1050.4866122056812
-1048.6524032030238
-1070.5804765499133
-1022.9070310109222
-1063.5965555296516
-1027.4817853655134
-1037.1551715569562
-1040.5706619491225
-1078.7797297816123
-1119.5243187126475
-1060.756323889104
-1074.6209997889084
-1057.6871686135569
-1119.135541555519
-1003.2345388386107
-1078.417973953458
-1083.6051498975621
-1048.1863622357769
-1080.7532839137837
-1074.1849689395747
-1067.3996917794927
-1048.1849172170262
-1005.538648444936
-1064.5552184285107
-1043.841432527463
-1060.679631674894
-1072.525774076787
-1064.6112249194202
-1085.0359462614983
-1077.334090470169
-1113.443724144439
-1067.5367032459803
-1054.4392704590125
-1101.9548300817814
-1103.7928291180167
-1094.720251338273
-1057.9456578092093
-1061.882426793674
-1049.3198587356076
-1015.008300359348
-1087.841889447331
-1068.2529168722267
-1046.0472362008513
-1077.473310444212
-1029.305688295496
-1095.5338198578302
-1106.7613794001566
-1125.7451863442698
-1039.7839922223773
-1056.4733861305747
-1069.4015540197697
-1116.0442084299254
-1015.9323684652829
-1071.7881510949903
-1005.0712756715062
-1080.316774535289
-1111.575301877914
-1023.199815539171
-1121.020620143908
-1024.9590276375345
-1071.1728809901647
-1157.9977656487495
-1071.3232099471554
-1110.9913904919601
-1084.3574993643342
-1053.1583427152325
-1132.641841413788
-1017.8589446467738
-1038.837773019817
-1109.9852743544336
-1039.152270075363
-981.6067974292738
-1021.5580123690416
-1091.126359873653
-1081.8705610987229
-1057.3927703277307
-1134.6906788557906
-1089.5736987909413
-1095.5121579148254
-1062.7932170700917
-1094.9883563133978
