1.4060031729085105
1.2507930382021837
0.9593268728681973
1.0677665897778101
1.1020689287355967
1.1417382529803686
1.3214927480689116
1.205749973654747
1.407839868749891
1.3400800824165344
1.3185390148844038
1.1733992139675788
1.5964389911719732
1.1852414448346411
1.2361371283020293
1.109463089278766
1.1373134468282973
1.2093032374978065
0.9715568380696433
1.1068032043320792
1.3977714202233724
1.1664943588631493
1.2549843937158585
1.235341346689633
1.416126583303724
1.2190036284072059
1.4010278710297175
1.2203143632837705
1.1547070443630219
1.1753875275275536
1.1013970460210527
1.2772337709154402
1.1657586310591017
1.0660362733261926
1.1137074713523571
1.0879785791039467
1.328644531113761
1.1891124503953117
0.7513082756527832
1.2216375768184662
1.185434493635382
1.1471390234572547
1.1316380527402674
1.0749041991574424
1.0061833206564188
1.1317626578467233
1.1534771988434451
1.237207695309605
1.327540786670787
1.0285670757293701
1.2303843892046384
1.3251866921782494
1.1749325075319834
1.1662540036652769
1.1352367188249315
1.1755656131676264
1.2515347829231849
0.9982287314321313
1.1885686069726944
0.9783562634672437
1.1796437608344215
1.0661521390346544
1.2752687569175447
1.2145355040473598
1.0188740491867065
0.9786399602890015
1.3862204466547285
1.4214509895869665
1.215334344123091
1.4539757668972015
1.0842870034809624
1.0610887543963534
0.9597713042582784
1.1554362244371856
1.159463569521904
1.3261097116129739
0.9688702952116728
1.0509414683495248
1.2097822870793087
1.1812872546059745
1.2393294828278678
1.1859936831252915
1.2431990589414323
1.196047764803682
1.0090479403734207
1.2765492286000932
1.2109974462252397
1.2469584771565028
1.072898072855813
1.2991332028593336
1.223531769854682
1.2425034450633186
1.1688039153814316
1.2112251067800182
1.0480451126183783
1.1272237854344505
1.1515312021864312
1.0373338819123232
1.049750932891454
1.0804392120667867
1.2143550515174866
1.184820573244776
0.9069491614188466
1.113514434014048
0.9239701713834491
1.3374850180532252
0.708645715511271
0.9579162057489157
0.9531283034728124
1.2837337510926383
1.2913573359006218
1.1375161090067454
1.115716033748218
0.9980125618832452
1.1228834731238229
1.2934476350034987
1.1963207817503385
1.1262493687016624
1.042267701455525
0.9381002656051091
1.3052955120801926
1.245480158499309
1.1438410367284502
1.1384129290069853
1.4890929864985603
1.2585512974432536
1.0165075100958347
1.1208539243255342
1.0970120940889632
1.1057335058493274
1.0647991916963033
1.1698905894798892
0.9659412609679359
1.2535098322800227
1.0702209089483534
1.283934697508812
0.9782260933092662
0.9987184309533664
1.0723386130162649
0.9751565571014698
1.2176554735217775
0.9965527508008692
1.0678465579237257
1.094865516360317
0.8696443406598908
0.9261630422302655
1.0809757145387786
0.7445364232574191
1.3733763503176826
1.0543229239327567
0.8089524624603135
0.8976005730884415
0.9877029481743064
0.9349248515708106
0.9297990538179874
0.7053703925838428
1.0962597940649306
1.0051180102995463
1.0375871951026576
1.058288303869111
0.9505767864840371
0.8888782981250968
0.946166815502303
1.0575089422719819
0.7993844764736983
0.804823022734906
0.720088820372309
0.9089724591800145
0.7160903428282056
0.7776570080646447
1.0754536901201521
0.9505834025996072
0.7543372469288963
0.7953833325632981
0.9325189122131893
0.9597639569214412
0.8354118604745183
1.0627074454511916
0.77831341113363
0.9807994770152229
0.9768254969801221
0.8969423802835601
1.0650156778948647
0.8069692264710154
0.5326794151748929
0.8598023780754634
1.0527286572115762
0.9384009029184069
1.0788591078349523
0.8969223297068051
0.8121724937643323
0.8445332215300628
1.0725267955235072
0.9428409465721675
0.842338849391256
0.9521364473870823
0.8345388727528709
0.7002468335309199
0.8018845798713821
0.7957311259316546
0.8429548054534409
1.0099866454090392
0.7243309031639781
0.8195212717567172
0.8590635337999889
0.7759613623985877
0.7695274438176837
0.9789726606437138
0.6740914950413364
0.8453490414789745
0.7589562050998211
0.8361992985010147
0.5819945202342102
0.7393103114196232
0.8327140982395836
0.7558965927788189
0.6881615636604173
0.8308928183146885
0.8502473777958325
0.905632599656071
1.1071045121976308
1.031711118561881
0.7723100057670048
0.771800813398191
0.8939897418022156
0.9038152141230447
1.069307731198413
0.932456659419196
0.6795439326337406
0.898435462798391
0.759921765753201
0.6680173128843307
0.5969039968081883
0.8187097034284047
0.8289242184587887
0.604457749319928
0.6142591514757701
0.8507236455168042
0.8570004286510604
0.7849546734775815
0.7345165237784386
0.8414500408938953
0.921638663325991
0.8631897323897907
0.7338355162314006
0.8269719960434097
0.5675251845802579
0.6816494789506707
0.8308850867407662
0.9158899422202792
0.7244124071938651
0.6597992932157857
0.6238078347274235
0.6658704594842025
0.6752400541944164
0.8389153608254024
0.7795445445392813
0.758994388793196
0.8892207273415157
0.6431317749832358
0.6357990162713187
0.7686733252235821
0.8485690121139798
0.5979630260595253
0.5955419327531543
0.8003526319350515
0.5765942414956433
0.508373716047832
0.511031946433442
0.875278006706919
0.8414384775928089
0.7075956325445857
0.5175755662577493
0.6667258888483047
0.8032898711306709
0.8787092672927039
0.6453056867633548
0.6193747967481613
0.6261020228266716
0.8174803416643824
0.6549460462161473
0.6185795997197812
0.39742111574326244
0.6399866044521332
0.6814747249175396
0.6076773495546409
0.7535890021494457
0.6145498273628098
0.677914334461093
0.6953227791403022
0.7428459674119949
0.7205333363796983
0.5949966955397811
0.6100468061132622
0.7101624341947692
0.4792169077055795
0.6528169166828904
0.6253780722618103
0.5562582377876554
0.719437236232417
0.5490873932306256
0.5783292704394886
0.634890980486359
0.6739777113710131
0.7006458794841399
0.4954202851014478
0.5301281650151525
0.5085595420428685
0.6393239527408566
0.6824646475059646
0.688585347362927
0.5409207833664758
0.7618000986320632
0.4282651942755495
0.6772117731826646
0.5989356434770993
0.46944851002522875
0.557786362511771
0.5392560538436685
0.5301864006157432
0.47233604160802706
0.42699250685317175
0.46302491426467896
0.5564664815153394
0.48553079313465525
0.5396184117666313
0.5030251986214093
0.6641653265271869
0.47798225602933336
0.5975002476147243
0.6853121731962476
0.5802504537361008
0.6002493460591023
0.5867826651249614
0.730581841298512
0.5571129981960569
0.6709648423961231
0.6271680071949959
0.5977656128151076
0.50870548880526
0.6218453581844058
0.5551374469484601
0.5741373720977988
0.5035069728536266
0.5984863239739623
0.6523980583463397
0.51973159717662
0.5146495550870895
0.7130398164902415
0.5195331339325223
0.5580055335802692
0.5791950214367646
0.5579789743891784
0.7200142996651786
0.5481089949607849
0.5030761443610702
0.654190260384764
0.6214737934725625
0.5916409769228527
0.423069960304669
0.5433381253055164
0.589708726320948
0.39611542810286793
0.5684115918619292
0.6109134554862976
0.5376181112868446
0.46570267741169247
0.6614536164062363
0.47594669594296385
0.5551446921059063
0.4751129022666386
0.4261514129383223
0.5715504246098655
0.46373696093048367
0.6387020370789936
0.5527919553793393
0.5552638343402317
0.4625302686222962
0.4902284351576652
0.6313033034758908
0.5975738529648099
0.6599470536623683
0.4263527239007609
0.4653208532503673
0.5710120967456273
0.5310348336185727
0.555281979164907
0.4755202340228217
0.439170988542693
0.4295905168567385
0.6109008799706187
0.603920843738776
0.38645164029938833
0.5399860250098365
0.5494245993239539
0.5273573470434972
0.45094449179513113
0.4685844810945647
0.4837081826158932
0.6124925911426544
0.45177939374532017
0.5490293694393975
0.43975110884223667
0.47682464122772217
0.57500528969935
0.5704958609172276
0.41361231356859207
0.46209212445787023
0.5038975775241852
0.4653498498456819
0.3978052522454943
0.5158079878560135
0.4737110638192722
0.4035860804411081
0.4932635777762958
0.4456358179450035
0.6284633278846741
0.41058144186224255
0.6305858333195958
0.5100139826536179
0.35763674122946604
0.40429635771683287
0.38652560354343485
0.47192194738558363
0.6062625816890171
0.5258738340011665
0.4972500130534172
0.34476535288350924
0.5297042578458786
0.4371013790369034
0.5487111210823059
0.48700480974678484
0.4526875407568046
0.48678351379930973
0.4881936375583921
0.5362233604703631
0.3989150683794703
0.48408061265945435
0.46105343103408813
0.4893650444490569
0.4998272295509066
0.554217802626746
0.6341114262385028
0.43070357186453684
0.48992751113006044
0.5138241595455578
0.5013015738555363
0.4662236305219786
0.4465598240494728
0.593081422150135
0.5858677976897785
0.4984642363020352
0.5119161180087498
0.4350907291684832
0.4678978643247059
0.470685499055045
0.552476065499442
0.5474546988095556
0.4034411273896694
0.4871148339339665
0.40285391360521317
0.4448172535215105
0.39449672028422356
0.46985297756535666
0.4584404858095305
0.41985707144652096
0.45570986185755047
0.47864484041929245
0.43332965884889874
0.4325104355812073
0.42166783128465923
0.37477900407144
0.39649732623781475
0.48386070664439884
0.42954339938504355
0.4259660840034485
0.5175667426415852
0.5278293674013445
0.4805969351104328
0.32896870587553295
0.48412415970649036
0.4296253541750567
0.4597846780504499
0.4250966986375196
0.34910521443401066
0.3823645923818861
0.4004718012043408
0.3939921441487968
0.37709806646619526
0.31476616859436035
0.546382840190615
0.35962289412106785
0.3887992277741432
0.3869119786790439
0.5828366652131081
0.37985491646187647
0.47382356439317974
0.43988799090896336
0.43591608319963726
0.3487279045262507
0.6298520958849362
0.3780104736132281
0.29811412415334154
0.48138375899621416
0.39920956109251293
0.361775387610708
0.34678435751370024
0.3981682498540197
0.35546835511922836
0.4559658669999668
0.4288465880921909
0.3674810358456203
0.28703804899539265
0.3259034806064197
0.3486119934490749
0.4214785886662347
0.3530662102358682
0.3353329359420708
0.39129194085087093
0.2937449440360069
0.3984007867319243
0.39371761892523083
0.5349911877087185
0.33262816816568375
0.3626068958214351
0.3222482427954674
0.410144496176924
0.4306314502443586
0.35612749201910837
0.2932685650885105
0.40295103405203136
0.26169837212988306
0.48853454632418497
0.35791051387786865
0.5491238981485367
0.34202380584818975
0.27148308604955673
0.48671057394572664
0.4265890611069543
0.36710313494716373
0.34669588825532366
0.2950147677745138
0.3194368635969503
0.33057583974940435
0.28791721697364536
0.36167994673763004
0.3434221159134592
0.3540645305599485
0.3253688918692725
0.19000819325447083
0.341188799057688
0.2866451527391161
0.3031791640179498
0.4390782820326941
0.4471272682504995
0.47818360584122793
0.4772717103894268
0.3760849790913718
0.19313731523496763
0.3928901239165238
0.4273056536912918
0.39063666947185993
0.3308477284652846
0.3845577931829861
0.33328224612133844
0.3298351088804858
0.330399001283305
0.35335150520716396
0.170967698097229
0.3112678293670927
0.32902759686112404
0.2993711701461247
0.28692166613680975
0.37351785813059124
0.36315663158893585
0.30343120491930414
0.3092815854719707
0.3275791662079947
0.35915345166410717
0.40405617228576113
0.37240615274224964
0.35255496736083713
0.25956969388893675
0.2511103759918894
0.336770379117557
0.3152134508958885
0.34385649327720913
0.42949398660234045
0.3922387904354504
0.40721521260482924
0.3433188870549202
0.36916336736508776
0.3216886233006205
0.37063493792499813
0.2612762429884502
0.25606968998908997
0.345928104860442
0.3626933683242117
0.2666534595191479
0.3506814715053354
0.34204345249703955
0.19506520937596047
0.2615372357623918
0.2854067731116499
0.26914107373782564
0.3360518839742456
0.2943111876291888
0.3255453258752823
0.4819278456270695
0.2850169294646808
0.2897429583328111
0.20789313688874245
0.30313405509178454
0.3045328514916556
0.26128907774442006
0.24102281140429632
0.2979859560728073
0.1318409520068339
0.4284358003309795
0.3677805055465017
0.3010032741086824
0.4286660115633692
0.32781329431704115
0.2549381154988493
0.2515311102781977
0.17982388447437966
0.32012296321668793
0.25621550743068966
0.2418725857777255
0.29397087544202805
0.3583408636706216
0.34348072537354063
0.35028572912727085
0.23546656327588217
0.23863410417522704
0.2842199664030756
0.23763343851481164
0.22144240247351782
0.3674099264400346
0.23418340033718518
0.31204449598278317
0.273336869265352
0.3231776814375605
0.22378628009131976
0.196349885314703
0.4170823097229004
0.3900541269353458
0.339924547289099
0.24620596425873892
0.3861254336578505
0.15788617157019103
0.20048922247120313
0.21125536731311254
0.16403001972607203
0.3179205485752651
0.2717683040178739
0.2118516159909112
0.15485793352127075
0.1874074935913086
0.2814385380063738
0.18759465962648392
0.2281482336776597
0.21428702771663666
0.1129549475652831
0.24508250770824297
0.2252431203212057
0.3109257146716118
0.36442558387560503
0.16774758004716464
0.2422673436147826
0.2697496007063559
0.30462203387703213
0.2662611114127295
0.17144245601126126
0.27607871485607965
0.13490320971378914
0.23074992320367269
0.29757768022162573
0.1795779179249491
0.16581449710897037
0.17768721149436065
0.17717118907187665
0.19803004206291266
0.14083901420235634
0.2303491649883134
0.28394836825983866
0.1499585754105023
0.2220328226685524
0.3697788789868355
0.2063663692346641
0.2865801192820072
0.24519040701644762
0.31168571061321665
0.2944716044834682
0.23303021756666048
0.24336010803069388
0.20083261361079557
0.3186395540833473
0.11214272252150945
0.2250214580978666
0.21057683123009546
0.15619458790336335
0.17179406647171294
0.23859542767916406
0.27813530766538214
0.16811511239835195
0.20748018047639302
0.24756568555648512
0.21071954763361386
0.16549633469964778
0.22999973275831767
0.2575862232063498
0.15310766760792052
0.08837753028741904
0.28059016028419137
0.2600989512034825
0.1889701440398182
0.24008460396102496
0.2000596515302147
0.20181517941611155
0.1750715018383094
0.16780355785574233
0.24826234791960036
0.17554369462387903
0.3030781735266958
0.13688394107988902
0.17208816590053694
0.2829925870256765
0.21846582793763705
0.10177379560012084
0.08063798238124166
0.2279993263738496
0.1875780395099095
0.190542676619121
0.16369170269795827
0.11006307601928711
0.12144904869741627
0.24941451741116388
0.14558478498033114
0.18205801291125162
0.1996903983610017
0.160712402846132
0.1907489411532879
0.2639570725815637
0.36659137811511755
0.27074550624404636
0.25377289871019976
0.19837875132049834
0.18618748017719813
0.20122509130409785
0.1984055196600301
0.10223758220672607
0.10085857952279705
0.19962154568306037
0.12391119889382805
0.16008450144103595
0.17598103997962816
0.17920327559113503
0.15772112778254918
0.10614218349967684
0.17616488465241023
0.18455291113683156
0.11066070145794324
0.16537674037473543
0.18646807063903129
0.21308751377676213
0.13649720219629152
0.14168076855795725
0.07601769428168025
0.09430854501468795
0.10183539986610413
0.19944005885294505
0.19078330802065985
0.157304629110373
0.24071868934801646
0.16422675816076143
0.17715063744357654
0.25455344361918314
0.24011150428227016
0.155915267765522
0.09046145634991783
0.08465541367019926
0.14688174253595726
0.1527662891894579
0.1757701632699796
0.2052439706666129
0.18677185369389399
0.17049382094826018
0.13363306384001458
0.13005867760096276
0.18219880413796222
0.13933800639850752
0.11365719086357526
0.1293307457651411
0.012203654540436608
0.18227815628051758
0.07139852044305631
0.15428677573800087
0.11935425390090261
0.08310937083193234
0.05330869794956276
0.20988365648580448
0.060445147433451245
0.1580595789211137
0.18537870900971548
0.11494467460683414
0.19856300737176621
0.16351175042135374
0.16185490414500237
0.12473018201334136
0.14339666015335492
0.202465081853526
0.06422747245856694
0.0688157214650086
0.091452920543296
0.10985120864851135
0.02326459065079689
0.12745369598269463
0.1618012168577739
0.160712902035032
0.11570194248969738
0.20031516466821944
0.038734156106199534
0.08521667814680509
0.12869921592729433
0.059752224545393674
0.12113358772226743
0.11484504437872342
0.14122932883245604
0.07629784675581115
0.07082618666546685
0.08922741881438664
0.050373107727084844
0.10339895822107792
0.05635431834629604
0.16276942938566208
0.13136980895485198
0.14605926828724997
0.19917854533663817
0.03652003034949303
0.08124930730887822
0.07605111332876342
0.050834826060703824
0.06472995265253953
-0.037418817835194726
0.04991949935044561
0.10979397115962845
0.1086867025920323
0.1595571285911969
0.12433884133185659
0.10019229725003242
0.038486351392098835
0.12238190535988126
0.03788626353655543
0.1422158862863268
0.08616563571350914
0.03785870144409793
0.16910670245332377
0.08391276800206729
0.06396267988852092
0.11778104305267334
0.001864839345216751
0.0836969603385244
0.02168879604765347
0.12112583486097199
-0.04793198752616133
0.04301496009741511
0.028545989440037653
-0.018012999956096922
0.11694329657724925
0.002727451335106577
0.03416067148957934
0.09276531184358257
-0.05344048648008278
0.09144766369302358
0.14340398194534437
0.15119552612304688
0.0876884146460465
0.12563386000692844
-0.021882019404854094
0.0029273714338030133
0.05080632958561182
0.0012429385845150267
0.0368955135345459
-0.01141054105080132
0.04552432043211801
0.10589231018509183
0.1140361927183611
-0.01408564459000315
0.08432587129729134
0.1498059103531497
0.02213083314044135
0.12595679956887448
0.15975124655025347
0.17337094247341156
0.1558741791439908
0.18392376308994635
0.08988556851233755
0.12921142258814403
0.06174783382032599
0.10179471011672701
0.08420543425849505
0.013775733432599477
0.0687503633754594
-0.015200060925313405
0.09513615976486887
0.046722802466579845
0.005339946730860642
0.1490500308573246
-0.0017065113553634058
-0.03390789404511452
0.0933631429714816
0.13517429413540022
0.0031525553869349615
0.010226569271513395
0.12728494512183325
0.030603438083614622
0.0686135861490454
0.06601855930473123
0.03333149344793388
0.048626136633434465
0.05018824232476098
0.10346104896494321
0.011856501123734884
0.04408659440066133
0.1101543094430651
0.03819976534162249
0.0638508413519178
0.0670591305409159
-0.007302034380180495
-0.03251634378518377
0.018051934029374803
0.10972575204713005
0.034877867570945194
-0.010843668399112565
0.08913122117519379
0.058301034782614024
-0.05378926226070949
0.0912230805094753
0.0821729845234326
0.09109693712421826
0.004887261294892856
-0.007558709276573998
0.08019131528479713
-0.040790559990065436
-0.05990584407533918
-0.0013200135103293828
-0.02358945645391941
-0.037676973334912746
0.06671717124325889
0.03740902191826275
0.08554899373224803
0.07352833143834557
0.006190013672624316
-0.026727575808763504
0.07053179001169545
-0.009417487507952111
0.025466390619320527
-0.025289897141712054
-0.04572636820375919
-0.06591198713119541
-0.032557616010308266
-0.05585082646991525
-0.058786296169273555
0.03636659495532513
0.014660238022250789
0.05651207674028618
0.09273012208619288
-0.04263307872627463
-0.03136599117091724
0.34142591644610676
0.1098278399024691
0.03953313987169947
-0.012612042518762441
-0.0561381924365248
0.03348591471357005
0.012086557490485055
-0.024591249812926565
-0.015344709690128053
-0.0005350075662136078
0.01832436557326998
0.08889247516968421
0.10761438735893794
0.04482968311224665
0.07701333026800837
0.07777728512883186
0.09007169412715095
0.004142184342656817
-0.03329172996538026
0.02318355707185609
0.02191912468809348
-0.05894965359142849
0.10273840358214718
0.01640341750213078
-0.03909067443705031
-0.01711102867765086
0.07778626760201794
0.053540968735303195
0.061132095221962245
-0.02658490144780704
0.012314741632768087
0.020214445489857878
0.012441361589091164
-0.008339190589530128
-0.032311360351741314
0.05847734957933426
0.05875353275665215
0.0371590011886188
0.014030678996018
-0.024165462436420575
-0.02637805842927524
0.003265409597328731
0.010601130447217397
0.06303809769451618
0.02840242694531168
0.0024928104664598194
-0.03163537276642663
0.018703396831239973
0.07136104894535882
0.018897029305143014
0.06252972994531904
-0.07517306001058646
-0.013589540762560708
0.03394189591591175
-0.04082164407840797
-0.012217566504010133
-0.0028126920972551617
0.0009238781141383308
-0.021777038063321794
-0.03542858122714928
-0.06931802829993623
-0.06777711478727204
0.03380024619400501
-0.056758656831724305
-0.04992124637854951
0.052648937329649925
-0.019994801708630154
-0.0136381324667197
-0.025507543236017227
0.035745483956166675
0.0036065770047051565
-0.017825388216546605
0.02465655067219184
-0.03514543233009485
-0.053270267588751655
-0.0405417616878237
-0.032723346325967996
-0.011162715697927135
-0.06179841368326119
0.05710585481886353
-0.019590622080223902
0.017355084685342654
-0.008659302523093564
0.01400056082223143
0.07298234158328601
-0.026884380461914197
0.07129087392240763
0.09150338518832411
-0.07400599867105484
0.006798106378742627
-0.014873532046164786
-0.03890391332762582
-0.03387337763394628
-0.024719486013054848
-0.0640864396950097
-0.10435543581843376
-0.03191296676439898
-0.1046511781002794
-0.07913251247789178
-0.060095452570489476
-0.10598942930144924
-0.058166562978710444
-0.032780083162443976
-0.0716935871168971
0.06884211867761153
0.07240677252411842
-0.029464361291112646
-0.03575615505022662
-0.010614401245090579
-0.010375669691711664
-0.10130664653011731
0.03153578591133867
-0.019225634355929548
-0.011097696742841176
-0.09691786712833814
-0.05049111481223788
-0.04773546276347978
0.0650102791509458
-0.0006022922960775239
-0.10777762053268296
-0.0854832559957036
-0.005717238677399499
-0.019233490473457744
-0.09432014703218426
-0.024433622668896402
-0.025304479990154505
0.08659734364066805
0.26956238354822354
0.017827857418784072
-0.03764262555965355
0.01982768744762455
-0.017219813972977654
0.023722002083169564
-0.015273586979934148
-0.07171599646764142
0.099518783390522
-0.0236593990453652
0.09530452364456973
0.05951372667082718
-0.03871753869148401
-0.028026910365692208
-0.040963436609932354
0.056003455205687454
-0.06380704710526126
0.031395736283489635
-0.005547102806823594
-0.027534969683204378
0.1277547852535333
0.12130965531936713
-0.007961743112121309
0.0435643069712179
-0.0027497889740126474
-0.030756682556654726
-0.005334384473306792
-0.003834136628678867
0.019227617287210057
0.01055705068366868
-0.017655865089701756
-0.08262972580268979
-0.05935984810015985
-0.14805758172380074
-0.060997311025857925
-0.0656857719378812
-0.017636951059103012
-0.04032671318522522
-0.11080207995006017
-0.04829168994911015
-0.02942312721695219
-0.043728072728429525
-0.044240428666983335
-0.002158081957272121
-0.07401619266186442
0.03390947024204901
-0.06791287394506591
-0.042084005528262684
-0.013410055594119643
-0.09940313334975924
-0.10392671051834311
-0.041458381938615015
0.005775190357651029
-0.06613741282905851
0.006178071464611483
-0.08027227861540658
-0.023512074989931925
-0.061910954037947316
-0.05688209419271776
-0.011724452887262617
-0.047560635688049455
-0.02964419688630317
-0.025110057156000818
-0.04088476912251541
-0.02497236749955586
-0.008737486920186452
0.0418163059422603
-0.031496014479281645
-0.15698333590158395
-0.025174440017768314
-0.060734182105599235
0.0037818275658147676
-0.10132819706840175
-0.03852097636887005
-0.044387255396161764
-0.10512755678168365
0.015406309493950434
-0.05543862336448261
-0.057245900854468346
-0.10552516606237207
-0.14818793588450976
-0.0878752807953528
-0.02681202920419829
-0.060730191213744025
-0.014384906073766095
0.053878829282309325
0.014501480834691651
-0.07462298710431371
-0.08440765046647616
-0.09567686928702253
-0.07884923741221428
-0.06483564579061099
-0.005069563431399209
-0.001924613889838968
0.02763282135128975
0.01000787051660674
-0.09780865641576904
-0.12515697746338056
-0.05044354345383389
-0.027079366546656405
-0.08152094882513795
-0.013496682247413056
-0.08879822465990271
-0.08277639789905931
-0.11568195399429117
-0.03304241890353816
0.050955387497586865
0.016775287554732392
-0.07379092648625374
-0.08127728929477078
-0.03285621080015387
-0.12270962859370879
-0.028647293070597307
-0.11814369500747748
-0.06925405825521531
-0.10366527144131917
-0.099705092309575
-0.1165780693824802
-0.08078618227903332
-0.05336641600089414
-0.1674229779413768
-0.06305855765822344
-0.0347665269593043
-0.13900045601518027
-0.09807193651795387
-0.060146797980581014
-0.05367815334882055
-0.0669855814027999
-0.04155151679047516
-0.038631824510438104
-0.1017570959833952
0.010345570210899626
-0.13096025373254502
-0.07316688315144607
-0.03802491511617388
-0.09035302479086178
-0.04612313051308904
-0.09214847747768674
-0.05582287215760776
-0.12069851585796901
-0.060430033398526053
-0.09655961341091565
-0.11009453596281153
-0.1289686994361026
-0.12734194126512324
-0.02670352625760383
-0.11653200909495354
-0.0432282460055181
-0.11549566420061248
-0.1283407669481156
-0.07420735167605537
-0.05942446054125737
-0.1634432724011796
-0.07464740106037684
-0.055506353141806485
-0.1142654073025499
-0.11817245921260369
-0.02342733128794602
-0.02018168196082115
0.05542178585061005
-0.04463035613298416
-0.013857623296124595
-0.025160110954727446
-0.06527729625148433
-0.16182313593370573
-0.006388582023126739
-0.05271722110254424
-0.12005064237330641
-0.06809882979307856
-0.1353232046323163
-0.041556846882615774
-0.02795985766819545
-0.02961265987583569
-0.07875197300953525
-0.025549685848610743
-0.08849588302629334
-0.07994077115186624
-0.03539569170347282
-0.05636304883020265
-0.128927970038993
-0.002892483025789261
-0.04654826756034579
-0.09789061126398987
-0.08536692815167564
-0.08980998609747205
-0.08291741753263134
-0.02888483021940504
-0.09939770773053169
-0.0004821878724864551
0.0011666433087417058
-0.04706362182540553
-0.09676787786052696
-0.04107321559318474
-0.051798415769423754
-0.05987042188644409
-0.054525851139000485
-0.0413713509749089
-0.03870405702452574
-0.053927815918411524
-0.06923068341399942
-0.05116949017558779
-0.020730463388775076
-0.06821899488568306
-0.09914278558322362
-0.0800689629146031
-0.07958851861102241
-0.08760027500933834
-0.07349501496979169
-0.10888100172451232
-0.06545309043888535
-0.1134373527020216
0.00978628482802638
-0.04912166164389679
-0.02926855268222945
-0.09034964989405125
-0.08836715668439865
-0.043396868609956334
-0.1283841473715646
-0.10964018735103309
-0.11926806318972792
-0.036444716687713354
-0.06553496752998658
-0.04329805733868852
-0.13763693959585258
-0.08974319543423397
-0.152591629752091
-0.15770047636968748
-0.13675905537924596
-0.13778402177350862
-0.14837641854371345
0.020077996850626993
-0.016726361321551458
-0.016923083586984182
-0.09477775490709714
-0.06626490929297038
-0.07373483425804547
-0.03282389191112348
-0.04061557725071907
-0.10332788525348795
-0.05157913054738726
-0.03125836234539747
0.010094330346743976
-0.14826433200921332
-0.1640316764158862
-0.14120745286345482
-0.14726406019846244
-0.08641251572407782
-0.04042756796947548
-0.11198394386363882
-0.08144569343754224
-0.11332302326835426
-0.049624532727258544
-0.02232226825851415
-0.05485188482063157
-0.06751716828772
-0.08537187107971736
-0.09645184659614013
-0.12937469727226666
-0.021184360246739482
-0.15332376903721265
-0.08877981169747987
-0.10969418633197035
-0.1743113776402814
-0.08595248790723937
-0.10049995992864881
-0.044090788192079344
-0.12437110074928828
-0.1100411085145814
-0.04200174659490585
-0.12445751444569655
-0.023990643875939504
-0.14514346454026444
-0.09708627733510054
-0.10673311672040395
-0.15119920830641473
-0.1040584391781262
-0.10571489392480414
-0.19054169739995683
-0.16058063680871523
-0.02538175189069339
-0.10199269745498896
-0.10178610399556678
-0.1283174263579505
-0.016976591598774706
-0.11066774757845062
-0.0590949399130685
-0.16472700238227844
-0.14280704674976213
0.0026270081954342978
-0.16052004764787853
0.04357595981231758
-0.2228540437562125
-0.10192173825842994
-0.035527639889291356
0.04378644471788513
-0.08850831245737416
-0.03741518797219864
-0.1390608809888363
-0.005754425955404129
-0.06639871628778186
-0.1475132256746292
-0.10001567820602629
-0.0931823636055924
-0.10554224572011403
-0.14449598853077208
-0.05337558194462742
-0.20311629665749414
-0.1233228025126404
-0.06774224839838487
-0.14195149910769292
-0.13841775791453464
-0.11312444667731013
-0.1474544975374426
-0.17024164540427073
-0.13451171347073146
-0.13357808973108018
-0.15698285294531292
-0.09842686548030802
-0.04898163037640708
-0.07016914924107757
-0.12031774708469
-0.05859542703910847
-0.07276219608528274
-0.11960539700729507
-0.16998534154013864
-0.10845918368015971
-0.039363417508346696
-0.14078690723649093
0.06802402499098596
-0.1254688591829368
-0.04530648873852832
0.02698129029678447
-0.031108176452107728
-0.036784282486353605
-0.05228574840085847
-0.11687886944439795
-0.04743193010134356
-0.12193804713232177
-0.08126167637653582
-0.06416058331628197
-0.06413493624755315
-0.03134485999388354
-0.08393938956474553
-0.08974937602345433
-0.2110515543359465
-0.04895441234111786
-0.09239326856498208
-0.1382882749395711
-0.12849843874573708
-0.0816270908606904
-0.052510938474110196
-0.18885605343218362
-0.1557257047721318
-0.08025152728493724
-0.113360931180588
-0.0704490819147655
-0.039476588348666804
-0.15463724253433092
-0.0978982283600739
-0.10168503251458917
-0.11218474140124661
-0.10737357501472745
-0.10162954883916038
0.004188602258052144
-0.17764641344547272
-0.10072843544185162
-0.07073438041178244
-0.15443815397364752
-0.08865659371284502
-0.13139340153429657
-0.1286266738814967
-0.0404227295990235
-0.1577258264379842
-0.10860587443624224
-0.14354295429906674
-0.10599455115600274
-0.09786719424300827
-0.12286724669060536
-0.13111802616289683
-0.18526640002216613
-0.0972673264997346
-0.049011121437485726
-0.08861175262635308
-0.037459215664836974
-0.09089011219995362
-0.0487704427380647
-0.12380674463098071
-0.05793364509632478
-0.09656740086419242
-0.07385432400873729
-0.12362273855667029
-0.1547799775643008
-0.141228691807815
-0.10575621521898679
-0.071962069986122
-0.0361546916621072
-0.11737611810011524
-0.14166965122733796
-0.05278477341302538
-0.06959121993609838
-0.16238846363765852
0.053391547807093175
0.03588606949363436
-0.04295176161187036
-0.11746419593691826
-0.16733980657798903
-0.12332908842446548
-0.1878669893069725
0.030126420010284555
-0.13264901829617365
0.001239899013723646
-0.004082821309566498
0.05576688623321908
-0.10221533157995769
-0.14092401947293962
-0.17698937548058374
-0.06180444146905627
-0.1518816921410949
-0.08404034695455007
-0.14270425694329397
-0.14225066027470998
0.06589159469115202
-0.1442895012774638
-0.14763544446655683
-0.17769499469016278
-0.08547496210251536
-0.10057287909356612
-0.16317408425467356
-0.12379352641957146
-0.11749535586152758
-0.11685876920819283
-0.059415330844266076
-0.17947651605520928
-0.1231053434977574
-0.12441245413252286
-0.18088966165981088
-0.09647028785963942
-0.15107229964009353
-0.015444231552204915
-0.12096827317561422
-0.05417286245418446
-0.08889172439064298
-0.04218693184001105
-0.004199885364089694
-0.05578593164682388
-0.10606505828244346
-0.17648693999009474
-0.09846165694762021
-0.14836525381542742
-0.03246703477842467
-0.12672800118369715
-0.021936939559444518
-0.09261577097432953
-0.17024204933217593
-0.20634468219109944
-0.14107725130660193
-0.10359701216267629
-0.11293377149195294
-0.15743143671923981
-0.09897870457747818
-0.15964817360509187
-0.21708457664187467
-0.17452227856431687
-0.0842754989862442
-0.07511458066957337
-0.04195675626397133
-0.10746552768562521
-0.06771623609321457
-0.08853604647863124
-0.13104306081576006
-0.10878109511187566
-0.08615878064717565
-0.17262186322893416
-0.0982638926112226
-0.14517477014617594
-0.05030681898019144
-0.14769648015499115
-0.19328944544707025
-0.1210129303591592
-0.17356844361763382
-0.16599936996187484
-0.10571200024735715
-0.16852680111229087
-0.053048924676009586
-0.07359606054212366
-0.07379665970802307
-0.1094672360590526
-0.15902250419769967
-0.17357588027204787
-0.09027455414512328
-0.0388061437489731
-0.07661242803026523
-0.12109789518373353
-0.15227745114160435
-0.10760423594287463
-0.11741598189941474
-0.12235260190677114
-0.15193671879491635
-0.07930678687989712
-0.07441563478537969
-0.14072377341134207
-0.10894234039421592
-0.12395823899922627
