2.304213762283325
2.291748285293579
2.2780587673187256
2.245393753051758
2.2228972911834717
2.110142230987549
1.9993135929107666
1.79953134059906
1.6141008138656616
1.4151496887207031
1.134333610534668
0.9714542627334595
0.7442786693572998
0.6614757776260376
0.5643553733825684
0.4342637062072754
0.3846439719200134
0.4908473491668701
0.24377186596393585
0.24100089073181152
0.14201980829238892
0.15670689940452576
0.16821914911270142
0.17792978882789612
0.11163578927516937
0.10825248062610626
0.08579619228839874
0.07270444929599762
0.07661634683609009
0.029285971075296402
0.08699177205562592
0.042695771902799606
0.08490703999996185
0.07784171402454376
0.09550255537033081
0.009465289302170277
0.036904092878103256
0.07793030887842178
0.05515245720744133
0.010058067739009857
0.1800464540719986
0.03394852206110954
0.0031443375628441572
0.019622642546892166
0.022457391023635864
0.003261036705225706
0.041494108736515045
0.00559575017541647
0.010651476681232452
0.06298510730266571
0.00972535740584135
0.04684009030461311
0.03524632751941681
0.024422260001301765
0.006495506968349218
0.002799552632495761
0.00402049720287323
0.013124741613864899
0.023320429027080536
0.0332658626139164
0.0036216601729393005
0.034639351069927216
0.036433733999729156
0.0035003938246518373
0.0008610768127255142
0.13173161447048187
0.008759312331676483
0.012100237421691418
0.0015019961865618825
0.02404564805328846
0.0221023540943861
0.003872077213600278
0.0181020088493824
0.0054527390748262405
0.10196124017238617
0.068265900015831
0.0031420302111655474
0.12096983194351196
0.04049154743552208
0.0012541355099529028
0.003920676652342081
0.01889711245894432
0.188832089304924
0.03022436425089836
0.027225688099861145
0.017676835879683495
0.19128099083900452
0.045231543481349945
0.0009526695939712226
0.030363747850060463
0.08495555818080902
0.027441412210464478
0.014378179796040058
0.09458087384700775
0.0606340654194355
0.06466657668352127
0.014154610224068165
0.02754358947277069
0.002955360570922494
0.007252166513353586
0.01826629787683487
0.07701264321804047
0.006076750345528126
0.03943042457103729
0.002387736923992634
0.003649098100140691
0.011129900813102722
0.005167045630514622
0.004920772276818752
0.0015118130249902606
0.004441457334905863
0.006694606505334377
0.012496085837483406
0.001142767141573131
0.012488467618823051
0.010344122536480427
0.0026693169493228197
0.0025214352644979954
0.0018229832639917731
0.0014345890376716852
0.003058012342080474
0.010870730504393578
0.0029231575317680836
0.010648304596543312
0.00538279814645648
0.003463613335043192
0.00031784799648448825
0.0009671038715168834
0.000994223984889686
0.002198330592364073
0.0020889355801045895
0.05042213201522827
0.0044372775591909885
0.001033175503835082
0.002969676163047552
0.001516814110800624
0.0004732129746116698
0.008521836251020432
0.0016705809393897653
0.0003532510017976165
0.008181678131222725
0.00034494258579798043
0.002287207404151559
0.00043495773570612073
0.002577667823061347
0.0009874746901914477
0.029728690162301064
0.00020419964857865125
0.00022016621369402856
0.00240377988666296
0.00229018647223711
0.0004946852568536997
0.0006853691302239895
0.0013810298405587673
6.68301508994773e-05
0.00033709313720464706
0.004306590650230646
0.00015758782683406025
0.0019861769396811724
6.265427509788424e-05
0.0001676385581959039
0.00010717504483181983
0.0005485420115292072
0.001245640916749835
0.00025309817283414304
0.00028728757752105594
0.0009212227305397391
0.00010998261859640479
0.00027433084324002266
0.00042136869160458446
0.0004272182995919138
0.0002606954949442297
0.002691704547032714
0.0008913854835554957
3.498178193694912e-05
0.0027655097655951977
0.0006477205897681415
8.947152673499659e-05
0.00019474337750580162
0.00032983897835947573
0.0013980013318359852
0.0012427319306880236
0.004168222192674875
0.0002147238701581955
0.00021814682986587286
0.0003632449952419847
0.001009955769404769
0.00011643885227385908
0.000232026563026011
0.00016383902402594686
0.00047151450417004526
4.610314863384701e-05
0.0001371840771753341
0.00010874805593630299
0.0003062991891056299
0.0002785955439321697
4.637786332750693e-05
4.8527806939091533e-05
2.9534352506743744e-05
0.0001700813154457137
