2.3203465938568115
2.3223719596862793
2.322840929031372
2.316462755203247
2.3284189701080322
2.317918300628662
2.3173298835754395
2.318293809890747
2.3073267936706543
2.294306755065918
2.3030295372009277
2.298884868621826
2.290099620819092
2.2716150283813477
2.2603347301483154
2.220400333404541
2.253575086593628
2.2956337928771973
2.2206742763519287
2.196702718734741
2.204721212387085
2.116671085357666
2.2279584407806396
2.167025089263916
2.092658519744873
2.1717019081115723
2.032930850982666
2.094233274459839
2.1375184059143066
2.018562078475952
1.9704843759536743
1.9276189804077148
1.972607970237732
1.8205115795135498
1.8699277639389038
1.815805435180664
1.7899326086044312
1.855329155921936
1.6459096670150757
1.5941808223724365
1.7149814367294312
1.7102925777435303
1.6685444116592407
1.6574592590332031
1.5391438007354736
1.5427433252334595
1.4198267459869385
1.491807222366333
1.5441572666168213
1.54726243019104
1.3695056438446045
1.6466481685638428
1.222690463066101
1.3639734983444214
1.4250456094741821
1.2632780075073242
1.2005465030670166
1.3551260232925415
1.4064420461654663
1.4106944799423218
1.244278907775879
1.2515809535980225
1.1959435939788818
1.073533058166504
1.0705972909927368
1.1202342510223389
1.3519375324249268
1.2374805212020874
1.1115092039108276
1.307790994644165
1.025177240371704
0.9421796798706055
1.06625497341156
1.2078925371170044
1.3510843515396118
0.9885417222976685
1.164992094039917
1.090396761894226
1.1257383823394775
1.2350764274597168
0.7721763253211975
1.1316282749176025
0.9814885258674622
0.9948813319206238
0.973737359046936
0.9055078625679016
1.0254191160202026
1.0235230922698975
0.8607244491577148
0.9707714319229126
0.8806025385856628
1.1719518899917603
0.9850975871086121
0.9242323637008667
0.7860512137413025
0.8772279620170593
0.8734563589096069
0.82090824842453
0.9393225908279419
1.0992393493652344
0.9731319546699524
1.0018484592437744
1.034620761871338
0.7170842885971069
0.6779513359069824
0.8270247578620911
0.9113104939460754
0.8838191032409668
0.8685622215270996
0.762427568435669
0.669547975063324
1.0292385816574097
0.7603754997253418
0.8297559022903442
0.8527020215988159
1.1005125045776367
0.8374622464179993
0.9252680540084839
0.9814939498901367
0.8555200695991516
0.8996624946594238
0.8307978510856628
0.8756545186042786
0.9294289350509644
0.8479242324829102
0.951513946056366
0.7592520117759705
0.9039086103439331
0.6993164420127869
0.8716030120849609
0.9249402284622192
0.7774184346199036
0.7599445581436157
0.9753966331481934
0.6899207830429077
0.8719338178634644
0.6767128705978394
0.938489556312561
0.8453923463821411
0.7822927236557007
0.7104907631874084
0.7479430437088013
0.9098156094551086
0.6024175882339478
0.6461670398712158
0.4876115918159485
0.6944832801818848
0.7203828692436218
0.5724593997001648
0.9448409080505371
0.6494210958480835
0.7918905019760132
0.8122310638427734
0.6673980951309204
0.6865028738975525
0.3843191862106323
0.6462599039077759
0.5455657243728638
0.6579591035842896
0.5182066559791565
0.6359733939170837
0.7386417388916016
0.6504745483398438
0.6315206289291382
0.7097948789596558
0.5188847780227661
0.6388709545135498
0.8570038676261902
0.6951864957809448
0.5419554710388184
0.7241928577423096
1.0081485509872437
0.7808037400245667
0.7233889698982239
0.6110393404960632
0.6132022738456726
0.6935454607009888
0.5863817930221558
0.725702702999115
0.7961084842681885
0.6745498180389404
0.6719009876251221
0.8477386236190796
0.5726456046104431
0.6495999097824097
0.6239928007125854
0.44955071806907654
0.7246698141098022
0.4843940734863281
0.7262691259384155
0.5819398164749146
0.8182500004768372
0.7712763547897339
0.6715379357337952
0.5878345370292664
0.6504175662994385
0.4701078534126282
0.7423809766769409
0.5179919004440308
0.7804104089736938
