2.2820193163553872
1.9354620011647543
1.7075586525599162
1.5134368578592936
1.4505327041943867
1.3223606586456298
1.2381849360466004
1.3237112760543823
1.1233431315422058
1.1198142155011495
1.131133134365082
1.0578470921516419
1.05393012881279
1.0007386914889018
1.0395413422584534
0.9247252861658732
0.901262581149737
0.9359612860282263
0.9396458240350087
0.8695228290557862
0.8005621031920115
0.7878324631849924
0.8269852526982625
0.7470866254965465
0.7117229767640432
0.7698888796567916
0.7555697697401047
0.7387147907416026
0.7954876693089803
0.7148359934488933
0.6930646874507268
0.6629379612207412
0.6366426471869151
0.5988928005099297
0.6182694479823112
0.6400745882590612
0.5961297160387039
0.5892208575208981
0.6092894713083903
0.5980011163155238
0.5650599020719528
0.5832361255089442
0.5994571164250374
0.5958762523531914
0.5682133268813292
0.5711985426147779
0.5926584628224373
0.5175270464022954
0.534586802025636
0.5199402352670829
0.6560368098815282
0.5083854365845522
0.4690805796782176
0.5209691968311866
0.4629418520629406
0.5223130365212758
0.5406268654763698
0.5350428653756777
0.4946757002174854
0.4570193387071292
0.5199550414085388
0.5109132238229116
0.4688914840420087
0.4382470287879308
0.40146350319186846
0.39766839921474456
0.4236776843170325
0.4548517349983255
0.4688134861489137
0.4615827171007792
0.40742420757810277
0.4827917196104924
0.3726331978539626
0.41034719787538054
0.4101914268732071
0.3557200419902802
0.37481462811430294
0.483114819029967
0.3767117077112198
0.3621365069349607
0.36145197997490564
0.34560989622026683
0.3903658252954483
0.4317462052901586
0.3031594305485487
0.36717956806222596
0.3242713735997677
0.39621695193151635
0.563834986264507
0.38880005543430646
0.3718396582702796
0.3293973459303379
0.32754191527764004
0.43258829360206924
0.4282037434478601
0.3290115066990256
0.26760119882722694
0.3742105821768443
0.34627528183162215
0.3106630691885948
0.3338496533036232
0.29616918541491033
0.3134018157919248
0.26547141760587695
0.313111303995053
0.2600132115681966
0.3516745827595393
0.34890262842178343
0.3171073964983225
0.3988316418727239
0.3003733511765798
0.2734473261237145
0.290410078180333
0.39470407110949357
0.2702043654521306
0.28200212636341654
0.337252859522899
0.27063119821250436
0.25105726207296053
0.2697452297868828
0.27057651593039433
0.3124802294249336
0.23080735247582196
0.2715117310235898
0.23653352718800305
0.2622614610940218
0.37537410142521066
0.320158220504721
0.32494520286719003
0.25248343107601007
0.21469177801162004
0.2355015022928516
0.26491204507648947
0.2784627062951525
0.39037695843726394
0.22857895273715256
0.5903569630316148
0.33764901002248127
0.26466533896823724
0.31894592160979907
0.318545464190344
0.22427130515376728
0.19187451782325904
0.26143763717263935
0.20659162095437447
0.22358137419136861
0.19112331759184598
0.18729492787582178
0.21668251268565655
0.2087221676359574
0.2033755145346125
0.1871460147574544
0.26865631935807566
0.41804887168109417
0.20272618209943175
0.31887310586869716
0.331076448323826
0.21706215497882417
0.16765298126886288
0.21902217963089546
0.18003858393679062
0.15400256764143705
0.18098054554313422
0.18294253691410026
0.22746943379441897
0.1593362535815686
0.16663434164598584
0.12501797398552297
0.21098793901503085
0.31998414593438307
0.21772997088109453
0.29592068675905464
0.5130682627608378
0.28328592094282307
0.19453652067109942
0.19818245620466768
0.14804195852484553
0.1243403156970938
0.14194026237043242
0.13354453151424725
0.20141679850096503
0.21497858324088157
0.2448867060119907
0.1710428453143686
0.15205438037014876
0.17905370967462658
0.23446518239565195
0.1878972020248572
0.5489565572887659
0.19179342684646447
0.16880491982524592
0.18571392407330373
0.14344968007256587
0.11672983434672157
0.16354498014474908
0.10942825498680274
0.19644456803177793
0.12119829304826757
0.15611268632424374
0.17131983928692837
