824.2611463838465
765.8462177501005
691.4825958162196
607.5086619478113
610.3208054441565
592.8918127576043
585.7735651801614
575.3750348079906
588.9208495241053
601.9628090353573
591.1835641165341
592.5936157495835
566.0949822773653
580.2760798106474
572.5217445687687
569.6235903975543
546.9242618650549
509.3463890928381
520.9532205693862
486.25812462750605
503.7821901882396
510.6968757494758
496.41093463224524
492.49675950443043
500.49865403119253
504.4479747727338
482.7914795550178
493.60471595539764
490.3224962032543
485.3819488660027
466.2559857985553
471.43196070951575
469.8512858761058
453.60288898243624
468.68578644247617
457.32971412209906
459.25053751328414
452.8310117205452
470.89510578828697
453.45511232712687
461.3625604472441
463.01148666381835
461.1088232534072
462.0465312508976
439.1904184184355
453.6794647800221
453.5917792959774
432.36078029408174
431.6550690953872
418.19378485735723
446.69194982192096
421.5215709776037
414.234328474157
422.70003074197206
411.9288457848044
414.7383271363202
398.922604563096
387.2645780697991
418.66324558033665
406.376731708751
398.1275322947783
402.13836791767795
386.75774147706875
389.74354627272663
370.4885127707089
387.1954238285738
381.75229424420525
386.0526932256362
368.59392642974854
367.8586545383229
374.88104372136735
371.804967474096
361.09066667893353
355.16364226846133
361.5446046402875
365.10666939903706
343.16865197798785
353.69462453729966
349.0449037708956
355.73235082514145
348.8600419302548
350.03919805863325
343.45119093726663
341.7437900565652
361.5103789408067
345.57379248450786
348.0382350001616
346.36689870722154
341.22250964445226
336.1632955910178
343.4720804079841
343.29804551068474
360.13757451898914
338.079739669351
349.1736998165355
335.8836086968815
332.51375045776365
325.9362481599696
344.786060629452
340.15464170119344
327.8789321114035
326.9260025630278
327.5119599241369
321.17692383710073
320.59216671438776
336.4693260798735
324.20989282271444
308.2101740893196
310.94192759569955
306.5919714759378
311.06222246955423
298.925527826197
301.4459407110775
308.5041420813168
295.4349426157334
321.36714397206026
313.14384121838737
300.78479964985564
287.7593773202335
305.63127081702737
288.3409480308084
286.11379181581384
302.2097817622914
291.8795188185748
303.85622014438405
290.06864623799044
280.53666287590477
289.3933002135333
292.4576008538639
285.78858180999754
277.9480536988202
291.35012117722454
292.3832213973999
288.55882524153765
270.87348508498246
291.61433286779067
277.012178663366
286.19694883458754
260.25522803138284
291.82325708277085
286.09373611450195
266.46105337479537
271.5464697175867
275.4969654958388
272.45943657257976
270.42670015896067
259.54076926511874
274.2372046481862
269.81025699054493
272.1296137259988
269.7520101143332
256.98050430858837
272.0309152917301
274.7313680626364
268.5255125763837
278.29514436160815
257.997922668457
258.181865122178
260.791764124702
265.9799284733043
273.2285532625984
257.7743106954238
255.5884496307373
265.1873461869184
268.2069998550415
258.40183050716627
257.86258189930635
249.57095757428337
257.66577254463647
258.86035271812887
256.8679327560874
260.4570159339905
246.34588988023646
262.305334964079
261.45385829027964
255.34082486881928
259.51126442853143
246.20488934909596
247.40082090714398
261.7170894768659
244.83792647754444
243.45594829559326
261.55703394048356
257.48211074716903
238.3105658205818
248.41273551043344
236.03539345124187
256.09436146792245
252.9904986482508
260.0679770346249
242.71958003212424
243.82172709072339
260.2602254598281
240.4206519351286
247.85958265753354
239.88097272199744
251.38612625683055
238.77870969996732
259.21849095737235
248.8557834815979
