-112.20754926929826
-350.16463364983485
-391.91162041475144
-400.03993664029554
-425.07894182864425
-449.4106651198479
-489.1913108583969
-576.8309756555865
-572.9261769918802
-579.2581574477358
-609.2947326255834
-677.6642209956174
-677.4542612963558
-601.6319736445554
-672.3985883112877
-699.4175219206217
-687.4240436037564
-625.4893490707819
-700.2310635241495
-713.6767040848183
-746.563932382566
-743.175164061208
-718.6644916600346
-732.4067778070951
-733.2927037422559
-736.4382610079331
-722.8659396731908
-793.7556259181642
-784.3978616004715
-804.4829258347437
-806.4200932551089
-775.0132618389921
-828.9611333877809
-819.3506318841662
-702.8181556139124
-821.882245159369
-843.9713187898908
-805.2998747496011
-792.3547445980635
-861.5881777468915
-827.477114519216
-858.633296362266
-932.960822366899
-850.809746847724
-856.1711149962816
-757.9462286645916
-878.2043098238756
-862.3654965365537
-908.3004019974563
-887.2758099181311
-882.4285199213687
-835.6240621151462
-927.1333250581944
-951.6774532014873
-837.3924044420093
-942.0192675777295
-903.5569120508185
-929.6076961332752
-918.8869722405886
-888.7141988068681
-877.2467926053957
-931.5229624383461
-886.150800131433
-895.0448158023544
-921.3250728785167
-916.6707931663583
-918.0614643146365
-899.226784251802
-928.4947690864861
-931.4883513884611
-884.856142976317
-925.6115577797735
-933.0999114941892
-903.5618039215765
-886.1494545760792
-917.6636359219177
-885.9968324542594
-861.6226789940338
-907.5786498147771
-890.377011151907
-934.3510759041606
-944.6494964476555
-874.1169044630868
-930.4989967895543
-919.1049413142666
-914.2767295408908
-941.6163888922484
-936.913116564296
-867.0402697374194
-956.8701232699206
-889.7098577313709
-923.6949993080807
-910.6725033175561
-898.4103425944455
-916.0752208112023
-927.6101177947312
-908.817717027005
-933.8354510480907
-900.7607625783314
-923.8600607665453
-933.0231000679429
-950.5253516567468
-905.395097232634
-898.2394025622425
-897.3316896923127
-909.1687326035741
-918.6786488481381
-897.107894767814
-984.332230092743
-953.2447915307937
-937.0871409216235
-938.966520702784
-944.1316331355803
-945.1068136906295
-879.2029880647835
-921.3024985658408
-943.5751183933926
-915.4330560512807
-935.0386366278345
-929.0283071176248
-919.3584833809857
-951.5760901649976
-917.3120573308611
-929.5678065251645
-992.5878929493065
-919.9013696024494
-950.9495316782305
-949.8801968394337
-981.5319302027127
-895.9615869099094
-978.8847697193172
-901.639986258498
-970.9564050771124
-944.944600688697
-998.6671204281292
-999.8369546705677
-1055.3770677636846
-999.6095446655827
-972.6763805381713
-934.0515592350938
-953.6639864878721
-884.956583035157
-939.4427841050284
-971.2762655360358
-986.4566650599379
-918.2608478549988
-1003.6575357463503
-953.7990974347163
-1025.1807026907047
-956.7458230185619
-944.3238536339202
-1001.8768806984897
-1007.4449137877759
-913.5196683555155
-955.6240139798634
-961.4661828054261
-986.0122628865704
-960.5594375193944
-960.7223119680783
-972.004621095921
-983.1776114608834
-1024.8644431071348
-996.3747120425448
-948.900805906766
-936.3755958376942
-965.1779482957954
-954.955814022073
-1005.9727511691608
-957.5498220799706
-966.7374826548836
-948.3652556881926
-997.3206707414944
-1030.692600203
-978.5315567496734
-996.1088309711025
-953.5992269971953
-972.5138215463832
-968.6228986116049
-925.9341884269143
-1005.6163044349389
-1011.3609246372628
-979.9198929115374
-1023.7756488751706
-993.5045975309363
-974.4503075983117
-953.6303348398428
-970.1469456396894
-931.980231630088
-1000.9838675892298
-994.3163719874923
-1025.7581075221162
-930.8426029912887
-980.8256921883552
-1003.0036740154715
-985.9269574045586
-1005.6057533943159
-1018.1794422689121
-940.8981796634912
-1000.5326066742294
-1080.1575119792042
-1016.2284108273994
-964.0912274468329
-988.8181833462781
-999.6556233755455
-901.8867950368037
-1017.4489662130857
-941.6467831173251
-979.8332662593384
-947.5356327267835
-1002.4701461583238
-1016.1927271136491
-1011.5030238947012
-1065.8961883964625
-1020.5829282356298
-951.6974924025448
-979.17518439216
-959.8427441850786
-995.1622503270752
-999.0309655792702
-924.5000469212158
-989.0685542849352
-991.5758538938338
-993.7559351047613
-994.0356888249173
-1045.396288265281
-991.9653447053399
-1003.7551582606707
-1034.3146173745256
-1003.7902357171757
-1006.2434224678624
-992.1229814395377
-1039.22963414791
-1024.8874414725237
-1051.6250294804024
-1051.5219526027204
-914.7553528464884
-1036.2761755165416
-1010.6097057947915
-1001.8731612038503
-1031.9620149640994
-1075.5649065504426
-1032.939578435388
-1007.080211838819
-966.7676208057711
-974.8498806030519
-994.2707627704067
-999.4427670163493
-1003.2611724572248
-1100.8099282886576
-1032.0441139398083
-1006.3901103685529
-1028.9290156282038
-986.566951690731
-1057.2071318881851
-984.3204405063308
-968.3013115286278
-1006.6345543130751
-985.4099599787717
-1062.7189719171568
-1045.9279536508745
-979.1963108338518
-1056.8716242126604
-1013.7732448286724
-1003.7109317438943
-1011.0962196973062
-1074.673972661594
-1125.6633728402
-1075.9601774424452
-1080.102386758624
-1022.045535224374
-994.1021933335862
-1039.4844468299145
-1107.5552802585787
-996.9254431828925
-1036.482553795186
-1074.1966812984185
-1049.9042497384382
-1076.3760086116704
-1065.934196594948
-1037.1628500767017
-1038.9684113472838
-1048.5741484967245
-982.9294659800244
-1007.0229145211558
-1124.6557420876718
-1060.7768941282677
-1037.0728708132071
-1114.628047127603
-1070.4766903934392
-965.7004643096352
-1045.5928910284
-1038.4942279521222
-1108.6793923669147
-1076.7496336127206
-1043.1575815128292
-1057.4483964091621
-1097.251683815833
-1117.7865405637547
-1125.633782804287
-1020.4149895164824
-1152.9901670953645
-989.2146961309943
-1032.0111626496512
-1080.8861411754986
-1137.1596063007407
-1060.4912296182
-1080.312116870957
-1061.382465228507
-1057.9405678301912
-1080.53443116911
-1090.2735292763205
-1109.3170104356404
-1105.548489038296
-1089.5764256561956
-1073.8749288985257
-1076.6067415069326
-1124.5417133218132
-1055.132717618195
-1043.2542645277515
-1079.2787391826305
-1002.656652482424
-1083.1683213930526
-1057.4923416453023
-1121.8166420327902
-1092.3700242902278
-1072.622610301466
-1035.3084919974551
-1109.1034684648162
-1061.6443448044738
-1055.857118145112
-1054.363602466847
-1123.862448928543
-1148.0391385302567
-1172.0196144350114
-1054.8038391973566
-1025.4681347251487
-1064.445953474616
-1062.6032551906076
-1102.6574932490626
-1145.1926233307008
-1024.3704439830121
-1043.1764529630336
-1144.824701257565
-1104.298224109109
-1092.262630518131
-1039.3221637922497
-1090.2722360005575
-1079.3903138209048
-1110.6602449334712
-1048.038244454542
-1041.797012085464
-1085.449577094223
-1132.5696637718358
-1102.261897130496
-1077.3563856133667
-1115.2447380662513
-1035.3602681533532
-1061.964114522055
-1047.1046528266872
-1090.6719622458181
-1099.5939469257808
-1062.0554636678387
-1085.141780613205
-1117.77646459797
-1089.1204877943487
-1121.154451677876
-1101.7115618201994
-1029.343821843099
-1060.4730005679044
-1063.5355908777308
-1006.1252019004338
-1058.9339729300293
-1088.164147106184
-1038.180719195423
-1159.7347337886486
-1040.1179013186336
-1073.644679650733
-1111.621849013913
-1066.268414501221
-1080.2483625035682
-1120.471866382432
-1158.3492085477724
-1109.973785461918
-1087.5463945590955
-1081.2696630086766
-1151.045287011406
-1061.6670968782516
-1083.1692000122114
-1102.6075800327662
-1102.8912523419076
-1120.8357909676117
-1060.2695608693882
-1086.139846186484
-1128.5865080257715
-1073.9148927372173
-1098.0498069107257
-1118.926898715683
-1094.04894672396
-1104.2473318406514
-1146.0086316545987
