-112.99069743139952
-350.9362655674807
-392.6900601123335
-400.78639554977417
-425.8838605298425
-450.19666858532463
-489.9861742010864
-577.6355082120764
-573.6932120872533
-580.0850702364874
-610.0675927790628
-678.4297441403437
-678.2479664411413
-602.3974815140122
-673.215315788023
-700.190896100163
-688.2121067310808
-626.2552739178531
-701.0218942527947
-714.4250274122036
-747.34325960924
-743.9888475831203
-719.4296916311238
-733.1746237882271
-734.1069720637414
-737.1757187843323
-723.668815050257
-794.5458853936965
-785.1831411897862
-805.2767036895049
-807.1897578085623
-775.7858013205814
-829.7454520370553
-820.1283606252363
-703.6319728051462
-822.6544677628899
-844.73499291064
-806.0837393554125
-793.1557166279736
-862.3311604178996
-828.1832910924463
-859.3355951880529
-933.7028963642736
-851.5930242670297
-856.9349723417089
-758.7077296164728
-878.991689163419
-863.1091755809872
-909.0600083698325
-888.0644349041073
-883.1957087011381
-836.3852971643896
-927.8554280364568
-952.3672449138307
-838.1022827921925
-942.772651232882
-904.2400430292578
-930.2796183203772
-919.6225900968649
-889.4148408212969
-877.9519887475924
-932.275502182921
-886.8644097191947
-895.7884338132797
-922.0553927443544
-917.354688415879
-918.7657536625313
-899.9362482255505
-929.2461170952441
-932.1717429974112
-885.5407830284488
-926.3061255881314
-933.8208389831578
-904.2785609196958
-886.8742839180379
-918.3342706355081
-886.7207344028807
-862.3649334006595
-908.2721196363599
-891.0730647952876
-935.0764717770062
-945.393420861064
-874.8687011437482
-931.2178889903055
-919.833363392386
-914.9935534077306
-942.3184731303272
-937.5866708887338
-867.70736083457
-957.5537082302955
-890.4142064916373
-924.3847350019464
-911.3756292316771
-899.093389519898
-916.7557992188063
-928.3252385684422
-909.5112819232149
-934.4952718321629
-901.4419234315371
-924.5210413075812
-933.7076909816759
-951.2084674044139
-906.0884422838413
-898.9283463526431
-898.038945316719
-909.8500277259932
-919.3871848484338
-897.7642832637382
-984.9689045216081
-953.912405251358
-937.7566008326096
-939.644451761026
-944.7725273870652
-945.7634612052672
-879.8637805446501
-921.9705650751492
-944.2167241144839
-916.0608834649012
-935.7170062460658
-929.7039964385846
-920.0241490684896
-952.2402530859143
-917.9935742391419
-930.2145325709048
-993.193180963191
-920.5542163145707
-951.5636951341057
-950.5150137518957
-982.1794798714774
-896.558038685179
-979.5449155816285
-902.2539620816982
-971.5285086258216
-945.5869866384339
-999.2613924791186
-1000.4551859209614
-1056.0408225345172
-1000.2540989185808
-973.3013087417672
-934.6286252281084
-954.2523832277219
-885.5481276358328
-940.0678796812136
-971.9066768329814
-987.059572211059
-918.878669751954
-1004.2523675382412
-954.3923097074306
-1025.749125361992
-957.3405041145289
-944.9346547807966
-1002.4542889485161
-1008.0496407785723
-914.1311457761421
-956.2399993711903
-962.0281519384428
-986.6156500803161
-961.1246569497245
-961.3146302007859
-972.5905252799461
-983.734744691629
-1025.4075544506723
-996.9669895084223
-949.4419651383079
-936.9525538919158
-965.7241497127691
-955.5189219356132
-1006.5266379870577
-958.081774381998
-967.2608502295709
-948.901991215719
-997.885836572691
-1031.265809784287
-979.0958485405566
-996.63792901984
-954.1589099734609
-973.0260190304523
-969.1812819929166
-926.4271155436468
-1006.1214721960955
-1011.8464773327524
-980.4309604574458
-1024.2967050130467
-994.0513337438557
-974.9701827440393
-954.1277185255482
-970.6356599517682
-932.4605325443954
-1001.502390373687
-994.7834668884628
-1026.2215380690614
-931.3310505783503
-981.2747288277621
-1003.5049068784933
-986.426747897803
-1006.0767569563906
-1018.6552653675255
-941.3679304957939
-1001.0093318592019
-1080.6245339916597
-1016.6660771216116
-964.5790864795034
-989.2810569974134
-1000.0984763571744
-902.3077281653057
-1017.9429911907916
-942.1081896487469
-980.3103206300516
-947.9607340026012
-1002.8798229727328
-1016.6714590617588
-1011.9353540657852
-1066.3388237140146
-1021.0424985402191
-952.1131777873237
-979.5680008725636
-960.2227021142635
-995.6089719077959
-999.5149246558616
-924.904795792795
-989.4645180856028
-992.017415109318
-994.1778015013664
-994.4511574072772
-1045.809571296938
-992.3780714114141
-1004.1800657527237
-1034.7564606336955
-1004.2287921114452
-1006.6492561612811
-992.5545832638367
-1039.6098702843838
-1025.2879654668993
-1052.018163496448
-1051.9097490969891
-915.1736774005099
-1036.6774272303428
-1011.0264128122461
-1002.3120464905066
-1032.3331302871352
-1075.940089739962
-1033.3019427462107
-1007.4503659553792
-967.1594180269725
-975.2857878372965
-994.6484305034585
-999.8365319851906
-1003.6411080250542
-1101.2463294525849
-1032.4337035060478
-1006.7696098292478
-1029.2756305180387
-986.941857107224
-1057.5853287250766
-984.6845355583226
-968.6805186249693
-1006.9794912909582
-985.8590738498671
-1063.1285798000301
-1046.3110457916962
-979.5446952872562
-1057.260283184491
-1014.1784406037924
-1004.13217114743
-1011.4594284971738
-1075.0436109903221
-1126.065896706647
-1076.3055995642314
-1080.4479325114307
-1022.4142977543141
-994.4731034869972
-1039.862483846427
-1107.9192573617681
-997.2868268237136
-1036.8252077410298
-1074.5694855369181
-1050.2328824667338
-1076.7452764203472
-1066.2975458944998
-1037.5404240876298
-1039.3513569282497
-1048.9491173902416
-983.2939687807989
-1007.371846382519
-1125.0085827612108
-1061.1209221501504
-1037.4098409485707
-1114.9810945009856
-1070.8014919087634
-966.0752977292109
-1045.9691403999857
-1038.8384538290138
-1109.0229558988651
-1077.1059958110757
-1043.5179217553907
-1057.7998914367042
-1097.6552273095479
-1118.130550657
-1125.9926600654005
-1020.7457766730664
-1153.3522821241809
-989.5525924049764
-1032.3498214862313
-1081.239279804142
-1137.4628063500752
-1060.8124344689506
-1080.69033135357
-1061.6883728449245
-1058.332046579106
-1080.8951167620821
-1090.6279651272682
-1109.6325395469842
-1105.9007409860462
-1089.9258783314085
-1074.1527493911954
-1076.9542422843967
-1124.9110411191316
-1055.4876515964208
-1043.6075824087116
-1079.5789700389457
-1002.968562258004
-1083.4929208711544
-1057.8019838201285
-1122.1762167099982
-1092.7021407257027
-1072.928811385335
-1035.655848894251
-1109.41507140832
-1061.9817491874167
-1056.1885132811585
-1054.726651855328
-1124.1968618208361
-1148.391914411624
-1172.349923463461
-1055.1095381354407
-1025.8113751565256
-1064.7710348735757
-1062.902969698752
-1103.02266534902
-1145.50765239698
-1024.7031586818432
-1043.5129007436162
-1145.1781101490496
-1104.6170241448187
-1092.5732986696305
-1039.6415746794319
-1090.5555237712947
-1079.7058360192084
-1110.967277069795
-1048.3445278818158
-1042.084295628807
-1085.75909755197
-1132.8780810272638
-1102.5714754289197
-1077.6577603740077
-1115.5677731993012
-1035.6727673051544
-1062.2583779189993
-1047.4249664869176
-1091.013770846178
-1099.9086884749102
-1062.3537674125987
-1085.4179675502162
-1118.0722412250009
-1089.4733403640957
-1121.46865904496
-1102.036287474742
-1029.6388740231914
-1060.76408584876
-1063.8732500208139
-1006.4312661342357
-1059.2288436889648
-1088.499220039438
-1038.4988824958625
-1160.055478337723
-1040.4146917492562
-1073.9556705237533
-1111.9110214479508
-1066.5653818016228
-1080.5427288635535
-1120.7824175083142
-1158.6701119770103
-1110.286593740437
-1087.8323458394696
-1081.5632764754757
-1151.3427188363494
-1061.9693500501219
-1083.4879449545513
-1102.9111128248926
-1103.236748945878
-1121.1573018192696
-1060.5701011270971
-1086.4073425855504
-1128.8907477295343
-1074.2115018290858
-1098.342267106755
-1119.2264321322814
-1094.3465299474478
-1104.5636512167443
-1146.2981717509608
