2.3147783279418945
2.2983603477478027
2.302777051925659
2.278424024581909
2.2877790927886963
2.267601728439331
2.236330270767212
2.2502975463867188
2.160834789276123
2.160968065261841
2.099240779876709
1.9438623189926147
1.818998098373413
1.7124736309051514
1.5714571475982666
1.6464650630950928
1.478724718093872
1.3626937866210938
1.3832008838653564
0.9918710589408875
0.8411177396774292
0.8369165658950806
0.8296409845352173
0.4272133409976959
0.3140300512313843
1.0639560222625732
0.39922791719436646
0.6263519525527954
0.43898147344589233
0.5057740807533264
0.3430948853492737
0.6216213703155518
0.3862999975681305
0.2669481933116913
0.2715635895729065
0.7122775316238403
0.13663265109062195
0.1127772107720375
0.4757932126522064
0.21229079365730286
0.35251253843307495
0.34830471873283386
0.1525830328464508
0.13456353545188904
0.15407860279083252
0.2192491739988327
0.08220487087965012
0.09962096810340881
0.07677368819713593
0.2221783846616745
0.15490619838237762
0.014301374554634094
0.26812490820884705
0.4153621792793274
0.04494800418615341
0.021257834509015083
0.12157461792230606
0.1825801432132721
0.027563339099287987
0.029030922800302505
0.08724471181631088
0.0724046602845192
0.03531152755022049
0.06348130106925964
0.020337780937552452
0.03286724165081978
0.030793696641921997
0.06639647483825684
0.046419907361269
0.00454169325530529
0.21871352195739746
0.0008171916124410927
0.007527954876422882
0.010948938317596912
0.05835575982928276
0.05036315321922302
0.07827182859182358
0.003259816439822316
0.007758552674204111
0.00045163510367274284
0.024091478437185287
0.36302563548088074
0.0005895238136872649
0.04611685127019882
0.0002424053382128477
0.04949428513646126
0.0035248708445578814
0.009129080921411514
0.008290383033454418
0.016390185803174973
0.0012125942157581449
0.08244965970516205
0.0020345484372228384
0.0008661200990900397
0.0043158335611224174
0.00736888125538826
0.09432176500558853
0.009554294869303703
0.0012128453236073256
0.00046717916848137975
0.00014532591740135103
0.12070977687835693
0.00884780753403902
0.010441203601658344
0.005670077633112669
0.376239150762558
0.006122342776507139
0.0053026629611849785
0.01279640942811966
0.013533346354961395
0.5453795790672302
0.019056499004364014
0.08261241018772125
0.0018418902764096856
0.005727874115109444
0.007191382348537445
0.04412878304719925
0.008824670687317848
0.02834479883313179
0.030980590730905533
0.0030159233137965202
0.0029903301037847996
0.10005880892276764
0.018010705709457397
0.024660101160407066
0.010383620858192444
0.001080123009160161
0.002316655358299613
0.006738018244504929
0.017389198765158653
0.01610381528735161
0.06990177929401398
0.018861601129174232
0.01916484907269478
0.004271472804248333
0.0038443193770945072
0.002353071700781584
0.018904462456703186
0.0015310465823858976
0.0016015967121347785
0.025052985176444054
0.005689025390893221
0.005520757287740707
0.010899948887526989
0.0025874364655464888
0.006972267292439938
0.005045099183917046
0.005360646639019251
0.005672488361597061
0.02162860333919525
7.533277675975114e-05
0.001884175231680274
0.001388502074405551
0.0004108638095203787
0.0032913219183683395
0.005643867887556553
0.003869167296215892
0.002810681238770485
0.5645654797554016
0.000619982834905386
0.027330482378602028
0.0003198712947778404
0.0004219620896037668
0.39681029319763184
0.01994657889008522
0.017516715452075005
0.002826954238116741
0.04073428735136986
0.026985427364706993
0.00048243984929285944
0.020849864929914474
0.002293048892170191
0.0051361918449401855
0.011799706146121025
0.0006524802884086967
0.0075406841933727264
0.0007080503273755312
0.00884182844310999
0.06796600669622421
0.0016388759249821305
0.0013544282410293818
0.0013971955049782991
0.012435478158295155
0.02066110633313656
0.028999656438827515
0.0007524098036810756
0.0017863530665636063
0.06575756520032883
0.005841816775500774
0.003762326668947935
0.0010479169432073832
0.001107622287236154
0.004167092032730579
0.02583383582532406
0.0024109533987939358
0.0001451938587706536
0.010900435037910938
0.00027709422283805907
0.0007169151795096695
0.007333934307098389
