0.096375
0.093
0.09875
0.09625
0.099
0.09825
0.1005
0.099
0.100375
0.104125
0.107875
0.11075
0.1265
0.128125
0.138125
0.139625
0.137375
0.133875
0.140875
0.14325
0.144875
0.144375
0.14
0.144125
0.143375
0.146125
0.148375
0.15075
0.157
0.166125
0.16425
0.172875
0.176875
0.1895
0.182375
0.19625
0.1945
0.194
0.20725
0.201125
0.204625
0.200125
0.20775
0.206875
0.20925
0.213125
0.20475
0.210125
0.20975
0.215
0.225125
0.222625
0.218
0.217125
0.215625
0.22075
0.21975
0.22725
0.21975
0.22975
0.23075
0.226
0.23525
0.232375
0.225625
0.239
0.2355
0.235375
0.238125
0.2465
0.2435
0.244125
0.244
0.244625
0.242625
0.242375
0.256
0.250625
0.250375
0.25175
0.248875
0.258875
0.256125
0.260375
0.2615
0.2665
0.26275
0.263875
0.270125
0.271125
0.267625
0.26425
0.27125
0.267875
0.272875
0.262875
0.272625
0.278625
0.271625
0.27025
0.27575
0.2785
0.283625
0.274625
0.272
0.2755
0.2755
0.27325
0.273125
0.2785
0.274
0.284625
0.27475
0.273375
0.28575
0.272625
0.282625
0.281625
0.28325
0.295
0.285125
0.288
0.287625
0.297125
0.2885
0.295875
0.296375
0.299125
0.309125
0.29775
0.310375
0.300625
0.300125
0.312
0.303875
0.30775
0.299375
0.3185
0.303
0.300375
0.308
0.31425
0.311625
0.32125
0.326375
0.324125
0.331625
0.32375
0.333375
0.331375
0.332
0.33575
0.330875
0.334
0.34225
0.337125
0.336625
0.3425
0.339125
0.346125
0.353
0.3485
0.3355
0.3595
0.36275
0.353625
0.351875
0.361375
0.357
0.353625
0.357875
0.368125
0.365125
0.367
0.3635
0.36875
0.357875
0.37175
0.364
0.3705
0.334125
0.3785
0.37825
0.364125
0.376625
0.368
0.38475
0.385125
0.380125
0.389
0.3885
0.38875
0.38275
0.39825
0.3805
0.39525
0.380625
0.38925
0.4005
0.38425
0.398375
0.4045
0.402
0.3975
0.397875
0.39625
0.403125
0.404375
0.400125
0.396
0.406625
0.40725
0.396875
0.40325
0.40525
0.41975
0.412625
0.409375
0.410875
0.419
0.42275
0.412375
0.424375
0.426125
0.42425
0.4145
0.424875
0.425875
0.43125
0.43475
0.427125
0.41925
0.431875
0.423
0.435125
0.436
0.437875
0.43975
0.444125
0.434625
0.44075
0.446625
0.439
0.451375
0.436
0.454625
0.448875
0.449875
0.444125
0.4485
0.4475
0.449125
0.445
0.46125
0.4495
0.45775
0.44725
0.44925
0.4545
0.4625
0.458625
0.461375
0.46975
0.46225
0.451625
0.458
0.465625
0.4685
0.462375
0.47225
0.47
0.47575
0.4735
0.476625
0.47925
0.466375
0.471125
0.471375
0.48225
0.476625
0.476
0.477125
0.477375
0.480125
0.48125
0.481625
0.47225
0.486375
0.4835
0.47175
0.476875
0.481125
0.484625
0.47925
0.48325
0.47725
0.493125
0.483125
0.49225
0.49525
0.485875
0.492375
0.487125
0.4945
0.491625
0.489625
0.490875
0.486375
0.503625
0.48775
0.50775
0.513375
0.499375
0.49275
0.494375
0.512625
0.504
0.48625
0.5105
0.50425
0.502375
0.50925
0.52375
0.503875
0.513625
0.504375
0.505125
0.50575
0.513125
0.5135
0.49975
0.50875
0.502875
0.51625
0.503375
0.523875
0.50725
0.504
0.512625
0.510875
0.510875
0.52775
0.519875
0.52425
0.52
0.520875
0.516625
0.53025
0.523375
0.525375
0.532375
0.527375
0.514375
0.525125
0.526875
0.530625
0.5265
0.51975
0.536875
0.53425
0.534375
0.535875
0.5245
0.536375
0.5315
0.527375
0.530875
0.527375
0.529875
0.5335
0.53275
0.529125
0.524375
0.53775
0.54225
0.542125
0.538625
0.52575
0.5435
0.542
0.535375
0.52925
0.539125
0.5385
0.523
0.546375
0.538875
0.539125
0.5435
0.552875
0.547375
0.5365
0.539375
0.545875
0.557
0.557375
0.555375
0.559875
0.53575
0.552
0.56225
0.541875
0.5515
0.551625
0.5445
0.549875
0.549875
0.56675
0.546
0.55225
0.5605
0.555
0.549875
0.5615
0.554625
0.57175
0.5655
0.567125
0.553875
0.561375
0.555125
0.57225
0.529625
0.5495
0.54975
0.566375
0.567
0.5575
0.572375
0.573
0.570875
0.558
0.55725
0.561
0.56275
0.557125
0.56925
0.55525
0.564125
0.572875
0.5585
0.57775
0.561
0.566875
0.572125
0.5695
0.57275
0.571875
0.5725
0.5655
0.57525
0.5695
0.565875
0.578875
0.57125
0.5735
0.58675
0.574375
0.576625
0.581125
0.57225
0.586875
0.58025
0.56675
0.572125
0.588625
0.573625
0.588125
0.585875
0.58725
0.579375
0.58125
0.563
0.593625
0.5925
0.58
0.5675
0.58375
0.587625
0.584375
0.593875
0.567375
0.594125
0.574125
0.589375
0.59025
0.5755
0.57475
0.573625
0.5835
0.589
0.599375
0.581125
0.593375
0.6
0.586
0.586
0.587
0.59575
0.5905
0.596125
0.587
0.606625
0.592125
0.584125
0.590625
0.596375
0.591875
0.59775
0.607125
0.59525
0.591125
0.582875
0.583125
0.60575
0.5995
0.57925
0.603625
0.5965
0.59425
0.594875
0.60775
0.594375
0.590375
0.609125
0.599375
0.588125
0.594625
0.58325
0.6015
0.613
0.603875
0.606375
0.596375
0.594625
0.597
0.615375
0.593875
0.600375
0.618375
0.602625
0.601
0.595875
0.60875
0.610625
0.605875
0.61325
0.600625
0.616
0.615875
0.6065
0.629375
0.594375
0.62425
0.6085
0.6165
0.60325
0.625
0.604
0.6255
