255.0910880244779
-233.21551976354743
-396.88069422285633
-505.2970729790755
-526.3982051306398
-581.8416622143302
-579.375886241885
-673.3768025419138
-660.4092435535143
-681.8640780390904
-725.4804680492466
-770.9078464090389
-749.7340864752331
-730.3734089278247
-827.9267644023663
-815.2376512309351
-866.280427863128
-851.2338793805626
-921.1140140031087
-950.8660955684319
-1041.3976991750899
-1036.897644878304
-1166.0709199186078
-1218.2108165991567
-1149.5993988705377
-1223.0078034435746
-1256.7467367562065
-1268.813871105222
-1202.1155556263425
-1279.4886737739953
-1305.6096176277401
-1280.1201604300172
-1363.2134663008715
-1424.4832611408838
-1380.0312740947788
-1380.1176224311773
-1454.9575903955167
-1399.3531397427375
-1499.3184393792258
-1449.0174755458413
-1486.1762508707905
-1528.8971412083238
-1491.859837775683
-1520.621781639229
-1542.7061715972975
-1535.1312390348337
-1509.0003016488106
-1614.4778153542475
-1484.1267971656039
-1536.208710712238
-1555.5446831454906
-1624.991524689389
-1670.8939807455615
-1672.9512421730951
-1575.7500973211877
-1608.9023653898216
-1685.7053983878625
-1695.6263459198667
-1678.7481834801445
-1724.8008895187193
-1688.915353000019
-1773.1899494811566
-1766.16755969565
-1724.921758192299
-1757.621681547513
-1899.6824073048983
-1837.4032995033729
-1807.2276806239663
-1945.396655999251
-1999.8450417808663
-1989.4273333213046
-1992.6104950218885
-1998.2188571085314
-1980.8830471363672
-1999.061112214759
-2028.6724125103358
-1994.1595526553708
-2111.773056348165
-2109.00236613327
-1910.269127059157
-2120.8883713028436
-2133.4900616462505
-2089.5847257419223
-2113.019349713105
-2129.4223463517906
-2260.555449808311
-2161.0947718933553
-2146.9279102780233
-2148.76181917585
-2233.57956920169
-2236.407778589105
-2118.4111540114504
-2166.9240983930526
-2268.1037121631225
-2243.1101948164965
-2232.843245132706
-2219.0544371639726
-2091.366417738643
-2279.765420714144
-2353.176239528795
-2251.3416811810794
-2065.5986364369264
-2358.0669869007565
-2382.197335904532
-2388.5930060319365
-2348.8766323934215
-2406.2118760269054
-2381.548838167585
-2522.7401469432525
-2374.7475627193776
-2351.7898515019106
-2453.353839363785
-2332.9616077915016
-2387.046410177746
-2441.781687585687
-2368.020288026536
-2486.380245162333
-2361.6444775750747
-2344.0270156674724
-2418.8557271470117
-2295.024248174217
-2381.022188530061
-2392.591321810609
-2427.1728519337603
-2300.2141957457047
-2343.3441053330175
-2307.768273977758
-2309.5880860934294
-2386.191191810181
-2321.721992075008
-2305.803924040783
-2402.2609290798214
-2297.2691591174644
-2412.8794677437368
-2384.009687929548
-2458.2020117581037
-2482.7383417282663
-2385.206921171388
-2413.8645284610943
-2295.798639826531
-2346.547078970285
-2397.2072320645743
-2422.3974058146605
-2418.2890803019204
-2332.70061252529
-2488.6963003488063
-2428.6355803181077
-2499.2518559662385
-2474.8423830946576
-2525.4565683722208
-2435.3488087897754
-2340.8284680767943
-2424.8201409035937
-2441.824756186084
-2491.244855414342
-2490.080867173318
-2391.909904410369
-2458.9303816078354
-2462.995689670535
-2470.1143604009403
-2612.597188573684
-2500.1198300688807
-2577.5861984401436
-2573.091441950369
-2552.363997670566
-2488.7495217427722
-2564.608660862684
-2436.145795149235
-2630.51912201002
-2432.198214278024
-2536.84936063075
-2528.5010643098185
-2555.9466553848156
-2381.905951172766
-2622.2328624864563
-2656.567103624924
-2621.0896790868755
-2485.1546161354604
-2641.5919239944496
-2496.985999504145
-2445.244091897115
-2535.9300676517532
-2523.9630161109053
-2623.764523842619
-2615.168927334231
-2605.865717996936
-2707.251139842681
-2648.6016754373145
-2632.573477696328
-2569.8919776860816
-2574.8764157817313
-2569.432679308592
-2542.7719982430303
-2612.930411568523
-2637.9308660836696
-2618.2222891480383
-2550.8231644085145
-2621.978428759424
-2594.8784092070123
-2572.2366095401367
-2655.684372644355
-2521.092688418943
-2616.605582095701
-2541.8998336606364
-2701.165144797369
-2668.543876146748
-2572.610825550237
-2563.959672468422
-2589.8991676014994
-2640.194754533234
-2648.7380990726815
-2579.609575628944
-2546.795309693274
-2477.0955200195312
-2674.263218455071
-2631.3847987413988
-2638.326565421991
-2649.3770287878033
-2622.4531521089466
-2694.9140310913976
-2611.4805657231313
-2740.773841393835
-2606.6503686278406
-2589.648781825156
-2601.3118698231497
-2682.9489817746944
-2675.423822240528
-2628.429802961883
-2742.9479479267648
-2612.96496710116
-2718.0553240996496
-2651.301002975798
-2732.1771779304004
-2696.846340578548
-2585.617048982866
-2735.099361261892
-2752.619240456834
-2703.7255267493624
-2684.013941743948
-2535.434193307176
-2629.2223319496843
-2619.592884843367
-2598.339848652953
-2752.842708429861
-2595.257570076453
-2701.940747783132
-2657.2430257449187
-2664.320320890478
-2726.418468521749
-2691.2217472939597
-2743.0672917052775
-2746.083961226934
-2706.9087351778126
-2675.9076863309765
-2629.2364335234147
-2722.885642021532
-2712.959367404019
-2638.334622557146
-2731.3658832355136
-2635.8100582201696
-2684.7437806512316
-2623.194142919387
-2608.9374985149598
-2801.274913518678
-2611.245642112119
-2755.1211013422685
-2672.4582191337345
-2697.249561783171
-2740.110267843353
-2655.7883476758525
-2683.6635388469463
-2516.6404934532743
-2764.1799388801965
-2634.9852645855462
-2728.3319436326224
-2658.516299470498
-2694.9672370409444
-2751.0739720198358
-2752.3469474959547
-2721.914758872522
-2775.4376526157353
-2782.023996209286
-2681.6252021882365
-2798.377062361316
-2673.008586475159
-2746.2714708008034
-2709.832693874981
-2713.090811982352
-2722.6837222106265
-2825.142084757487
-2801.5035766081796
-2705.010712505257
-2592.0123584496714
-2776.695023882418
-2737.300445927901
-2695.8362615357933
-2657.354119962149
-2818.1282907007962
-2638.774240830229
-2699.3206830082727
-2687.513929863626
-2635.1441839129966
-2733.5335155032267
-2640.641746391055
-2839.210861540189
-2725.9120142210427
-2685.9329041344117
-2778.675826079654
-2749.484428238695
-2749.233411542981
-2820.1975705594623
-2709.0337263139786
-2620.18377043731
-2729.5052669645806
-2704.645787612655
-2660.5237094108784
-2683.576350488222
-2743.9976209283163
-2686.9366808517716
-2633.3017663329188
-2837.058952238728
-2670.5093357429596
-2752.988778589996
-2595.8941347071145
-2722.7816126468406
-2823.9389479142906
-2718.8096653829234
-2754.0495927351235
-2831.130598601924
-2784.7463799915176
-2768.1283661222806
-2762.3001052596564
-2808.3108344530538
-2738.038546522748
-2710.6715500917458
-2769.5255836152683
-2750.2659004007232
-2846.6108620636655
-2781.689387411967
-2716.8342537241842
-2855.1264330824506
-2680.9831711335196
-2776.6854743307813
-2725.2617563586455
-2791.758270207983
-2693.565599260539
-2634.81396682071
-2715.717663767274
-2775.4787019975574
-2724.43494735495
-2763.2577151741716
-2877.289057079603
-2767.100046645116
-2746.490378089775
-2728.2544571071357
-2764.8693695718066
-2807.900992511833
-2751.679486186545
-2747.3448934253406
-2771.391998263171
-2772.2088567729124
-2796.2324380248133
-2818.810333771717
-2732.124042297512
-2835.593151677264
-2795.7075855041653
-2708.23597951179
-2724.2263802855555
-2689.3391096574546
-2824.2182330945984
-2760.4650354315763
-2759.170227496293
-2514.8163883738275
-2784.921213006161
-2784.6037577608204
-2869.3078386070083
-2784.397870511614
-2801.355139739322
-2773.9441198641366
-2776.6190478099816
-2798.7689353033284
-2746.584643361632
-2752.8406166856307
-2830.779146923056
-2766.9648621644997
-2738.081672796078
-2735.6519679605526
-2772.6613758764706
-2861.6349271788213
-2777.4143762379667
-2859.1023976866636
-2632.5656777797244
-2705.616354615149
-2853.6362392676137
-2745.805294695852
-2781.3828831043847
-2774.5108841573524
-2785.1277495613936
-2758.1229589234886
-2745.329219994464
-2781.6424255185466
-2606.498096401094
-2811.888507889425
-2863.496467775962
-2873.8596867099586
-2866.8463119265516
-2725.308808264071
-2714.163623559214
-2808.9534690838373
-2784.875963345641
-2802.745216239688
-2853.358085316753
-2747.348358098608
-2822.203651298282
-2872.4229582440826
-2767.98076798562
-2780.033163177416
-2883.537881837274
-2800.9153492874184
-2825.7342965898724
-2777.781169807824
-2758.213172996131
-2777.6310002983632
-2843.3150290978797
-2697.645030882527
-2856.239341568773
-2748.869140086673
-2838.7120952931054
-2733.8992247291435
-2796.4237298199732
-2796.1465411777913
-2896.963413229244
-2858.4398428738264
-2796.301244471195
-2772.123540094009
-2833.7285677870404
-2867.7261818841716
-2861.848977044841
-2842.3548381276373
-2698.1941234653596
-2749.929647775172
-2783.403011108547
-2772.9792446869715
-2911.32863243827
-2790.7393950859127
-2806.869215471031
-2823.6043048496663
-2842.5795783718136
-2815.4847119185174
-2855.014512737302
-2824.1887958229604
-2848.017711778627
-2783.9881250980125
-2680.11984168468
-2867.854202827398
-2739.58518150311
-2723.5147516849265
-2864.3446598099385
-2749.493981280176
-2752.366574586743
-2764.8481167609966
-2837.2703559300035
-2860.4847965658146
-2829.082101158272
-2669.7221168137526
-2798.163129671937
-2940.1612591337403
-2852.453271304314
-2896.8069317485874
-2817.3247160343067
-2820.510991822774
-2734.8010286205877
-2788.397445864341
-2843.6335425086845
-2729.8620631642584
-2828.3496121965763
-2939.8343000203154
-2810.852349084079
-2801.6576408701803
-2865.4593124946537
-2782.548718826034
-2748.91046599228
-2884.2140004698667
-2844.962676742071
-2840.674766633342
-2805.5820293194474
-2835.5331112010053
-2796.6903878836156
-2820.4359416544003
-2926.352787881002
-2831.4140556131256
-2815.9477623709795
-2811.2669002574726
-2901.9511008158215
-2811.558304018638
-2833.6278571432813
-2823.6233264431175
-2877.3081693254826
-2829.2978688075304
-2746.9699294004417
-2712.0868930398983
-2690.5157125431256
-2781.847147772202
-2887.1420651944013
-2839.698640048359
-2903.8433944071007
-2802.0584974451367
-2800.558010574675
-2941.0315060766366
-2744.816166193236
-2820.6451123091424
-2810.559135418449
-2781.71840064427
-2864.7985581817998
-2725.2642176829986
-2874.840857670545
-2831.675822645498
-2841.266588382767
-2796.6244938425775
-2810.4984317603194
-2793.559758682901
-2884.030094935656
-2819.957096888781
-2768.9596127419577
-2799.526479813884
-2747.7779985785196
-2765.4373149268527
-2873.1600880123983
-2885.5065478257598
-2767.37978461421
-2888.0397042694462
-2791.6708378478556
-2899.9330875368883
-2887.1570258593038
-2817.5376596938086
-2834.641767441501
-2729.145524296447
-2924.113989391466
-2790.6681843314436
-2774.890830404277
-2742.390153200377
-2884.8040173384393
-2832.153793891851
-2867.216117840324
-2813.8193770731164
-2814.319946057025
-2842.21349904601
-2722.8043011296404
-2954.7835810306296
-2910.4125708141464
-2861.3772285999753
-2782.5139886155325
-2864.0837335516935
-2889.8521675611064
-2830.7775576607733
-2933.7129392971956
-2788.946468812706
-2823.4105876727695
-2888.8478768805808
-2836.4883678649753
