4.647334098815918
6.971954345703125
4.04355525970459
2.3395156860351562
2.313394069671631
2.313483238220215
2.3135294914245605
2.31354022026062
2.3135197162628174
2.3134725093841553
2.313401699066162
2.313310146331787
2.3132009506225586
2.313075304031372
2.3129355907440186
2.3127834796905518
2.3097574710845947
2.3111085891723633
2.3104817867279053
2.35910701751709
2.3067626953125
2.3118433952331543
2.3116965293884277
2.3115391731262207
2.3113741874694824
2.3112008571624756
2.311021327972412
2.310837507247925
2.310648202896118
2.3104562759399414
2.3102612495422363
2.3100645542144775
2.309866428375244
2.3096680641174316
2.30946946144104
2.3092710971832275
2.3090736865997314
2.308877468109131
2.308683395385742
2.3084912300109863
2.3083014488220215
2.308114528656006
2.3079299926757812
2.307749032974243
2.3075709342956543
2.307396411895752
2.307225465774536
2.307058095932007
2.306894540786743
2.306734800338745
2.306579113006592
2.3064277172088623
2.3062798976898193
2.3061363697052
2.3059964179992676
2.305860996246338
2.305729389190674
2.3056018352508545
2.305478096008301
2.305358409881592
2.3052425384521484
2.30513072013855
2.3050222396850586
2.304917573928833
2.304816722869873
2.3047194480895996
2.3046257495880127
2.304535388946533
2.3044486045837402
2.3043646812438965
2.304283857345581
2.304206609725952
2.3041319847106934
2.304060697555542
2.3039920330047607
2.3039259910583496
2.303863048553467
2.303802728652954
2.3037447929382324
2.3036892414093018
2.303636312484741
2.3035852909088135
2.3035366535186768
2.303490161895752
2.303445816040039
2.303403377532959
2.3033626079559326
2.3033244609832764
2.303287982940674
2.3032522201538086
2.3032186031341553
2.3031868934631348
2.3031563758850098
2.3031277656555176
2.3030996322631836
2.3030734062194824
2.303048610687256
2.3030247688293457
2.303001880645752
2.302980899810791
2.30295991897583
2.302940845489502
2.302922487258911
2.3029046058654785
2.3028881549835205
2.3028724193573
2.3028578758239746
2.3028435707092285
2.3028299808502197
2.3028171062469482
2.302804708480835
2.3027937412261963
2.3027825355529785
2.3027725219726562
2.302762508392334
2.3027536869049072
2.3027446269989014
2.302736282348633
2.3027288913726807
2.3027212619781494
2.3027141094207764
2.3027076721191406
2.302701234817505
2.3026955127716064
2.302690029144287
2.302684783935547
2.3026795387268066
2.3026747703552246
2.3026700019836426
2.302665948867798
2.302661895751953
2.3026580810546875
2.30265474319458
2.3026514053344727
2.3026480674743652
2.302645206451416
2.3026421070098877
2.3026394844055176
2.3026366233825684
2.3026340007781982
2.3026320934295654
2.3026299476623535
2.3026275634765625
2.3026256561279297
2.302623987197876
2.3026223182678223
2.3026206493377686
2.3026187419891357
2.3026175498962402
2.3026161193847656
2.30261492729187
2.3026134967803955
2.302612543106079
2.3026113510131836
2.302610158920288
2.3026092052459717
2.3026082515716553
2.3026070594787598
2.3026065826416016
2.302605390548706
2.3026044368743896
2.3026041984558105
2.302603244781494
2.302602767944336
2.3026020526885986
2.3026013374328613
2.302600622177124
2.302600145339966
2.3025999069213867
2.3025994300842285
2.302598714828491
2.302598476409912
2.302597999572754
2.3025975227355957
2.3025970458984375
2.3025965690612793
2.3025963306427
2.302596092224121
2.302595615386963
2.302595376968384
2.3025951385498047
2.3025946617126465
2.3025946617126465
2.302593946456909
2.30259370803833
2.30259370803833
2.302593469619751
2.3025929927825928
2.3025929927825928
2.3025929927825928
2.3025927543640137
2.3025922775268555
2.3025920391082764
2.3025918006896973
2.302591562271118
2.302591562271118
2.302591562271118
2.30259108543396
2.302590847015381
2.302590847015381
2.302590847015381
2.302590847015381
2.3025906085968018
2.3025903701782227
2.3025901317596436
2.3025901317596436
2.3025898933410645
2.3025898933410645
2.3025898933410645
2.3025894165039062
2.3025896549224854
2.3025894165039062
2.3025894165039062
2.302588939666748
2.302588939666748
2.302588939666748
2.302588701248169
2.302588939666748
2.302588939666748
2.302588701248169
2.302588701248169
2.302588701248169
2.302588701248169
2.3025882244110107
2.3025882244110107
2.3025882244110107
2.3025879859924316
2.3025879859924316
2.3025879859924316
2.3025879859924316
2.3025879859924316
2.3025879859924316
2.3025875091552734
2.3025877475738525
2.3025875091552734
2.3025875091552734
2.3025875091552734
2.3025872707366943
2.3025870323181152
2.3025875091552734
2.3025872707366943
2.3025870323181152
2.3025872707366943
2.3025872707366943
2.3025870323181152
2.3025870323181152
2.3025870323181152
2.3025870323181152
2.302586793899536
2.3025870323181152
2.3025870323181152
2.3025870323181152
2.302586793899536
2.302586555480957
2.302586793899536
2.302586555480957
2.302586317062378
2.302586317062378
2.302586317062378
2.302586555480957
2.302586555480957
2.302586555480957
2.302586078643799
2.302586317062378
2.302586317062378
2.302586317062378
2.302586317062378
2.302586078643799
2.302586078643799
2.302586078643799
2.302586078643799
2.302586078643799
2.302586078643799
2.302586078643799
2.302586078643799
2.302586078643799
2.302586078643799
2.302586078643799
2.302586078643799
2.3025858402252197
2.3025858402252197
2.302586078643799
2.3025858402252197
2.3025856018066406
2.302586078643799
2.3025858402252197
2.3025858402252197
2.302586078643799
2.3025858402252197
2.3025858402252197
2.3025856018066406
2.3025856018066406
2.3025856018066406
2.3025856018066406
2.302586078643799
2.3025856018066406
2.3025856018066406
2.3025856018066406
2.3025853633880615
2.3025853633880615
2.3025858402252197
2.3025858402252197
2.3025856018066406
2.3025856018066406
2.3025853633880615
2.3025853633880615
2.3025856018066406
2.3025856018066406
2.3025853633880615
2.3025851249694824
2.3025853633880615
2.3025856018066406
2.3025853633880615
2.3025853633880615
2.3025856018066406
2.3025853633880615
2.3025856018066406
2.3025851249694824
2.3025851249694824
2.3025856018066406
2.3025853633880615
2.3025853633880615
2.3025851249694824
2.3025851249694824
2.3025853633880615
2.3025853633880615
2.3025851249694824
2.3025853633880615
2.3025851249694824
2.3025853633880615
2.3025853633880615
2.3025853633880615
2.3025851249694824
2.3025853633880615
2.3025856018066406
2.3025851249694824
2.3025853633880615
2.3025851249694824
2.3025856018066406
2.3025851249694824
2.3025853633880615
2.3025851249694824
2.3025851249694824
2.3025853633880615
2.3025851249694824
2.3025851249694824
2.3025851249694824
2.3025851249694824
2.3025851249694824
2.3025851249694824
2.3025851249694824
2.3025853633880615
2.3025851249694824
2.3025856018066406
2.3025853633880615
2.3025856018066406
2.3025853633880615
2.3025851249694824
2.3025851249694824
2.3025851249694824
2.3025851249694824
2.3025851249694824
2.3025853633880615
2.3025851249694824
2.3025851249694824
2.3025851249694824
2.3025851249694824
2.3025851249694824
2.3025851249694824
2.3025851249694824
2.3025853633880615
2.3025851249694824
2.3025851249694824
2.3025851249694824
2.3025851249694824
2.3025851249694824
2.3025848865509033
2.3025851249694824
2.3025853633880615
2.3025851249694824
2.3025851249694824
2.3025851249694824
2.3025853633880615
2.3025851249694824
2.3025851249694824
2.3025851249694824
2.3025851249694824
2.3025851249694824
2.3025848865509033
2.3025851249694824
2.3025851249694824
2.3025851249694824
2.3025851249694824
2.3025851249694824
2.3025851249694824
2.3025848865509033
2.3025853633880615
2.3025851249694824
2.3025851249694824
2.3025853633880615
2.3025848865509033
2.3025851249694824
2.3025851249694824
2.3025851249694824
2.3025851249694824
2.3025851249694824
2.3025853633880615
2.3025851249694824
2.3025851249694824
2.3025851249694824
2.3025851249694824
2.3025851249694824
2.3025851249694824
2.3025851249694824
2.3025851249694824
2.3025848865509033
2.3025851249694824
2.3025851249694824
2.3025851249694824
2.3025851249694824
2.3025851249694824
2.3025851249694824
2.3025851249694824
2.3025848865509033
2.3025851249694824
2.3025851249694824
2.3025853633880615
2.3025851249694824
2.3025851249694824
2.3025851249694824
2.3025851249694824
2.3025851249694824
2.3025851249694824
2.3025851249694824
2.3025853633880615
2.3025851249694824
2.3025851249694824
2.3025851249694824
2.3025851249694824
2.3025851249694824
2.3025851249694824
2.3025851249694824
2.3025851249694824
2.3025848865509033
2.3025851249694824
2.3025848865509033
2.3025851249694824
2.3025851249694824
2.3025853633880615
2.3025848865509033
2.3025851249694824
2.3025851249694824
2.3025851249694824
2.3025851249694824
2.3025851249694824
2.3025851249694824
2.3025851249694824
2.3025851249694824
2.3025851249694824
2.3025851249694824
2.3025851249694824
2.3025848865509033
2.3025851249694824
2.3025848865509033
2.3025851249694824
2.3025851249694824
2.3025851249694824
2.3025851249694824
2.3025851249694824
2.3025851249694824
2.3025851249694824
2.3025851249694824
2.3025851249694824
2.3025851249694824
2.3025851249694824
2.3025848865509033
2.3025851249694824
2.3025851249694824
2.3025851249694824
2.3025848865509033
2.3025851249694824
2.3025851249694824
2.3025851249694824
2.3025851249694824
2.3025851249694824
2.3025851249694824
2.3025848865509033
2.3025851249694824
2.3025848865509033
2.3025851249694824
2.3025851249694824
2.3025851249694824
2.3025851249694824
2.3025851249694824
2.3025851249694824
2.3025851249694824
2.3025851249694824
2.3025851249694824
2.3025851249694824
2.3025848865509033
2.3025851249694824
2.3025851249694824
2.3025851249694824
2.3025851249694824
2.3025851249694824
2.3025851249694824
2.3025851249694824
2.3025853633880615
2.3025851249694824
2.3025851249694824
2.3025851249694824
2.3025851249694824
2.3025851249694824
2.3025848865509033
2.3025851249694824
2.3025851249694824
2.3025851249694824
2.3025851249694824
2.3025851249694824
2.3025851249694824
2.3025851249694824
2.3025851249694824
2.3025851249694824
2.3025851249694824
2.3025848865509033
2.3025851249694824
2.3025851249694824
2.3025851249694824
2.3025851249694824
2.3025851249694824
2.3025848865509033
2.3025851249694824
2.3025853633880615
2.3025851249694824
2.3025851249694824
2.3025851249694824
2.3025851249694824
2.3025848865509033
2.3025851249694824
2.3025851249694824
2.3025851249694824
2.3025851249694824
2.3025851249694824
2.3025851249694824
2.3025851249694824
2.3025851249694824
2.3025851249694824
2.3025848865509033
2.3025848865509033
2.3025851249694824
2.3025851249694824
2.3025851249694824
2.3025851249694824
2.3025851249694824
2.3025851249694824
2.3025851249694824
2.3025851249694824
2.3025851249694824
2.3025851249694824
2.3025851249694824
2.3025851249694824
2.3025851249694824
2.3025851249694824
2.3025851249694824
2.3025851249694824
2.3025851249694824
2.3025851249694824
2.3025851249694824
2.3025851249694824
2.3025848865509033
2.3025848865509033
2.3025851249694824
2.3025851249694824
2.3025851249694824
2.3025848865509033
2.3025848865509033
2.3025848865509033
2.3025851249694824
2.3025851249694824
2.3025848865509033
2.3025851249694824
2.3025851249694824
2.3025851249694824
2.3025851249694824
2.3025851249694824
2.3025851249694824
2.3025851249694824
2.3025851249694824
2.3025848865509033
2.3025851249694824
2.3025851249694824
2.3025851249694824
2.3025851249694824
2.3025851249694824
2.3025851249694824
2.3025851249694824
2.3025851249694824
2.3025851249694824
2.3025851249694824
2.3025853633880615
2.3025851249694824
2.3025851249694824
2.3025851249694824
2.3025851249694824
2.3025851249694824
2.3025851249694824
2.3025853633880615
2.3025851249694824
2.3025851249694824
2.3025851249694824
2.3025853633880615
2.3025851249694824
2.3025851249694824
2.3025851249694824
2.3025851249694824
2.3025851249694824
2.3025851249694824
2.3025851249694824
2.3025851249694824
2.3025851249694824
2.3025851249694824
2.3025851249694824
2.3025851249694824
2.3025853633880615
2.3025853633880615
2.3025851249694824
2.3025851249694824
2.3025851249694824
2.3025851249694824
2.3025851249694824
2.3025851249694824
2.3025851249694824
2.3025851249694824
2.3025851249694824
2.3025851249694824
2.3025851249694824
2.3025851249694824
2.3025851249694824
2.3025851249694824
2.3025851249694824
2.3025853633880615
2.3025851249694824
2.3025851249694824
2.3025848865509033
2.3025851249694824
2.3025848865509033
2.3025848865509033
2.3025848865509033
2.3025851249694824
2.3025848865509033
2.3025848865509033
2.3025848865509033
2.3025851249694824
2.3025851249694824
2.3025848865509033
2.3025851249694824
2.3025851249694824
2.3025848865509033
2.3025851249694824
2.3025851249694824
2.3025851249694824
2.3025851249694824
2.3025851249694824
2.3025851249694824
2.3025851249694824
2.3025851249694824
2.3025851249694824
2.3025851249694824
2.3025851249694824
2.3025851249694824
2.3025851249694824
2.3025851249694824
2.3025851249694824
2.3025851249694824
2.3025851249694824
2.3025848865509033
2.3025848865509033
2.3025848865509033
2.3025848865509033
2.3025851249694824
2.3025851249694824
2.3025848865509033
2.302584648132324
2.3025848865509033
2.3025848865509033
2.3025851249694824
2.3025851249694824
2.3025851249694824
2.3025851249694824
2.3025851249694824
2.3025851249694824
2.3025851249694824
2.3025851249694824
2.3025851249694824
2.3025851249694824
2.3025848865509033
2.3025848865509033
2.3025848865509033
2.3025851249694824
2.3025851249694824
2.3025851249694824
2.3025851249694824
2.3025848865509033
2.3025848865509033
2.3025848865509033
2.3025851249694824
2.3025848865509033
2.3025848865509033
2.3025851249694824
2.3025851249694824
2.3025848865509033
2.3025848865509033
2.3025848865509033
2.3025848865509033
2.3025851249694824
2.3025851249694824
2.3025851249694824
2.3025851249694824
2.3025848865509033
2.3025851249694824
2.3025851249694824
2.3025848865509033
2.3025848865509033
2.3025848865509033
2.3025851249694824
2.3025848865509033
2.3025851249694824
2.3025851249694824
2.3025851249694824
2.3025851249694824
2.3025848865509033
2.3025851249694824
2.3025851249694824
2.3025848865509033
2.3025848865509033
2.3025848865509033
2.3025851249694824
2.3025851249694824
2.3025848865509033
2.3025848865509033
2.3025851249694824
2.3025851249694824
2.3025851249694824
2.3025851249694824
2.3025851249694824
2.3025851249694824
2.3025848865509033
2.3025851249694824
2.3025851249694824
2.3025848865509033
2.3025848865509033
2.3025848865509033
2.3025848865509033
2.3025848865509033
2.3025848865509033
2.3025851249694824
2.3025848865509033
2.3025851249694824
2.3025851249694824
2.3025851249694824
2.3025851249694824
2.3025848865509033
2.3025848865509033
2.3025848865509033
2.3025851249694824
2.3025851249694824
2.3025851249694824
2.3025848865509033
2.3025851249694824
2.3025851249694824
2.3025851249694824
2.3025851249694824
2.3025851249694824
2.3025848865509033
2.3025851249694824
2.3025848865509033
2.3025848865509033
2.3025851249694824
2.3025851249694824
2.3025851249694824
2.3025851249694824
2.3025851249694824
2.3025848865509033
2.3025851249694824
2.3025851249694824
2.3025851249694824
2.3025851249694824
2.3025851249694824
2.3025848865509033
2.3025848865509033
2.3025851249694824
2.3025851249694824
2.3025851249694824
2.3025851249694824
2.3025848865509033
2.3025851249694824
2.3025851249694824
2.3025851249694824
2.3025851249694824
2.3025851249694824
2.3025851249694824
2.3025848865509033
2.3025851249694824
2.3025851249694824
2.3025851249694824
2.3025851249694824
2.3025851249694824
2.3025851249694824
2.3025851249694824
2.3025851249694824
2.3025851249694824
2.3025851249694824
2.3025851249694824
2.3025851249694824
2.3025851249694824
2.3025851249694824
2.3025851249694824
2.3025851249694824
2.3025851249694824
2.3025851249694824
2.3025851249694824
2.3025851249694824
2.3025851249694824
2.3025851249694824
2.3025851249694824
2.3025851249694824
2.3025851249694824
2.3025851249694824
2.3025851249694824
2.3025851249694824
2.3025851249694824
2.3025851249694824
2.3025851249694824
2.3025851249694824
2.3025851249694824
2.3025848865509033
2.3025851249694824
2.3025851249694824
2.3025851249694824
2.3025851249694824
2.3025851249694824
2.3025848865509033
2.3025848865509033
2.3025851249694824
2.3025851249694824
2.3025851249694824
2.3025851249694824
2.3025851249694824
2.3025851249694824
2.3025851249694824
2.3025851249694824
2.3025853633880615
2.3025851249694824
2.3025851249694824
2.3025851249694824
2.3025851249694824
2.3025848865509033
2.3025848865509033
2.3025848865509033
2.3025851249694824
2.3025851249694824
2.3025848865509033
2.3025851249694824
2.3025851249694824
2.3025851249694824
2.3025851249694824
2.3025851249694824
2.3025851249694824
2.3025851249694824
2.3025851249694824
2.3025851249694824
2.3025851249694824
2.3025851249694824
2.3025851249694824
2.3025851249694824
2.3025851249694824
2.3025851249694824
2.3025851249694824
2.3025851249694824
2.3025851249694824
2.3025851249694824
2.3025851249694824
2.3025851249694824
2.3025851249694824
2.3025851249694824
2.3025848865509033
2.3025851249694824
2.3025851249694824
2.3025851249694824
2.3025851249694824
2.3025851249694824
2.3025851249694824
2.3025851249694824
2.3025851249694824
2.3025851249694824
2.3025851249694824
2.3025851249694824
2.3025848865509033
2.3025851249694824
2.3025851249694824
2.3025851249694824
2.3025851249694824
2.3025851249694824
2.3025851249694824
2.3025851249694824
2.3025851249694824
2.3025851249694824
2.3025851249694824
2.3025851249694824
2.3025851249694824
2.3025851249694824
2.3025848865509033
2.3025851249694824
2.3025851249694824
2.3025851249694824
2.3025851249694824
2.3025851249694824
2.3025851249694824
2.3025851249694824
2.3025851249694824
2.3025851249694824
2.3025851249694824
2.3025851249694824
2.3025851249694824
2.3025851249694824
2.3025851249694824
2.3025851249694824
2.3025851249694824
2.3025851249694824
2.3025851249694824
2.3025851249694824
2.3025851249694824
2.3025851249694824
2.3025851249694824
2.3025851249694824
2.3025851249694824
2.3025851249694824
2.3025851249694824
2.3025851249694824
2.3025851249694824
2.3025851249694824
2.3025851249694824
2.3025851249694824
2.3025851249694824
2.3025851249694824
2.3025851249694824
2.3025851249694824
2.3025851249694824
2.3025848865509033
2.3025851249694824
2.3025851249694824
2.3025851249694824
2.3025851249694824
2.3025851249694824
2.3025851249694824
2.3025851249694824
2.3025851249694824
2.3025851249694824
2.3025851249694824
2.3025851249694824
2.3025851249694824
2.3025851249694824
2.3025851249694824
2.3025848865509033
2.3025851249694824
2.3025851249694824
2.3025851249694824
2.3025851249694824
2.3025851249694824
2.3025851249694824
2.3025851249694824
2.3025851249694824
2.3025851249694824
2.3025851249694824
2.3025851249694824
2.3025851249694824
2.3025851249694824
2.3025851249694824
2.3025851249694824
2.3025851249694824
2.3025848865509033
2.3025851249694824
2.3025851249694824
2.3025851249694824
2.3025851249694824
2.3025851249694824
2.3025851249694824
2.3025851249694824
2.3025851249694824
2.3025851249694824
2.3025848865509033
2.3025851249694824
2.3025851249694824
2.3025851249694824
2.3025851249694824
2.3025851249694824
2.3025851249694824
2.3025851249694824
2.3025851249694824
2.3025848865509033
