2.3089838922023773
2.29995433986187
2.2894019782543182
2.272838816046715
2.2475254088640213
2.2131836861371994
2.1813107430934906
2.144730418920517
2.1177751570940018
2.102260872721672
2.0797291323542595
2.067173056304455
2.052708275616169
2.0349549129605293
2.013596795499325
1.9894637614488602
1.968711994588375
1.9457890838384628
1.9232317134737968
1.8916611447930336
1.877401202917099
1.85926503688097
1.836071029305458
1.8097722306847572
1.7870211377739906
1.774441845715046
1.7383888065814972
1.719363421201706
1.6739166304469109
1.6434919238090515
1.6528316363692284
1.61199801415205
1.5843796581029892
1.5568957030773163
1.547997310757637
1.5189050436019897
1.4983882009983063
1.4701117724180222
1.4474624767899513
1.426957219839096
1.4025457352399826
1.406883455812931
1.4023366197943687
1.3623379990458488
1.3652041628956795
1.3562388643622398
1.3431473150849342
1.3015540838241577
1.281792901456356
1.2920465841889381
1.2909460663795471
1.2942386642098427
1.2396243065595627
1.2283344343304634
1.2420951202511787
1.2173448726534843
1.2405728921294212
1.2051493264734745
1.2081132791936398
1.184500053524971
1.1542186066508293
1.1635924614965916
1.1534113138914108
1.1503771506249905
1.150547195225954
1.1579336039721966
1.1346811205148697
1.138185277581215
1.1269649043679237
1.115973949432373
1.092633180320263
1.0857257694005966
1.10629228875041
1.0839345566928387
1.0756069086492062
1.0583343915641308
1.0817509032785892
1.0807655826210976
1.0924084298312664
1.0794900804758072
1.079989779740572
1.0728810727596283
1.0373912006616592
1.0397783182561398
1.0367565751075745
1.0170316360890865
1.026579886674881
1.0067629255354404
1.0244360454380512
1.0161614902317524
0.9961722865700722
1.0157341249287128
1.0192225612699986
1.0000996924936771
0.9685162417590618
0.9802659042179585
0.9686985723674297
0.974630132317543
0.983536034822464
1.0123944208025932
0.9974616058170795
0.9713996052742004
0.9627146162092686
0.9530111104249954
0.945171020925045
0.9615965224802494
0.9334815479815006
0.9380403980612755
0.9501119963824749
0.9408356882631779
0.9351157955825329
0.9338033124804497
0.9285948351025581
0.9221562296152115
0.936497151851654
0.9322282895445824
0.9403880573809147
0.9235817976295948
0.9084380939602852
0.8999075070023537
0.9153576046228409
0.9494236670434475
0.9153379499912262
0.9278872571885586
0.9406232908368111
0.9139838181436062
0.892802108079195
0.8788769021630287
0.8953330367803574
0.8975641690194607
0.883886557072401
0.9040907472372055
0.8873824253678322
0.9114153683185577
0.883091889321804
0.8715317063033581
0.8745069801807404
0.8527086600661278
0.8743300028145313
0.8742529898881912
0.8452292867004871
0.8690550029277802
0.8713336326181889
0.8641563951969147
0.91658591106534
0.8811113759875298
0.8413992151618004
0.8558600768446922
0.865003440529108
0.848528977483511
0.8451239727437496
0.8916463330388069
0.8334337584674358
0.8182769492268562
0.8337737023830414
0.8454923927783966
0.8157662972807884
0.8567032814025879
0.8446563854813576
0.8377418555319309
0.8297433033585548
0.8300567269325256
0.825059425085783
0.8220398128032684
0.8275009468197823
0.8103026263415813
0.810583371669054
0.8185676485300064
0.834895696491003
0.7933732308447361
0.8037220314145088
0.7977866269648075
0.7971562519669533
0.8112345561385155
0.7980147711932659
0.7889043129980564
0.7932545877993107
0.7957857325673103
0.7797707580029964
0.8016177006065845
0.8069238141179085
0.785024132579565
0.7824219055473804
0.7741422951221466
0.7729741521179676
0.8114096783101559
0.7766294106841087
0.7706059217453003
0.7877208963036537
0.7655628621578217
0.7841558009386063
0.8011375926434994
0.7799599282443523
0.7615245953202248
0.7703412808477879
0.7777197174727917
0.7883090451359749
0.8038203082978725
0.7780831977725029
0.7458917275071144
