2.293446350097656
2.12199525642395
1.8983472566604613
1.7476269550323487
1.5659272680282592
1.437492673397064
1.353573585510254
1.2840762152671814
1.2389203972816467
1.1790963151454925
1.1310734548568726
1.0827622969150543
1.06300408411026
1.026175688266754
0.9948159606456757
0.981565495967865
0.9639827468395233
0.9455850594043732
0.9301466546058654
0.9154961397647857
0.9039256083965301
0.8849333281517029
0.8728729510307311
0.8626537501811982
0.8517659232616425
0.8399369578361511
0.8284911334514617
0.822906665802002
0.8131914373636245
0.8023181097507477
0.7921697416305542
0.7789731974601746
0.7747625917196274
0.7645698935985565
0.7601651976108551
0.7465255076885223
0.7386350289583207
0.7398455727100373
0.7221944501399994
0.7163964124917984
0.7087820751667022
0.7067843458652496
0.6972287651300431
0.6920063489675522
0.6850469316244125
0.6759931112527847
0.6718666726350784
0.6623768301010132
0.6678805918097496
0.6592473766803741
0.6545859385728836
0.64847882771492
0.6368367786407471
0.6408263256549835
0.6360999134778976
0.6277051192522048
0.6249908145666122
0.6228464235663413
0.6157723616957664
0.6101754862070083
0.6158545262217522
0.609540040075779
0.6063489763736725
0.5981890026330948
0.6000230658650398
0.5890090719461442
0.5921212066411972
0.5879968612194061
0.5801630813479424
0.5821046281456947
0.5711619890332222
0.5674957737326622
0.5718102090954781
0.5633188467025757
0.5558964064121247
0.5627412006258965
0.5550685013532639
0.5471075175404548
0.5471735562086105
0.5439054951071739
0.5464388701319695
0.5379636832475663
0.5344410114884377
0.5247139849066734
0.5339054520726204
0.5249260386228561
0.5291037006974221
0.5219389449954033
0.5176462340950966
0.5157821188867092
0.5099071245193482
0.5098290046453476
0.5132419838905334
0.5163390080928802
0.504484983086586
0.5024484349489212
0.49586987471580507
0.4965256460309029
0.4992901000678539
0.49522250896692277
0.4880235733985901
0.48600459207594393
0.48250090819597247
0.4822898223102093
0.4883164932131767
0.47481997007131577
0.475249897480011
0.47397802138328554
0.4710867311358452
0.4786219688653946
0.4745983616709709
0.46755630159378053
0.46337552136182786
0.4609155803322792
0.46305800807476044
0.4598721673488617
0.45836723279953
0.4535130685865879
0.4525950897037983
0.4507256380915642
0.44931768721342086
0.44356154319643976
0.4406264721751213
0.4488595941364765
0.44747339421510696
0.4371674130260944
0.43830558633804323
0.43450382965803147
0.42994349670410154
0.43421112158894537
0.44395683762431143
0.42930740052461625
0.42349498650431633
0.42412162286043165
0.4200752021968365
0.42583366322517396
0.4188674231171608
0.41263864451646803
0.413793053150177
0.41448917892575265
0.42535676378011705
0.41374075362086293
0.41204933896660806
0.40546604979038237
0.4080482470393181
0.4091732747256756
0.4052068532705307
0.40081665201485156
0.3977509849071503
0.4053541002869606
0.3925731316804886
0.3972558908760548
0.394337588518858
0.3940647183358669
0.3914943568110466
0.3898184971064329
0.38588473276793955
0.3888962051123381
0.384992929905653
0.37914933484792707
0.3890919149816036
0.375723493129015
0.37302646633982656
0.378346006155014
0.38518358445167544
0.3806067255139351
0.36717873403429985
0.3709334695339203
0.37297158932685853
0.3677623141407967
0.3656444613784552
0.3768355465531349
0.35827666260302066
0.3653338977098465
0.3628827947676182
0.3505945950448513
0.35219123229384425
0.3551368845850229
0.35483625864982604
0.3567441403865814
0.3490698637664318
0.3551306314766407
0.3409626065790653
0.34329283210635186
0.3521896220445633
0.34584058019518854
0.3410788713693619
0.33902066031098366
0.3468226335942745
0.33384688901901244
0.3382447188347578
0.33334407046437264
0.3435122244656086
0.3332806908711791
0.33190880823135377
0.3372187051475048
0.3238546482920647
0.3264571496993303
0.337541530393064
0.33407171764969823
