0.28298336267471313, 0.0013426791410893202, 0.0877409428358078 
0.6769217252731323, 0.0006699982914142311, 0.07163587212562561 
0.7686470746994019, 0.00027755179326049984, 0.04169915243983269 
0.9991177916526794, 0.0001885141828097403, 0.0272519513964653 
1.1059032678604126, 8.30188364489004e-05, 0.029979201033711433 
1.8340507745742798, 0.0001709991629468277, 0.046567849814891815 
1.4678528308868408, 0.00023017643252387643, 0.038002289831638336 
1.1441900730133057, 0.00021090741211082786, 0.03157399967312813 
1.0349115133285522, 0.00025841963361017406, 0.03658663108944893 
0.7964960336685181, 0.00011527381866471842, 0.032552365213632584 
1.153141736984253, 0.00013082579243928194, 0.03468981757760048 
0.8863099217414856, 4.638901009457186e-05, 0.018682284280657768 
1.005639672279358, 1.4625906260334887e-05, 0.00492118438705802 
1.074669361114502, 1.0059061423817184e-05, 0.009562227874994278 
0.9594298601150513, 2.1442958313855343e-05, 0.005719733890146017 
1.1686639785766602, 2.8368726816552226e-06, 0.0023726443760097027 
1.1220380067825317, 3.656581975519657e-05, 0.017084479331970215 
0.9623396396636963, 7.813397360223462e-07, 0.0 
0.8388610482215881, 0.0, 0.0 
1.02423894405365, 4.4761854951502755e-06, 0.01170143112540245 
1.1132062673568726, 2.4484435812155425e-08, 3.201282743248157e-05 
0.6543529033660889, 0.0, 0.0 
0.49478912353515625, 4.156613431405276e-05, 0.019264748319983482 
0.4464998245239258, 2.7408061214373447e-05, 0.0162053219974041 
0.47121334075927734, 1.905375211208593e-05, 0.0118850814178586 
0.6881809830665588, 2.308040529896971e-05, 0.01248821709305048 
0.7487511038780212, 1.6671787307132035e-05, 0.017676938325166702 
0.42908331751823425, 4.594754045683658e-06, 0.009648044593632221 
0.7436023354530334, 4.626490408554673e-07, 0.0 
0.5174671411514282, 1.2207004147057887e-05, 0.011606127955019474 
0.40618714690208435, 1.1753010767279193e-05, 0.011031384579837322 
0.8980672955513, 4.2242940253345296e-05, 0.016954928636550903 
0.5207550525665283, 2.8787844712496735e-05, 0.015107925049960613 
0.5885810256004333, 6.402371582225896e-06, 0.007300741970539093 
0.6276067495346069, 1.0054576705442742e-05, 0.01504185888916254 
0.39723142981529236, 7.429953711834969e-06, 0.008999519050121307 
1.0768907070159912, 1.530447116238065e-05, 0.005033967550843954 
0.9235657453536987, 7.155349157983437e-05, 0.01750980131328106 
1.6572445631027222, 3.449771975283511e-05, 0.017396939918398857 
0.7765460014343262, 3.262614336563274e-05, 0.015242490917444229 
1.7339357137680054, 4.016337697976269e-05, 0.014543932862579823 
3.4557838439941406, 6.195635069161654e-05, 0.023633094504475594 
1.1149319410324097, 5.7754710724111646e-05, 0.02651500515639782 
0.9791651368141174, 7.509908027714118e-05, 0.025243641808629036 
1.1888055801391602, 8.918948151404038e-05, 0.030209306627511978 
1.460547685623169, 0.00013482366921380162, 0.032256994396448135 
2.6238300800323486, 0.00016249361215159297, 0.03325318172574043 
1.9633893966674805, 0.00016705023881513625, 0.043784160166978836 
1.2032840251922607, 0.00016461784252896905, 0.03230574354529381 
2.3702094554901123, 0.00017158049740828574, 0.043957170099020004 
2.9185631275177, 0.00017383521480951458, 0.05073890835046768 
2.2586824893951416, 0.00029504013946279883, 0.07768702507019043 
1.6388753652572632, 0.00037287332816049457, 0.09346817433834076 
1.5697228908538818, 0.0005150019424036145, 0.10088043659925461 
1.6646686792373657, 0.0009765258291736245, 0.13882282376289368 
2.3289310932159424, 0.0012674318859353662, 0.15910494327545166 
4.886283874511719, 0.002199365757405758, 0.23004837334156036 
1.4195055961608887, 0.0033435351215302944, 0.2630752921104431 
5.073868274688721, 0.005578646436333656, 0.259758323431015 
2.605858325958252, 0.008027330972254276, 0.3712462782859802 
3.3909528255462646, 0.015209072269499302, 0.5293335318565369 
5.271180152893066, 0.01191684603691101, 0.6851098537445068 
2.6953907012939453, 0.020733561366796494, 0.7230367660522461 
3.499572277069092, 0.031886592507362366, 0.7744761109352112 
3.8562073707580566, 0.027641599997878075, 0.8835157155990601 
4.0338945388793945, 0.03270850330591202, 0.5826625823974609 
2.3995168209075928, 0.04870190843939781, 1.0175129175186157 
2.9635462760925293, 0.05684488266706467, 0.8783148527145386 
4.358822345733643, 0.045786917209625244, 0.6114470958709717 
3.1033904552459717, 0.06526535749435425, 0.8638167381286621 
2.372626781463623, 0.06774718314409256, 1.273569107055664 
1.9798718690872192, 0.08328788727521896, 0.714688777923584 
3.989643096923828, 0.0670371949672699, 1.239892601966858 
3.7045791149139404, 0.05237532779574394, 1.2859439849853516 
2.574495315551758, 0.060635533183813095, 0.9561206102371216 
2.8174846172332764, 0.060811735689640045, 1.0007387399673462 
6.0593953132629395, 0.06457941234111786, 1.0984513759613037 
4.791630744934082, 0.055387333035469055, 1.1989190578460693 
3.6919174194335938, 0.0584399588406086, 1.0085320472717285 
3.6287622451782227, 0.06652706861495972, 1.1962522268295288 
4.867753982543945, 0.046193547546863556, 0.7949787378311157 
3.230536699295044, 0.047604721039533615, 1.1630496978759766 
3.558802604675293, 0.06730643659830093, 1.3620771169662476 
3.0842185020446777, 0.0679391548037529, 1.2437602281570435 
2.9030871391296387, 0.07146593183279037, 1.7165149450302124 
4.858931541442871, 0.07911927998065948, 1.094968557357788 
3.2554931640625, 0.10029406100511551, 0.9274735450744629 
5.463150978088379, 0.08528532087802887, 1.112805962562561 
3.391199827194214, 0.0779184028506279, 1.3771377801895142 
3.6998038291931152, 0.08670220524072647, 1.1617591381072998 
2.857318878173828, 0.06377053260803223, 1.0261375904083252 
3.918435573577881, 0.08913816511631012, 1.3026416301727295 
6.193920612335205, 0.08066742867231369, 1.3635170459747314 
7.265390872955322, 0.10208567976951599, 1.315772533416748 
7.756679058074951, 0.08186104148626328, 1.3272732496261597 
5.527486324310303, 0.08631287515163422, 1.955233097076416 
8.015056610107422, 0.08292209357023239, 1.7887475490570068 
5.004514694213867, 0.07538914680480957, 1.830758810043335 
3.3657000064849854, 0.07842505723237991, 1.2642645835876465 
16.85719108581543, 0.0890314057469368, 1.7341386079788208 
2.8524746894836426, 0.08872033655643463, 1.2184510231018066 
6.278435707092285, 0.08356252312660217, 2.213482141494751 
5.646970272064209, 0.1208835244178772, 1.7650983333587646 
7.160732746124268, 0.12458363175392151, 2.480729103088379 
4.076898574829102, 0.09331996738910675, 2.6829469203948975 
4.990355968475342, 0.13806787133216858, 3.689868450164795 
5.828824996948242, 0.14506760239601135, 3.0013935565948486 
6.1602020263671875, 0.17068122327327728, 2.504093885421753 
10.285191535949707, 0.1449742466211319, 4.2881317138671875 
4.948347091674805, 0.1794176548719406, 2.8368537425994873 
9.949997901916504, 0.12866367399692535, 3.6976146697998047 
6.195795059204102, 0.16640645265579224, 2.5048775672912598 
4.494792938232422, 0.15931320190429688, 2.5998551845550537 
4.237649917602539, 0.22287902235984802, 3.611234188079834 
5.9408650398254395, 0.1792300045490265, 3.2558696269989014 
5.140965461730957, 0.2164815217256546, 3.0844388008117676 
5.101585388183594, 0.3042007386684418, 3.373420000076294 
8.706808090209961, 0.23332728445529938, 4.039742946624756 
6.707826137542725, 0.20331817865371704, 4.433788776397705 
4.328826904296875, 0.19760000705718994, 3.8524460792541504 
6.765390872955322, 0.19754940271377563, 3.8123834133148193 
7.4461894035339355, 0.3197593092918396, 3.5469014644622803 
4.652227878570557, 0.17986944317817688, 4.257314682006836 
4.256901264190674, 0.2167648822069168, 3.945614814758301 
7.681008815765381, 0.17468874156475067, 3.4183788299560547 
9.168695449829102, 0.16484150290489197, 3.5815539360046387 
6.094679355621338, 0.2975475788116455, 2.722121000289917 
5.183681011199951, 0.182725191116333, 2.628143787384033 
8.49863052368164, 0.24985720217227936, 3.9044737815856934 
7.880012512207031, 0.22175028920173645, 3.228095769882202 
9.281285285949707, 0.23209942877292633, 3.5897762775421143 
9.842629432678223, 0.2707407474517822, 3.51723313331604 
9.557394981384277, 0.23243315517902374, 5.3583784103393555 
7.180276870727539, 0.1775793582201004, 2.7520911693573 
5.344337463378906, 0.21611633896827698, 4.945651054382324 
6.337457180023193, 0.3230007290840149, 3.992400646209717 
6.1737213134765625, 0.1769605427980423, 2.989175796508789 
17.135656356811523, 0.2606678605079651, 3.0839295387268066 
7.423332691192627, 0.22142353653907776, 4.005037784576416 
7.7220458984375, 0.31870025396347046, 3.3899002075195312 
9.396927833557129, 0.22905264794826508, 4.34224796295166 
8.220503807067871, 0.23807799816131592, 3.848867893218994 
7.821774005889893, 0.4737411141395569, 4.477468490600586 
11.896138191223145, 0.2835524380207062, 4.057973384857178 
7.171304702758789, 0.21873807907104492, 4.432910919189453 
9.425434112548828, 0.2565441429615021, 2.989337921142578 
9.326591491699219, 0.20486725866794586, 4.287827014923096 
7.042295932769775, 0.21032801270484924, 3.6368393898010254 
9.629935264587402, 0.2100588083267212, 4.0670061111450195 
6.030473709106445, 0.18628476560115814, 4.883500576019287 
6.686153888702393, 0.21570998430252075, 4.71940803527832 
12.328580856323242, 0.18862389028072357, 2.687864065170288 
12.65929889678955, 0.1852388083934784, 3.5784196853637695 
12.145072937011719, 0.22802898287773132, 4.015896320343018 
9.113523483276367, 0.22137761116027832, 4.453525066375732 
10.101468086242676, 0.29354044795036316, 3.3111133575439453 
12.266962051391602, 0.21412329375743866, 5.594141483306885 
2.783890962600708, 0.1999129354953766, 4.0514655113220215 
18.694116592407227, 0.19354136288166046, 5.280484199523926 
9.143521308898926, 0.15606079995632172, 2.915412425994873 
16.50060272216797, 0.2217254638671875, 3.7281272411346436 
15.685403823852539, 0.24398159980773926, 3.886672258377075 
10.322200775146484, 0.2581089437007904, 4.285214424133301 
16.43058967590332, 0.2191966325044632, 4.370666027069092 
4.636153221130371, 0.17041835188865662, 6.337384223937988 
8.628108978271484, 0.23403224349021912, 3.060513496398926 
48.803104400634766, 0.25307631492614746, 4.93026876449585 
16.693056106567383, 0.31744757294654846, 2.59425687789917 
18.10630989074707, 0.2758622169494629, 3.7096407413482666 
14.050993919372559, 0.2807372808456421, 4.296909332275391 
13.950207710266113, 0.2848297953605652, 3.8713738918304443 
15.30042552947998, 0.6174502968788147, 3.310847520828247 
11.165074348449707, 0.21097616851329803, 3.996671438217163 
14.23151969909668, 0.19943948090076447, 4.731542587280273 
21.60673713684082, 0.2008190006017685, 3.281184434890747 
9.125423431396484, 0.24497590959072113, 3.465904951095581 
14.502251625061035, 0.33048656582832336, 2.741680383682251 
13.20837116241455, 0.27980443835258484, 3.734154462814331 
13.626023292541504, 0.24708238244056702, 3.3095364570617676 
20.183055877685547, 0.2906996011734009, 4.614652156829834 
14.93715763092041, 0.20814037322998047, 4.414802074432373 
15.572394371032715, 0.3458082973957062, 3.0453786849975586 
20.976856231689453, 0.22848229110240936, 5.584719657897949 
12.608119010925293, 0.24245531857013702, 4.754757881164551 
38.58268356323242, 0.3256908357143402, 5.109296798706055 
17.83785629272461, 0.3722144663333893, 5.290231704711914 
23.504880905151367, 0.3182333707809448, 3.132957696914673 
10.761805534362793, 0.3186340034008026, 4.401640892028809 
23.496379852294922, 0.2694832682609558, 5.248343467712402 
25.707674026489258, 0.23319140076637268, 4.357341289520264 
8.112625122070312, 0.3114032745361328, 3.2434353828430176 
19.690603256225586, 0.19437868893146515, 5.379073619842529 
7.049431324005127, 0.28364139795303345, 4.848789691925049 
53.87131881713867, 0.22990486025810242, 5.0297088623046875 
14.711949348449707, 0.31464898586273193, 6.7179155349731445 
41.088951110839844, 0.2614923417568207, 7.617641448974609 
9.628742218017578, 0.2837947905063629, 3.1995134353637695 
14.778996467590332, 0.23635469377040863, 3.506580352783203 
32.487709045410156, 0.30510085821151733, 4.06586217880249 
14.994683265686035, 0.4223358929157257, 4.726596832275391 
20.42353630065918, 0.3123991787433624, 3.6308486461639404 
54.825626373291016, 0.29123520851135254, 3.35851788520813 
8.936701774597168, 0.30888885259628296, 3.12099027633667 
21.54582977294922, 0.2795906066894531, 6.818451404571533 
11.754337310791016, 0.197987899184227, 4.081127166748047 
18.764070510864258, 0.25254878401756287, 3.887833833694458 
18.346622467041016, 0.3074537515640259, 4.135040283203125 
17.071853637695312, 0.3621305823326111, 5.151057720184326 
12.477447509765625, 0.37492644786834717, 5.431365489959717 
40.04511642456055, 0.23871394991874695, 3.1988980770111084 
77.20111083984375, 0.2615824341773987, 3.6388304233551025 
17.503467559814453, 0.1958104521036148, 3.582700729370117 
36.153167724609375, 0.16870903968811035, 4.190489292144775 
16.66629409790039, 0.2816101908683777, 3.19299054145813 
52.09903335571289, 0.4392220377922058, 3.995474100112915 
27.134479522705078, 0.2678784132003784, 5.266157627105713 
42.87016677856445, 0.3211236298084259, 3.0309360027313232 
19.215408325195312, 0.2469293177127838, 5.290946960449219 
22.829627990722656, 0.2255956381559372, 3.089259624481201 
27.822628021240234, 0.21293580532073975, 5.627591133117676 
23.19802474975586, 0.2893192172050476, 3.8064393997192383 
34.8602294921875, 0.29822680354118347, 3.2003469467163086 
40.39653778076172, 0.24649260938167572, 7.454648017883301 
29.765722274780273, 0.20983059704303741, 4.207127094268799 
63.922889709472656, 0.30122607946395874, 3.101649522781372 
23.64481544494629, 0.40229305624961853, 4.664279937744141 
15.65505599975586, 0.2824212908744812, 5.141444206237793 
106.61878204345703, 0.26885926723480225, 5.169373512268066 
41.46518325805664, 0.2582249939441681, 4.121216773986816 
24.58640480041504, 0.28504830598831177, 4.388607025146484 
28.62210464477539, 0.23302392661571503, 6.03973913192749 
15.42448902130127, 0.22589808702468872, 4.610475540161133 
24.740995407104492, 0.23016227781772614, 5.279783248901367 
29.440383911132812, 0.23964376747608185, 2.9447779655456543 
52.888938903808594, 0.30882152915000916, 8.662859916687012 
17.040000915527344, 0.26154622435569763, 5.7754597663879395 
19.702016830444336, 0.30687618255615234, 4.784964084625244 
45.27863311767578, 0.4810832440853119, 3.6002047061920166 
24.091278076171875, 0.2409791499376297, 2.5916574001312256 
25.43647003173828, 0.3595627248287201, 3.0840413570404053 
53.867820739746094, 0.3684885501861572, 5.884166717529297 
29.120500564575195, 0.3279302418231964, 3.9418864250183105 
28.37629508972168, 0.24495363235473633, 4.5968122482299805 
34.27647399902344, 0.2520681321620941, 4.50989294052124 
66.97734832763672, 0.2665662467479706, 2.9298341274261475 
35.983131408691406, 0.2720473110675812, 5.441508769989014 
53.39970779418945, 0.3161623477935791, 5.192745685577393 
24.611967086791992, 0.3435620963573456, 4.441466331481934 
27.66638946533203, 0.31066378951072693, 4.696985244750977 
30.202308654785156, 0.3267192542552948, 4.869119644165039 
48.78032684326172, 0.29735586047172546, 3.9985010623931885 
53.56816482543945, 0.2470633089542389, 3.709721803665161 
19.03750991821289, 0.2412930727005005, 3.425973415374756 
92.38502502441406, 0.25182804465293884, 4.412957191467285 
50.76748275756836, 0.26999908685684204, 3.8197062015533447 
45.346595764160156, 0.2774128019809723, 3.2351558208465576 
39.44384765625, 0.24103465676307678, 3.674833297729492 
45.62965774536133, 0.2956831157207489, 6.160641193389893 
20.323101043701172, 0.32497620582580566, 4.650984764099121 
41.48084259033203, 0.304027259349823, 3.5165441036224365 
25.44198226928711, 0.31281834840774536, 5.049801826477051 
45.48347473144531, 0.256107896566391, 4.063480377197266 
82.80003356933594, 0.23486380279064178, 6.31498908996582 
312.7791748046875, 0.25236472487449646, 4.481221675872803 
23.325328826904297, 0.21003559231758118, 4.0584306716918945 
42.291831970214844, 0.2842998504638672, 3.4890620708465576 
49.84538269042969, 0.2544081211090088, 3.642859935760498 
44.63047790527344, 0.37806108593940735, 6.139519691467285 
69.44940185546875, 0.23165440559387207, 2.703512191772461 
21.759334564208984, 0.24915924668312073, 5.731464385986328 
31.44597053527832, 0.2662663161754608, 3.0379648208618164 
46.68552017211914, 0.39108115434646606, 4.966098785400391 
26.380321502685547, 0.2806389033794403, 5.15587043762207 
42.350196838378906, 0.2986898124217987, 3.355578899383545 
33.88317108154297, 0.2521600127220154, 3.378657817840576 
29.95602035522461, 0.2757584750652313, 3.7967374324798584 
41.255714416503906, 0.3115569055080414, 3.137909412384033 
54.102012634277344, 0.31638437509536743, 4.492115020751953 
68.32087707519531, 0.2561205327510834, 4.592581748962402 
130.16917419433594, 0.3582097589969635, 4.377277374267578 
42.58496856689453, 0.29497286677360535, 5.981046199798584 
42.68792724609375, 0.2558995485305786, 3.7654709815979004 
89.54142761230469, 0.24219122529029846, 3.2251036167144775 
24.955358505249023, 0.4321361780166626, 3.5788071155548096 
44.17042541503906, 0.2733423709869385, 2.448065757751465 
75.32835388183594, 0.3376368582248688, 2.318565607070923 
32.43245315551758, 0.2014816701412201, 4.339288711547852 
32.28408432006836, 0.333662748336792, 4.889113903045654 
56.652896881103516, 0.21782603859901428, 6.570044994354248 
124.97347259521484, 0.33749476075172424, 5.140186309814453 
46.936710357666016, 0.3110904395580292, 2.5867223739624023 
49.72346496582031, 0.35680949687957764, 3.960251808166504 
32.03035354614258, 0.298697829246521, 4.370726108551025 
138.8968505859375, 0.22877080738544464, 5.240723133087158 
15.678864479064941, 0.2719544470310211, 5.265020370483398 
36.354278564453125, 0.2966679036617279, 4.740065097808838 
49.071311950683594, 0.2330179512500763, 3.2371597290039062 
64.7382583618164, 0.23385848104953766, 3.0116684436798096 
52.96928405761719, 0.26935479044914246, 2.7898483276367188 
87.37083435058594, 0.4195418357849121, 3.878255605697632 
78.79881286621094, 0.32779908180236816, 3.373128890991211 
35.78322982788086, 0.36263909935951233, 3.613539218902588 
64.66695404052734, 0.29561296105384827, 3.4322922229766846 
71.97604370117188, 0.3445494771003723, 6.4939727783203125 
64.0665512084961, 0.25876834988594055, 3.077731132507324 
59.23380661010742, 0.5115346312522888, 5.287539482116699 
104.89668273925781, 0.3767828345298767, 4.379398822784424 
80.27085876464844, 0.3146430552005768, 3.7945454120635986 
38.52770233154297, 0.24732157588005066, 3.6954686641693115 
85.22261047363281, 0.24942071735858917, 4.943498611450195 
41.629329681396484, 0.36947035789489746, 4.297374248504639 
87.59009552001953, 0.2652272582054138, 3.235123634338379 
34.036338806152344, 0.28727757930755615, 6.121369361877441 
60.71825408935547, 0.28819456696510315, 4.2432098388671875 
78.7861328125, 0.19979439675807953, 3.312446355819702 
30.51145362854004, 0.26845890283584595, 7.089809894561768 
38.10850524902344, 0.21740451455116272, 4.563863277435303 
175.2408905029297, 0.21383973956108093, 2.7827208042144775 
26.549625396728516, 0.2696521580219269, 3.1000990867614746 
65.07623291015625, 0.2598815858364105, 5.326073169708252 
26.51019859313965, 0.2836698591709137, 4.530776023864746 
70.93217468261719, 0.2503032982349396, 3.8284389972686768 
88.94210815429688, 0.3412284851074219, 6.094997406005859 
67.06045532226562, 0.29315799474716187, 4.124195575714111 
34.85906219482422, 0.29867106676101685, 3.2924370765686035 
80.75747680664062, 0.2274528443813324, 4.026398181915283 
41.44795608520508, 0.3310089111328125, 3.8603386878967285 
154.68765258789062, 0.23905059695243835, 4.538446426391602 
191.9767303466797, 0.31995001435279846, 3.0508880615234375 
75.9060287475586, 0.6886287331581116, 3.5462710857391357 
46.00764846801758, 0.19445879757404327, 5.506251335144043 
58.87529754638672, 0.26156798005104065, 2.5958166122436523 
65.13741302490234, 0.3087620735168457, 3.319434404373169 
51.5716552734375, 0.34417590498924255, 4.88713264465332 
65.32930755615234, 0.3008975088596344, 4.4247236251831055 
75.92219543457031, 0.2692069709300995, 2.9962337017059326 
56.96940231323242, 0.36727169156074524, 3.855349540710449 
101.37345123291016, 0.3296322226524353, 1.7059895992279053 
58.321571350097656, 0.23801971971988678, 3.79583740234375 
36.007938385009766, 0.3292136490345001, 4.5296950340271 
46.326045989990234, 0.40654638409614563, 4.680313587188721 
62.832183837890625, 0.2460651993751526, 4.680601119995117 
70.75203704833984, 0.2833482027053833, 3.1563808917999268 
51.48814392089844, 0.20951953530311584, 3.923786163330078 
33.745635986328125, 0.2518903911113739, 3.846125602722168 
79.36753845214844, 0.290320485830307, 5.200421333312988 
21.379777908325195, 0.2969452738761902, 3.263118028640747 
285.0061950683594, 0.43471649289131165, 3.687990188598633 
38.010501861572266, 0.20538820326328278, 3.668884038925171 
384.37530517578125, 0.264184832572937, 4.137922286987305 
49.677860260009766, 0.2343919426202774, 6.453486919403076 
60.528194427490234, 0.4553670883178711, 4.010928630828857 
37.4234733581543, 0.2883387804031372, 2.5219883918762207 
72.28483581542969, 0.30073148012161255, 3.8721766471862793 
76.84490203857422, 0.19955427944660187, 3.0757718086242676 
90.42179107666016, 0.32369929552078247, 3.440579652786255 
30.630674362182617, 0.2785283327102661, 4.5458083152771 
64.7921142578125, 0.30934834480285645, 3.446242332458496 
72.71945190429688, 0.27106547355651855, 4.2775068283081055 
41.324562072753906, 0.2814498543739319, 3.4654018878936768 
47.39045333862305, 0.2433558702468872, 3.8685531616210938 
92.37873840332031, 0.29888004064559937, 4.130592346191406 
43.13920974731445, 0.290992796421051, 3.6093854904174805 
75.43759155273438, 0.2657351493835449, 4.307171821594238 
75.10594177246094, 0.30157557129859924, 5.064294815063477 
31.358497619628906, 0.32345032691955566, 3.1503539085388184 
48.81476974487305, 0.4020559787750244, 4.0308027267456055 
59.8974723815918, 0.30509695410728455, 5.887559413909912 
89.02544403076172, 0.2733724117279053, 2.7266621589660645 
29.367000579833984, 0.26403141021728516, 3.3632965087890625 
79.57319641113281, 0.2634419798851013, 3.1837050914764404 
110.16825103759766, 0.3766441345214844, 2.9838926792144775 
77.43505096435547, 0.2906763255596161, 4.387801647186279 
107.86600494384766, 0.2979520261287689, 2.6687119007110596 
46.670230865478516, 0.3033166527748108, 3.8397669792175293 
73.27218627929688, 0.29303494095802307, 5.323446273803711 
59.82511520385742, 0.2172946333885193, 4.575173854827881 
44.073455810546875, 0.3253609836101532, 5.649242401123047 
107.40078735351562, 0.2631462514400482, 6.349897384643555 
130.2598419189453, 0.3118441104888916, 4.6178879737854 
89.07701873779297, 0.3347306549549103, 3.820169448852539 
46.985618591308594, 0.2673971652984619, 5.000300884246826 
39.97978973388672, 0.2795478403568268, 1.6511842012405396 
100.12623596191406, 0.35499000549316406, 3.6358654499053955 
36.94770050048828, 0.22229711711406708, 2.9159231185913086 
70.15198516845703, 0.3210862874984741, 2.6796905994415283 
54.375213623046875, 0.3324701189994812, 4.733643054962158 
265.020751953125, 0.2294948250055313, 4.88706636428833 
49.95842742919922, 0.24795503914356232, 5.382541656494141 
85.24988555908203, 0.3209953308105469, 2.5857529640197754 
51.1777229309082, 0.26676860451698303, 6.656919479370117 
44.42625045776367, 0.2191074937582016, 4.307435512542725 
78.16096496582031, 0.21431978046894073, 4.860602855682373 
97.17247009277344, 0.2433892786502838, 2.981462001800537 
50.96346664428711, 0.20138512551784515, 5.3205485343933105 
52.22419738769531, 0.24464550614356995, 2.1696548461914062 
83.58912658691406, 0.24686041474342346, 2.8061890602111816 
65.72760009765625, 0.25898921489715576, 1.5650355815887451 
98.00261688232422, 0.23627828061580658, 7.550572872161865 
71.36249542236328, 0.2594960331916809, 2.620546817779541 
111.6317138671875, 0.20586973428726196, 3.2284183502197266 
71.79971313476562, 0.26240935921669006, 3.852677345275879 
60.694984436035156, 0.23144933581352234, 4.924931526184082 
82.99059295654297, 0.34631773829460144, 2.3019344806671143 
147.35610961914062, 0.3050256669521332, 4.09481954574585 
39.631202697753906, 0.3555713891983032, 4.02129602432251 
102.97622680664062, 0.28980621695518494, 3.5880656242370605 
53.12155532836914, 0.22034282982349396, 7.314042091369629 
57.87535858154297, 0.208703875541687, 2.381608724594116 
67.99234008789062, 0.3558751046657562, 4.719963073730469 
80.134521484375, 0.28863441944122314, 2.2259724140167236 
65.30119323730469, 0.32685884833335876, 3.7878808975219727 
36.72275924682617, 0.3378848135471344, 2.609029531478882 
40.64847183227539, 0.2695675194263458, 4.510116100311279 
78.83085632324219, 0.3259415626525879, 3.2767906188964844 
324.26824951171875, 0.22928059101104736, 3.975792407989502 
48.56901168823242, 0.2757784128189087, 3.0614471435546875 
61.032344818115234, 0.334952175617218, 3.358015775680542 
40.32875061035156, 0.307868629693985, 3.0484583377838135 
223.32948303222656, 0.4664975106716156, 3.6765081882476807 
85.30294036865234, 0.2790879011154175, 2.840935707092285 
78.17025756835938, 0.2665416896343231, 4.153202533721924 
83.54348754882812, 0.23147955536842346, 2.9939403533935547 
137.38632202148438, 0.26142066717147827, 2.8462517261505127 
35.22099685668945, 0.2750996947288513, 4.000036716461182 
79.42568969726562, 0.28972914814949036, 2.0658974647521973 
47.04084014892578, 0.24783052504062653, 2.469454526901245 
37.5194091796875, 0.26657453179359436, 5.268775463104248 
58.207427978515625, 0.24823327362537384, 2.656966209411621 
111.98332977294922, 0.25437501072883606, 3.3098807334899902 
87.6781997680664, 0.24009552597999573, 3.3049232959747314 
31.557836532592773, 0.269954651594162, 2.948577404022217 
39.76137924194336, 0.2871832549571991, 2.8055100440979004 
44.34990692138672, 0.37965694069862366, 7.547444820404053 
43.33232498168945, 0.27603647112846375, 3.158179521560669 
60.291404724121094, 0.29941627383232117, 4.735636234283447 
116.6227035522461, 0.24880032241344452, 5.925136566162109 
172.25379943847656, 0.44269007444381714, 2.5716779232025146 
139.96533203125, 0.2757125198841095, 3.1511030197143555 
71.68961334228516, 0.2865963280200958, 3.4495761394500732 
136.06552124023438, 0.26726317405700684, 5.977607727050781 
70.28253936767578, 0.2748488187789917, 5.156599521636963 
48.654659271240234, 0.29272088408470154, 4.943982124328613 
70.83283996582031, 0.3025413751602173, 3.551149368286133 
53.70686340332031, 0.3003426194190979, 3.0211598873138428 
231.46449279785156, 0.2677168548107147, 3.9791789054870605 
141.18960571289062, 0.5841975212097168, 3.6923038959503174 
88.27090454101562, 0.2487529069185257, 2.3356211185455322 
84.56230926513672, 0.26916325092315674, 5.963925838470459 
134.90745544433594, 0.24171003699302673, 4.519790172576904 
53.890167236328125, 0.282826691865921, 5.028651714324951 
77.71349334716797, 0.26623040437698364, 2.541734457015991 
65.82461547851562, 0.3494992256164551, 5.7960381507873535 
174.3810272216797, 0.26392319798469543, 2.5784659385681152 
111.20789337158203, 0.24588322639465332, 3.657667636871338 
82.27328491210938, 0.3153526782989502, 3.9601058959960938 
68.8685531616211, 0.2688591778278351, 4.135928630828857 
126.63626098632812, 0.19088709354400635, 3.0110325813293457 
140.00845336914062, 0.2791450023651123, 4.056270122528076 
163.27122497558594, 0.3792448341846466, 3.0622897148132324 
133.96783447265625, 0.21838495135307312, 5.461112022399902 
53.44778060913086, 0.28234776854515076, 1.9038894176483154 
101.45864868164062, 0.29308900237083435, 3.9537110328674316 
116.01190948486328, 0.278812974691391, 3.468783378601074 
55.592159271240234, 0.2827295958995819, 2.8834893703460693 
137.27194213867188, 0.336749404668808, 2.881869077682495 
69.88975524902344, 0.248801127076149, 1.9433976411819458 
149.850830078125, 0.2179526835680008, 3.966665744781494 
64.50782775878906, 0.22564102709293365, 3.648994207382202 
52.147735595703125, 0.3387623727321625, 3.1716580390930176 
252.29505920410156, 0.2598950266838074, 4.047697067260742 
200.10865783691406, 0.21392467617988586, 2.8625986576080322 
217.11993408203125, 0.20685359835624695, 2.187098741531372 
70.4666519165039, 0.3229707181453705, 6.7955241203308105 
656.4276733398438, 0.2734549343585968, 4.08374547958374 
88.17440032958984, 0.34626591205596924, 3.329678773880005 
121.7270278930664, 0.3046942949295044, 2.943816661834717 
129.08819580078125, 0.24924613535404205, 4.23966121673584 
155.7220458984375, 0.4144546389579773, 3.4315555095672607 
126.48555755615234, 0.23989734053611755, 6.904481410980225 
45.83265686035156, 0.36079150438308716, 7.969679355621338 
129.00270080566406, 0.2375858724117279, 4.301272392272949 
167.40574645996094, 0.28238359093666077, 2.5908308029174805 
45.810726165771484, 0.20458513498306274, 1.5751844644546509 
55.52029037475586, 0.32494646310806274, 4.630856037139893 
56.29625701904297, 0.3209227919578552, 2.9782328605651855 
48.259517669677734, 0.2554278075695038, 3.96199107170105 
70.04405975341797, 0.32799002528190613, 5.574535846710205 
62.66645050048828, 0.23555326461791992, 4.894627094268799 
78.44318389892578, 0.24035197496414185, 3.289045572280884 
182.0778045654297, 0.33709070086479187, 3.768768072128296 
98.54451751708984, 0.29319626092910767, 7.967800617218018 
70.2615737915039, 0.24758478999137878, 3.7057409286499023 
58.329498291015625, 0.30145761370658875, 3.530200958251953 
48.98290252685547, 0.27170830965042114, 3.2366950511932373 
38.48390579223633, 0.2824722230434418, 3.812182664871216 
49.37357711791992, 0.23125174641609192, 4.840029716491699 
78.442138671875, 0.23546095192432404, 5.695402145385742 
126.30824279785156, 0.2299918532371521, 3.1295788288116455 
267.0111083984375, 0.3330148458480835, 8.3367280960083 
87.5125503540039, 0.276113897562027, 3.1163644790649414 
162.3144073486328, 0.22828775644302368, 2.3735854625701904 
65.7009506225586, 0.2484169900417328, 4.303818702697754 
171.52647399902344, 0.21251380443572998, 4.741923809051514 
125.0362319946289, 0.20274272561073303, 4.924910068511963 
53.30796432495117, 0.2688958942890167, 5.258796215057373 
94.5263900756836, 0.4025048315525055, 9.728370666503906 
50.44538879394531, 0.3258574604988098, 3.08777117729187 
38.05461120605469, 0.23581625521183014, 3.6777422428131104 
94.1994400024414, 0.23017518222332, 3.8518929481506348 
76.04529571533203, 0.26419201493263245, 3.750068426132202 
81.15425872802734, 0.2890595495700836, 2.8847949504852295 
47.998863220214844, 0.2766582667827606, 3.020132303237915 
63.04548645019531, 0.24422277510166168, 2.7447597980499268 
50.02421188354492, 0.2819264233112335, 2.269031047821045 
353.59466552734375, 0.3320726752281189, 5.723448276519775 
36.64712142944336, 0.21783700585365295, 3.848210334777832 
103.96480560302734, 0.2321844846010208, 3.807976484298706 
118.93832397460938, 0.37698379158973694, 2.133610486984253 
327.67626953125, 0.30973708629608154, 2.722780704498291 
64.47510528564453, 0.3759572505950928, 3.2793667316436768 
235.76976013183594, 0.31987810134887695, 2.9672813415527344 
67.82487487792969, 0.2458859384059906, 3.5951921939849854 
389.60986328125, 0.3737003803253174, 2.171329975128174 
114.34039306640625, 0.36419326066970825, 7.917041301727295 
175.0096893310547, 0.24562221765518188, 2.5437941551208496 
68.20575714111328, 0.26782146096229553, 2.245363712310791 
82.47286987304688, 0.22198747098445892, 2.9857397079467773 
160.35377502441406, 0.28461983799934387, 3.341320514678955 
181.6303253173828, 0.20999667048454285, 2.583521604537964 
102.3832778930664, 0.2715301811695099, 4.545016288757324 
106.6082763671875, 0.2944837510585785, 4.390075206756592 
54.52655029296875, 0.288551390171051, 3.0390310287475586 
131.35943603515625, 0.2764340043067932, 3.5809736251831055 
99.53599548339844, 0.29198989272117615, 2.895092010498047 
93.08086395263672, 0.2621159553527832, 4.498376369476318 
79.4322280883789, 0.20894156396389008, 5.797647476196289 
51.121971130371094, 0.359346866607666, 7.183443069458008 
121.03263854980469, 0.27615824341773987, 6.455175399780273 
81.99465942382812, 0.3112104535102844, 3.7505409717559814 
44.14076232910156, 0.26288750767707825, 3.0207180976867676 
80.35161590576172, 0.2627894878387451, 5.129115581512451 
57.34007263183594, 0.37941524386405945, 3.0384843349456787 
154.982666015625, 0.3051025867462158, 5.129916667938232 
80.15188598632812, 0.30813199281692505, 4.351216793060303 
61.978919982910156, 0.28781697154045105, 2.4630374908447266 
86.59972381591797, 0.30881375074386597, 3.7107133865356445 
105.64081573486328, 0.3166808485984802, 2.562422752380371 
125.82466888427734, 0.23055501282215118, 2.257110834121704 
131.4641876220703, 0.3134663701057434, 4.804305553436279 
101.51930236816406, 0.33666929602622986, 2.5763802528381348 
92.7892837524414, 0.2943721413612366, 5.71917724609375 
168.0865478515625, 0.228631392121315, 2.4372498989105225 
103.81228637695312, 0.24278074502944946, 4.521139144897461 
70.68561553955078, 0.22227442264556885, 3.682845115661621 
78.41497039794922, 0.2944899797439575, 4.585297584533691 
93.06509399414062, 0.2469993382692337, 6.878990173339844 
83.4573974609375, 0.2582259774208069, 3.6188793182373047 
195.48025512695312, 0.3190406560897827, 2.68758487701416 
136.20819091796875, 0.23093459010124207, 3.7166759967803955 
68.53201293945312, 0.16645024716854095, 4.0550923347473145 
57.60511779785156, 0.21215975284576416, 4.53195858001709 
380.5245056152344, 0.3612111210823059, 2.7372093200683594 
119.93041229248047, 0.26601508259773254, 3.857029676437378 
79.34809875488281, 0.27760592103004456, 5.558692932128906 
51.693180084228516, 0.28387919068336487, 3.9145255088806152 
435.2438659667969, 0.24361398816108704, 4.642850399017334 
55.8822021484375, 0.2464674711227417, 1.5488855838775635 
44.51224136352539, 0.4725559949874878, 3.4438881874084473 
194.4952850341797, 0.28913602232933044, 2.181094169616699 
61.860843658447266, 0.25392985343933105, 3.4208271503448486 
65.59542846679688, 0.23767131567001343, 2.7418770790100098 
59.81001281738281, 0.2309953272342682, 2.5884439945220947 
91.35888671875, 0.44206488132476807, 3.6855876445770264 
54.82035827636719, 0.2629986107349396, 4.765414237976074 
203.91407775878906, 0.2158433347940445, 5.63575553894043 
164.2965087890625, 0.27833518385887146, 3.7398524284362793 
144.0841827392578, 0.23025065660476685, 2.5440967082977295 
84.55421447753906, 0.31766560673713684, 3.1009633541107178 
67.53292846679688, 0.29611003398895264, 7.188329219818115 
79.96077728271484, 0.27620020508766174, 2.8443615436553955 
116.0125732421875, 0.3172554075717926, 4.499636650085449 
46.596641540527344, 0.3303205966949463, 3.7352559566497803 
74.47479248046875, 0.2370755821466446, 8.023032188415527 
468.35821533203125, 0.2450968623161316, 5.21795654296875 
203.45126342773438, 0.37748175859451294, 4.487496852874756 
38.848777770996094, 0.709138035774231, 2.1214253902435303 
91.99150085449219, 0.25408676266670227, 2.750910520553589 
63.26960754394531, 0.271758109331131, 6.025162220001221 
84.26014709472656, 0.38305437564849854, 2.0381433963775635 
78.2782974243164, 0.27221474051475525, 3.143455743789673 
87.08078002929688, 0.2783561944961548, 3.1298434734344482 
115.7025146484375, 0.2694598436355591, 2.208190679550171 
66.36743927001953, 0.3049291968345642, 2.426703929901123 
437.4937438964844, 0.26459673047065735, 5.120657444000244 
53.249698638916016, 0.20601780712604523, 2.087057590484619 
398.486572265625, 0.27450165152549744, 2.012899160385132 
81.52497863769531, 0.18884727358818054, 2.073493480682373 
336.53973388671875, 0.28330469131469727, 4.40656042098999 
128.9925537109375, 0.2908361256122589, 9.675893783569336 
80.60074615478516, 0.37479355931282043, 2.2218728065490723 
193.00926208496094, 0.490461528301239, 4.552251815795898 
58.30696105957031, 0.35862237215042114, 1.5758097171783447 
78.92605590820312, 0.30805128812789917, 4.928926944732666 
195.98880004882812, 0.2899026870727539, 2.575371503829956 
175.61856079101562, 0.33467328548431396, 1.7505006790161133 
135.4225311279297, 0.46399059891700745, 6.269643306732178 
49.49454879760742, 0.30407580733299255, 3.9224131107330322 
111.78773498535156, 0.2081845998764038, 3.0999860763549805 
149.0946807861328, 0.32509729266166687, 5.861502647399902 
93.52588653564453, 0.24391470849514008, 3.800032138824463 
306.02288818359375, 0.25672632455825806, 4.226744651794434 
69.97814178466797, 0.20647592842578888, 6.306877613067627 
108.32799530029297, 0.20507323741912842, 1.9363219738006592 
141.65493774414062, 0.3812097907066345, 7.976464748382568 
127.80883026123047, 0.1871783584356308, 3.4089794158935547 
96.02024841308594, 0.2980796694755554, 8.009889602661133 
327.185302734375, 0.3456239402294159, 3.208357572555542 
92.7041015625, 0.2100318819284439, 3.941793203353882 
109.19219207763672, 0.25009629130363464, 2.2883217334747314 
87.91197204589844, 0.24197784066200256, 2.016267776489258 
160.4675750732422, 0.2790783941745758, 4.305034160614014 
91.26480865478516, 0.20299044251441956, 1.8780491352081299 
65.5792007446289, 0.35566088557243347, 1.0723164081573486 
134.60626220703125, 0.21307185292243958, 2.932446241378784 
101.96957397460938, 0.25971969962120056, 2.6241085529327393 
297.56298828125, 0.3057955801486969, 2.3428993225097656 
177.13040161132812, 0.22797131538391113, 3.5139639377593994 
686.2376098632812, 0.2983955442905426, 4.68410062789917 
162.30870056152344, 0.304654061794281, 5.255054473876953 
102.80270385742188, 0.23439976572990417, 6.404311656951904 
85.04621887207031, 0.25082919001579285, 1.4356335401535034 
82.60638427734375, 0.3102666735649109, 2.9347236156463623 
149.79151916503906, 0.26683077216148376, 2.4407031536102295 
63.459007263183594, 0.35371133685112, 3.0154452323913574 
395.5054931640625, 0.3234785199165344, 5.384512424468994 
153.8447723388672, 0.4851808547973633, 9.344195365905762 
190.57974243164062, 0.3432137072086334, 3.969496965408325 
107.30486297607422, 0.2830570936203003, 3.103856325149536 
177.22601318359375, 0.2623046040534973, 4.328341007232666 
131.45074462890625, 0.2560631036758423, 3.1598832607269287 
147.91587829589844, 0.32476136088371277, 2.014890670776367 
168.75064086914062, 0.2948661744594574, 2.74649715423584 
72.14110565185547, 0.369340181350708, 4.655374526977539 
206.29937744140625, 0.19096261262893677, 2.6036040782928467 
79.29676055908203, 0.4157169461250305, 5.812570095062256 
134.7775421142578, 0.20945551991462708, 3.093583345413208 
71.9701156616211, 0.3396730124950409, 1.350395679473877 
68.14434814453125, 0.33577829599380493, 4.038754940032959 
1597.5518798828125, 0.4050292670726776, 3.3642618656158447 
81.57378387451172, 0.2778383195400238, 4.317309379577637 
308.7347106933594, 0.26914849877357483, 4.846941947937012 
96.20957946777344, 0.27551719546318054, 10.600797653198242 
121.59671020507812, 0.251743882894516, 1.7476369142532349 
63.011749267578125, 0.32383862137794495, 2.372588634490967 
60.972869873046875, 0.26757022738456726, 3.7062110900878906 
116.30555725097656, 0.4682864546775818, 5.572972774505615 
149.2728271484375, 0.29546090960502625, 3.447261095046997 
58.98973846435547, 0.21918919682502747, 2.7234842777252197 
192.0358428955078, 0.2728811800479889, 1.7590672969818115 
67.36299133300781, 0.23809896409511566, 1.7237675189971924 
46.15491485595703, 0.2860511541366577, 3.4408063888549805 
146.61099243164062, 0.2370554655790329, 2.1803295612335205 
84.4293212890625, 0.24874372780323029, 4.518076419830322 
57.40302276611328, 0.2880626320838928, 8.536921501159668 
107.5482177734375, 0.23368658125400543, 4.643330097198486 
109.86046600341797, 0.2030927985906601, 3.2411916255950928 
96.89188385009766, 0.2383677214384079, 3.9491798877716064 
47.40937423706055, 0.23655493557453156, 2.8865389823913574 
92.40800476074219, 0.3355466425418854, 2.7744064331054688 
58.1781005859375, 0.39944860339164734, 5.368811130523682 
113.88977813720703, 0.16156922280788422, 2.6995389461517334 
106.78880310058594, 0.32767531275749207, 2.5914418697357178 
91.40383911132812, 0.25351420044898987, 4.090034484863281 
451.3549499511719, 0.3056134581565857, 3.6548140048980713 
73.81928253173828, 0.3227963149547577, 2.503427267074585 
104.47115325927734, 0.24099960923194885, 5.395873069763184 
250.4688720703125, 0.19723661243915558, 3.9260716438293457 
120.49542999267578, 0.2345951944589615, 4.659976005554199 
87.02845764160156, 0.38109728693962097, 3.4370572566986084 
103.72215270996094, 0.31635338068008423, 3.8192875385284424 
101.0384521484375, 0.22728486359119415, 2.4630672931671143 
97.70439147949219, 0.23854541778564453, 3.850517749786377 
151.94630432128906, 0.36595088243484497, 5.01193904876709 
70.3407211303711, 0.2193491905927658, 4.4347004890441895 
149.13392639160156, 0.27582401037216187, 2.116448402404785 
82.75922393798828, 0.3774071931838989, 3.707681179046631 
230.87879943847656, 0.3759666085243225, 5.659142971038818 
192.8522186279297, 0.26986178755760193, 3.9331226348876953 
101.26311492919922, 0.2560439705848694, 5.396101951599121 
134.2135467529297, 0.25231558084487915, 4.93059778213501 
93.42239379882812, 0.31333428621292114, 2.9845118522644043 
39.93136215209961, 0.1779688000679016, 2.3328158855438232 
359.42889404296875, 0.3383052349090576, 2.4394490718841553 
121.30581665039062, 0.19951996207237244, 3.50327467918396 
96.58442687988281, 0.30573245882987976, 5.1581807136535645 
87.3868637084961, 0.19973772764205933, 3.6874232292175293 
110.44573974609375, 0.2853409945964813, 3.700498104095459 
168.18740844726562, 0.5457834005355835, 6.456632614135742 
243.00247192382812, 0.25155267119407654, 2.4526450634002686 
112.11029052734375, 0.3270833194255829, 7.377297401428223 
402.6868591308594, 0.3417236804962158, 4.286494731903076 
156.43096923828125, 0.2772518992424011, 2.601170778274536 
454.71478271484375, 0.3317156136035919, 1.7218598127365112 
332.95489501953125, 0.1873316764831543, 1.7872236967086792 
74.77638244628906, 0.2595042288303375, 2.296398162841797 
316.4779968261719, 0.29835689067840576, 1.6171001195907593 
86.5955581665039, 0.25616365671157837, 2.962002992630005 
132.86431884765625, 0.23788681626319885, 2.3328680992126465 
86.39369201660156, 0.2926923334598541, 2.641362190246582 
58.096988677978516, 0.2389552742242813, 3.011422872543335 
263.6669616699219, 0.43750181794166565, 1.6279677152633667 
132.4134521484375, 0.35558322072029114, 3.1681771278381348 
98.30223083496094, 0.27696773409843445, 3.655618667602539 
188.82046508789062, 0.26590222120285034, 4.738990783691406 
99.07141876220703, 0.27596887946128845, 2.4972457885742188 
94.36900329589844, 0.4901803731918335, 2.829335927963257 
444.872314453125, 0.3634742200374603, 2.363006114959717 
196.11517333984375, 0.3166990280151367, 8.6222505569458 
166.53753662109375, 0.34272080659866333, 1.9241697788238525 
68.80722045898438, 0.504408597946167, 2.5201358795166016 
119.08916473388672, 0.22662444412708282, 4.266351699829102 
65.93541717529297, 0.28706011176109314, 2.2485177516937256 
228.33595275878906, 0.33609411120414734, 2.494838237762451 
114.91417694091797, 0.43590477108955383, 3.1891796588897705 
151.84181213378906, 0.33330708742141724, 2.1989922523498535 
165.3813018798828, 0.4416252076625824, 3.2986130714416504 
192.233642578125, 0.33940955996513367, 3.597660779953003 
81.27083587646484, 0.41700854897499084, 1.3639954328536987 
84.90632629394531, 0.28644126653671265, 2.303549289703369 
199.79769897460938, 0.22978374361991882, 2.4833805561065674 
250.2069549560547, 0.2809528112411499, 8.931991577148438 
102.54484558105469, 0.20297327637672424, 2.2987797260284424 
79.83285522460938, 0.3682385981082916, 5.808614730834961 
70.46047973632812, 0.23322713375091553, 3.4983179569244385 
84.57035064697266, 0.29182887077331543, 2.367341995239258 
175.35296630859375, 0.3418704867362976, 2.981273651123047 
66.41215515136719, 0.4352312982082367, 7.323556423187256 
98.45011901855469, 0.2749098837375641, 2.332859992980957 
49.1963005065918, 0.27984562516212463, 2.5533864498138428 
180.4517364501953, 0.24586153030395508, 4.922366619110107 
119.46220397949219, 0.21350932121276855, 2.8875091075897217 
170.28945922851562, 0.2414642870426178, 5.113389492034912 
182.60935974121094, 0.40101158618927, 5.161494731903076 
78.65522766113281, 0.37914273142814636, 4.491885662078857 
128.29136657714844, 0.30536267161369324, 4.000843048095703 
64.47394561767578, 0.32268470525741577, 5.688188076019287 
126.00849151611328, 0.21767708659172058, 6.456017971038818 
165.12242126464844, 0.3204691708087921, 1.9300596714019775 
412.41949462890625, 0.4136717915534973, 3.0601301193237305 
103.86414337158203, 0.34163668751716614, 3.117013931274414 
160.60955810546875, 0.30482563376426697, 1.7913157939910889 
88.51510620117188, 0.1971273273229599, 6.307213306427002 
245.13229370117188, 0.3049493134021759, 3.9263575077056885 
126.48004150390625, 0.3714022934436798, 3.863116502761841 
119.68406677246094, 0.31564560532569885, 7.401801109313965 
160.7005157470703, 0.3964777886867523, 4.112243175506592 
81.4411849975586, 0.3120768070220947, 8.630455017089844 
386.3500671386719, 0.225258931517601, 1.5012964010238647 
89.83241271972656, 0.3305279016494751, 2.4434003829956055 
77.22720336914062, 0.39134523272514343, 3.6363649368286133 
283.9341735839844, 0.2947703003883362, 3.964212656021118 
80.1478042602539, 0.2152397781610489, 8.08632755279541 
73.2426986694336, 0.31876707077026367, 2.1271491050720215 
141.12994384765625, 0.24692213535308838, 4.748882293701172 
102.03377532958984, 0.2235988825559616, 1.9585604667663574 
86.80101013183594, 0.2596313953399658, 3.296321153640747 
301.5316162109375, 0.40584003925323486, 2.1724326610565186 
162.0764617919922, 0.2790769040584564, 2.4581756591796875 
226.64353942871094, 0.285645067691803, 3.238162040710449 
83.3455581665039, 0.3074231445789337, 2.301177978515625 
113.41938781738281, 0.3128247559070587, 1.171697974205017 
210.3786163330078, 0.3020605146884918, 4.979605674743652 
167.559814453125, 0.32125604152679443, 5.178765296936035 
81.48615264892578, 0.261220246553421, 2.860348701477051 
211.31834411621094, 0.5185323357582092, 5.248885631561279 
461.3734130859375, 0.27900466322898865, 2.7776706218719482 
135.31549072265625, 0.31176650524139404, 3.572813034057617 
58.82825469970703, 0.2904091477394104, 4.8200554847717285 
85.76567840576172, 0.32458561658859253, 9.308808326721191 
117.56402587890625, 0.2888501286506653, 3.6195085048675537 
244.0431365966797, 0.2464357614517212, 4.217049598693848 
98.9376449584961, 0.31728124618530273, 3.416393756866455 
104.83109283447266, 0.2533663511276245, 1.6870427131652832 
152.59616088867188, 0.2296639382839203, 4.131795883178711 
246.4818572998047, 0.3063472807407379, 3.1834018230438232 
166.68397521972656, 0.27832865715026855, 3.5912153720855713 
66.31282043457031, 0.2757856845855713, 3.141247034072876 
120.7753677368164, 0.33013051748275757, 5.426868438720703 
122.18067169189453, 0.24021002650260925, 4.089629173278809 
74.39041137695312, 0.2748030722141266, 4.1918044090271 
253.28701782226562, 0.2844025790691376, 4.216124534606934 
81.83904266357422, 0.2781478762626648, 2.560642957687378 
104.60742950439453, 0.2995971441268921, 5.775138854980469 
196.8469696044922, 0.38978812098503113, 3.524463415145874 
99.6723861694336, 0.35916924476623535, 5.4384965896606445 
75.11410522460938, 0.22128692269325256, 2.112170934677124 
160.6544952392578, 0.21910661458969116, 3.364271640777588 
283.8634948730469, 0.4038626253604889, 3.4241878986358643 
67.08560943603516, 0.342108815908432, 2.9795312881469727 
92.97645568847656, 0.2904128432273865, 4.284302711486816 
527.5236206054688, 0.2243143767118454, 2.6336188316345215 
58.88233947753906, 0.3165493607521057, 2.7263455390930176 
164.9134979248047, 0.30400851368904114, 3.926740884780884 
192.33456420898438, 0.3729689121246338, 6.1360182762146 
56.91289138793945, 0.2337050437927246, 3.8285000324249268 
77.76228332519531, 0.24435077607631683, 5.8574724197387695 
185.3446502685547, 0.265821635723114, 2.1543328762054443 
132.1270294189453, 0.2008083611726761, 4.787209510803223 
106.73953247070312, 0.2682643234729767, 5.8178791999816895 
34.86423110961914, 0.3806508481502533, 3.9454092979431152 
60.75947570800781, 0.2504432797431946, 6.483246326446533 
96.98181915283203, 0.25009745359420776, 2.5333166122436523 
123.69474029541016, 0.30127444863319397, 4.5270466804504395 
777.9151000976562, 0.29047152400016785, 4.815773010253906 
477.4899597167969, 0.23081915080547333, 2.5884504318237305 
72.40313720703125, 0.24714280664920807, 2.5245347023010254 
385.6964416503906, 0.2649904191493988, 6.9252448081970215 
75.77820587158203, 0.27659761905670166, 3.202749013900757 
183.421875, 0.24329401552677155, 3.832542896270752 
110.64210510253906, 0.3853663504123688, 3.9136855602264404 
122.4626693725586, 0.3227844834327698, 2.8647525310516357 
146.0509033203125, 0.23826196789741516, 5.024693012237549 
95.54708099365234, 0.3739144504070282, 2.231703996658325 
74.04557800292969, 0.23313814401626587, 3.693255662918091 
138.0653533935547, 0.34827467799186707, 3.453636407852173 
500.74371337890625, 0.2247963696718216, 1.9617648124694824 
31.669208526611328, 0.2753664255142212, 2.4266958236694336 
325.4332275390625, 0.3685050904750824, 4.3635125160217285 
112.13198852539062, 0.26573026180267334, 4.5102925300598145 
82.35730743408203, 0.2709752917289734, 2.434389114379883 
175.31842041015625, 0.24025531113147736, 4.199703693389893 
291.0303649902344, 0.34598666429519653, 3.6254429817199707 
81.93041229248047, 0.2291778177022934, 5.56441068649292 
80.23580932617188, 0.22827871143817902, 2.5353221893310547 
114.4849624633789, 0.21703512966632843, 2.397339344024658 
124.7616195678711, 0.2609373927116394, 4.836848735809326 
89.9212875366211, 0.3460417687892914, 3.288054943084717 
389.2070007324219, 0.437660276889801, 5.203303337097168 
113.0640640258789, 0.183105930685997, 2.6732406616210938 
380.18914794921875, 0.24895043671131134, 2.37016224861145 
72.6668701171875, 0.2287081629037857, 2.2140800952911377 
247.31793212890625, 0.38056883215904236, 4.240778923034668 
1809.7220458984375, 0.5229105353355408, 7.846114158630371 
357.7991638183594, 0.365094393491745, 3.7630808353424072 
107.56466674804688, 0.3015215992927551, 5.879866123199463 
218.32455444335938, 0.24582497775554657, 2.151292324066162 
130.22161865234375, 0.39338842034339905, 5.436004161834717 
483.6993713378906, 0.2851720452308655, 3.4607653617858887 
137.10581970214844, 0.2676061987876892, 4.669421672821045 
56.30901336669922, 0.2858828604221344, 1.8631114959716797 
284.3564453125, 0.2750447392463684, 6.945271015167236 
63.06245422363281, 0.36648255586624146, 3.1134612560272217 
165.2601776123047, 0.28970634937286377, 6.548692226409912 
172.29571533203125, 0.36383700370788574, 4.118991374969482 
130.03955078125, 0.27368587255477905, 4.721266746520996 
60.58449935913086, 0.46811041235923767, 2.5321621894836426 
67.4473648071289, 0.23100122809410095, 6.6927571296691895 
443.42620849609375, 0.29716065526008606, 3.277920722961426 
119.63367462158203, 0.29393988847732544, 4.682729721069336 
236.42259216308594, 0.23027485609054565, 5.339205265045166 
110.43648529052734, 0.28806132078170776, 5.398655414581299 
66.50727844238281, 0.2890000641345978, 5.642626762390137 
92.50480651855469, 0.35261207818984985, 2.736902952194214 
58.5755500793457, 0.3965880870819092, 8.92714786529541 
429.00775146484375, 0.21965977549552917, 4.737697124481201 
75.23675537109375, 0.3053423762321472, 3.505253314971924 
61.75615692138672, 0.28505739569664, 5.8311448097229 
71.81493377685547, 0.2584797143936157, 1.9866689443588257 
129.0196990966797, 0.2660656273365021, 1.8248097896575928 
141.47535705566406, 0.27600470185279846, 5.890738487243652 
113.3951644897461, 0.2817009687423706, 7.612096309661865 
158.86788940429688, 0.33146774768829346, 1.6888148784637451 
78.46778106689453, 0.22559769451618195, 4.4637322425842285 
204.53875732421875, 0.278565913438797, 2.925424814224243 
293.7702331542969, 0.3086094558238983, 3.009486675262451 
126.64706420898438, 0.20058868825435638, 5.47603702545166 
124.71656036376953, 0.23005527257919312, 3.751628875732422 
83.48534393310547, 0.2791488468647003, 3.2025935649871826 
259.8866882324219, 0.23217158019542694, 9.307104110717773 
65.003662109375, 0.3312256634235382, 6.809206008911133 
111.90364074707031, 0.40721091628074646, 3.294445037841797 
297.8927307128906, 0.30383098125457764, 1.8977210521697998 
62.05076599121094, 0.3096306025981903, 6.114050388336182 
224.19398498535156, 0.25606605410575867, 5.358034133911133 
355.7156066894531, 0.35105645656585693, 1.957311749458313 
77.54019165039062, 0.33716803789138794, 2.9907524585723877 
108.97786712646484, 0.3233371078968048, 6.829768657684326 
60.49850845336914, 0.2778698801994324, 4.824740409851074 
69.0411376953125, 0.2811574339866638, 2.7312421798706055 
50.698585510253906, 0.2781645953655243, 5.016306400299072 
146.05104064941406, 0.30320438742637634, 4.711670875549316 
110.37879180908203, 0.4209735691547394, 4.188589096069336 
112.63238525390625, 0.40175679326057434, 6.416750907897949 
571.0676879882812, 0.20066869258880615, 6.975187301635742 
100.54108428955078, 0.20591364800930023, 1.9848456382751465 
97.30889892578125, 0.33967867493629456, 14.34333610534668 
258.2264404296875, 0.22384832799434662, 5.006925106048584 
94.02737426757812, 0.30929845571517944, 2.0975241661071777 
63.34238815307617, 0.5331453084945679, 6.900351047515869 
213.02548217773438, 0.37047648429870605, 3.8258769512176514 
46.48097229003906, 0.23623453080654144, 8.656920433044434 
180.29710388183594, 0.223385751247406, 5.648168563842773 
133.8758087158203, 0.26628559827804565, 5.463083744049072 
299.35491943359375, 0.338005006313324, 1.1277064085006714 
349.71978759765625, 0.3456946015357971, 2.9917709827423096 
112.43085479736328, 0.4154815077781677, 2.281604290008545 
100.22274780273438, 0.22672131657600403, 2.7095887660980225 
77.100830078125, 0.20382370054721832, 1.5857605934143066 
747.0684204101562, 0.2873370349407196, 3.371739625930786 
242.1783905029297, 0.2345297932624817, 5.188622951507568 
257.702880859375, 0.297885000705719, 4.832895278930664 
323.01318359375, 0.28727102279663086, 2.213468313217163 
113.70195007324219, 0.26730990409851074, 3.160491943359375 
269.34539794921875, 0.4761110544204712, 2.4948084354400635 
129.13626098632812, 0.24400414526462555, 6.595026016235352 
257.3431701660156, 0.3957267105579376, 2.5514063835144043 
63.04359436035156, 0.26935258507728577, 5.051435470581055 
119.28356170654297, 0.28228577971458435, 4.8026509284973145 
219.0833282470703, 0.27121978998184204, 2.6929690837860107 
514.93896484375, 0.24373413622379303, 1.981967568397522 
211.67160034179688, 0.2596462368965149, 2.374162435531616 
199.20721435546875, 0.3000134825706482, 3.301100492477417 
103.2176742553711, 0.30526894330978394, 4.048248291015625 
189.91275024414062, 0.27555498480796814, 7.494661808013916 
129.25079345703125, 0.22784174978733063, 3.316924571990967 
84.6593246459961, 0.2843330502510071, 4.053393363952637 
346.092529296875, 0.23510900139808655, 4.178172588348389 
44.051025390625, 0.33146849274635315, 3.840728759765625 
44.66343307495117, 0.31373128294944763, 3.356074571609497 
135.20431518554688, 0.2894103527069092, 4.30138635635376 
99.29835510253906, 0.31145626306533813, 5.633669853210449 
128.49232482910156, 0.31262338161468506, 2.8518857955932617 
139.87115478515625, 0.2052910029888153, 2.1773602962493896 
90.50959014892578, 0.2654273211956024, 4.775339603424072 
331.874267578125, 0.22130779922008514, 2.5585684776306152 
201.1428985595703, 0.28928864002227783, 2.4014720916748047 
221.4465789794922, 0.35020533204078674, 2.8164350986480713 
152.38185119628906, 0.22001565992832184, 2.3713836669921875 
71.95801544189453, 0.19426032900810242, 1.2050145864486694 
146.84947204589844, 0.2194782942533493, 4.171885013580322 
260.6206970214844, 0.2945864200592041, 2.557135581970215 
131.45416259765625, 0.4116170406341553, 3.000497817993164 
41.33551788330078, 0.21523170173168182, 3.948019504547119 
943.2603759765625, 0.2829683721065521, 5.324368000030518 
106.58612823486328, 0.2809032201766968, 4.239566326141357 
176.52822875976562, 0.3665412366390228, 3.7697582244873047 
82.79180145263672, 0.2605283856391907, 4.357762813568115 
76.23759460449219, 0.3032938241958618, 3.36476469039917 
161.7031707763672, 0.24434617161750793, 4.082072734832764 
99.33075714111328, 0.2247113287448883, 5.304785251617432 
141.09677124023438, 0.27176082134246826, 3.3401882648468018 
76.27043151855469, 0.29833412170410156, 3.094602584838867 
166.05117797851562, 0.3171599209308624, 1.3433234691619873 
98.32974243164062, 0.24993491172790527, 4.58554744720459 
246.95835876464844, 0.31302735209465027, 1.9523723125457764 
136.8911590576172, 0.2188553661108017, 4.9582438468933105 
78.78179168701172, 0.27743270993232727, 5.525673866271973 
215.87034606933594, 0.28448933362960815, 3.477583646774292 
193.31256103515625, 0.3077070415019989, 2.7106175422668457 
102.27689361572266, 0.30136775970458984, 5.01732063293457 
1385.842529296875, 0.2186620533466339, 3.4209144115448 
306.43780517578125, 0.3135412037372589, 1.500165343284607 
90.89834594726562, 0.31802231073379517, 3.135401964187622 
286.52484130859375, 0.30153101682662964, 3.5110561847686768 
112.27241516113281, 0.4131343364715576, 2.8047330379486084 
52.82344055175781, 0.27130982279777527, 4.439720153808594 
56.93051528930664, 0.25693681836128235, 9.520424842834473 
170.165771484375, 0.3283155858516693, 3.99343204498291 
176.75634765625, 0.2665170729160309, 3.644705057144165 
125.83943176269531, 0.36129143834114075, 4.334717273712158 
568.351806640625, 0.29872608184814453, 7.371421813964844 
95.89048767089844, 0.22983135282993317, 3.1868762969970703 
374.3286437988281, 0.2970590889453888, 3.9030277729034424 
102.02432250976562, 0.2376977950334549, 5.815720558166504 
98.16150665283203, 0.2961394190788269, 1.9226354360580444 
86.3992691040039, 0.19473481178283691, 3.2668848037719727 
255.85574340820312, 0.4068475365638733, 4.017354488372803 
119.83180236816406, 0.32217592000961304, 6.666548252105713 
137.35984802246094, 0.27790284156799316, 5.559783458709717 
67.72369384765625, 0.3022003471851349, 2.376041889190674 
161.438232421875, 0.30692005157470703, 10.409494400024414 
237.2183074951172, 0.19624067842960358, 3.158102512359619 
321.9173583984375, 0.3071024715900421, 2.4463789463043213 
123.15107727050781, 0.24169455468654633, 1.7771981954574585 
248.2684783935547, 0.3295230269432068, 4.857541084289551 
526.45068359375, 0.36532333493232727, 3.4022560119628906 
166.85284423828125, 0.3865174949169159, 8.79233169555664 
56.99680709838867, 0.2993205487728119, 4.975365161895752 
130.3259735107422, 0.3330960273742676, 5.327311038970947 
85.48178100585938, 0.25473830103874207, 2.4503989219665527 
139.653076171875, 0.24472160637378693, 4.943309783935547 
32.45161437988281, 0.276765376329422, 2.587787628173828 
83.32557678222656, 0.45307841897010803, 5.787088871002197 
298.2903137207031, 0.28744035959243774, 3.1009387969970703 
87.33616638183594, 0.2557831406593323, 5.497987747192383 
69.19336700439453, 0.29034584760665894, 2.0431220531463623 
112.1104965209961, 0.2590107321739197, 2.2745137214660645 
239.69845581054688, 0.28296923637390137, 3.3710761070251465 
63.145904541015625, 0.29884445667266846, 3.4542436599731445 
83.3347396850586, 0.2707531154155731, 2.310159206390381 
183.8424530029297, 0.23508356511592865, 2.088590145111084 
146.67694091796875, 0.20545656979084015, 4.383926868438721 
45.11016845703125, 0.31591981649398804, 3.268197536468506 
116.58104705810547, 0.35488179326057434, 2.4269304275512695 
66.96826934814453, 0.30660030245780945, 3.27177357673645 
119.47743225097656, 0.3328879773616791, 3.2028391361236572 
142.7777557373047, 0.25463441014289856, 8.334844589233398 
287.09881591796875, 0.42045360803604126, 7.2791242599487305 
99.44889068603516, 0.3216762840747833, 1.9857666492462158 
173.4379119873047, 0.29570111632347107, 4.309279918670654 
196.02687072753906, 0.31585222482681274, 2.681225299835205 
64.4582290649414, 0.22852635383605957, 3.7217824459075928 
77.70317077636719, 0.352370023727417, 2.8978264331817627 
138.6474151611328, 0.2799347937107086, 2.541931629180908 
116.90559387207031, 0.3578663766384125, 1.3443344831466675 
144.14698791503906, 0.26941487193107605, 5.5207319259643555 
655.9937133789062, 0.22621722519397736, 3.4053120613098145 
161.64036560058594, 0.2461465746164322, 4.495071887969971 
188.0614471435547, 0.3669207692146301, 5.265403747558594 
112.74320220947266, 0.23284980654716492, 1.7571384906768799 
69.73486328125, 0.27465036511421204, 6.492656230926514 
97.08396911621094, 0.29513126611709595, 4.015012264251709 
59.67903518676758, 0.23006916046142578, 3.712097406387329 
175.15672302246094, 0.367500364780426, 7.782920837402344 
148.0525360107422, 0.21827474236488342, 4.856399059295654 
413.5392150878906, 0.2299392819404602, 5.646113395690918 
78.8388900756836, 0.3356073200702667, 4.00541877746582 
137.41937255859375, 0.2569619417190552, 9.924786567687988 
101.47246551513672, 0.254798948764801, 1.386080026626587 
130.3149871826172, 0.29354918003082275, 3.3906660079956055 
134.89712524414062, 0.2603663206100464, 5.359857082366943 
157.64752197265625, 0.3060126006603241, 4.051723480224609 
123.51648712158203, 0.31938058137893677, 4.36939001083374 
69.43870544433594, 0.3822057247161865, 3.752563238143921 
864.7005004882812, 0.37885594367980957, 3.6186840534210205 
79.50093078613281, 0.34275022149086, 5.141821384429932 
85.05350494384766, 0.24668650329113007, 8.761228561401367 
91.6711196899414, 0.36679303646087646, 2.0950253009796143 
213.58200073242188, 0.31225231289863586, 1.7852861881256104 
159.93594360351562, 0.2907312214374542, 6.389303684234619 
75.07806396484375, 0.2487916499376297, 2.925565719604492 
220.90963745117188, 0.295378178358078, 3.4421324729919434 
282.87042236328125, 0.30044201016426086, 3.306550979614258 
254.39678955078125, 0.27447935938835144, 2.9803361892700195 
71.55650329589844, 0.2531271278858185, 3.6311328411102295 
381.273681640625, 0.29678329825401306, 5.900382995605469 
410.37579345703125, 0.19686824083328247, 3.843609094619751 
61.76567077636719, 0.32057785987854004, 5.533137321472168 
204.59095764160156, 0.32258903980255127, 10.628458023071289 
818.249755859375, 0.22442872822284698, 2.5018296241760254 
97.83768463134766, 0.19518353044986725, 2.43947696685791 
235.73829650878906, 0.33402109146118164, 4.135789394378662 
127.8038558959961, 0.25114044547080994, 4.440260410308838 
84.78832244873047, 0.2749590277671814, 2.741438865661621 
747.9364013671875, 0.23267988860607147, 2.429039716720581 
71.62007141113281, 0.25425344705581665, 3.811018705368042 
126.3219985961914, 0.2982814311981201, 3.547790050506592 
150.2397003173828, 0.28121551871299744, 3.7980191707611084 
266.78826904296875, 0.40039876103401184, 5.911486625671387 
118.44438171386719, 0.36583805084228516, 2.1550004482269287 
64.96070861816406, 0.29640841484069824, 2.854424238204956 
126.35909271240234, 0.3857857882976532, 2.9724605083465576 
87.94600677490234, 0.3088940680027008, 4.674276828765869 
108.74158477783203, 0.32031112909317017, 3.300265073776245 
402.4590148925781, 0.3558785617351532, 2.6471636295318604 
382.0037841796875, 0.26388996839523315, 6.128225326538086 
108.0430679321289, 0.2918078303337097, 3.4543118476867676 
69.94306945800781, 0.3858124315738678, 7.40403413772583 
147.5404052734375, 0.16365188360214233, 2.0903985500335693 
94.15470123291016, 0.2512699067592621, 4.387784004211426 
68.45728302001953, 0.3167512118816376, 3.8863558769226074 
154.29356384277344, 0.29178935289382935, 6.370571136474609 
126.16083526611328, 0.30639922618865967, 12.048587799072266 
70.12449645996094, 0.2631392776966095, 8.828173637390137 
53.76732635498047, 0.31815454363822937, 5.950067520141602 
86.6619873046875, 0.26737740635871887, 3.231661319732666 
71.29411315917969, 0.27016347646713257, 5.748673439025879 
130.42103576660156, 0.31244876980781555, 4.359391689300537 
341.3216247558594, 0.260842502117157, 3.0979349613189697 
98.83920288085938, 0.3446351885795593, 2.846921443939209 
265.7672424316406, 0.27288612723350525, 3.6653361320495605 
178.86476135253906, 0.41712486743927, 4.577279567718506 
102.60552978515625, 0.3263325095176697, 6.578845024108887 
88.03630065917969, 0.39243781566619873, 4.53873872756958 
108.8157958984375, 0.38651174306869507, 0.8784889578819275 
480.26971435546875, 0.44321292638778687, 4.244350433349609 
139.51235961914062, 0.42290282249450684, 3.716705083847046 
464.9507141113281, 0.25511157512664795, 4.553267478942871 
157.99234008789062, 0.27260902523994446, 2.5021138191223145 
460.8159484863281, 0.2602423429489136, 7.025908470153809 
163.67098999023438, 0.24971505999565125, 3.1545028686523438 
93.34567260742188, 0.28734293580055237, 3.203613042831421 
111.21649932861328, 0.21801555156707764, 4.872149467468262 
59.68375015258789, 0.3403589725494385, 5.2915849685668945 
112.59062194824219, 0.2785290777683258, 1.257094144821167 
123.06057739257812, 0.2830204963684082, 3.3325257301330566 
85.7662353515625, 0.3298267424106598, 6.065326690673828 
68.31734466552734, 0.2554645538330078, 5.590745449066162 
274.265625, 0.26540786027908325, 4.707457542419434 
68.96424865722656, 0.2785777449607849, 10.592499732971191 
122.13865661621094, 0.21953725814819336, 5.8842668533325195 
87.5244369506836, 0.24481481313705444, 2.606525421142578 
163.57774353027344, 0.31315696239471436, 2.697418451309204 
53.02772521972656, 0.24793703854084015, 1.9915944337844849 
82.9920883178711, 0.30232661962509155, 2.100661039352417 
181.4418487548828, 0.2728113532066345, 2.673687696456909 
145.14871215820312, 0.40525975823402405, 6.491748332977295 
111.03915405273438, 0.266882061958313, 5.908478736877441 
165.5225067138672, 0.23056691884994507, 1.626387119293213 
74.87400817871094, 0.75172358751297, 4.768719673156738 
95.09680938720703, 0.22094544768333435, 11.108102798461914 
171.1761016845703, 0.22182287275791168, 4.928069591522217 
95.841552734375, 0.26298487186431885, 5.698048114776611 
65.0160903930664, 0.19931013882160187, 5.088818550109863 
251.7712860107422, 0.23298507928848267, 4.879091262817383 
76.67426300048828, 0.25692471861839294, 4.112638473510742 
119.40286254882812, 0.23933185636997223, 2.6534640789031982 
51.193878173828125, 0.2729257345199585, 1.5405075550079346 
136.1896209716797, 0.22169508039951324, 4.295713424682617 
98.85932159423828, 0.2503412961959839, 4.744291305541992 
117.13724517822266, 0.30155500769615173, 1.6802856922149658 
56.0788459777832, 0.1850205361843109, 3.005943536758423 
87.65434265136719, 0.38348686695098877, 1.8051611185073853 
65.40480041503906, 0.30503275990486145, 3.336664915084839 
129.17501831054688, 0.3083585500717163, 3.7045531272888184 
280.2086181640625, 0.3621975779533386, 2.8018369674682617 
225.80673217773438, 0.31484025716781616, 2.2093265056610107 
192.0878448486328, 0.342437207698822, 10.876901626586914 
95.87572479248047, 0.30381354689598083, 2.4989380836486816 
157.5370330810547, 0.18140491843223572, 2.0082552433013916 
319.64404296875, 0.3159494996070862, 3.6650655269622803 
171.86483764648438, 0.28731030225753784, 2.1540274620056152 
155.4239959716797, 0.30901020765304565, 3.757467031478882 
272.91912841796875, 0.3199823796749115, 5.246667861938477 
276.1253662109375, 0.30833619832992554, 3.0222392082214355 
66.79149627685547, 0.3353864550590515, 4.606342315673828 
126.25772094726562, 0.28383132815361023, 4.158080577850342 
123.38346099853516, 0.36283475160598755, 3.8066022396087646 
211.7622528076172, 0.26218196749687195, 4.44645881652832 
738.270263671875, 0.312722384929657, 5.2122883796691895 
144.251953125, 0.274509996175766, 2.1232001781463623 
281.37176513671875, 0.26904618740081787, 6.559673309326172 
137.76473999023438, 0.30628085136413574, 4.103235721588135 
511.1591491699219, 0.301320344209671, 1.5961742401123047 
165.73171997070312, 0.23090249300003052, 2.5142767429351807 
73.82994079589844, 0.3216071128845215, 2.9663872718811035 
181.39755249023438, 0.31731534004211426, 2.5670113563537598 
188.67933654785156, 0.301785409450531, 4.368919372558594 
227.88165283203125, 0.3391014337539673, 2.659160852432251 
153.14735412597656, 0.318371444940567, 8.500114440917969 
161.46156311035156, 0.23050515353679657, 4.280340671539307 
178.04222106933594, 0.23194420337677002, 2.375922918319702 
320.9299621582031, 0.31008946895599365, 3.6829850673675537 
147.9523162841797, 0.24772895872592926, 4.530317306518555 
111.25457763671875, 0.40098145604133606, 2.7595365047454834 
135.78759765625, 0.35329437255859375, 3.0617432594299316 
474.7643737792969, 0.2413489818572998, 8.091779708862305 
540.825439453125, 0.25013571977615356, 3.7131502628326416 
188.76712036132812, 0.2225809395313263, 2.335127830505371 
107.78509521484375, 0.40503180027008057, 4.236506462097168 
152.42213439941406, 0.41876935958862305, 3.6371238231658936 
64.82941436767578, 0.23095738887786865, 3.080624580383301 
127.68275451660156, 0.21999739110469818, 3.5126469135284424 
130.0117950439453, 0.273677259683609, 3.7201855182647705 
98.75630950927734, 0.25550657510757446, 1.0865318775177002 
199.4020233154297, 0.3143027126789093, 1.271995186805725 
104.99809265136719, 0.30816808342933655, 4.218114376068115 
183.39532470703125, 0.25398123264312744, 2.199450969696045 
1281.919677734375, 0.2659751772880554, 4.716577053070068 
76.92979431152344, 0.2504511773586273, 2.8954739570617676 
146.1869354248047, 0.34976428747177124, 4.806060314178467 
65.69832611083984, 0.2783930003643036, 4.444077968597412 
168.5453338623047, 0.2626006007194519, 4.191685199737549 
108.27615356445312, 0.2857677936553955, 3.5614805221557617 
377.28070068359375, 0.3491835594177246, 3.4584577083587646 
259.326171875, 0.30275148153305054, 9.655512809753418 
180.67626953125, 0.3398594558238983, 2.6671090126037598 
147.75241088867188, 0.2675805389881134, 2.993403434753418 
113.42479705810547, 0.35924986004829407, 4.53214693069458 
204.3321533203125, 0.4161727726459503, 2.7840662002563477 
83.0317153930664, 0.19074340164661407, 3.543910264968872 
71.85830688476562, 0.3317759931087494, 2.8114068508148193 
70.30890655517578, 0.4320776164531708, 2.8971192836761475 
360.6213684082031, 0.22746866941452026, 5.165679454803467 
69.95927429199219, 0.2932794988155365, 3.777303457260132 
101.42813110351562, 0.24921783804893494, 5.08143949508667 
125.47615814208984, 0.2418786585330963, 2.3227806091308594 
325.2206115722656, 0.2507708668708801, 3.5852606296539307 
115.7593765258789, 0.22457487881183624, 3.5824830532073975 
103.58517456054688, 0.22537195682525635, 2.2439448833465576 
123.52740478515625, 0.29251664876937866, 2.3293402194976807 
77.10400390625, 0.3488071858882904, 5.044459342956543 
73.40025329589844, 0.40207427740097046, 7.908232688903809 
66.02124786376953, 0.4439488351345062, 4.2739996910095215 
67.39129638671875, 0.214987114071846, 4.940321445465088 
65.18986511230469, 0.2854202091693878, 3.5162205696105957 
188.6386260986328, 0.3329889178276062, 3.1249704360961914 
544.9483642578125, 0.33710622787475586, 5.59495210647583 
69.20543670654297, 0.34018951654434204, 3.7273807525634766 
342.28424072265625, 0.3132961690425873, 3.75404953956604 
81.0292739868164, 0.3177303671836853, 1.8848950862884521 
59.294490814208984, 0.42565006017684937, 4.931192398071289 
117.02609252929688, 0.276760458946228, 5.898151397705078 
112.49616241455078, 0.34088942408561707, 2.2461812496185303 
129.4336700439453, 0.18857786059379578, 3.6454737186431885 
194.34207153320312, 0.2616882622241974, 4.2447099685668945 
1021.3516235351562, 0.5139822959899902, 8.424691200256348 
407.3426818847656, 0.3890668451786041, 6.822378635406494 
92.78455352783203, 0.25012582540512085, 2.6069374084472656 
124.21086883544922, 0.34611621499061584, 3.7627553939819336 
140.71542358398438, 0.2868226170539856, 3.392456531524658 
185.28819274902344, 0.3170977532863617, 5.095893859863281 
86.3122787475586, 0.35303249955177307, 3.194094657897949 
4101.1611328125, 0.5222397446632385, 9.251130104064941 
282.241455078125, 0.34253770112991333, 4.864690780639648 
215.17918395996094, 0.25001728534698486, 1.5879981517791748 
96.30970001220703, 0.3058520555496216, 3.950932741165161 
79.04576873779297, 0.2898291051387787, 7.905622959136963 
61.325233459472656, 0.31651055812835693, 2.349694013595581 
225.66749572753906, 0.2783864438533783, 3.3691999912261963 
222.70811462402344, 0.3200191855430603, 1.7174525260925293 
150.37899780273438, 0.2211497724056244, 5.751341819763184 
262.3378601074219, 0.37971827387809753, 1.7127537727355957 
198.912109375, 0.2802908420562744, 4.732248783111572 
303.30712890625, 0.23386144638061523, 2.4950945377349854 
99.71658325195312, 0.2885361611843109, 1.7698804140090942 
256.9443664550781, 0.22990022599697113, 2.220168113708496 
105.06523895263672, 0.2976003587245941, 2.516282558441162 
124.0934829711914, 0.28275418281555176, 5.043313980102539 
132.66343688964844, 0.3828608989715576, 6.677419185638428 
77.5500259399414, 0.6037611961364746, 2.426212787628174 
135.1746826171875, 0.20181827247142792, 9.109016418457031 
178.97415161132812, 0.2272377461194992, 2.329094409942627 
107.82875061035156, 0.2593684792518616, 4.437851905822754 
79.57597351074219, 0.2502290904521942, 2.931696653366089 
156.50685119628906, 0.27039796113967896, 4.06493616104126 
105.1681900024414, 0.33404722809791565, 1.4681061506271362 
862.7261962890625, 0.328870952129364, 7.874098777770996 
204.088623046875, 0.24784018099308014, 4.377552509307861 
195.84117126464844, 0.4112567603588104, 4.451866149902344 
189.4352264404297, 0.31749486923217773, 2.813422679901123 
91.01859283447266, 0.2880578935146332, 2.3448026180267334 
255.3244171142578, 0.36855727434158325, 4.466045379638672 
139.75836181640625, 0.2862386107444763, 6.620596885681152 
105.4840316772461, 0.2191927582025528, 3.06714129447937 
80.12838745117188, 0.22542312741279602, 1.8894739151000977 
156.33766174316406, 0.33074891567230225, 5.578203201293945 
254.9083251953125, 0.3290000259876251, 9.757490158081055 
166.41116333007812, 0.4213145673274994, 1.6832795143127441 
180.63177490234375, 0.21594125032424927, 4.066320896148682 
83.6944808959961, 0.2915359437465668, 2.6653621196746826 
215.71221923828125, 0.35552194714546204, 3.278657913208008 
155.9249725341797, 0.5655534267425537, 2.3630001544952393 
105.19538879394531, 0.3105139136314392, 5.230836868286133 
134.5664520263672, 0.2804296612739563, 1.9905822277069092 
158.38934326171875, 0.28810301423072815, 2.5738697052001953 
106.93366241455078, 0.31374484300613403, 5.065735340118408 
166.59169006347656, 0.3886735737323761, 4.12913179397583 
536.8470458984375, 0.38666918873786926, 1.9300808906555176 
222.9638671875, 0.24528656899929047, 3.78629994392395 
122.40191650390625, 0.3273863196372986, 1.9533041715621948 
194.24917602539062, 0.40713250637054443, 2.7999446392059326 
121.10490417480469, 0.21401366591453552, 8.93718433380127 
43.68681716918945, 0.21072936058044434, 4.247829437255859 
273.9552917480469, 0.3068147301673889, 2.9783365726470947 
130.9494171142578, 0.33832576870918274, 5.1652326583862305 
176.6539306640625, 0.3051321804523468, 4.828258991241455 
171.14675903320312, 0.2501687705516815, 1.8417044878005981 
92.94108581542969, 0.2683700621128082, 3.169771909713745 
76.27324676513672, 0.24412880837917328, 3.704688310623169 
182.54043579101562, 0.29178524017333984, 3.2352211475372314 
124.18315887451172, 0.26901036500930786, 3.1410043239593506 
101.8851318359375, 0.27672529220581055, 2.416775941848755 
60.47959518432617, 0.33124467730522156, 2.6487412452697754 
117.97383117675781, 0.28879228234291077, 4.095030784606934 
62.43022155761719, 0.25381454825401306, 4.417440891265869 
65.49037170410156, 0.30519333481788635, 3.0653164386749268 
143.7275390625, 0.35288673639297485, 4.454015254974365 
144.10919189453125, 0.37099602818489075, 3.561824083328247 
228.6082763671875, 0.30260542035102844, 4.312041759490967 
44.62150955200195, 0.2906338572502136, 2.7522315979003906 
159.99581909179688, 0.26601338386535645, 16.33211898803711 
206.8276824951172, 0.36258551478385925, 2.2691264152526855 
74.73790740966797, 0.3458549380302429, 4.437737464904785 
217.79150390625, 0.2986587584018707, 4.816645622253418 
45.21649169921875, 0.27060312032699585, 4.967581748962402 
263.4630432128906, 0.22375480830669403, 4.498619079589844 
64.61182403564453, 0.2577059864997864, 5.203307151794434 
631.2164916992188, 0.36335235834121704, 4.186577320098877 
418.7825622558594, 0.24737444519996643, 4.8837432861328125 
75.49766540527344, 0.22505854070186615, 4.823602676391602 
127.54270935058594, 0.2294558584690094, 1.4346648454666138 
84.94849395751953, 0.40003296732902527, 2.791527509689331 
479.4726867675781, 0.4768250584602356, 2.7323665618896484 
200.02398681640625, 0.2492370754480362, 4.305384159088135 
169.25302124023438, 0.36458128690719604, 7.790925025939941 
221.1485595703125, 0.278539776802063, 6.11045503616333 
103.94012451171875, 0.3589133620262146, 2.2922558784484863 
437.5865173339844, 0.3537236154079437, 2.7573564052581787 
60.194007873535156, 0.5074765086174011, 4.421725749969482 
164.11509704589844, 0.2873028814792633, 3.9212749004364014 
65.34378051757812, 0.2526835501194, 4.759096145629883 
155.09034729003906, 0.28340932726860046, 2.76162052154541 
219.93211364746094, 0.2623780369758606, 1.5869628190994263 
237.43653869628906, 0.2832126319408417, 4.705183506011963 
86.07902526855469, 0.3250100910663605, 4.4756388664245605 
50.61320114135742, 0.2587260901927948, 4.281888961791992 
138.12831115722656, 0.3714703321456909, 4.016914367675781 
92.77299499511719, 0.264055460691452, 1.3962552547454834 
63.82145309448242, 0.3142530024051666, 7.933204174041748 
155.54208374023438, 0.36433514952659607, 4.875083923339844 
401.9114074707031, 0.31266504526138306, 1.0007283687591553 
56.39032745361328, 0.27877992391586304, 6.476342678070068 
123.71089172363281, 0.4935991168022156, 4.2695465087890625 
104.08907318115234, 0.29201430082321167, 4.590784549713135 
116.57525634765625, 0.2711299657821655, 3.0081701278686523 
152.61941528320312, 0.22904719412326813, 7.270316123962402 
78.54058074951172, 0.3368679881095886, 3.237532138824463 
237.46401977539062, 0.269438773393631, 4.873336315155029 
163.0084686279297, 0.2149844467639923, 7.07936429977417 
86.63703155517578, 0.44627612829208374, 3.9564619064331055 
74.05091094970703, 0.39916709065437317, 3.2652747631073 
156.322265625, 0.35459235310554504, 2.587292432785034 
308.9486999511719, 0.32895976305007935, 1.7687151432037354 
177.55201721191406, 0.34096866846084595, 21.288068771362305 
123.0960693359375, 0.24001386761665344, 4.523243427276611 
866.61962890625, 0.24103941023349762, 5.610474109649658 
116.01539611816406, 0.2928898334503174, 5.849977016448975 
574.3961181640625, 0.5604948401451111, 2.11806583404541 
223.54820251464844, 0.23968899250030518, 8.873941421508789 
146.79095458984375, 0.1669422835111618, 5.606783866882324 
302.906005859375, 0.2513181269168854, 1.177990436553955 
194.0688934326172, 0.28449639678001404, 3.420661211013794 
103.36591339111328, 0.24089094996452332, 1.767380952835083 
157.40284729003906, 0.307770311832428, 5.907898902893066 
258.3791198730469, 0.22522598505020142, 2.0245048999786377 
337.93603515625, 0.23015861213207245, 1.9811959266662598 
96.12898254394531, 0.27071529626846313, 8.44762897491455 
495.2455139160156, 0.29163995385169983, 2.90729022026062 
101.20000457763672, 0.34041866660118103, 1.775490641593933 
167.63064575195312, 0.3948584794998169, 3.538698196411133 
61.90561294555664, 0.2379421889781952, 3.2976393699645996 
131.76971435546875, 0.2652228772640228, 4.288053512573242 
315.64410400390625, 0.3085005283355713, 5.781130790710449 
111.45928192138672, 0.2336246371269226, 2.0689878463745117 
802.03076171875, 0.3474290370941162, 3.4464573860168457 
372.14300537109375, 0.3502010405063629, 4.046082496643066 
443.8426513671875, 0.24605022370815277, 3.1817760467529297 
141.18577575683594, 0.20088939368724823, 2.2233853340148926 
105.81066131591797, 0.2552046477794647, 1.5988558530807495 
354.48663330078125, 0.3495875895023346, 1.9641969203948975 
148.96865844726562, 0.4699116051197052, 1.7445921897888184 
140.6552276611328, 0.29939842224121094, 5.829549312591553 
156.6275634765625, 0.5744953155517578, 11.289219856262207 
189.22528076171875, 0.37277114391326904, 3.137235641479492 
105.9976577758789, 0.35163548588752747, 3.3545455932617188 
430.5951843261719, 0.2852972149848938, 4.235294342041016 
410.14306640625, 0.3676867187023163, 2.6876842975616455 
74.0536880493164, 0.27957040071487427, 5.152153015136719 
108.40045166015625, 0.35851016640663147, 4.927959442138672 
607.6248779296875, 0.42185500264167786, 2.777892589569092 
278.5130310058594, 0.2343025654554367, 3.1450209617614746 
113.26403045654297, 0.2875763475894928, 2.293536901473999 
63.25526428222656, 0.2897520959377289, 1.2625569105148315 
238.5763397216797, 0.2438143640756607, 18.79121208190918 
278.1082763671875, 0.36632946133613586, 4.342024803161621 
201.34756469726562, 0.29532334208488464, 5.465606689453125 
194.02981567382812, 0.3108264207839966, 2.5033082962036133 
130.94927978515625, 0.24211859703063965, 1.8132230043411255 
123.864013671875, 0.21339568495750427, 4.480331897735596 
128.9747314453125, 0.23724256455898285, 6.677506923675537 
211.2791290283203, 0.29748401045799255, 5.99643087387085 
79.06060028076172, 0.3294810354709625, 3.4857969284057617 
260.2695617675781, 0.22467778623104095, 6.7710137367248535 
108.85884857177734, 0.3475647270679474, 2.313150644302368 
186.40716552734375, 0.2736450433731079, 3.0284745693206787 
164.4650421142578, 0.2346968799829483, 1.5560752153396606 
189.44667053222656, 0.28360515832901, 2.3339622020721436 
114.64090728759766, 0.31069648265838623, 5.445806503295898 
182.97927856445312, 0.3117486238479614, 1.7055575847625732 
182.52735900878906, 0.28842443227767944, 5.403313636779785 
142.49607849121094, 0.30308860540390015, 5.27584981918335 
147.64813232421875, 0.22207149863243103, 3.5832977294921875 
49.90251922607422, 0.35456568002700806, 4.546663761138916 
149.40753173828125, 0.3316705524921417, 1.4110244512557983 
321.51739501953125, 0.3641526699066162, 3.9348275661468506 
88.89180755615234, 0.2829793691635132, 1.9339241981506348 
271.186767578125, 0.27233177423477173, 8.796300888061523 
129.50912475585938, 0.21485401690006256, 4.192571640014648 
96.9862289428711, 0.22536097466945648, 2.0516741275787354 
145.7310791015625, 0.459359347820282, 3.046999454498291 
230.78387451171875, 0.2857259511947632, 3.016045331954956 
269.5330810546875, 0.22717025876045227, 2.628145217895508 
365.3783264160156, 0.26932981610298157, 1.081235408782959 
133.88453674316406, 0.29001131653785706, 6.89866828918457 
212.69154357910156, 0.3725641965866089, 2.508192777633667 
133.88970947265625, 0.3645634055137634, 4.17200231552124 
137.5770263671875, 0.4149642288684845, 2.2492425441741943 
68.93525695800781, 0.2028682678937912, 4.773744583129883 
