1.1889642477035522, 0.0032165609300136566, 0.15830256044864655 
0.9551862478256226, 0.0009738666703924537, 0.07140625268220901 
0.49143773317337036, 3.251172893214971e-05, 0.030441822484135628 
0.47214949131011963, 3.6607507354347035e-06, 0.006931718438863754 
0.2803328037261963, 2.14291885640705e-05, 0.021926715970039368 
0.42377591133117676, 4.16022703575436e-05, 0.022518018260598183 
0.35502344369888306, 1.4897107575961854e-05, 0.021408386528491974 
0.5879645943641663, 4.2723586375359446e-05, 0.03393552079796791 
0.608008623123169, 0.0001365391945000738, 0.04310458153486252 
0.6407073736190796, 0.0003791481431107968, 0.08714749664068222 
0.5806588530540466, 0.0009404825395904481, 0.09043724089860916 
0.7879558205604553, 0.0028861917089670897, 0.17429566383361816 
0.7808868885040283, 0.009532340802252293, 0.2628592252731323 
3.598959445953369, 0.008087255991995335, 0.3316728472709656 
1.7570997476577759, 0.013278412632644176, 0.3031184673309326 
1.8168545961380005, 0.019101105630397797, 0.34905850887298584 
1.343164086341858, 0.016037900000810623, 0.3007504940032959 
2.18306565284729, 0.01761126145720482, 0.43322059512138367 
1.5420644283294678, 0.01736161671578884, 0.4338003396987915 
5.351763725280762, 0.0181159358471632, 0.6598270535469055 
2.102591037750244, 0.026210060343146324, 0.5492253303527832 
2.1771697998046875, 0.02584816887974739, 0.5924944877624512 
1.9722875356674194, 0.024553032591938972, 0.512382447719574 
4.8760809898376465, 0.026540547609329224, 0.7553927898406982 
3.4420454502105713, 0.02813735418021679, 0.5954775810241699 
2.293137550354004, 0.029776988551020622, 0.6550940871238708 
3.5547032356262207, 0.028091231361031532, 0.9189554452896118 
3.620518445968628, 0.027263246476650238, 0.8281250596046448 
4.385677337646484, 0.032557133585214615, 0.6960254907608032 
4.483532905578613, 0.038870856165885925, 0.7093627452850342 
6.529204845428467, 0.03646322339773178, 0.893632709980011 
4.677398204803467, 0.03844773396849632, 0.6945134401321411 
7.238295555114746, 0.04347889497876167, 1.1335715055465698 
6.341399669647217, 0.03585740178823471, 1.3764461278915405 
6.758087635040283, 0.03758004680275917, 0.7907313108444214 
7.758134365081787, 0.04087713733315468, 1.0643833875656128 
10.176212310791016, 0.04361140355467796, 1.3989787101745605 
5.839534759521484, 0.054590508341789246, 1.1923907995224 
3.370905876159668, 0.038148920983076096, 1.040265679359436 
14.138684272766113, 0.04312106594443321, 2.0520594120025635 
6.136662006378174, 0.040053967386484146, 1.0112298727035522 
10.635571479797363, 0.04430479556322098, 1.2406129837036133 
7.384204387664795, 0.03748060390353203, 1.771825909614563 
12.954541206359863, 0.038168326020240784, 1.7426859140396118 
9.137231826782227, 0.03775804862380028, 1.2652571201324463 
12.27268123626709, 0.039986465126276016, 1.5314182043075562 
9.499882698059082, 0.04528482258319855, 1.174499273300171 
5.253542423248291, 0.04127342626452446, 1.2219653129577637 
9.461575508117676, 0.04691610485315323, 1.7901633977890015 
14.47472858428955, 0.044428061693906784, 1.2003356218338013 
10.031411170959473, 0.04501410201191902, 1.036803126335144 
6.285487174987793, 0.04044410213828087, 1.8932911157608032 
7.049686431884766, 0.052120234817266464, 1.3914949893951416 
11.372586250305176, 0.0457458570599556, 1.7305046319961548 
10.793660163879395, 0.05131032317876816, 1.6086461544036865 
13.617032051086426, 0.04536383971571922, 1.5080186128616333 
15.512374877929688, 0.0457923486828804, 1.7087347507476807 
10.211455345153809, 0.044879503548145294, 1.474853277206421 
15.029711723327637, 0.050746574997901917, 1.710900068283081 
17.248733520507812, 0.053725484758615494, 2.930454969406128 
11.701813697814941, 0.048320967704057693, 1.274696707725525 
8.705557823181152, 0.042713187634944916, 1.641531229019165 
18.684289932250977, 0.047738924622535706, 1.8476731777191162 
17.710731506347656, 0.04386981949210167, 1.3098058700561523 
9.97707462310791, 0.04415193572640419, 1.4462798833847046 
10.783289909362793, 0.052260249853134155, 1.5239934921264648 
12.712138175964355, 0.05423612892627716, 2.0329604148864746 
14.163933753967285, 0.04494147375226021, 1.5918022394180298 
15.217820167541504, 0.05811012536287308, 1.2872034311294556 
13.660727500915527, 0.04272184893488884, 1.1305255889892578 
11.14018440246582, 0.05028567835688591, 1.3997454643249512 
13.292198181152344, 0.06053183600306511, 1.8157345056533813 
10.019246101379395, 0.045817144215106964, 1.3863065242767334 
10.921724319458008, 0.05936594679951668, 1.5454083681106567 
11.914316177368164, 0.04655656963586807, 1.1659998893737793 
23.883604049682617, 0.05164363980293274, 1.9881962537765503 
16.40630531311035, 0.0560217909514904, 2.117788791656494 
13.772612571716309, 0.05238695442676544, 1.6590969562530518 
16.341588973999023, 0.06337878108024597, 1.2591547966003418 
11.80569839477539, 0.045343443751335144, 1.6831306219100952 
13.979314804077148, 0.044857725501060486, 2.0467586517333984 
20.51753044128418, 0.05093114823102951, 1.6950047016143799 
14.747425079345703, 0.05633926019072533, 2.2666332721710205 
20.44606590270996, 0.06317521631717682, 1.5818877220153809 
17.88080596923828, 0.058529071509838104, 1.0669118165969849 
14.799844741821289, 0.059039752930402756, 1.7778205871582031 
16.594274520874023, 0.057246483862400055, 2.2079172134399414 
23.99062156677246, 0.05343850702047348, 1.817586064338684 
24.258752822875977, 0.05435230955481529, 1.7035881280899048 
13.841510772705078, 0.0580085888504982, 1.7535159587860107 
12.403297424316406, 0.06041298061609268, 2.02256441116333 
25.188692092895508, 0.04878123104572296, 1.857273817062378 
17.547019958496094, 0.04930432140827179, 2.4301323890686035 
28.73124122619629, 0.05280512198805809, 2.1957688331604004 
29.738218307495117, 0.070479616522789, 2.4064934253692627 
21.988595962524414, 0.04684460535645485, 1.1315771341323853 
31.762907028198242, 0.06332387775182724, 1.645323634147644 
14.222475051879883, 0.05731785669922829, 1.6930980682373047 
14.820326805114746, 0.07214462012052536, 1.010743260383606 
24.690107345581055, 0.0580475740134716, 1.2016825675964355 
18.049930572509766, 0.0686882808804512, 1.6516673564910889 
13.172029495239258, 0.06195201724767685, 2.7441673278808594 
16.891645431518555, 0.05930820107460022, 3.8772382736206055 
26.340835571289062, 0.06467238068580627, 1.3836603164672852 
23.854867935180664, 0.05739126354455948, 1.8006192445755005 
20.39908790588379, 0.057557012885808945, 1.1257884502410889 
20.39269256591797, 0.061137259006500244, 0.675521194934845 
17.40349578857422, 0.0658043846487999, 1.950981855392456 
55.64862823486328, 0.07211770862340927, 7.683022975921631 
13.014772415161133, 0.053294114768505096, 3.5021448135375977 
15.077485084533691, 0.05217105150222778, 3.0541415214538574 
13.357351303100586, 0.06311814486980438, 1.9648441076278687 
24.3692569732666, 0.053725142031908035, 1.131137728691101 
32.675559997558594, 0.049906279891729355, 1.9334123134613037 
20.57233238220215, 0.06117876619100571, 2.3851590156555176 
23.035863876342773, 0.06039320304989815, 1.8712819814682007 
66.71403503417969, 0.06066087260842323, 2.7155699729919434 
79.12844848632812, 0.05811229348182678, 1.3892897367477417 
17.491313934326172, 0.0656011775135994, 2.546339988708496 
28.126052856445312, 0.06446069478988647, 3.5196104049682617 
24.570886611938477, 0.056690581142902374, 1.1588194370269775 
31.263927459716797, 0.07806701958179474, 3.4838309288024902 
29.35332489013672, 0.06991015374660492, 6.197187423706055 
19.30327606201172, 0.07347272336483002, 1.5737708806991577 
27.591655731201172, 0.06740358471870422, 1.5592751502990723 
20.947229385375977, 0.07012137770652771, 2.144364833831787 
17.721710205078125, 0.06653117388486862, 2.961792469024658 
11.146668434143066, 0.05905766785144806, 2.172738790512085 
37.77971649169922, 0.07515818625688553, 2.2123517990112305 
22.67136001586914, 0.06621507555246353, 5.161579132080078 
29.826629638671875, 0.07556402683258057, 1.067655324935913 
18.73916244506836, 0.06378133594989777, 2.1121838092803955 
45.44661331176758, 0.08129575103521347, 3.5955889225006104 
27.665119171142578, 0.06284140795469284, 5.156691551208496 
17.450950622558594, 0.056803155690431595, 4.873958587646484 
35.06253433227539, 0.055637117475271225, 2.6013646125793457 
18.913312911987305, 0.06331972032785416, 1.593578577041626 
26.645008087158203, 0.0614197812974453, 1.156970500946045 
37.78892135620117, 0.07656918466091156, 3.215114116668701 
32.768760681152344, 0.07638741284608841, 4.986058235168457 
47.3489875793457, 0.06690477579832077, 1.680097222328186 
25.231964111328125, 0.0776035264134407, 1.9773399829864502 
32.60651397705078, 0.062305107712745667, 2.056192636489868 
26.717105865478516, 0.07019408047199249, 1.8862078189849854 
23.338380813598633, 0.07064907997846603, 4.546079158782959 
21.24262809753418, 0.06345507502555847, 2.586705207824707 
21.456666946411133, 0.07135575264692307, 2.5224528312683105 
21.02726936340332, 0.0666709914803505, 1.3772727251052856 
32.99119567871094, 0.0777118131518364, 3.216665029525757 
29.133577346801758, 0.07048320770263672, 4.156561851501465 
31.047693252563477, 0.08124998211860657, 4.7734904289245605 
18.610206604003906, 0.06682293117046356, 2.959676504135132 
15.02898120880127, 0.06092037260532379, 2.527588367462158 
14.967785835266113, 0.061097241938114166, 2.9373137950897217 
19.835954666137695, 0.06029067561030388, 1.3774974346160889 
33.675331115722656, 0.07393151521682739, 2.5098752975463867 
31.099470138549805, 0.0752401202917099, 1.9841587543487549 
24.333595275878906, 0.0679667517542839, 6.024644374847412 
15.66960620880127, 0.07129299640655518, 2.5522453784942627 
25.386978149414062, 0.06626734882593155, 4.380350589752197 
23.686168670654297, 0.0678783729672432, 1.0656172037124634 
20.25214195251465, 0.07510927319526672, 1.9713926315307617 
38.16459655761719, 0.10047352313995361, 1.4702167510986328 
21.646286010742188, 0.07363458722829819, 1.0197736024856567 
42.81669235229492, 0.0641571581363678, 4.2778825759887695 
50.1733512878418, 0.08058062195777893, 1.638049602508545 
24.030723571777344, 0.06816376000642776, 3.16767954826355 
22.604354858398438, 0.0702250748872757, 3.594365358352661 
30.664426803588867, 0.0912366732954979, 2.7560808658599854 
18.558847427368164, 0.07108329236507416, 3.488802194595337 
19.698511123657227, 0.07132089883089066, 1.456978440284729 
21.402700424194336, 0.08081664890050888, 3.849336624145508 
22.11536407470703, 0.07127919793128967, 2.2503387928009033 
21.12163543701172, 0.07565850019454956, 2.3417389392852783 
33.62287902832031, 0.07491001486778259, 3.099576234817505 
38.791099548339844, 0.07966529577970505, 5.222301959991455 
26.715543746948242, 0.07244320213794708, 2.686687469482422 
29.097949981689453, 0.058141399174928665, 1.921155333518982 
16.63566780090332, 0.06127636879682541, 2.77197527885437 
24.273038864135742, 0.0641244649887085, 2.102044105529785 
22.280794143676758, 0.08880272507667542, 2.697150468826294 
22.34630012512207, 0.06620827317237854, 1.886293649673462 
33.43996047973633, 0.07238500565290451, 2.014575242996216 
73.29541778564453, 0.055522385984659195, 1.319690465927124 
31.177936553955078, 0.06875386089086533, 6.40334939956665 
28.22492790222168, 0.06524230539798737, 2.7075483798980713 
22.853866577148438, 0.06315997242927551, 6.935960292816162 
16.796337127685547, 0.07447037100791931, 2.6657826900482178 
31.109037399291992, 0.08211149275302887, 5.744729518890381 
19.032217025756836, 0.07043404877185822, 3.7255289554595947 
20.802635192871094, 0.06800277531147003, 2.929149627685547 
15.076651573181152, 0.0697723999619484, 2.416743040084839 
33.99176788330078, 0.08743532747030258, 1.7231299877166748 
37.37631607055664, 0.07712844759225845, 1.6452761888504028 
19.62998390197754, 0.06024067476391792, 3.8575990200042725 
27.376323699951172, 0.05816301703453064, 2.4689455032348633 
29.4119873046875, 0.07679213583469391, 2.8424601554870605 
26.773069381713867, 0.06101974472403526, 4.15767240524292 
23.619752883911133, 0.07513198256492615, 2.924032211303711 
34.988399505615234, 0.07478642463684082, 1.4241979122161865 
33.57402801513672, 0.0704607293009758, 6.884433269500732 
29.894996643066406, 0.06000218167901039, 2.6859545707702637 
26.29506492614746, 0.06558483839035034, 1.2123501300811768 
27.082073211669922, 0.08462698757648468, 3.8102197647094727 
29.461591720581055, 0.06978266686201096, 1.94672691822052 
39.446922302246094, 0.07585310935974121, 1.8220975399017334 
21.53588104248047, 0.061423368752002716, 3.3671555519104004 
21.5510196685791, 0.05848649516701698, 2.0306663513183594 
52.35986328125, 0.08379799872636795, 3.4944286346435547 
17.86603355407715, 0.05806396156549454, 2.465101957321167 
185.76463317871094, 0.07303963601589203, 4.3839545249938965 
28.190990447998047, 0.053432490676641464, 2.9613871574401855 
32.8564338684082, 0.0685417652130127, 1.7534610033035278 
51.822723388671875, 0.07846642285585403, 4.550036430358887 
18.42739486694336, 0.10372346639633179, 3.016477584838867 
18.638961791992188, 0.06692634522914886, 2.298926591873169 
31.671337127685547, 0.05790919438004494, 1.6792889833450317 
18.579017639160156, 0.0643586665391922, 3.35140061378479 
40.91290283203125, 0.0752900242805481, 2.178853750228882 
19.46686553955078, 0.09927066415548325, 1.6928138732910156 
33.50920867919922, 0.06291308254003525, 6.005857944488525 
32.44203186035156, 0.08424228429794312, 2.0966432094573975 
31.456422805786133, 0.08199851959943771, 2.166703939437866 
19.31006622314453, 0.11047874391078949, 3.0761680603027344 
29.538528442382812, 0.0797499567270279, 2.661311626434326 
44.53028106689453, 0.08441664278507233, 10.254082679748535 
28.813364028930664, 0.07759134471416473, 1.82002854347229 
38.71903991699219, 0.07458720356225967, 5.052522659301758 
45.219276428222656, 0.0766567662358284, 2.9009721279144287 
49.240440368652344, 0.0904906615614891, 7.152459144592285 
33.339271545410156, 0.07353876531124115, 1.6344467401504517 
35.00580596923828, 0.08970087766647339, 1.421022653579712 
37.58268737792969, 0.08964861184358597, 2.2317230701446533 
46.559627532958984, 0.08678048104047775, 4.993789196014404 
44.8220100402832, 0.08365749567747116, 8.194244384765625 
26.148588180541992, 0.07954543083906174, 2.532766580581665 
30.572093963623047, 0.08954449743032455, 2.2203924655914307 
64.80921173095703, 0.08956031501293182, 1.911094307899475 
37.452720642089844, 0.08808331191539764, 3.9337656497955322 
42.526912689208984, 0.09048084169626236, 3.3283512592315674 
34.90945816040039, 0.09002573043107986, 2.043745279312134 
28.630338668823242, 0.07378292083740234, 2.9172725677490234 
31.30251121520996, 0.06719126552343369, 2.193544387817383 
41.53992462158203, 0.060280557721853256, 3.345093011856079 
27.921627044677734, 0.07987000048160553, 3.1797425746917725 
31.38480567932129, 0.07099830359220505, 4.655157566070557 
25.355581283569336, 0.0845729261636734, 2.575317859649658 
31.398258209228516, 0.0852084830403328, 3.2465522289276123 
44.53297424316406, 0.0703396126627922, 2.730483293533325 
24.595136642456055, 0.08387105166912079, 2.329707622528076 
51.275909423828125, 0.0776212066411972, 4.550870418548584 
23.150711059570312, 0.06748097389936447, 6.044294357299805 
22.937246322631836, 0.06307273358106613, 4.240166664123535 
21.429935455322266, 0.08186714351177216, 4.69691276550293 
18.203842163085938, 0.05732828751206398, 2.9371776580810547 
33.60833740234375, 0.05700823292136192, 2.490750312805176 
18.88374900817871, 0.07636645436286926, 3.0506601333618164 
44.47480773925781, 0.07113192230463028, 3.2442116737365723 
27.010866165161133, 0.08162503689527512, 2.9491896629333496 
27.826709747314453, 0.08425432443618774, 3.7210400104522705 
48.09880828857422, 0.07283476740121841, 1.6744897365570068 
39.11004638671875, 0.08563584834337234, 3.5782909393310547 
22.53043556213379, 0.09605945646762848, 3.00555682182312 
26.489513397216797, 0.07070526480674744, 4.733322620391846 
49.7655029296875, 0.09994190186262131, 4.766813278198242 
24.539697647094727, 0.09028306603431702, 1.9593828916549683 
48.011348724365234, 0.08677306771278381, 1.4243205785751343 
25.73894691467285, 0.09371335059404373, 3.3022711277008057 
92.1908187866211, 0.09506010264158249, 6.059055805206299 
19.33966827392578, 0.07095251977443695, 2.308323383331299 
29.801382064819336, 0.07853664457798004, 3.512451410293579 
43.2264289855957, 0.08830298483371735, 9.942913055419922 
29.811832427978516, 0.07429739832878113, 2.1852307319641113 
23.421709060668945, 0.08055990189313889, 6.111069679260254 
60.214988708496094, 0.07098899036645889, 5.845870018005371 
17.87529182434082, 0.09404407441616058, 4.045801162719727 
35.349063873291016, 0.06874451786279678, 1.2327041625976562 
35.15468978881836, 0.07171951979398727, 7.849480628967285 
31.765050888061523, 0.07413138449192047, 2.6666414737701416 
29.19225311279297, 0.06923075765371323, 7.42305326461792 
98.00440216064453, 0.06863994151353836, 4.382339000701904 
93.60215759277344, 0.08330558985471725, 2.9807283878326416 
27.5695743560791, 0.07525717467069626, 4.509402275085449 
24.97323226928711, 0.08824607729911804, 3.888181209564209 
38.45347595214844, 0.06587536633014679, 2.8140475749969482 
96.34207153320312, 0.07192057371139526, 1.4107304811477661 
35.804569244384766, 0.10318728536367416, 2.9895236492156982 
56.54924011230469, 0.08433162420988083, 2.5615453720092773 
23.651533126831055, 0.08172857761383057, 10.451380729675293 
40.40109634399414, 0.0679231658577919, 3.88103985786438 
25.95671272277832, 0.08700060099363327, 3.2562808990478516 
31.885351181030273, 0.06334061175584793, 4.642526626586914 
28.891836166381836, 0.056597404181957245, 2.3502070903778076 
62.06491470336914, 0.07170923799276352, 4.418774604797363 
75.23994445800781, 0.08209830522537231, 3.6438398361206055 
31.69179916381836, 0.07887360453605652, 9.274186134338379 
27.271514892578125, 0.06073582172393799, 6.367739677429199 
27.7294979095459, 0.08129418641328812, 3.209681749343872 
49.227684020996094, 0.06848367303609848, 2.3157708644866943 
33.34907913208008, 0.05428984761238098, 0.9469485282897949 
23.20073127746582, 0.106273353099823, 3.4893195629119873 
47.92325210571289, 0.07953599840402603, 2.201673984527588 
45.174503326416016, 0.07818087935447693, 6.896914005279541 
45.92909240722656, 0.06493895500898361, 5.39345121383667 
22.392465591430664, 0.09470976144075394, 1.8543506860733032 
39.69619369506836, 0.11583012342453003, 6.949019908905029 
40.35541915893555, 0.0888122171163559, 8.875533103942871 
35.218570709228516, 0.08612577617168427, 8.60617733001709 
76.798095703125, 0.06379509717226028, 1.801727533340454 
21.595441818237305, 0.0817650556564331, 7.646392345428467 
24.845083236694336, 0.12680338323116302, 14.35373592376709 
41.31489562988281, 0.0803958848118782, 8.16573429107666 
40.72414779663086, 0.06109427660703659, 2.7243669033050537 
17.5445499420166, 0.07305938005447388, 6.121446132659912 
29.083404541015625, 0.09080132842063904, 2.57851243019104 
26.335206985473633, 0.08009069412946701, 1.8835068941116333 
14.443014144897461, 0.08215923607349396, 5.98567008972168 
37.03229904174805, 0.0919918566942215, 5.435320854187012 
16.348758697509766, 0.09554686397314072, 2.362358570098877 
22.083105087280273, 0.09083636105060577, 4.311083793640137 
29.448657989501953, 0.07146479934453964, 6.633002758026123 
17.553056716918945, 0.07775472104549408, 2.1045961380004883 
74.89110565185547, 0.09447197616100311, 4.212774753570557 
27.28431510925293, 0.08459305018186569, 1.0665735006332397 
26.751991271972656, 0.08719693124294281, 1.836641550064087 
17.937681198120117, 0.09269077330827713, 2.6796658039093018 
68.8277359008789, 0.0986609160900116, 6.386017322540283 
33.48295974731445, 0.07350888848304749, 3.187788963317871 
21.978069305419922, 0.07218566536903381, 6.324753284454346 
34.80796813964844, 0.09612371772527695, 8.395824432373047 
31.63718032836914, 0.07781335711479187, 8.86381721496582 
95.41072082519531, 0.05904368311166763, 2.645601511001587 
21.91398048400879, 0.0801246166229248, 1.605103611946106 
27.65155792236328, 0.08200535923242569, 5.28675651550293 
48.37580108642578, 0.07885290682315826, 3.831432580947876 
165.63095092773438, 0.07125857472419739, 7.326399803161621 
18.759157180786133, 0.08544639497995377, 2.104438304901123 
19.282699584960938, 0.08093710243701935, 1.3730051517486572 
52.11100387573242, 0.14688582718372345, 8.186079025268555 
16.32670021057129, 0.05763142555952072, 5.818652629852295 
40.88601303100586, 0.07410828769207001, 2.2371551990509033 
41.39769744873047, 0.11615833640098572, 4.742184638977051 
27.879453659057617, 0.09561164677143097, 3.7299277782440186 
26.493209838867188, 0.09434828162193298, 7.511031150817871 
42.379573822021484, 0.1405189037322998, 2.393739700317383 
102.7576904296875, 0.1458355039358139, 6.158581733703613 
29.96695327758789, 0.09563381969928741, 6.8758015632629395 
32.96609115600586, 0.09983041137456894, 11.098204612731934 
63.155914306640625, 0.09081767499446869, 2.5787999629974365 
37.666595458984375, 0.07771801203489304, 2.8279709815979004 
15.771100997924805, 0.0771939679980278, 3.9925663471221924 
69.47265625, 0.10016385465860367, 2.8021085262298584 
24.834505081176758, 0.08010965585708618, 6.881284236907959 
57.61798858642578, 0.09228426963090897, 2.962775230407715 
55.00826644897461, 0.1002255529165268, 6.740170478820801 
45.625858306884766, 0.11080482602119446, 5.2142558097839355 
36.382102966308594, 0.09368997067213058, 2.665496826171875 
21.287498474121094, 0.10426794737577438, 2.421990156173706 
34.89186096191406, 0.09251513332128525, 3.756387948989868 
15.36410140991211, 0.06493107229471207, 7.917560577392578 
24.55344581604004, 0.07196234166622162, 3.564089775085449 
21.01974868774414, 0.0775308758020401, 1.133176565170288 
198.2718963623047, 0.07262591272592545, 7.097714424133301 
32.71699523925781, 0.07805225253105164, 1.563947319984436 
57.478515625, 0.0752803310751915, 4.64097261428833 
25.157272338867188, 0.07434239238500595, 6.0897650718688965 
21.9345703125, 0.07425649464130402, 2.674116373062134 
30.67534065246582, 0.07020752131938934, 10.62011432647705 
26.253643035888672, 0.06986790895462036, 5.8288068771362305 
34.354007720947266, 0.060138702392578125, 7.572172164916992 
51.560184478759766, 0.09751871228218079, 17.552030563354492 
38.18625259399414, 0.09424299746751785, 8.05639362335205 
24.772083282470703, 0.0750451534986496, 2.0244815349578857 
19.348535537719727, 0.09080000221729279, 6.017875671386719 
17.465116500854492, 0.07380946725606918, 6.005252361297607 
30.258384704589844, 0.07335720211267471, 1.3878858089447021 
37.768890380859375, 0.11614247411489487, 2.3815853595733643 
53.22423553466797, 0.09236659854650497, 7.812640190124512 
25.5947322845459, 0.07913906872272491, 3.8573875427246094 
67.98639678955078, 0.08424369245767593, 6.788525104522705 
35.28413391113281, 0.08930275589227676, 5.464204788208008 
23.13517951965332, 0.0778786912560463, 11.629706382751465 
39.25883865356445, 0.08131476491689682, 3.2101120948791504 
33.3968391418457, 0.06951180845499039, 5.187573432922363 
32.71764373779297, 0.06844804435968399, 2.7748467922210693 
33.92201232910156, 0.08389565348625183, 4.7935919761657715 
35.81715393066406, 0.09359119087457657, 7.005345821380615 
25.56586456298828, 0.07742590457201004, 3.9126954078674316 
28.08089256286621, 0.06889427453279495, 1.8192558288574219 
26.507305145263672, 0.11437033861875534, 15.23252010345459 
42.09238815307617, 0.09618610888719559, 1.5497270822525024 
38.98384475708008, 0.08137983828783035, 15.82406997680664 
73.72977447509766, 0.0825883224606514, 1.8383196592330933 
44.81486892700195, 0.09114888310432434, 4.59547233581543 
20.177860260009766, 0.07724414765834808, 4.741933345794678 
39.13621139526367, 0.08854358643293381, 7.579064846038818 
31.19544219970703, 0.10301203280687332, 4.061241626739502 
94.07412719726562, 0.09935835748910904, 13.456755638122559 
27.5311279296875, 0.088370181620121, 5.507648468017578 
30.59337043762207, 0.10050062090158463, 2.061619281768799 
30.277790069580078, 0.07537787407636642, 5.288652420043945 
22.814876556396484, 0.08196230977773666, 5.1517558097839355 
20.373857498168945, 0.06998161226511002, 2.1168763637542725 
26.00767707824707, 0.07663816213607788, 3.196195125579834 
40.84086608886719, 0.06552200764417648, 5.421797275543213 
54.34853744506836, 0.08027869462966919, 2.728048324584961 
21.75676155090332, 0.10863638669252396, 14.463321685791016 
35.837646484375, 0.07194129377603531, 4.169561386108398 
32.93761444091797, 0.0647779032588005, 1.7921924591064453 
32.77246856689453, 0.07953428477048874, 7.012260437011719 
34.57594299316406, 0.06976453214883804, 9.026422500610352 
23.2429141998291, 0.0892714411020279, 2.601548671722412 
24.30206871032715, 0.08609458059072495, 6.748232364654541 
25.514015197753906, 0.07420384138822556, 8.03492546081543 
28.475933074951172, 0.07896721363067627, 4.562325477600098 
49.15205001831055, 0.0990634635090828, 5.662193775177002 
41.173828125, 0.08294177055358887, 3.467428207397461 
26.881343841552734, 0.09256476908922195, 2.9034907817840576 
18.366132736206055, 0.08697845041751862, 2.5837481021881104 
42.8988151550293, 0.11282351613044739, 17.720882415771484 
37.15180206298828, 0.08142038434743881, 3.117820978164673 
53.98710250854492, 0.08691918104887009, 4.416480541229248 
33.55635452270508, 0.0970199704170227, 3.393662929534912 
35.30730438232422, 0.08842907100915909, 5.22244930267334 
31.80143165588379, 0.09610047191381454, 9.015755653381348 
33.16221237182617, 0.08152510970830917, 3.5415585041046143 
56.70825958251953, 0.0987529382109642, 5.651707649230957 
28.103578567504883, 0.08952149003744125, 7.617639064788818 
20.067716598510742, 0.07882372289896011, 2.651407241821289 
45.68613052368164, 0.08275122195482254, 4.126194953918457 
26.74938201904297, 0.07614269107580185, 6.148467063903809 
22.755475997924805, 0.06933289021253586, 3.212900400161743 
25.067657470703125, 0.07457835972309113, 3.2579901218414307 
37.92222595214844, 0.08735813945531845, 3.06514310836792 
33.222755432128906, 0.09701748937368393, 5.27392578125 
53.30857467651367, 0.09567785263061523, 8.596920013427734 
41.03514099121094, 0.08265890926122665, 2.027663230895996 
24.629846572875977, 0.07705726474523544, 10.0245361328125 
23.932477951049805, 0.0798846036195755, 4.638879299163818 
32.63139724731445, 0.07983939349651337, 6.057786464691162 
56.94054412841797, 0.07328750938177109, 1.2655011415481567 
23.88930892944336, 0.07353127747774124, 3.91546368598938 
24.56142234802246, 0.06723881512880325, 5.524647235870361 
53.04945755004883, 0.11783741414546967, 11.286133766174316 
37.636817932128906, 0.07868584245443344, 5.420045375823975 
42.70059585571289, 0.08373542875051498, 3.3864452838897705 
39.8653450012207, 0.07790323346853256, 3.702894926071167 
59.89741134643555, 0.17883731424808502, 23.54152488708496 
37.28596878051758, 0.08524759858846664, 8.37614631652832 
32.22595977783203, 0.08510700613260269, 8.184953689575195 
24.442575454711914, 0.06105749309062958, 3.0399296283721924 
77.44552612304688, 0.06385685503482819, 6.205243110656738 
38.410797119140625, 0.06518321484327316, 1.0349152088165283 
50.379268646240234, 0.06787344813346863, 3.555492877960205 
29.27797508239746, 0.06504803150892258, 5.451180458068848 
32.47551727294922, 0.10437007248401642, 2.920271158218384 
41.87848663330078, 0.0909058228135109, 1.8224585056304932 
51.665306091308594, 0.10163445770740509, 14.177155494689941 
20.923017501831055, 0.10147976875305176, 3.6438324451446533 
38.13372039794922, 0.11383776366710663, 5.44086217880249 
53.63106918334961, 0.0907214805483818, 3.0461807250976562 
25.633298873901367, 0.08938516676425934, 7.518238544464111 
31.164016723632812, 0.05560661107301712, 3.997044801712036 
40.624210357666016, 0.06307525932788849, 5.316840648651123 
29.38721466064453, 0.059528499841690063, 3.4647576808929443 
52.774349212646484, 0.07507771998643875, 3.0595033168792725 
46.72330856323242, 0.0878705158829689, 5.85519552230835 
24.410358428955078, 0.0623629055917263, 7.728464603424072 
50.29196548461914, 0.08867543190717697, 7.745859622955322 
22.789228439331055, 0.0661325454711914, 3.8024520874023438 
49.974369049072266, 0.06297463923692703, 4.4949727058410645 
25.05926513671875, 0.0921003594994545, 2.7861807346343994 
87.86602020263672, 0.09279898554086685, 4.186842918395996 
21.714340209960938, 0.08338534086942673, 12.942732810974121 
28.641538619995117, 0.058865275233983994, 2.818535089492798 
45.95966339111328, 0.06959802657365799, 1.5317211151123047 
52.71787643432617, 0.08771996945142746, 6.422492027282715 
27.877517700195312, 0.08533436059951782, 9.72708511352539 
28.278228759765625, 0.06276299804449081, 4.701665878295898 
29.06313705444336, 0.07135068625211716, 7.6851677894592285 
26.653057098388672, 0.06939009577035904, 2.6518919467926025 
30.322574615478516, 0.0797160342335701, 5.18991756439209 
180.46165466308594, 0.06230064481496811, 2.3983917236328125 
31.722169876098633, 0.08680107444524765, 10.505356788635254 
25.876977920532227, 0.08182194828987122, 19.78299903869629 
39.09390640258789, 0.08034413307905197, 2.8715953826904297 
30.20386505126953, 0.0801650658249855, 14.566163063049316 
33.596946716308594, 0.07446207106113434, 1.6113439798355103 
39.71796798706055, 0.09051205962896347, 1.3316024541854858 
44.52206039428711, 0.06664308160543442, 5.209996700286865 
33.550540924072266, 0.11012396961450577, 4.873779773712158 
48.11396789550781, 0.07583141326904297, 6.743042469024658 
32.81346130371094, 0.09491176903247833, 3.5840516090393066 
34.55760192871094, 0.09359173476696014, 4.12648868560791 
121.06698608398438, 0.09174632281064987, 6.035909175872803 
53.65822219848633, 0.07357092201709747, 3.3970041275024414 
49.194664001464844, 0.08162643760442734, 3.5517420768737793 
25.210355758666992, 0.09795238822698593, 5.2930803298950195 
39.83955001831055, 0.09270226955413818, 6.044002056121826 
29.724472045898438, 0.09152504801750183, 7.446868896484375 
24.46849822998047, 0.09843926131725311, 5.535045146942139 
40.549949645996094, 0.09959588199853897, 3.602064371109009 
27.465505599975586, 0.10912958532571793, 14.34987735748291 
27.44438934326172, 0.07735871523618698, 3.3446061611175537 
26.31841278076172, 0.09670976549386978, 7.897697925567627 
35.07973861694336, 0.08073799312114716, 8.905320167541504 
47.482547760009766, 0.09064918011426926, 1.8423901796340942 
34.35844421386719, 0.08134392648935318, 3.880324602127075 
30.963523864746094, 0.1641184240579605, 2.439894676208496 
25.28543472290039, 0.10794450342655182, 13.475523948669434 
19.496915817260742, 0.07506068050861359, 1.3352762460708618 
21.990737915039062, 0.13796605169773102, 2.403104782104492 
29.668928146362305, 0.09531807899475098, 6.772660732269287 
31.88324546813965, 0.14294825494289398, 14.881011962890625 
26.214031219482422, 0.10091891139745712, 1.251558780670166 
31.434118270874023, 0.06812892109155655, 3.161893844604492 
24.000463485717773, 0.0943804383277893, 4.5203471183776855 
22.029476165771484, 0.1295088529586792, 2.1457128524780273 
39.53167724609375, 0.0824432298541069, 7.816298484802246 
32.578121185302734, 0.08113881200551987, 7.052547454833984 
43.727027893066406, 0.08168856054544449, 1.6935726404190063 
30.805763244628906, 0.09464795142412186, 8.167444229125977 
56.451778411865234, 0.06981990486383438, 5.7140069007873535 
37.52452850341797, 0.10684999078512192, 13.488387107849121 
36.234458923339844, 0.11107653379440308, 4.595709323883057 
41.090389251708984, 0.11306167393922806, 1.5475282669067383 
27.088817596435547, 0.0902886763215065, 4.071252822875977 
26.353883743286133, 0.08015894889831543, 1.9856938123703003 
39.40091323852539, 0.12322710454463959, 2.0700876712799072 
131.29824829101562, 0.08684922009706497, 2.7430057525634766 
60.973323822021484, 0.0937095433473587, 5.026994228363037 
31.12347412109375, 0.14246852695941925, 10.425664901733398 
18.52873420715332, 0.0720212459564209, 4.5497894287109375 
37.57185363769531, 0.08811952918767929, 4.361813545227051 
16.65289878845215, 0.09271734952926636, 4.016275405883789 
27.998958587646484, 0.07214478403329849, 9.473918914794922 
120.82167053222656, 0.0818924754858017, 1.3898659944534302 
38.98820495605469, 0.14072319865226746, 1.2530816793441772 
80.47960662841797, 0.10378272086381912, 5.9424519538879395 
20.286911010742188, 0.10805916786193848, 8.990952491760254 
219.7099151611328, 0.09356546401977539, 5.538783073425293 
23.753618240356445, 0.08018846809864044, 1.1104131937026978 
37.042789459228516, 0.09281304478645325, 9.055572509765625 
39.24381637573242, 0.12992791831493378, 2.362236261367798 
38.97194290161133, 0.09447377175092697, 3.835273504257202 
46.26397705078125, 0.07620906829833984, 1.7779520750045776 
59.81044006347656, 0.09871311485767365, 15.857458114624023 
40.108116149902344, 0.08622723817825317, 0.9567543864250183 
65.22198486328125, 0.13517586886882782, 0.8950091600418091 
21.59006118774414, 0.09119808673858643, 8.32648754119873 
35.09062576293945, 0.10516003519296646, 4.176031589508057 
23.097925186157227, 0.08063919097185135, 4.828202724456787 
31.048236846923828, 0.09068692475557327, 3.5171303749084473 
42.44183349609375, 0.09310546517372131, 9.778697967529297 
17.55076026916504, 0.09550731629133224, 5.651659965515137 
23.076461791992188, 0.0789073035120964, 25.322553634643555 
19.276405334472656, 0.08818146586418152, 2.2219600677490234 
36.26824188232422, 0.11151313781738281, 9.652982711791992 
40.41798782348633, 0.09040790051221848, 4.757033824920654 
25.301259994506836, 0.13959617912769318, 8.174559593200684 
45.61171340942383, 0.08234936743974686, 7.14373254776001 
21.473960876464844, 0.08220136165618896, 6.460592269897461 
67.59938049316406, 0.09957578033208847, 6.247115135192871 
39.427886962890625, 0.10627765953540802, 5.857931137084961 
19.250263214111328, 0.0929296612739563, 10.713193893432617 
33.978031158447266, 0.11448503285646439, 27.103084564208984 
24.577123641967773, 0.10806182771921158, 6.200475215911865 
30.818315505981445, 0.10757119208574295, 5.875552654266357 
34.09128952026367, 0.07512679696083069, 3.802711248397827 
53.30905532836914, 0.12858626246452332, 12.271929740905762 
19.71782112121582, 0.09759283065795898, 3.0819239616394043 
121.60426330566406, 0.09214223921298981, 2.5395729541778564 
21.463356018066406, 0.10478425770998001, 1.8327827453613281 
55.175045013427734, 0.10391785949468613, 2.391265869140625 
29.065183639526367, 0.0941542237997055, 8.96765422821045 
22.424196243286133, 0.08654816448688507, 11.62814712524414 
24.12506866455078, 0.0682513639330864, 1.5110927820205688 
23.370317459106445, 0.08053479343652725, 12.590376853942871 
25.761316299438477, 0.10812298953533173, 11.532574653625488 
35.99239730834961, 0.07158593088388443, 3.6938867568969727 
46.76692199707031, 0.10872338712215424, 14.433839797973633 
36.05332946777344, 0.05877121165394783, 5.5694403648376465 
36.565494537353516, 0.0796070322394371, 7.8084330558776855 
25.53251075744629, 0.07482720166444778, 7.313726902008057 
27.318422317504883, 0.08667434006929398, 4.249065399169922 
40.06205749511719, 0.10587320476770401, 2.546891689300537 
30.7081298828125, 0.077577605843544, 4.689894199371338 
30.902027130126953, 0.10684405267238617, 4.797201156616211 
94.48590087890625, 0.12527291476726532, 11.87189769744873 
20.805620193481445, 0.06830712407827377, 12.832051277160645 
31.600679397583008, 0.08661878108978271, 7.183083534240723 
50.33196258544922, 0.07954472303390503, 3.3658435344696045 
18.9564151763916, 0.10469858348369598, 3.0516574382781982 
51.80482864379883, 0.1022806391119957, 17.24831199645996 
40.882911682128906, 0.0829412117600441, 7.297702789306641 
45.72456359863281, 0.07854896783828735, 8.29565715789795 
48.92402648925781, 0.09312628954648972, 10.241732597351074 
19.197744369506836, 0.0668974369764328, 1.6609705686569214 
46.95282745361328, 0.07938014715909958, 1.2825398445129395 
70.92208862304688, 0.08185691386461258, 3.2242658138275146 
72.4224624633789, 0.09917382895946503, 4.758579730987549 
51.142459869384766, 0.11629118025302887, 7.0973405838012695 
40.99646759033203, 0.09151240438222885, 11.415953636169434 
39.35594940185547, 0.06228162348270416, 5.12793493270874 
49.087547302246094, 0.08165759593248367, 5.497351169586182 
32.32200622558594, 0.09610047936439514, 7.223828315734863 
41.55347442626953, 0.09037283062934875, 2.6150474548339844 
45.457618713378906, 0.09880825877189636, 4.694005489349365 
22.355512619018555, 0.07853330671787262, 8.661344528198242 
35.608097076416016, 0.09909024089574814, 2.0149753093719482 
57.96720886230469, 0.10437443852424622, 4.059775352478027 
36.09502410888672, 0.12121293693780899, 41.273128509521484 
27.38698959350586, 0.11588358134031296, 2.9876248836517334 
61.016868591308594, 0.06692209094762802, 7.877258777618408 
24.828842163085938, 0.05946161597967148, 16.59614372253418 
44.44390869140625, 0.0570085383951664, 2.5009801387786865 
145.3457794189453, 0.0699828714132309, 1.5491938591003418 
21.91067123413086, 0.0873398631811142, 3.5153157711029053 
23.01788902282715, 0.06301663815975189, 7.053658485412598 
26.42262840270996, 0.07418988645076752, 3.138434648513794 
32.49455261230469, 0.07154340296983719, 4.324667930603027 
29.194021224975586, 0.09075094014406204, 6.488734722137451 
28.011171340942383, 0.061082206666469574, 8.675756454467773 
21.814903259277344, 0.06777040660381317, 1.916810154914856 
69.59833526611328, 0.10330374538898468, 2.1957454681396484 
80.7209701538086, 0.08887092769145966, 1.4961695671081543 
38.42448425292969, 0.08609652519226074, 6.435323238372803 
14.187625885009766, 0.10245301574468613, 1.2616217136383057 
18.3741512298584, 0.1781982183456421, 12.138653755187988 
35.49100112915039, 0.07412322610616684, 4.3096747398376465 
55.833213806152344, 0.09143774211406708, 4.386083602905273 
36.13208770751953, 0.054468341171741486, 6.0390143394470215 
19.248783111572266, 0.07555414736270905, 4.8867034912109375 
27.29230499267578, 0.1010565385222435, 8.727019309997559 
34.289432525634766, 0.09693224728107452, 1.7603657245635986 
42.704933166503906, 0.0955728143453598, 7.044295310974121 
50.079166412353516, 0.07734829187393188, 3.3349554538726807 
60.2196159362793, 0.08200810104608536, 6.490265369415283 
20.903884887695312, 0.09006749093532562, 8.45836353302002 
45.054283142089844, 0.06841911375522614, 8.665267944335938 
34.46987533569336, 0.07738862186670303, 2.1967849731445312 
25.54631996154785, 0.07522913068532944, 8.055694580078125 
30.315059661865234, 0.08650381863117218, 2.9516074657440186 
30.533918380737305, 0.08835726231336594, 4.147570610046387 
24.718482971191406, 0.10151197761297226, 1.752097249031067 
40.46183776855469, 0.09678339958190918, 6.998016834259033 
19.72500991821289, 0.08337385952472687, 4.923305988311768 
17.76175880432129, 0.0921773836016655, 2.126354455947876 
25.615779876708984, 0.09050038456916809, 17.09844970703125 
28.165742874145508, 0.08720819652080536, 5.468842029571533 
32.381568908691406, 0.07460634410381317, 2.962845802307129 
23.876911163330078, 0.12708832323551178, 33.54384994506836 
23.792163848876953, 0.10007938742637634, 14.23629093170166 
93.97908782958984, 0.09080000966787338, 3.8909077644348145 
30.657320022583008, 0.07326342910528183, 5.355720520019531 
23.901630401611328, 0.08927863091230392, 3.3486759662628174 
16.08311653137207, 0.13903190195560455, 1.9477359056472778 
37.72439193725586, 0.11554037779569626, 11.866883277893066 
27.756298065185547, 0.07433176785707474, 8.480687141418457 
81.67449951171875, 0.07552849501371384, 10.344011306762695 
35.109275817871094, 0.0971282571554184, 2.468498706817627 
29.246257781982422, 0.09603951871395111, 9.567211151123047 
39.686737060546875, 0.09516903012990952, 3.695258617401123 
49.57493209838867, 0.07886787503957748, 4.439304828643799 
46.3377685546875, 0.09057274460792542, 1.542168378829956 
57.4904899597168, 0.1067136898636818, 8.779168128967285 
32.077571868896484, 0.14508329331874847, 7.342318534851074 
50.612548828125, 0.09684223681688309, 9.619050979614258 
23.0311279296875, 0.09089469164609909, 20.55086898803711 
18.122940063476562, 0.07243611663579941, 6.64896297454834 
32.685768127441406, 0.07370731979608536, 4.212212562561035 
53.98111343383789, 0.06435275077819824, 22.554719924926758 
18.52818489074707, 0.06823822855949402, 11.826150894165039 
50.52139663696289, 0.10231783986091614, 3.309293270111084 
30.960296630859375, 0.08244674652814865, 1.9503484964370728 
11.904853820800781, 0.11006375402212143, 3.298137903213501 
112.14463806152344, 0.061349060386419296, 7.217535972595215 
25.78434944152832, 0.1226954460144043, 6.214239120483398 
35.081298828125, 0.08337700366973877, 5.143962860107422 
23.302274703979492, 0.09950382262468338, 1.478620171546936 
24.808439254760742, 0.10486578941345215, 12.674636840820312 
22.351255416870117, 0.06634005159139633, 1.4248743057250977 
46.608089447021484, 0.09480428695678711, 4.656538963317871 
26.808490753173828, 0.11766960471868515, 4.884716033935547 
26.353248596191406, 0.06798086315393448, 2.5369110107421875 
52.60834884643555, 0.06970307976007462, 4.487185001373291 
61.507118225097656, 0.09141785651445389, 60.82752227783203 
29.339481353759766, 0.09480804949998856, 2.6052725315093994 
70.9012680053711, 0.0820189043879509, 2.4207825660705566 
20.879262924194336, 0.0886455774307251, 5.280938625335693 
50.5532112121582, 0.09300737082958221, 1.9184261560440063 
61.516944885253906, 0.10603845119476318, 7.916093826293945 
62.39755630493164, 0.09729815274477005, 8.352141380310059 
35.67465591430664, 0.12880124151706696, 1.6637362241744995 
62.57468795776367, 0.2178914099931717, 18.514902114868164 
51.11381912231445, 0.082872174680233, 17.013893127441406 
41.001277923583984, 0.12794071435928345, 11.043724060058594 
55.645233154296875, 0.09429028630256653, 3.7346582412719727 
33.181365966796875, 0.08250753581523895, 3.7252278327941895 
27.206710815429688, 0.08662768453359604, 1.6557527780532837 
37.20293045043945, 0.1136900931596756, 8.416157722473145 
69.26841735839844, 0.10809776186943054, 22.85671615600586 
47.84819793701172, 0.06481702625751495, 7.359039783477783 
16.23406219482422, 0.09468253701925278, 7.576381206512451 
44.95663070678711, 0.0801117867231369, 15.097017288208008 
28.819042205810547, 0.0907089114189148, 13.79989242553711 
91.02336120605469, 0.0779762789607048, 1.646453619003296 
49.4288444519043, 0.12778359651565552, 8.57397747039795 
25.884361267089844, 0.0766005739569664, 5.485869407653809 
55.931400299072266, 0.09166377782821655, 1.9601681232452393 
25.529375076293945, 0.09349289536476135, 8.719366073608398 
25.054288864135742, 0.09956719726324081, 8.535737991333008 
31.38526153564453, 0.07064321637153625, 5.141662120819092 
99.65043640136719, 0.1020367369055748, 1.8517206907272339 
49.393856048583984, 0.12002916634082794, 4.136679172515869 
23.048032760620117, 0.08980787545442581, 7.410766124725342 
26.28894805908203, 0.06790328025817871, 3.690779685974121 
22.803258895874023, 0.08883064240217209, 18.772764205932617 
16.556270599365234, 0.07417483627796173, 5.9901580810546875 
55.83537292480469, 0.08451694995164871, 5.937918186187744 
17.96345329284668, 0.08830084651708603, 6.977728843688965 
26.549541473388672, 0.11609519273042679, 22.701669692993164 
26.516515731811523, 0.0969228595495224, 17.35887336730957 
19.50743865966797, 0.07281851023435593, 11.053403854370117 
22.471248626708984, 0.0974748283624649, 1.9795840978622437 
24.37021255493164, 0.08615750074386597, 3.0250158309936523 
36.69609451293945, 0.08969441056251526, 6.371011257171631 
25.996671676635742, 0.14774221181869507, 5.901845932006836 
50.51578140258789, 0.1538342535495758, 62.078060150146484 
30.33562660217285, 0.11889853328466415, 4.463720798492432 
21.03809356689453, 0.11697904765605927, 2.8564281463623047 
52.143768310546875, 0.16474048793315887, 19.270233154296875 
60.749298095703125, 0.13716067373752594, 18.029462814331055 
35.52077102661133, 0.10939531773328781, 2.0920066833496094 
29.28601837158203, 0.17074193060398102, 4.889343738555908 
133.60499572753906, 0.08872631192207336, 15.920541763305664 
20.445329666137695, 0.06715645641088486, 13.10338306427002 
109.0716781616211, 0.17802348732948303, 3.4736433029174805 
47.54823303222656, 0.12628710269927979, 11.997540473937988 
39.873779296875, 0.09910129755735397, 7.224615573883057 
