0.23953263461589813, 0.0065315174870193005, 0.05772753059864044 
0.74159175157547, 0.006082063540816307, 0.07461919635534286 
0.7261619567871094, 0.00408955616876483, 0.04848195239901543 
0.7076404094696045, 0.00290792528539896, 0.03577534109354019 
0.6017394661903381, 0.0022812997922301292, 0.025080736726522446 
0.5742323994636536, 0.0020823036320507526, 0.03026854619383812 
0.3210219740867615, 0.0019382683094590902, 0.02654322423040867 
0.31716543436050415, 0.0015532801626250148, 0.023262346163392067 
0.4125303626060486, 0.0021852273494005203, 0.031006261706352234 
0.35549551248550415, 0.001804598607122898, 0.024905486032366753 
0.3788919448852539, 0.0015125873032957315, 0.020589254796504974 
0.449124813079834, 0.0016194803174585104, 0.01783294975757599 
0.42602798342704773, 0.0014610514044761658, 0.019862988963723183 
0.36394202709198, 0.0009870785288512707, 0.012023706920444965 
0.29941609501838684, 0.0007457170868292451, 0.00997614674270153 
0.28503677248954773, 0.0006400550482794642, 0.008693232201039791 
0.30736756324768066, 0.0006168133695609868, 0.00856936164200306 
0.25332626700401306, 0.0005829614819958806, 0.007238911464810371 
0.23906414210796356, 0.0007043714285828173, 0.009822267107665539 
0.25704458355903625, 0.0006493873661383986, 0.009349453262984753 
0.2764317989349365, 0.0005336403846740723, 0.008440732024610043 
0.31220024824142456, 0.0005533660878427327, 0.006686205510050058 
0.3767474591732025, 0.000772750296164304, 0.009113683365285397 
0.4364607632160187, 0.0007904688245616853, 0.009137050248682499 
0.4623165726661682, 0.0009329391759820282, 0.009576773270964622 
0.49117177724838257, 0.0010616621002554893, 0.01486614253371954 
0.7492325305938721, 0.0014218378346413374, 0.01615801826119423 
0.7583710551261902, 0.001538159092888236, 0.018593909218907356 
0.9001922607421875, 0.0017422846285626292, 0.02611122839152813 
0.9753934741020203, 0.0018388767493888736, 0.028052784502506256 
1.0159550905227661, 0.0025183716788887978, 0.037524476647377014 
0.9671529531478882, 0.0028186391573399305, 0.045459020882844925 
1.2355955839157104, 0.004502067342400551, 0.05975010618567467 
1.3523904085159302, 0.006902622524648905, 0.10911408811807632 
1.3992258310317993, 0.009386776015162468, 0.15086999535560608 
1.4929852485656738, 0.014047505334019661, 0.19319027662277222 
1.4971767663955688, 0.01935506798326969, 0.23918931186199188 
1.6023250818252563, 0.02186542935669422, 0.2832861840724945 
1.4893739223480225, 0.02549510821700096, 0.37196725606918335 
1.973112940788269, 0.030414095148444176, 0.4056107997894287 
2.2612857818603516, 0.027184009552001953, 0.4887101352214813 
2.362647294998169, 0.029117198660969734, 0.43699175119400024 
2.386078357696533, 0.030041320249438286, 0.5606705546379089 
2.1502246856689453, 0.02957608737051487, 0.48427194356918335 
2.1323294639587402, 0.034465398639440536, 0.47957843542099 
2.8616247177124023, 0.033815257251262665, 0.5662205219268799 
2.799973249435425, 0.035130035132169724, 0.4486874043941498 
3.1757233142852783, 0.03948299214243889, 0.5714188814163208 
2.8425357341766357, 0.041125036776065826, 0.5744025111198425 
2.2647323608398438, 0.036553483456373215, 0.6155559420585632 
4.3307085037231445, 0.041913002729415894, 0.5441241264343262 
2.7769110202789307, 0.04441012814640999, 0.48647868633270264 
2.1663694381713867, 0.042267315089702606, 0.5525767207145691 
2.9825308322906494, 0.048188358545303345, 0.6240658760070801 
3.0093934535980225, 0.04694990813732147, 0.5937390923500061 
2.820481538772583, 0.0528118722140789, 0.6319493055343628 
3.733415126800537, 0.055567849427461624, 0.5716159343719482 
3.378109931945801, 0.055758558213710785, 0.6113196611404419 
3.9718072414398193, 0.05359805375337601, 0.5550504922866821 
3.4037373065948486, 0.05701825022697449, 0.6272245645523071 
3.6276328563690186, 0.04638313502073288, 0.6514495611190796 
4.015470504760742, 0.0512588769197464, 0.6738753318786621 
2.70343017578125, 0.049976054579019547, 0.7556546926498413 
3.551375150680542, 0.05852330103516579, 0.696038544178009 
4.508460521697998, 0.055609457194805145, 0.6576921939849854 
3.8315765857696533, 0.05798345431685448, 0.6304700970649719 
4.858325958251953, 0.06006888672709465, 0.6673902869224548 
4.4863200187683105, 0.0603034645318985, 0.68207186460495 
3.8368208408355713, 0.05752451345324516, 0.6159095168113708 
4.133831024169922, 0.06665705144405365, 0.816319465637207 
3.6384496688842773, 0.05734172835946083, 0.7388429045677185 
3.9740281105041504, 0.06029042229056358, 0.8667920827865601 
4.802552700042725, 0.06059733033180237, 0.5767087936401367 
4.5342841148376465, 0.06566737592220306, 0.6871517300605774 
4.93838357925415, 0.05941435322165489, 0.720790684223175 
4.619826793670654, 0.06114494055509567, 0.8421508073806763 
5.081360816955566, 0.06583855301141739, 0.7781085968017578 
4.537463665008545, 0.05743423104286194, 0.7096318006515503 
5.128647327423096, 0.06473614275455475, 0.742937445640564 
5.0841898918151855, 0.05871153995394707, 0.6732223629951477 
4.964892864227295, 0.06261793524026871, 0.7790502309799194 
6.2832441329956055, 0.06363125890493393, 0.7736019492149353 
4.5621795654296875, 0.07393141835927963, 0.8478463888168335 
5.330987930297852, 0.06491340696811676, 0.9303788542747498 
5.853765964508057, 0.06766137480735779, 0.7308287620544434 
6.668136119842529, 0.06400406360626221, 0.8810326457023621 
6.628759860992432, 0.067439965903759, 0.8079656958580017 
4.7450127601623535, 0.06935334950685501, 0.7386135458946228 
6.122849464416504, 0.06156487762928009, 0.8063925504684448 
4.792028427124023, 0.06171790137887001, 0.9807224273681641 
5.188499450683594, 0.0651511624455452, 0.9016814231872559 
3.9127566814422607, 0.05606836825609207, 0.9525877237319946 
4.247801780700684, 0.06630825996398926, 0.928261935710907 
6.694997310638428, 0.07068328559398651, 0.7571112513542175 
7.09766149520874, 0.07594461739063263, 0.8641735911369324 
7.271846771240234, 0.07184116542339325, 0.8294665813446045 
5.242748737335205, 0.07208777219057083, 0.9105483293533325 
8.284310340881348, 0.07806186378002167, 0.9608553051948547 
5.495754241943359, 0.07746714353561401, 0.9293950200080872 
6.377804279327393, 0.08216453343629837, 0.8591187000274658 
9.042608261108398, 0.0808369591832161, 0.9327026605606079 
5.561742305755615, 0.07073380798101425, 0.8678346276283264 
5.8024163246154785, 0.07353866100311279, 0.9608567357063293 
6.1843438148498535, 0.0695495679974556, 0.8285970687866211 
7.465129375457764, 0.06417568027973175, 0.8095144033432007 
4.917323112487793, 0.0688023492693901, 1.0065605640411377 
4.861691474914551, 0.07141511142253876, 0.9390189051628113 
7.490652084350586, 0.06973158568143845, 1.0296787023544312 
5.9049506187438965, 0.07848973572254181, 0.9091812968254089 
6.577671051025391, 0.08132799714803696, 1.2587977647781372 
6.148251533508301, 0.07508133351802826, 0.9799893498420715 
7.666565895080566, 0.07463610172271729, 0.9735234379768372 
7.220152378082275, 0.07446155697107315, 0.8541728258132935 
6.064969062805176, 0.0673828274011612, 1.0231488943099976 
6.625405788421631, 0.07001620531082153, 1.0170561075210571 
7.464486598968506, 0.07329759001731873, 1.105138897895813 
6.744365215301514, 0.0738673135638237, 1.1796451807022095 
10.110685348510742, 0.08332812041044235, 0.7459849119186401 
8.911202430725098, 0.06864035129547119, 1.0471833944320679 
8.949227333068848, 0.0765766054391861, 1.0329433679580688 
8.27122688293457, 0.07149004936218262, 1.0522923469543457 
8.830349922180176, 0.07465219497680664, 1.0284240245819092 
8.612701416015625, 0.07356071472167969, 1.2046273946762085 
7.060342311859131, 0.07157518714666367, 1.0070288181304932 
8.103597640991211, 0.07726144045591354, 0.9134756326675415 
6.646839618682861, 0.08079896867275238, 0.8568023443222046 
7.046319484710693, 0.07327810674905777, 1.1037776470184326 
8.621722221374512, 0.07854558527469635, 1.1393457651138306 
10.446822166442871, 0.08128940314054489, 1.0384880304336548 
6.763716220855713, 0.07708140462636948, 0.9998287558555603 
8.599355697631836, 0.08693913370370865, 0.9167538285255432 
8.88841438293457, 0.07607792317867279, 1.1182137727737427 
8.181265830993652, 0.07610970735549927, 1.0196521282196045 
7.908311367034912, 0.07890238612890244, 1.1351524591445923 
10.73796272277832, 0.08756863325834274, 1.0641260147094727 
13.021480560302734, 0.07778894156217575, 0.9982079267501831 
12.866291999816895, 0.07198319584131241, 1.214789628982544 
8.81811809539795, 0.06810376793146133, 1.2548481225967407 
16.93471336364746, 0.0766473039984703, 1.15934157371521 
14.798686981201172, 0.08160488307476044, 1.1784034967422485 
6.688114166259766, 0.07207617908716202, 1.1406692266464233 
12.968029975891113, 0.07527714967727661, 1.0216619968414307 
10.776812553405762, 0.0703997015953064, 1.0339590311050415 
8.553006172180176, 0.07647376507520676, 1.0532779693603516 
11.450873374938965, 0.08005684614181519, 0.9256559610366821 
7.265239238739014, 0.08926842361688614, 1.1412593126296997 
9.412333488464355, 0.08722121268510818, 1.0513397455215454 
13.416341781616211, 0.08403242379426956, 1.118093490600586 
11.586694717407227, 0.07905605435371399, 0.9113264679908752 
11.381937026977539, 0.07330851256847382, 1.1851437091827393 
8.533318519592285, 0.07434045523405075, 0.9552181959152222 
11.190606117248535, 0.08687540888786316, 1.1784741878509521 
11.730569839477539, 0.07854922115802765, 1.011794924736023 
13.070568084716797, 0.09755535423755646, 1.2371395826339722 
12.71538257598877, 0.07712933421134949, 1.1254687309265137 
13.980640411376953, 0.08083829283714294, 1.2700623273849487 
13.79059886932373, 0.07919412106275558, 1.1631816625595093 
12.523444175720215, 0.08952213823795319, 0.9855287671089172 
14.108122825622559, 0.07953176647424698, 1.171172857284546 
15.02144718170166, 0.08583001047372818, 0.8448549509048462 
13.908464431762695, 0.07709556818008423, 1.0121986865997314 
14.79145336151123, 0.08246566355228424, 1.1187745332717896 
10.64808464050293, 0.07650654762983322, 1.1684694290161133 
10.370780944824219, 0.07714033871889114, 1.1012428998947144 
22.974822998046875, 0.09145621210336685, 1.0992158651351929 
13.529162406921387, 0.08018965274095535, 1.0699607133865356 
15.06855583190918, 0.0897156223654747, 1.0656254291534424 
18.812768936157227, 0.08724824339151382, 1.1179769039154053 
16.239566802978516, 0.08636043965816498, 1.0144832134246826 
8.566170692443848, 0.06871432065963745, 1.3743411302566528 
19.41098976135254, 0.10075411945581436, 1.1918662786483765 
13.396492004394531, 0.08587604016065598, 1.5370486974716187 
14.334433555603027, 0.08905763179063797, 1.0884398221969604 
13.689921379089355, 0.09525790065526962, 1.1361632347106934 
15.973206520080566, 0.08436694741249084, 1.3555659055709839 
14.365158081054688, 0.0853307768702507, 1.0553406476974487 
21.630657196044922, 0.08193711191415787, 1.2051702737808228 
17.662925720214844, 0.10027440637350082, 1.1539771556854248 
16.571178436279297, 0.08431509137153625, 1.090291142463684 
14.98688793182373, 0.10018987208604813, 1.0712627172470093 
12.663092613220215, 0.09163855016231537, 1.0774941444396973 
18.189350128173828, 0.09554646909236908, 1.142319679260254 
12.589970588684082, 0.0921836718916893, 1.0586895942687988 
17.454524993896484, 0.0988554060459137, 1.0503463745117188 
12.093165397644043, 0.08411315828561783, 1.1379450559616089 
13.300163269042969, 0.0948546826839447, 1.165879487991333 
16.69017791748047, 0.1011483445763588, 1.2984673976898193 
17.452030181884766, 0.09818586707115173, 1.0519839525222778 
14.132674217224121, 0.09979133307933807, 1.2186658382415771 
17.198246002197266, 0.09718917310237885, 1.351117730140686 
16.054359436035156, 0.1025083065032959, 1.012460470199585 
17.21567726135254, 0.09990087896585464, 1.1016682386398315 
17.319398880004883, 0.10158968716859818, 1.0231473445892334 
15.74766731262207, 0.09243157505989075, 0.7556122541427612 
14.035000801086426, 0.09844446927309036, 1.1519454717636108 
17.724685668945312, 0.09831822663545609, 1.3812888860702515 
15.006816864013672, 0.09257914870977402, 1.4140372276306152 
21.799768447875977, 0.09494977444410324, 0.9894607067108154 
15.807929992675781, 0.10011883080005646, 1.2013674974441528 
14.447912216186523, 0.09634862840175629, 1.1524826288223267 
19.10394287109375, 0.0997309461236, 1.1117385625839233 
15.955977439880371, 0.08514664322137833, 1.153275489807129 
15.161735534667969, 0.10014945268630981, 1.0366718769073486 
18.45770835876465, 0.10434035956859589, 1.1886894702911377 
18.000484466552734, 0.10723400115966797, 0.9702545404434204 
14.459973335266113, 0.09823408722877502, 1.3527030944824219 
20.170825958251953, 0.099842868745327, 1.3003908395767212 
19.37065887451172, 0.10815762728452682, 0.9095587134361267 
20.431989669799805, 0.11019226163625717, 0.7476624846458435 
20.089637756347656, 0.10788023471832275, 0.9095407128334045 
18.81399154663086, 0.10543517768383026, 1.2327544689178467 
14.259785652160645, 0.10429323464632034, 1.5157606601715088 
44.450416564941406, 0.08821699023246765, 1.3932828903198242 
14.488245964050293, 0.09599059075117111, 1.1248865127563477 
18.67761993408203, 0.10579155385494232, 1.0792055130004883 
20.488840103149414, 0.11044305562973022, 1.1264814138412476 
16.50398063659668, 0.10780531913042068, 1.0210437774658203 
16.39877700805664, 0.09547918289899826, 1.188199520111084 
14.278572082519531, 0.10778693109750748, 1.0929710865020752 
14.906980514526367, 0.11541148275136948, 1.3213368654251099 
14.377967834472656, 0.10896068066358566, 1.0712827444076538 
20.115400314331055, 0.12441197037696838, 0.8159050345420837 
18.68027114868164, 0.11059153079986572, 0.8760137557983398 
31.352535247802734, 0.10709414631128311, 1.200995922088623 
22.383441925048828, 0.10374873876571655, 1.1315113306045532 
17.115480422973633, 0.10404010117053986, 1.039745807647705 
18.24216079711914, 0.1033884584903717, 1.1370216608047485 
15.96484661102295, 0.11826882511377335, 1.0824111700057983 
22.359840393066406, 0.10843612253665924, 1.1321943998336792 
15.429001808166504, 0.11063449829816818, 0.9928466081619263 
25.050844192504883, 0.11157352477312088, 0.9393128156661987 
22.967432022094727, 0.10036727041006088, 1.1693687438964844 
20.80166244506836, 0.10759797692298889, 1.1045973300933838 
18.805950164794922, 0.11603204160928726, 0.8411845564842224 
17.65007781982422, 0.10310420393943787, 1.5059711933135986 
29.32510757446289, 0.10874376446008682, 0.8938992023468018 
17.641233444213867, 0.09989715367555618, 1.0139648914337158 
20.202184677124023, 0.10599314421415329, 1.2478852272033691 
13.695380210876465, 0.11395931243896484, 0.8598907589912415 
27.2974910736084, 0.11266133934259415, 1.2723333835601807 
20.207096099853516, 0.11768490076065063, 1.3024214506149292 
24.780935287475586, 0.11611676961183548, 1.208185076713562 
22.59370231628418, 0.11583427339792252, 1.1329540014266968 
22.190500259399414, 0.10389813780784607, 1.159241795539856 
21.065670013427734, 0.10209506750106812, 0.9482667446136475 
21.523954391479492, 0.11728589236736298, 0.9989960789680481 
23.1711483001709, 0.11604071408510208, 0.7934030890464783 
16.38266944885254, 0.10975156724452972, 1.1119400262832642 
29.516008377075195, 0.10849734395742416, 1.3207048177719116 
17.056861877441406, 0.12849971652030945, 0.8520521521568298 
20.32332992553711, 0.11168284714221954, 1.1785790920257568 
27.856874465942383, 0.11543699353933334, 0.9449926614761353 
24.36309814453125, 0.11910982429981232, 0.8557882905006409 
21.137285232543945, 0.10883157700300217, 1.078161597251892 
20.241872787475586, 0.10830669850111008, 1.3149547576904297 
20.037559509277344, 0.11648382991552353, 1.1710563898086548 
19.003000259399414, 0.10814052820205688, 0.9012904167175293 
24.21921730041504, 0.12085943669080734, 0.8588073253631592 
26.695581436157227, 0.1324664205312729, 0.9625019431114197 
17.598262786865234, 0.10984236001968384, 0.8885952234268188 
24.84153175354004, 0.12559641897678375, 0.9787225127220154 
25.247718811035156, 0.13275519013404846, 0.951343834400177 
24.58038330078125, 0.13126415014266968, 1.0058151483535767 
19.738746643066406, 0.11295083910226822, 1.2102235555648804 
19.199800491333008, 0.1336832046508789, 0.8794735670089722 
19.77412223815918, 0.1060185581445694, 1.3016351461410522 
24.434215545654297, 0.12800846993923187, 1.4224568605422974 
24.42565155029297, 0.11444581300020218, 0.9014204740524292 
18.491134643554688, 0.1268082559108734, 0.7956225872039795 
39.469417572021484, 0.13269808888435364, 0.8211717009544373 
17.809358596801758, 0.14097821712493896, 0.9413608908653259 
20.63145637512207, 0.11515676230192184, 1.3413610458374023 
24.45928382873535, 0.12280561029911041, 0.8690941333770752 
23.206924438476562, 0.10917219519615173, 0.8460941910743713 
24.7291316986084, 0.13628721237182617, 1.0169105529785156 
35.252471923828125, 0.1325097382068634, 1.4770382642745972 
20.85430145263672, 0.12332526594400406, 0.9401507377624512 
26.26276206970215, 0.12425223737955093, 1.3737233877182007 
21.166513442993164, 0.12055552750825882, 1.2360676527023315 
18.154375076293945, 0.12094777077436447, 1.039494276046753 
17.338220596313477, 0.1135261282324791, 1.0239851474761963 
22.71917724609375, 0.12621046602725983, 1.1137852668762207 
17.48310089111328, 0.13371655344963074, 1.112562656402588 
23.515174865722656, 0.12233632057905197, 1.1202809810638428 
20.972253799438477, 0.12461865693330765, 1.0667086839675903 
26.105934143066406, 0.13124194741249084, 0.8635402917861938 
28.374452590942383, 0.12107069045305252, 0.8679642081260681 
35.65088653564453, 0.12347231060266495, 0.8660632967948914 
39.94955825805664, 0.13879474997520447, 0.7690460681915283 
23.04452896118164, 0.1283990442752838, 1.241039752960205 
24.776357650756836, 0.13654756546020508, 0.6095799207687378 
25.447542190551758, 0.14552555978298187, 0.8723074793815613 
21.288217544555664, 0.12713097035884857, 1.3248920440673828 
23.275951385498047, 0.140269935131073, 0.6543665528297424 
26.37175750732422, 0.13174666464328766, 1.3600984811782837 
27.173980712890625, 0.14103837311267853, 0.916339099407196 
20.304719924926758, 0.1338263601064682, 1.0086649656295776 
19.752138137817383, 0.14384512603282928, 0.8278141021728516 
31.08721923828125, 0.13179293274879456, 0.9271647930145264 
23.07191276550293, 0.14999955892562866, 0.576948344707489 
17.659318923950195, 0.1253068745136261, 1.052065134048462 
34.076820373535156, 0.13991549611091614, 1.1923942565917969 
24.88138771057129, 0.1407250463962555, 1.250410556793213 
24.47959327697754, 0.13866640627384186, 1.253853678703308 
27.05594825744629, 0.1421499252319336, 0.9102118015289307 
25.969589233398438, 0.1444549262523651, 0.8410751819610596 
38.43700408935547, 0.12852665781974792, 1.0997835397720337 
23.00922203063965, 0.1418847143650055, 0.8482078313827515 
22.50029945373535, 0.14016734063625336, 0.9723952412605286 
34.49683380126953, 0.1507466435432434, 0.8805111050605774 
39.68397903442383, 0.14692682027816772, 1.1473450660705566 
29.2069149017334, 0.14486680924892426, 0.8942165374755859 
37.763999938964844, 0.15366923809051514, 0.8478073477745056 
27.100404739379883, 0.13962075114250183, 1.4497761726379395 
32.381282806396484, 0.13623447716236115, 0.8398404717445374 
32.919490814208984, 0.1456640213727951, 1.25449800491333 
25.538318634033203, 0.14544185996055603, 1.0746787786483765 
31.24747657775879, 0.15487010776996613, 1.0360907316207886 
29.59743881225586, 0.14329446852207184, 0.9033337831497192 
24.14211082458496, 0.12342432886362076, 0.7022188305854797 
25.32761573791504, 0.16284310817718506, 0.8898434042930603 
21.419694900512695, 0.1355256289243698, 1.123367190361023 
38.31232833862305, 0.13911552727222443, 1.1022911071777344 
20.81943130493164, 0.13112227618694305, 1.0343424081802368 
28.988622665405273, 0.13789042830467224, 1.126582384109497 
28.453548431396484, 0.14324191212654114, 0.9893373847007751 
40.03163146972656, 0.15064601600170135, 0.7009090781211853 
23.66496467590332, 0.15467484295368195, 0.7460216879844666 
25.940139770507812, 0.14847202599048615, 1.314655065536499 
28.203649520874023, 0.14357349276542664, 0.7554757595062256 
26.977937698364258, 0.16865628957748413, 1.2774304151535034 
24.657968521118164, 0.136321023106575, 0.7456186413764954 
34.427677154541016, 0.15561041235923767, 1.0383479595184326 
31.05787467956543, 0.13846170902252197, 1.0549596548080444 
33.97972106933594, 0.1339356005191803, 0.8560810089111328 
21.2098331451416, 0.136970654129982, 0.8484827876091003 
43.599456787109375, 0.14132200181484222, 1.1997138261795044 
26.199909210205078, 0.15747690200805664, 1.0179518461227417 
36.977294921875, 0.13792209327220917, 1.111975908279419 
32.71230697631836, 0.15215611457824707, 1.3667888641357422 
23.317060470581055, 0.16996119916439056, 0.5106937289237976 
39.14014434814453, 0.1519182175397873, 0.544008195400238 
29.837196350097656, 0.15883395075798035, 0.555719256401062 
28.320615768432617, 0.17036975920200348, 0.7928483486175537 
38.3722038269043, 0.15402638912200928, 0.6861360669136047 
37.19678497314453, 0.16159532964229584, 1.179854393005371 
26.58713722229004, 0.1481979787349701, 0.8369499444961548 
25.98763084411621, 0.14946384727954865, 1.1694787740707397 
37.0091667175293, 0.1567365676164627, 0.9105086326599121 
28.099021911621094, 0.15261293947696686, 1.3025646209716797 
22.68303108215332, 0.14114931225776672, 1.187528371810913 
30.99531364440918, 0.16372010111808777, 1.0616968870162964 
30.99884033203125, 0.1487494260072708, 0.8383724689483643 
29.517520904541016, 0.15630203485488892, 0.7429786324501038 
36.64337921142578, 0.1529809981584549, 1.1239690780639648 
28.658004760742188, 0.14813436567783356, 1.0308676958084106 
29.27511215209961, 0.1646667867898941, 0.9212939739227295 
25.77177619934082, 0.14908501505851746, 0.8660281896591187 
25.303560256958008, 0.16000854969024658, 0.6222737431526184 
28.313438415527344, 0.15257291495800018, 0.6227402687072754 
31.999008178710938, 0.15520958602428436, 0.955291748046875 
31.823068618774414, 0.1344471424818039, 0.9955640435218811 
27.251306533813477, 0.149967223405838, 1.0555496215820312 
40.41377639770508, 0.15309368073940277, 0.8434317111968994 
30.890396118164062, 0.15693925321102142, 1.036555290222168 
30.42307472229004, 0.16524747014045715, 0.6389930844306946 
27.577922821044922, 0.17331361770629883, 0.6170240640640259 
41.89863586425781, 0.17769429087638855, 0.5213499069213867 
27.09652328491211, 0.16256651282310486, 0.5592930912971497 
36.107688903808594, 0.15737847983837128, 0.6090948581695557 
33.92380905151367, 0.16616159677505493, 0.7390013933181763 
44.46946716308594, 0.1564170867204666, 0.5592023730278015 
24.56262969970703, 0.16246990859508514, 0.874401330947876 
31.517261505126953, 0.15195460617542267, 0.8767072558403015 
24.189773559570312, 0.1559806615114212, 0.8211022615432739 
23.31761932373047, 0.159749373793602, 0.8758161664009094 
36.547157287597656, 0.1531522572040558, 0.5732055902481079 
30.256664276123047, 0.15580934286117554, 0.7811928987503052 
28.1927490234375, 0.14755986630916595, 0.700854480266571 
29.114648818969727, 0.16377538442611694, 0.8007384538650513 
27.989845275878906, 0.15739834308624268, 0.9349054098129272 
25.60161590576172, 0.16078388690948486, 0.9899953007698059 
41.062129974365234, 0.19103822112083435, 0.8250560164451599 
23.214292526245117, 0.16588537395000458, 0.9598117470741272 
25.794021606445312, 0.15106989443302155, 0.9003486633300781 
33.03104782104492, 0.16331841051578522, 0.8122504949569702 
33.15373992919922, 0.18658307194709778, 0.7105404138565063 
36.146873474121094, 0.14549747109413147, 0.9394655227661133 
20.935672760009766, 0.14719733595848083, 0.7744041681289673 
35.326866149902344, 0.161582812666893, 0.8536941409111023 
30.97951889038086, 0.1641569584608078, 0.6136592030525208 
29.746564865112305, 0.16851891577243805, 0.45015138387680054 
38.45415115356445, 0.16003860533237457, 1.217621088027954 
31.2357234954834, 0.1568736732006073, 0.890009343624115 
32.479248046875, 0.15497200191020966, 0.6061634421348572 
23.17832374572754, 0.18245847523212433, 0.7015056014060974 
33.72844696044922, 0.18257515132427216, 0.7037926912307739 
33.4622917175293, 0.18895506858825684, 0.7437790632247925 
31.322057723999023, 0.18047384917736053, 0.8062955141067505 
44.52195739746094, 0.17895129323005676, 0.9503225088119507 
