1.0, 1.0, 28.125 
1.0, 1.0, 28.125 
1.0, 1.0, 28.125 
1.0, 1.0, 28.125 
1.0, 1.0, 28.125 
1.0, 1.0, 28.125 
1.0, 1.0, 28.125 
1.0, 1.0, 28.125 
1.0, 1.0, 28.125 
1.0, 1.0, 28.125 
1.0, 1.0, 28.125 
1.0, 1.0, 28.125 
1.0, 1.0, 28.125 
1.0, 1.0, 28.125 
1.0, 1.0, 28.125 
1.0, 1.0, 28.125 
1.0, 1.0, 28.125 
1.0, 1.0, 28.125 
1.0, 1.0, 28.125 
1.0, 1.0, 28.125 
1.0, 1.0, 28.125 
1.0, 1.0, 28.125 
1.0, 1.0, 28.125 
1.0, 1.0, 28.125 
1.0, 1.0, 28.125 
1.0, 1.0, 28.125 
1.0, 1.0, 28.125 
1.0, 1.0, 28.125 
1.0, 1.0, 28.125 
1.0, 1.0, 28.125 
1.0, 1.0, 28.125 
1.0, 1.0, 28.125 
1.0, 1.0, 28.125 
1.0, 1.0, 28.125 
1.0, 1.0, 28.125 
1.0, 1.0, 28.125 
1.0, 1.0, 28.125 
1.0, 1.0, 28.125 
1.0, 1.0, 28.125 
1.0, 1.0, 28.125 
1.0, 1.0, 28.125 
1.0, 1.0, 28.125 
1.0, 1.0, 28.125 
1.0, 1.0, 28.125 
1.0, 1.0, 28.125 
1.0, 1.0, 28.125 
1.0, 1.0, 28.125 
1.0, 1.0, 28.125 
1.0, 1.0, 28.125 
1.0, 1.0, 28.125 
1.0, 1.0, 28.125 
1.0, 1.0, 28.125 
1.0, 1.0, 28.125 
1.0, 1.0, 28.125 
1.0, 1.0, 28.125 
1.0, 1.0, 28.125 
1.0, 1.0, 28.125 
1.0, 1.0, 28.125 
1.0, 1.0, 28.125 
1.0, 1.0, 28.125 
