0.5276781320571899, 0.0009758047526702285, 0.09588468819856644 
0.8763117790222168, 0.001469654031097889, 0.11875911056995392 
0.8355521559715271, 0.0002962297876365483, 0.06384293735027313 
0.5963155031204224, 7.866105443099514e-05, 0.04617886245250702 
0.7668445706367493, 0.0003968671662732959, 0.040711238980293274 
0.3863847553730011, 2.652632429089863e-05, 0.018757399171590805 
0.5147953629493713, 1.1592363989620935e-05, 0.009131642058491707 
0.4216116666793823, 7.356084552156972e-06, 0.0071465191431343555 
0.36593806743621826, 6.301079338300042e-06, 0.0060383933596313 
0.424695760011673, 7.443265985784819e-06, 0.006520484574139118 
0.35948094725608826, 1.8276896298630163e-05, 0.016025938093662262 
0.3885819613933563, 4.358347723609768e-05, 0.019398054108023643 
0.3877369165420532, 6.331583426799625e-05, 0.020879510790109634 
0.5718057751655579, 5.314757800078951e-05, 0.02040170691907406 
0.4212324917316437, 4.420613549882546e-05, 0.013492614962160587 
0.28656572103500366, 2.5943647415260784e-05, 0.008724578656256199 
0.4381164312362671, 1.3776952982880175e-05, 0.007865261286497116 
0.42267748713493347, 1.210757272929186e-05, 0.007380420342087746 
0.3474147617816925, 8.94576805876568e-06, 0.005616932176053524 
0.26625609397888184, 1.028751466947142e-05, 0.008375952951610088 
0.35237953066825867, 1.1033235750801396e-05, 0.009044756181538105 
0.3269689381122589, 8.177522431651596e-06, 0.0049103242345154285 
0.36656081676483154, 9.953853805200197e-06, 0.0048353224992752075 
0.3407900929450989, 1.648938632570207e-05, 0.010273255407810211 
0.3168471157550812, 2.1769948943983763e-05, 0.014813719317317009 
0.21981430053710938, 7.855568583181594e-06, 0.0069419690407812595 
0.2526980936527252, 5.905056241317652e-06, 0.006204609759151936 
0.2438296377658844, 2.7479509299155325e-05, 0.01128322258591652 
0.24994805455207825, 1.2497670468292199e-05, 0.009884064085781574 
0.19511979818344116, 1.1751852980523836e-05, 0.008504566736519337 
0.2327672839164734, 1.0335529623262119e-05, 0.008954305201768875 
0.22575390338897705, 9.79842479864601e-06, 0.006931351497769356 
0.22378666698932648, 1.2799834621546324e-05, 0.011052408255636692 
0.2116294950246811, 7.92397895565955e-06, 0.007719694171100855 
0.3113965392112732, 6.298307198449038e-06, 0.0052504995837807655 
0.2875610291957855, 1.0302946975571103e-05, 0.00991122703999281 
0.41698530316352844, 9.539172424410935e-06, 0.008750755339860916 
0.3507375717163086, 1.0421505976410117e-05, 0.01040671207010746 
0.331427663564682, 1.3932563888374716e-05, 0.014507883228361607 
0.357028990983963, 1.6387322830269113e-05, 0.020113956183195114 
0.34025150537490845, 2.399375443928875e-05, 0.02160901203751564 
0.3215106427669525, 3.3127038477687165e-05, 0.023198267444968224 
0.5486524105072021, 4.828416422242299e-05, 0.028634654358029366 
0.38031962513923645, 9.619179763831198e-05, 0.039944060146808624 
0.3944942057132721, 0.00015088757209014148, 0.04160569608211517 
0.3829158544540405, 0.00026140775298699737, 0.07278276234865189 
0.49496376514434814, 0.000548765470739454, 0.08418623358011246 
0.549008309841156, 0.0013556614285334945, 0.12431461364030838 
0.5651774406433105, 0.0021575340069830418, 0.13209621608257294 
0.570289134979248, 0.00453597167506814, 0.2087899148464203 
0.6024514436721802, 0.007418839726597071, 0.23034489154815674 
0.9261743426322937, 0.010627211071550846, 0.26810571551322937 
0.7013584971427917, 0.013124997727572918, 0.28026458621025085 
0.772628664970398, 0.01398309227079153, 0.347289502620697 
0.5660895109176636, 0.020799200981855392, 0.3191807270050049 
0.7234399914741516, 0.020544281229376793, 0.45979222655296326 
0.46926242113113403, 0.020989004522562027, 0.4928416609764099 
0.6509445309638977, 0.029390646144747734, 0.4725409746170044 
0.754146933555603, 0.03271729499101639, 0.45741409063339233 
0.8112432360649109, 0.031180407851934433, 0.5296488404273987 
1.0081228017807007, 0.030181318521499634, 0.5492225885391235 
0.645033597946167, 0.0369289256632328, 0.5841315984725952 
0.7609261870384216, 0.035188574343919754, 0.6712217926979065 
1.0491658449172974, 0.0425063855946064, 0.684128999710083 
1.0097155570983887, 0.04981212690472603, 0.7811679244041443 
1.0320993661880493, 0.058469075709581375, 0.6501679420471191 
1.185926914215088, 0.05682609602808952, 0.7721103429794312 
0.9511800408363342, 0.0528954453766346, 0.8985354900360107 
0.8986445665359497, 0.06016289442777634, 0.7517735958099365 
0.8832423686981201, 0.052863553166389465, 0.963506817817688 
1.035041093826294, 0.055339016020298004, 0.6451728343963623 
1.0357035398483276, 0.06517811864614487, 0.6798043251037598 
0.8782593607902527, 0.06751608848571777, 0.8994547128677368 
1.2461131811141968, 0.07679262012243271, 0.7801553010940552 
1.4915121793746948, 0.07485681027173996, 0.7791739106178284 
1.4202966690063477, 0.07628300786018372, 0.899959146976471 
1.366540551185608, 0.07749588042497635, 0.7274672985076904 
1.6174750328063965, 0.07236845791339874, 0.8020638227462769 
1.7119133472442627, 0.061532095074653625, 0.7077195048332214 
1.2769370079040527, 0.07329699397087097, 0.8336074352264404 
1.1658642292022705, 0.06474503874778748, 1.005245327949524 
1.090724229812622, 0.0753922164440155, 0.8483574986457825 
2.0044920444488525, 0.07688922435045242, 0.8456807136535645 
1.2129173278808594, 0.06797557324171066, 1.127744197845459 
1.435455322265625, 0.07015841454267502, 0.8283262848854065 
1.9233406782150269, 0.0744897872209549, 0.8854347467422485 
1.1085478067398071, 0.08169043064117432, 1.049965500831604 
1.8506239652633667, 0.07596904039382935, 1.008143663406372 
1.2717981338500977, 0.08191734552383423, 0.9972074627876282 
2.187817096710205, 0.07067179679870605, 1.1216720342636108 
1.9595367908477783, 0.07800421863794327, 1.0186933279037476 
3.1319496631622314, 0.09151195734739304, 0.9631749987602234 
1.7282624244689941, 0.07256274670362473, 1.026984691619873 
1.8282172679901123, 0.08068635314702988, 0.9714925289154053 
2.278146266937256, 0.08044788241386414, 1.1198132038116455 
3.0154075622558594, 0.09063146263360977, 0.9696735143661499 
2.007038116455078, 0.08905141800642014, 1.1410194635391235 
2.1267282962799072, 0.07949286699295044, 1.1558701992034912 
2.3633861541748047, 0.0834781676530838, 0.9959332346916199 
2.467113494873047, 0.09290095418691635, 1.100273847579956 
2.4713621139526367, 0.09236349910497665, 0.9911769032478333 
2.8531031608581543, 0.08933145552873611, 1.0064033269882202 
3.373918294906616, 0.09308183193206787, 1.0131646394729614 
2.597996234893799, 0.08583835512399673, 1.1358311176300049 
3.332773447036743, 0.10330960899591446, 1.23285973072052 
2.699836254119873, 0.09644762426614761, 1.280958652496338 
2.3475892543792725, 0.09649202972650528, 0.9969810843467712 
4.1790618896484375, 0.09917797148227692, 1.1693283319473267 
4.821389198303223, 0.09794684499502182, 1.2087960243225098 
3.0974059104919434, 0.10120896995067596, 1.0171743631362915 
4.063395977020264, 0.12059114128351212, 1.2770087718963623 
4.651640892028809, 0.10454201698303223, 1.318108320236206 
4.694382667541504, 0.11830606311559677, 1.0146970748901367 
3.521662712097168, 0.10460755974054337, 1.3370007276535034 
3.6404407024383545, 0.10757500678300858, 1.388405203819275 
3.444807291030884, 0.11980504542589188, 1.4072308540344238 
3.9697656631469727, 0.11695603281259537, 1.2837626934051514 
3.7136824131011963, 0.12576384842395782, 1.398715615272522 
5.764219284057617, 0.13252699375152588, 1.5334241390228271 
4.370464324951172, 0.1130782812833786, 1.1811070442199707 
4.11336612701416, 0.11699055880308151, 1.5282856225967407 
5.348817825317383, 0.11970498412847519, 1.6137300729751587 
5.702598571777344, 0.1363891363143921, 1.5136593580245972 
5.404804229736328, 0.13929496705532074, 1.5809162855148315 
5.761938571929932, 0.1428065448999405, 1.482129454612732 
5.224070072174072, 0.13101179897785187, 1.74917733669281 
5.095622539520264, 0.13277965784072876, 1.6127229928970337 
5.679718971252441, 0.13936683535575867, 1.8242870569229126 
4.200380325317383, 0.1295202523469925, 1.5881530046463013 
5.84761905670166, 0.13907508552074432, 1.3612468242645264 
6.042089462280273, 0.13348743319511414, 1.5411453247070312 
5.002449035644531, 0.13805216550827026, 1.5572923421859741 
4.152678489685059, 0.13683311641216278, 1.5620461702346802 
4.9114603996276855, 0.1323719173669815, 1.650757074356079 
6.052188873291016, 0.1567835509777069, 1.7701159715652466 
5.578610420227051, 0.14501789212226868, 1.6813311576843262 
6.413233280181885, 0.1781940758228302, 1.6071877479553223 
6.501454830169678, 0.1624118983745575, 1.4438416957855225 
5.831960201263428, 0.14736643433570862, 1.7597692012786865 
8.151262283325195, 0.15489202737808228, 1.2929115295410156 
7.4494853019714355, 0.1360306441783905, 1.5232020616531372 
5.3435516357421875, 0.17094621062278748, 1.4784365892410278 
9.827165603637695, 0.1658015102148056, 1.8962953090667725 
6.103728294372559, 0.17180344462394714, 1.5930750370025635 
8.930870056152344, 0.17711438238620758, 1.6630301475524902 
6.061673641204834, 0.16758227348327637, 1.4503494501113892 
4.996519088745117, 0.14150337874889374, 1.721163034439087 
6.872956275939941, 0.13598257303237915, 1.5607190132141113 
7.26600456237793, 0.16374346613883972, 1.5487515926361084 
6.184338092803955, 0.17442184686660767, 1.3602774143218994 
7.777780055999756, 0.15499664843082428, 1.9045480489730835 
7.2298479080200195, 0.15796038508415222, 1.304717779159546 
7.167626857757568, 0.155674546957016, 1.494239330291748 
5.620300769805908, 0.13845600187778473, 1.4459391832351685 
9.470450401306152, 0.18033862113952637, 1.8720409870147705 
9.596087455749512, 0.17927388846874237, 1.6729423999786377 
8.111432075500488, 0.1724250167608261, 1.4959089756011963 
7.830770492553711, 0.1635003238916397, 1.8542753458023071 
6.0345354080200195, 0.16472433507442474, 1.4699006080627441 
7.7560906410217285, 0.16279077529907227, 1.6328959465026855 
12.090147018432617, 0.18373043835163116, 1.4203263521194458 
15.793524742126465, 0.17734400928020477, 1.784899115562439 
8.84614086151123, 0.17114101350307465, 1.9429696798324585 
12.516490936279297, 0.17970533668994904, 1.476840615272522 
9.823043823242188, 0.17165985703468323, 1.5366084575653076 
11.590224266052246, 0.1824423223733902, 1.7534633874893188 
11.83753490447998, 0.16875633597373962, 1.495025873184204 
12.604818344116211, 0.17230498790740967, 1.631005048751831 
12.6973237991333, 0.18654991686344147, 1.3571542501449585 
10.029261589050293, 0.1964576244354248, 1.7019829750061035 
7.33179235458374, 0.17085610330104828, 1.7618061304092407 
11.814555168151855, 0.1972264051437378, 2.035858631134033 
10.842716217041016, 0.1901266723871231, 1.3598377704620361 
10.377010345458984, 0.17738062143325806, 1.548595905303955 
9.490471839904785, 0.1747092455625534, 1.7788127660751343 
11.479174613952637, 0.1747082769870758, 1.5848201513290405 
11.944755554199219, 0.1800023764371872, 1.5423468351364136 
13.520947456359863, 0.17498840391635895, 1.488444209098816 
14.692607879638672, 0.174684539437294, 1.6368210315704346 
11.834343910217285, 0.17372936010360718, 1.8000715970993042 
13.104541778564453, 0.2100852131843567, 1.2397617101669312 
11.438441276550293, 0.16159579157829285, 1.9721901416778564 
14.757390975952148, 0.17238444089889526, 1.4679813385009766 
14.430864334106445, 0.20765170454978943, 1.047217845916748 
17.318323135375977, 0.2078808695077896, 1.5485364198684692 
16.60599708557129, 0.18755070865154266, 2.1635475158691406 
10.862247467041016, 0.1934489756822586, 1.6376264095306396 
15.822148323059082, 0.19425955414772034, 1.225360631942749 
17.036334991455078, 0.19565722346305847, 1.490623950958252 
17.208755493164062, 0.2032807469367981, 1.3194239139556885 
16.551925659179688, 0.18931859731674194, 1.9181829690933228 
20.99399757385254, 0.2203243374824524, 1.5196560621261597 
16.78907585144043, 0.20339134335517883, 1.8988778591156006 
17.078290939331055, 0.2140115350484848, 1.5400828123092651 
20.608869552612305, 0.2152205854654312, 1.5962016582489014 
17.77610206604004, 0.2111734300851822, 1.754968523979187 
18.335346221923828, 0.1969222128391266, 1.6426066160202026 
10.283356666564941, 0.19743089377880096, 1.193286657333374 
12.657665252685547, 0.22714203596115112, 1.5117487907409668 
12.43199348449707, 0.18333372473716736, 1.470123291015625 
18.33622932434082, 0.2138887345790863, 1.2236977815628052 
15.246541023254395, 0.19771446287631989, 1.156693696975708 
18.268369674682617, 0.22552765905857086, 1.2657444477081299 
17.061311721801758, 0.22087109088897705, 1.128060221672058 
24.727941513061523, 0.20160959661006927, 1.2492986917495728 
17.445858001708984, 0.16949363052845, 1.1703846454620361 
25.240440368652344, 0.21426092088222504, 1.3873549699783325 
17.46892738342285, 0.2293463796377182, 1.5835485458374023 
22.643953323364258, 0.21124203503131866, 1.8125085830688477 
23.236961364746094, 0.2262064665555954, 1.3376516103744507 
20.26951026916504, 0.2165270894765854, 1.4990347623825073 
18.126501083374023, 0.19068849086761475, 1.9477348327636719 
13.77086353302002, 0.2260633260011673, 1.1384915113449097 
20.60729217529297, 0.19200557470321655, 1.5413005352020264 
22.783056259155273, 0.18412405252456665, 1.0750422477722168 
15.468731880187988, 0.22442032396793365, 1.6452394723892212 
20.24534797668457, 0.23212888836860657, 1.5193002223968506 
24.319419860839844, 0.25026166439056396, 1.2921808958053589 
32.487388610839844, 0.18214085698127747, 1.1476260423660278 
19.160123825073242, 0.19732743501663208, 0.8461182713508606 
21.838987350463867, 0.22728753089904785, 1.6498281955718994 
26.883481979370117, 0.22509706020355225, 1.5288853645324707 
31.884273529052734, 0.21255387365818024, 1.1844338178634644 
27.481346130371094, 0.24280256032943726, 1.1221686601638794 
23.930082321166992, 0.21418224275112152, 1.2250401973724365 
32.90943145751953, 0.2055196315050125, 1.1051405668258667 
17.983774185180664, 0.22876082360744476, 1.1191779375076294 
22.990537643432617, 0.17642098665237427, 1.0653294324874878 
26.515117645263672, 0.22600090503692627, 1.2671695947647095 
21.338184356689453, 0.19865790009498596, 0.7701167464256287 
19.64613914489746, 0.22043730318546295, 1.6646183729171753 
18.53268051147461, 0.19960737228393555, 0.9487595558166504 
17.167064666748047, 0.1984795331954956, 1.3168108463287354 
21.395952224731445, 0.19823618233203888, 1.159486174583435 
17.98008155822754, 0.18090584874153137, 1.5450730323791504 
20.01896095275879, 0.18536408245563507, 1.7510217428207397 
17.4545955657959, 0.1975896656513214, 0.9394209384918213 
22.619314193725586, 0.20959188044071198, 1.001987099647522 
18.83588981628418, 0.17939449846744537, 1.0171353816986084 
20.46763801574707, 0.20776838064193726, 1.2106488943099976 
31.86153221130371, 0.19593656063079834, 1.0151327848434448 
18.232864379882812, 0.19791078567504883, 0.9502905011177063 
24.654144287109375, 0.19413885474205017, 1.1593694686889648 
30.058311462402344, 0.19651314616203308, 0.7756392955780029 
18.174144744873047, 0.17995019257068634, 0.9310032725334167 
21.99717903137207, 0.1943540722131729, 1.1362634897232056 
23.831687927246094, 0.2166328728199005, 1.183788537979126 
28.445112228393555, 0.22078482806682587, 0.9835605621337891 
51.0899772644043, 0.22656972706317902, 1.0916032791137695 
29.392789840698242, 0.21305234730243683, 1.2448087930679321 
27.15809440612793, 0.18744014203548431, 1.4383134841918945 
26.263559341430664, 0.17529426515102386, 0.9874449968338013 
34.49449920654297, 0.20198047161102295, 0.9668472409248352 
25.563358306884766, 0.20476976037025452, 1.1804269552230835 
18.71380615234375, 0.21250009536743164, 1.3328551054000854 
27.216222763061523, 0.2331380695104599, 0.9599873423576355 
21.448978424072266, 0.20748332142829895, 0.9039275646209717 
30.865995407104492, 0.20138496160507202, 1.4480557441711426 
18.9727725982666, 0.2020108997821808, 0.9545849561691284 
19.339622497558594, 0.2199222296476364, 1.2953206300735474 
24.33028221130371, 0.18716971576213837, 1.058384895324707 
29.78219985961914, 0.20905764400959015, 1.0176280736923218 
21.464658737182617, 0.18195874989032745, 0.7756437659263611 
30.621318817138672, 0.20475760102272034, 1.1137197017669678 
22.516862869262695, 0.19768409430980682, 0.9485325217247009 
21.12565040588379, 0.2233814299106598, 0.9337631464004517 
21.463436126708984, 0.20639298856258392, 1.4469916820526123 
32.24728012084961, 0.20077185332775116, 1.4639573097229004 
25.093830108642578, 0.1920548528432846, 0.6786881685256958 
28.515024185180664, 0.22923390567302704, 1.3593217134475708 
19.869142532348633, 0.1792035698890686, 0.9635588526725769 
22.190889358520508, 0.1930273473262787, 0.8870455026626587 
22.710124969482422, 0.2071266919374466, 1.100813388824463 
22.886198043823242, 0.18820101022720337, 0.6129767894744873 
28.976078033447266, 0.20060300827026367, 0.5269668102264404 
23.394716262817383, 0.21228182315826416, 0.8830788135528564 
27.67002296447754, 0.20589293539524078, 0.738939106464386 
33.9726676940918, 0.2249571681022644, 0.875230073928833 
30.962059020996094, 0.23620417714118958, 0.7719067335128784 
23.812143325805664, 0.23331141471862793, 1.1665894985198975 
16.02189826965332, 0.20818376541137695, 0.603762149810791 
27.7622127532959, 0.22198307514190674, 0.7720199823379517 
14.235635757446289, 0.19533264636993408, 1.0578991174697876 
23.055522918701172, 0.1914161890745163, 0.7953623533248901 
30.818464279174805, 0.2207636684179306, 0.9264315366744995 
27.095867156982422, 0.211785227060318, 0.9567754864692688 
40.40133285522461, 0.20735184848308563, 0.7535436749458313 
23.46397590637207, 0.2109660804271698, 0.9894950985908508 
24.514799118041992, 0.20343413949012756, 0.8513497710227966 
22.804901123046875, 0.22184036672115326, 1.0718258619308472 
27.071876525878906, 0.2222445011138916, 0.6396466493606567 
27.425508499145508, 0.23595108091831207, 1.317243218421936 
21.2191162109375, 0.20026613771915436, 1.331667423248291 
27.038230895996094, 0.19017525017261505, 2.0662994384765625 
21.648046493530273, 0.15162386000156403, 0.9906577467918396 
20.477375030517578, 0.21216730773448944, 0.8569685816764832 
37.093082427978516, 0.18093779683113098, 0.5141566395759583 
19.913070678710938, 0.17863775789737701, 0.6246508359909058 
30.681922912597656, 0.21457698941230774, 0.8176590800285339 
26.29625129699707, 0.1851617395877838, 0.7927416563034058 
36.21629333496094, 0.20238816738128662, 0.7411817312240601 
33.658233642578125, 0.22993488609790802, 1.3211086988449097 
32.482505798339844, 0.2408471256494522, 1.440990924835205 
26.431238174438477, 0.18784087896347046, 0.9278799295425415 
26.66124153137207, 0.1651805341243744, 0.5502001047134399 
38.54751968383789, 0.20688767731189728, 0.6142230033874512 
22.758264541625977, 0.19860710203647614, 0.779133141040802 
35.003509521484375, 0.22967389225959778, 0.5736035108566284 
37.395416259765625, 0.20867866277694702, 0.44996532797813416 
59.02592086791992, 0.21639208495616913, 1.4554485082626343 
21.898590087890625, 0.19108696281909943, 0.8746306896209717 
23.13066864013672, 0.1886133849620819, 0.9099510908126831 
31.058822631835938, 0.2017025500535965, 0.8243299722671509 
29.861587524414062, 0.2101241797208786, 0.6399387717247009 
31.177396774291992, 0.21863257884979248, 1.0137214660644531 
25.19480323791504, 0.20452938973903656, 0.6904079914093018 
27.837854385375977, 0.19354479014873505, 0.6099584698677063 
25.15004539489746, 0.19008666276931763, 0.4097732901573181 
30.36104965209961, 0.20950078964233398, 0.8740039467811584 
27.663131713867188, 0.2173803597688675, 1.208517074584961 
34.04237365722656, 0.20318728685379028, 0.9802417755126953 
41.22279357910156, 0.16269145905971527, 0.6971611380577087 
26.483036041259766, 0.18376348912715912, 1.31375253200531 
24.63789939880371, 0.18167880177497864, 0.9912604689598083 
23.297412872314453, 0.20400498807430267, 1.0168825387954712 
36.71249771118164, 0.184597909450531, 1.0336047410964966 
24.08123207092285, 0.17288094758987427, 0.6145628094673157 
38.226444244384766, 0.18478958308696747, 0.5976640582084656 
29.276012420654297, 0.2334214597940445, 1.0533725023269653 
22.023643493652344, 0.19185854494571686, 0.5564455986022949 
24.69978141784668, 0.20988227427005768, 0.5307337045669556 
55.36531066894531, 0.22294636070728302, 1.041940450668335 
23.08633804321289, 0.20479096472263336, 1.2187728881835938 
27.013320922851562, 0.22971737384796143, 1.2497681379318237 
37.96728515625, 0.19726671278476715, 0.6649459600448608 
32.8371467590332, 0.17679981887340546, 0.49211108684539795 
27.352783203125, 0.1994846612215042, 0.6430774331092834 
46.12071228027344, 0.20593534409999847, 0.8879697918891907 
27.904438018798828, 0.1836077719926834, 0.5273941159248352 
31.661548614501953, 0.19082385301589966, 0.8934129476547241 
49.75611114501953, 0.2115500271320343, 0.953280508518219 
28.7348690032959, 0.19157469272613525, 0.724709689617157 
26.2619571685791, 0.1756485402584076, 1.0795637369155884 
32.433128356933594, 0.191554456949234, 0.8006457090377808 
30.899621963500977, 0.20019379258155823, 0.6651615500450134 
48.83086395263672, 0.19149889051914215, 0.40081050992012024 
25.928451538085938, 0.22150109708309174, 0.8270225524902344 
31.20546531677246, 0.19975683093070984, 0.8013468384742737 
41.65435791015625, 0.2322922796010971, 1.2873464822769165 
32.45594787597656, 0.206604465842247, 1.0999904870986938 
29.158098220825195, 0.2045487016439438, 0.8413766026496887 
32.05861282348633, 0.20008352398872375, 0.5437549948692322 
30.6201114654541, 0.20080868899822235, 0.5935704112052917 
30.234607696533203, 0.17205975949764252, 0.621867299079895 
22.914812088012695, 0.18553033471107483, 0.6117822527885437 
36.57448196411133, 0.16304203867912292, 0.356049120426178 
35.43844985961914, 0.19763976335525513, 0.6157236695289612 
28.791645050048828, 0.20769204199314117, 0.45865151286125183 
39.156150817871094, 0.20850396156311035, 0.9347900152206421 
34.57231521606445, 0.19080334901809692, 0.9100598692893982 
40.34640121459961, 0.18494942784309387, 0.6801033616065979 
20.804452896118164, 0.1642933338880539, 0.47400087118148804 
36.65372848510742, 0.2115231454372406, 0.4922073781490326 
40.07607650756836, 0.19574329257011414, 0.4514705538749695 
27.294218063354492, 0.1878718137741089, 0.5781088471412659 
48.171173095703125, 0.20208072662353516, 0.3171030580997467 
29.310138702392578, 0.19043760001659393, 0.473958283662796 
28.789474487304688, 0.18097150325775146, 0.7232478260993958 
37.13661193847656, 0.18252716958522797, 0.8338695764541626 
40.81794738769531, 0.20978276431560516, 0.8410903811454773 
26.64605712890625, 0.19405008852481842, 0.8696545958518982 
22.082204818725586, 0.16771505773067474, 0.6866241693496704 
30.206396102905273, 0.20303739607334137, 0.36433982849121094 
37.07008743286133, 0.21503634750843048, 0.4081346094608307 
38.868629455566406, 0.2149059921503067, 0.36363038420677185 
29.024911880493164, 0.19838516414165497, 0.38406237959861755 
44.023067474365234, 0.21892012655735016, 0.7227447628974915 
48.79314041137695, 0.18366681039333344, 1.118647813796997 
45.07905960083008, 0.200468510389328, 0.5844419002532959 
37.06819534301758, 0.21366746723651886, 0.5594064593315125 
29.411590576171875, 0.22093184292316437, 0.6770251989364624 
43.16354751586914, 0.20215970277786255, 0.4192922115325928 
43.375091552734375, 0.22540165483951569, 0.37891167402267456 
67.48826599121094, 0.21016238629817963, 0.5733420252799988 
38.42696762084961, 0.218565434217453, 0.41829654574394226 
37.199981689453125, 0.19209682941436768, 0.7786557078361511 
46.955135345458984, 0.2094763219356537, 0.38592374324798584 
26.52672004699707, 0.23660333454608917, 1.151964545249939 
36.886112213134766, 0.21145546436309814, 0.8652650713920593 
34.79510498046875, 0.1823127418756485, 0.5047354698181152 
27.526031494140625, 0.2037927806377411, 0.2428320050239563 
23.09270668029785, 0.2224341630935669, 0.6265343427658081 
28.94366455078125, 0.1793089061975479, 0.3925403952598572 
21.77972412109375, 0.2326689213514328, 0.38847723603248596 
35.044715881347656, 0.23398342728614807, 0.5707598328590393 
54.61979293823242, 0.23650161921977997, 0.6189102530479431 
39.53734588623047, 0.21458736062049866, 0.79115229845047 
61.61719512939453, 0.20291292667388916, 0.5975146889686584 
48.995296478271484, 0.21584153175354004, 0.49634239077568054 
40.93831253051758, 0.20962776243686676, 0.8497501015663147 
