-110.8094616115373
-359.4150408254543
-436.30247039078546
-347.9245339094753
-530.875462760388
-461.656011198608
-500.6763561947245
-458.08440930182945
-558.4704854365245
-581.739489895637
-641.0336631094347
-645.5423174396926
-636.8367314047657
-665.1177021931035
-677.6987083864884
-667.4818685200293
-702.7901406623948
-781.6774934938816
-767.699164117446
-773.5534899357899
-787.8051159415446
-767.0107818388603
-775.0755871338464
-843.7914383221121
-788.4789829657111
-834.7273301675286
-748.8623615766355
-851.1218091534896
-898.9064422750697
-870.6339229171824
-912.3015873510512
-824.2399059886664
-876.5980271531943
-867.7731706771492
-893.5013204583539
-862.5185142839458
-806.1158483935075
-891.5711109515087
-919.9239485118311
-900.1624091063306
-875.3477832095724
-876.4795813045591
-919.3051732918466
-910.9949234707254
-925.3973961234652
-939.9310865088808
-884.8426202048718
-891.1051855803655
-885.631317908775
-962.0041789202623
-921.7564169655384
-900.2591600373318
-942.9445272096445
-929.7992375333545
-942.1532775829655
-984.9305396281497
-929.5383908916527
-926.6164355210855
-937.1209171814538
-938.0851310049425
-974.4948134802877
-914.9910458186423
-1036.04039255778
-926.5986337975157
-942.2879461010857
-932.34199776448
-963.5101606566021
-961.7904886908375
-950.4258641883241
-952.467958978644
-921.2140612535073
-1010.2634220033744
-977.0453310908287
-943.9349459974978
-987.3050274557911
-923.516953862329
-985.4600155969181
-954.9192994704268
-963.7419372522775
-963.2121074748151
-972.5703981695041
-906.456076787671
-957.4034512837728
-987.2362311233377
-988.238287701853
-928.1948904923989
-965.8053884282358
-1019.009764622075
-944.5069404521458
-1015.863249693678
-1018.9790719260632
-977.5538634358437
-987.5614488539002
-1030.157595835941
-958.4470722037302
-985.6528169067813
-1004.2397536962804
-1043.0529054095487
-967.0010737387787
-1037.0707471784851
-992.5436424112096
-995.499613658923
-972.6424519534402
-987.8319665971496
-993.6079216182512
-1045.3584409901794
-1019.5486995535837
-982.6930592541404
-912.4444403245416
-998.5494358080654
-923.645981524472
-1015.7638923036101
-1016.5498755996775
-982.4519973092235
-971.2215006653691
-963.8382007079505
-971.0081002230935
-1005.8014797156965
-1016.9066076054819
-1015.6498566390203
-924.9938862043927
-1029.227070696477
-1033.066564304728
-1056.0750862623045
-985.5726920472624
-1027.0091890561189
-919.5104106132973
-1052.1726195286137
-1092.1988472199776
-965.8509973158858
-1010.0365491573799
-1021.5411836328641
-1041.204337639428
-1002.3591745940732
-1072.499889212595
-989.3611842589759
-1003.232512433764
-1038.5996464518873
-1010.4410189418165
-993.0901725661587
-1001.0372724868882
-1059.9809217855964
-1058.74447227084
-1048.8542976737583
-1071.684939388938
-1035.8892458257542
-989.8775888183308
-1061.607915475335
-1053.1442777248615
-1057.3332016994136
-1003.1196448455954
-1098.7248361972577
-1040.4896529515584
-1042.4546873065788
-1096.310019766221
-1003.6942244717773
-1037.6405313160499
-942.9537898856149
-1031.6444163613476
-1061.2256065467154
-1058.4127392746473
-1048.4055227449803
-1059.2426642297019
-1052.7015580145967
-996.4385990447282
-1098.9631137758354
-1002.5065161297579
-1034.87268705771
-1038.078309994908
-1019.9285528514307
-988.8203390775152
-1082.0407238722967
-1073.0642649332683
-1066.3211114193912
-1059.1875558190502
-1073.5266431351783
-1041.948114099637
-1063.3407127487828
-1069.4695300070894
-1090.4458858507899
-1035.4714064799564
-993.4736466206296
-1059.9150345448597
-1024.8958159030324
-1038.9322133758258
-1012.0456249075876
-1007.9246550009284
-993.082102923326
-1041.1947511395379
-1125.0579066567577
-1013.1978501490024
-980.9783190113837
-1031.5762702131494
-1040.623573513658
-1026.1032514885558
-1017.7501706763612
-1045.0418731573043
-999.7362993759729
-1046.5312087726145
-1067.099878033562
-1012.215737141354
-1011.5079679533909
-1016.306249797624
-1054.6362668964225
-1085.5949837411513
-1097.944222445779
-1076.8860226125225
-1095.8068662115106
-1113.9360681811409
-1099.5941968210427
-1005.5661726759073
-1079.9721451342946
-1051.8673972949175
-1114.120786210181
-1031.9576282221387
-1103.4956571193927
-1023.4834846174214
-1089.583124438362
-1111.408833320152
-1069.9566830917142
-1128.5429117981816
-1013.3495396112612
-1017.6545613875411
-1080.0185437717348
-1024.4778175533097
-1086.2056974939337
-998.5550390789766
-1049.4855422570672
-1059.6164749978293
-1096.9435779858084
-1094.0707569032768
-992.4250939060265
-1118.136978785197
-1101.9605456517895
-1036.4894767725411
-1088.2619009420905
-1010.1898953791515
-998.2309650546508
-1078.9153260423543
-1076.83373135804
-1094.0079814861638
-1020.4893500054945
-1045.7153655576035
-1119.3271001896387
-1005.973222499722
-1060.7221270368693
-1045.4027915471036
-1089.872096160208
-1114.2974551384439
-1039.4605158416318
-1152.7042444748497
-1087.1594753713116
-1020.1624076198524
-1048.108992133342
-1094.1220294791208
-1090.657271712039
-1102.5299075757953
-1115.718343457146
-1155.0679009061464
-1099.8191634254276
-1005.5528284731046
-1057.977291098223
-1092.4376741507804
-1080.4901652089866
-1071.3071140056484
-1096.660701518887
-1038.4504286000426
-1103.7211615513188
-1079.8029270798947
-1028.2580231142715
-1039.0978933701492
-1099.7813149394003
-1093.4161484230292
-1047.0793730686528
-1098.7241783858465
-1038.2910086045242
-1073.7572097420132
-1062.8084464767169
-1087.6193814255262
-1054.297567125777
-1035.800496096902
-1067.594533463599
-1112.1539827893039
-1028.3692339171826
-1036.4561157226562
-1066.0977048247073
-1115.4615484604813
-1021.1599195596758
-1071.3766562793176
-1027.949649434694
-1052.4145751771794
-1110.64832685587
-1069.1694166156608
-1078.8004410434776
-1087.2002190961525
-989.2943893575892
-1066.0729107207535
-1058.9860161570875
-1068.5722428330794
-1073.2745006364275
-1072.1991406539237
-1101.7900054286904
-1066.4247336589115
-1047.7052055278295
-1019.9111672164129
-1042.2098691788078
-1079.0984753890775
-1089.2917825761535
-1033.0771978494706
-1048.2236331438235
-1047.9469610357507
-1100.3215041899346
-1135.0546897924003
-1070.0589902277843
-1077.5070458891246
-1122.8380541913386
-1006.792602077896
-1110.3426354457515
-1148.5856063757703
-1028.4991251896245
-978.8419067311175
-1044.2990759907755
-1095.3541166278678
-1052.7236467101764
-1097.745344144078
-1085.8094472929906
-1053.6091235971228
-1070.9647378921509
-1104.9244432986623
-1018.2250881508483
-1103.4078051070092
-1126.8966259038505
-1111.1825246676592
-1084.9022753003617
-1122.1045642548324
-1045.4627300674367
-1098.69586745786
-1102.388551228483
-1115.6649779736156
-1105.3191224756374
-1042.973964261337
-1050.2490386246516
-1096.127893331465
-1069.3499708220434
-1091.9406104110217
-1098.6730209135674
-1038.7009614935503
-1063.930439550552
-1117.4689952778704
-1083.9092037218836
-1114.958564552343
-1054.7937025688063
-1062.6356303792604
-1035.7114900580034
-1087.4886369839521
-1098.2060592364817
-1115.1295333647392
-999.9975373353197
-1064.9381098142812
-1137.857969472106
-1068.304214996911
-1013.0894923142984
-1096.4413077484273
-1091.5919594384136
-1098.0148064698412
-1050.567911089866
-1065.7804256313843
-1073.577274716516
-1086.0939137543871
-1075.0546605284785
-1025.7205006505403
-1051.8889200273254
-1039.5393453606978
-1084.3465692761918
-1074.9334807060134
-1052.2454138384178
-1076.5674258487325
-1096.2626696125442
-1100.428185064468
-1105.0901328431607
-1077.6737291353968
-1052.9701262516594
-1069.7497726225517
-1096.4121890560561
-1049.7209756654192
-1014.003438989881
-1109.4675727092044
-1072.1254003820286
-1090.979418150136
-1054.0885098148399
-1079.1796827696858
-1138.3740675303857
-1082.4369675329594
-1095.5139363785865
-1133.838203967457
-1087.021842217781
-1068.6196525466273
-1061.301575405497
-1043.2867405224295
-1044.635731652309
