-57.64188084651798
-288.40619869633207
-373.6901676511984
-393.065126287223
-428.5829367571712
-469.02525625360727
-485.85914180245817
-523.602640398087
-522.020740632088
-546.5416121197186
-533.3007412396269
-480.4408844033694
-544.2611714024698
-594.571282452702
-596.0293858260054
-534.6911515442457
-566.6471536049645
-592.9235942330778
-606.408673427072
-614.8836978965091
-593.7129486013667
-603.8329638424008
-638.649653280935
-611.4543799606886
-680.141291341474
-638.8594431899111
-659.9107570736089
-687.533448882916
-695.6677858642719
-716.892986276732
-681.8651798090078
-678.0318736129093
-703.8820107565498
-687.9586398568571
-703.8498678602931
-728.8742797781246
-712.0464758631272
-753.7449202911096
-743.9927326193603
-737.2213152344875
-759.2849973775275
-725.9552098814793
-735.9156427174669
-746.5900507984073
-730.9150448460733
-752.5853812661588
-762.3131330200055
-792.428878731442
-799.9861576238535
-782.0519533992363
-763.2294853579614
-776.5411118186564
-805.045313883487
-769.9335516015506
-791.0309996451101
-791.7239200398669
-783.8069960994105
-813.8148547801004
-789.4933638330979
-815.6369867632466
-844.1722461858652
-813.3695545460222
-786.1126815426734
-830.1911322334395
-821.1082842251122
-787.0009675795033
-837.3872288822579
-766.7411729300626
-833.1175404913414
-819.5382923882129
-838.1964397606213
-803.4307493636136
-826.2553359879876
-830.6209547684489
-836.6465688520863
-815.547848138941
-826.0386291363272
-852.5864617549879
-883.0032473093903
-836.3244933203068
-842.7357025146484
-820.9931773348338
-865.958995133501
-850.3505109092607
-859.3618930957284
-890.426286266696
-803.1468003532304
-865.4348208519721
-823.2145349221296
-807.5646940662015
-856.8286224927771
-803.8869509982624
-820.1909974335525
-856.3568891885643
-858.8136573475077
-865.4208468248218
-832.3327296736054
-802.8791442290978
-855.7682850042246
-889.5934171544791
-828.3486140378609
-862.2609612952729
-867.5507054131152
-878.7077633862122
-861.0585879048994
-865.1239141648815
-907.4603676070816
-878.8051693252704
-890.2363793509347
-884.4292736888481
-877.480119709595
-851.1992947626773
-775.9686178567772
-877.2381470851634
-891.1769390457786
-903.3669698337256
-884.6046629171767
-839.6745071147444
-893.0197831386795
-909.8152295015924
-853.5761652300434
-921.0797794183828
-900.6295020854967
-905.8131278604956
-849.5826423882339
-858.0016642891317
-916.3542749782861
-859.0276964249149
-840.4234324248705
-871.3183894487021
-848.11182203161
-853.8333385177472
-892.7392397410309
-936.4990519246747
-898.4468198327975
-859.616317335911
-884.8969882138863
-894.772482243551
-849.7779994208692
-891.9643656383462
-834.6391488176337
-878.453390938895
-894.1652993892195
-872.0403674428914
-882.9777613037742
-822.3986615387525
-921.9589313889429
-877.9387576195502
-876.8344498032249
-874.2773240843127
-873.4236020558441
-847.2978679463611
-899.2799705470212
-915.9976605907564
-912.1144460862682
-862.563484930223
-913.0687311761391
-904.7603375834804
-935.0991595044114
-917.0784558063278
-915.3118393366238
-860.6284090912287
-919.3284133216753
-894.6241803850446
-928.7297072696247
-889.5076508060579
-880.0743245770855
-895.8414192287603
-864.7537719708984
-905.9049641130157
-899.4565257410849
-865.6979179558117
-845.8808199799006
-937.7779786773541
-911.427980414184
-905.8704864748063
-895.3580135925574
-885.2699659496958
-904.6047743168845
-923.9110650269117
-873.1083663729479
-872.3186563588507
-922.7727437173166
-897.2927550654257
-890.1902645304456
-889.6372822880196
-897.7192007847096
-886.3726540490779
-923.233894031718
-905.6358469598305
-882.3842982630575
-910.4596887403919
-908.3635109229022
-922.7572755593858
-933.6745019376552
-925.5165453176894
-909.9562078115578
-905.0450531568396
-903.3308656490343
-888.2273769334714
-902.2729286861859
-931.6499482190005
-886.158942437941
-934.5472029584894
-858.7804830700571
-905.6103123816476
-913.0390796925066
-890.4028880035822
-919.883518878216
-940.5752483578871
-922.8039208337459
-901.6812377964847
-932.4901947579625
-900.6147118757398
-889.7590309573758
-955.454267501831
-908.4140451712542
-892.3023952361076
-926.6492255426223
-921.3287058008432
-938.3507799333141
-918.5584038677304
-930.8516779429352
-900.9788753843527
-885.6960155205793
-943.7246510378227
-904.576895858835
-957.7482882908413
-922.7943415224278
-900.0846798892395
-944.4553771128852
-936.6376749908869
-873.6287978827129
-930.4651521164151
-924.0683945686586
-921.5934971466592
-910.1385044502223
-899.5442757320843
-947.1882193077545
-963.8928434310421
-963.9311190486503
-895.9244936863947
-840.2829171545494
-962.5003806083433
-898.3704226445493
-952.2353335789272
-896.8918700328071
-917.6701860032323
-935.9315192402782
-915.9587843670823
-944.4521818029166
-951.094732609762
-938.5507614645541
-943.1118678079772
-886.6061304153934
-897.3478004701676
-951.5846151184926
-922.6268159716909
-919.6188200673749
-906.4967811338363
