0.0, 2.137453975592507e-06, 0.003743931883946061 
0.0, 1.3701587704417761e-06, 0.003909228835254908 
0.0, 1.6226334764724015e-06, 0.0031393002718687057 
0.0, 1.570170525155845e-06, 0.002912115305662155 
0.0, 1.6084785556813586e-06, 0.0033563016913831234 
0.0, 2.3197221707960125e-06, 0.001983058173209429 
0.0, 1.9250023797212634e-06, 0.002240403788164258 
0.0, 1.128439066633291e-06, 0.0029306577052921057 
0.0, 1.4051306607143488e-06, 0.0023993279319256544 
0.0, 1.5779997966092196e-06, 0.0022370913065969944 
0.0, 1.3391135098572704e-06, 0.0020689009688794613 
0.0, 1.3788699106953572e-06, 0.001398657914251089 
0.0, 1.1637800980679458e-06, 0.0016443206695839763 
0.0, 1.0436123147883336e-06, 0.002367077162489295 
0.0, 1.1196696050319588e-06, 0.0020161555148661137 
0.0, 1.2247330687387148e-06, 0.001456310274079442 
0.0, 1.1197541880392237e-06, 0.0018222687067463994 
0.0, 1.07663549897552e-06, 0.0016392178367823362 
0.0, 1.6855484545885702e-06, 0.0021258946508169174 
0.0, 1.5606664192091557e-06, 0.0027972955722361803 
0.0, 1.7380286863044603e-06, 0.0027273709420114756 
0.0, 1.65072015079204e-06, 0.0023957709781825542 
0.0, 1.3167128827262786e-06, 0.002560622990131378 
0.0, 1.578720002726186e-06, 0.002682760823518038 
0.0, 1.3604150126411696e-06, 0.0019964887760579586 
0.0, 1.2118103995817364e-06, 0.0016551961889490485 
0.0, 1.3142835086910054e-06, 0.0016442610649392009 
0.0, 1.1881696764248773e-06, 0.001422066823579371 
0.0, 1.0227555549136014e-06, 0.001803482766263187 
0.0, 1.027813482323836e-06, 0.001496420707553625 
0.0, 1.1116135283373296e-06, 0.0009812901262193918 
0.0, 1.0678783155526617e-06, 0.0011574687669053674 
0.0, 7.162149699979636e-07, 0.0014555228408426046 
0.0, 7.279764986378723e-07, 0.0014359281631186604 
0.0, 1.1458805602160282e-06, 0.001309082843363285 
0.0, 9.564765832692501e-07, 0.0012964801862835884 
0.0, 9.541377039568033e-07, 0.0012978075537830591 
0.0, 8.962361448539014e-07, 0.001424863818101585 
0.0, 7.974966820256668e-07, 0.001172032207250595 
0.0, 7.15999192379968e-07, 0.0010636394144967198 
0.0, 6.14266468801361e-07, 0.0013629234163090587 
0.0, 6.186237442307174e-07, 0.0016003133496269584 
0.0, 6.991401733102975e-07, 0.0013703563017770648 
0.0, 7.028574486867001e-07, 0.0011635314440354705 
0.0, 8.982755161923706e-07, 0.0008911409531719983 
0.0, 6.006811759107222e-07, 0.001194491283968091 
0.0, 6.42164252440125e-07, 0.0013406873913481832 
0.0, 6.857247853986337e-07, 0.0008020199602469802 
0.0, 6.320258876257867e-07, 0.000869288865942508 
0.0, 5.79839536385407e-07, 0.0008923426503315568 
0.0, 6.193814101607131e-07, 0.0008466231520287693 
0.0, 5.423645461632987e-07, 0.0011799255153164268 
0.0, 5.197379664423352e-07, 0.0010957849444821477 
0.0, 6.938226420061255e-07, 0.0007463920046575367 
0.0, 7.026118282738025e-07, 0.0007752829696983099 
0.0, 5.424762434813601e-07, 0.0012276144698262215 
0.0, 7.460966457983886e-07, 0.0007905522943474352 
0.0, 5.063505454927508e-07, 0.0013056759489700198 
0.0, 6.388930842149421e-07, 0.0009889347711578012 
0.0, 6.554549258908082e-07, 0.0009573391871526837 
0.0, 6.355249979606015e-07, 0.0009996158769354224 
0.0, 4.3088786583211913e-07, 0.0011219492880627513 
0.0, 6.183369691825646e-07, 0.0008309255936183035 
0.0, 4.7275054271267436e-07, 0.0010646915761753917 
0.0, 4.4513723196359933e-07, 0.0008830816368572414 
0.0, 4.936132427246775e-07, 0.0009133989224210382 
0.0, 5.245707370704622e-07, 0.0012475167168304324 
0.0, 6.22436175490293e-07, 0.00087976164650172 
0.0, 4.7252208901227277e-07, 0.0012790773762390018 
0.0, 6.395258651537006e-07, 0.0011335740564391017 
0.0, 7.048977863632899e-07, 0.0010619836393743753 
0.0, 9.358981287732604e-07, 0.001044463599100709 
0.0, 7.924705300865753e-07, 0.001371256192214787 
0.0, 9.81740754468774e-07, 0.0015423472505062819 
0.0, 8.415057095589873e-07, 0.0010896062012761831 
0.0, 1.0364304898757837e-06, 0.0016556803602725267 
0.0, 9.96690801002842e-07, 0.0016513210721313953 
0.0, 1.0902479061769554e-06, 0.0015088425716385245 
0.0, 1.17673391741846e-06, 0.0014161933213472366 
0.0, 9.1765792831211e-07, 0.0017085272120311856 
0.0, 1.069198901859636e-06, 0.0013652801280841231 
0.0, 1.0872629445657367e-06, 0.0015854049706831574 
0.0, 1.4784812947254977e-06, 0.001289515639655292 
0.0, 1.2012785646220436e-06, 0.0012775298673659563 
0.0, 6.524481932501658e-07, 0.0013401014730334282 
0.0, 6.139534889371134e-07, 0.0010536088375374675 
0.0, 7.188599511209759e-07, 0.0009607278043404222 
0.0, 6.226846380741335e-07, 0.0013637120136991143 
0.0, 7.407328439512639e-07, 0.0011800624197348952 
0.0, 7.424850423376483e-07, 0.0010922926012426615 
0.0, 6.664182592430734e-07, 0.001258920761756599 
0.0, 6.400285315066867e-07, 0.0011939947726204991 
0.0, 9.484064662501623e-07, 0.0006972210831008852 
0.0, 7.35704418275418e-07, 0.000988117535598576 
0.0, 9.980357162930886e-07, 0.0009514761040918529 
0.0, 5.831875569128897e-07, 0.0012538953451439738 
0.0, 6.539215746670379e-07, 0.0012177809840068221 
0.0, 7.179696126513591e-07, 0.0011526773450896144 
0.0, 7.544975915152463e-07, 0.0012306977296248078 
0.0, 7.923493399175641e-07, 0.0011036536889150739 
0.0, 9.654734185460256e-07, 0.0012448907364159822 
0.0, 1.0433570878376486e-06, 0.0011515822261571884 
0.0, 1.2708737813227344e-06, 0.0012585829244926572 
0.0, 1.3975823094369844e-06, 0.001745094545185566 
0.0, 1.2599431329363142e-06, 0.0016914291772991419 
0.0, 1.5916084521450102e-06, 0.0017034896882250905 
0.0, 1.6462606708955718e-06, 0.0018257846822962165 
0.0, 1.2255378578629461e-06, 0.0016890529077500105 
0.0, 1.3547984281103709e-06, 0.001390140620060265 
0.0, 1.6560251197006437e-06, 0.0019311039941385388 
0.0, 1.142992573477386e-06, 0.0013575187185779214 
0.0, 1.4061276942811674e-06, 0.001574502675794065 
0.0, 1.5039630625324207e-06, 0.0010163022670894861 
0.0, 8.617699904789333e-07, 0.0016147185815498233 
0.0, 7.943593232084822e-07, 0.0013344271574169397 
0.0, 9.425979783372895e-07, 0.0010989060392603278 
0.0, 8.612025226284459e-07, 0.001483669737353921 
0.0, 1.2068522892150213e-06, 0.0009840672137215734 
0.0, 1.2817785091101541e-06, 0.0011983573203906417 
0.0, 1.0932192253676476e-06, 0.0017200001748278737 
0.0, 1.0129487009180593e-06, 0.0016266279853880405 
0.0, 1.0529026894801063e-06, 0.002208934398368001 
0.0, 1.0804307066791807e-06, 0.0026539976242929697 
0.0, 1.7414937474313774e-06, 0.0017877488862723112 
0.0, 1.9804597286565695e-06, 0.002306864131242037 
0.0, 1.598167955307872e-06, 0.0024349468294531107 
0.0, 1.909313368742005e-06, 0.0016869130777195096 
0.0, 1.1791692031692946e-06, 0.0020417168270796537 
0.0, 1.462170416743902e-06, 0.0021208275575190783 
0.0, 1.2732349432553747e-06, 0.002189468825235963 
0.0, 1.5189277746685548e-06, 0.0019438968738541007 
0.0, 1.1237401622565812e-06, 0.002778642112389207 
0.0, 1.628359200367413e-06, 0.0017246505012735724 
0.0, 2.0191432668070775e-06, 0.0019176871282979846 
0.0, 1.5985264099072083e-06, 0.0017438622890040278 
0.0, 1.533031536382623e-06, 0.0021199453622102737 
0.0, 1.0187317229792825e-06, 0.0020359584596008062 
0.0, 1.631299141990894e-06, 0.0019381118472665548 
0.0, 1.4090406921241083e-06, 0.0015170583501458168 
0.0, 1.0972952395604807e-06, 0.0016085923416540027 
0.0, 1.1909811519217328e-06, 0.0015615118900313973 
0.0, 1.393069396726787e-06, 0.0015767074655741453 
0.0, 1.2816875596399768e-06, 0.0017056931974366307 
0.0, 1.7416015225535375e-06, 0.001932700863108039 
0.0, 1.8063549305225024e-06, 0.0017928011948242784 
0.0, 2.4646301426400896e-06, 0.0029627152252942324 
0.0, 2.607044507385581e-06, 0.0029592651408165693 
0.0, 2.09613926926977e-06, 0.0031346194446086884 
0.0, 1.3071374951323378e-06, 0.0025100165512412786 
0.0, 2.248549662908772e-06, 0.0018159783212468028 
0.0, 1.3827634575136472e-06, 0.0023440613877028227 
0.0, 1.4696892094434588e-06, 0.0014765702653676271 
0.0, 1.2401598041833495e-06, 0.002020763698965311 
0.0, 1.0853856338144396e-06, 0.001699023530818522 
0.0, 1.5108556681298069e-06, 0.0020805937238037586 
0.0, 1.158841428150481e-06, 0.002200097544118762 
0.0, 1.1276318900854676e-06, 0.0023194889072328806 
0.0, 1.836350747908e-06, 0.00202628574334085 
0.0, 1.4849765648250468e-06, 0.0017054845811799169 
0.0, 1.5108743127711932e-06, 0.0018216498428955674 
0.0, 2.0197508092678618e-06, 0.002568900352343917 
0.0, 2.2258802800934063e-06, 0.002834173385053873 
0.0, 1.7345025753456866e-06, 0.00297237909398973 
0.0, 1.9652004539238987e-06, 0.0029836317989975214 
0.0, 1.58296313657047e-06, 0.0018048303900286555 
0.0, 1.7101859839385725e-06, 0.00198349729180336 
0.0, 2.1496130102605093e-06, 0.002929002745077014 
0.0, 2.5484696379862726e-06, 0.0037703723646700382 
0.0, 3.3026549317582976e-06, 0.0037346247117966413 
0.0, 3.182673481205711e-06, 0.003426704555749893 
0.0, 3.123313263131422e-06, 0.0052818963304162025 
0.0, 4.133305537834531e-06, 0.008305867202579975 
0.0, 9.567551387590356e-06, 0.009201785549521446 
0.0, 9.910227163345553e-06, 0.006436532363295555 
0.0, 8.235315362981055e-06, 0.006705771200358868 
0.0, 6.951706836844096e-06, 0.006319488864392042 
0.0, 7.834622010705061e-06, 0.006523824296891689 
0.0, 5.820256774313748e-06, 0.006044379901140928 
0.0, 4.156971499469364e-06, 0.004971932154148817 
0.0, 6.553138518938795e-06, 0.0053350902162492275 
0.0, 3.5120235679642064e-06, 0.005375206004828215 
0.0, 5.587958185060415e-06, 0.004910737741738558 
0.0, 4.815122792933835e-06, 0.005439863074570894 
0.0, 3.848750566248782e-06, 0.005787938367575407 
0.0, 4.871880719292676e-06, 0.006007518153637648 
0.0, 4.888720923190704e-06, 0.0043823556043207645 
0.0, 4.71985276817577e-06, 0.00598782068118453 
0.0, 6.7269625105836894e-06, 0.005882258992642164 
0.0, 8.169275133695919e-06, 0.00859084352850914 
0.0, 1.2415496712492313e-05, 0.008105938322842121 
0.0, 1.2049938959535211e-05, 0.007659479044377804 
0.0, 1.5590781913488172e-05, 0.0086596067994833 
0.0, 2.2461323169409297e-05, 0.007409853395074606 
0.0, 2.5621555323596112e-05, 0.010730624198913574 
0.0, 2.8330707209534012e-05, 0.013466993346810341 
0.0, 3.9527796616312116e-05, 0.017823221161961555 
0.0, 6.0318860050756484e-05, 0.010820550844073296 
0.0, 0.00010228094470221549, 0.019170863553881645 
0.0, 0.00024654169101268053, 0.019942879676818848 
0.0, 0.0003347333986312151, 0.0273286122828722 
0.0, 0.0010042621288448572, 0.04314076900482178 
0.0, 0.0019050873816013336, 0.06984958797693253 
0.0, 0.0062996516935527325, 0.09374534338712692 
0.0, 0.008658546954393387, 0.18057382106781006 
0.0, 0.010828237049281597, 0.09730584919452667 
0.0, 0.011806740425527096, 0.08368901163339615 
0.0, 0.015275208279490471, 0.0737249106168747 
0.0, 0.023794978857040405, 0.16085802018642426 
0.0, 0.02618134580552578, 0.2182227224111557 
0.0, 0.022012488916516304, 0.14502237737178802 
0.0, 0.020833266898989677, 0.16541017591953278 
0.0, 0.02944369986653328, 0.18681886792182922 
0.0, 0.03407296910881996, 0.1910608559846878 
0.0, 0.033468957990407944, 0.11666480451822281 
0.0, 0.032894253730773926, 0.14061275124549866 
0.0, 0.023322541266679764, 0.1482003927230835 
0.0, 0.02631748653948307, 0.20311084389686584 
0.0, 0.025329183787107468, 0.1918710321187973 
0.0, 0.031620778143405914, 0.2449299395084381 
0.0, 0.024123044684529305, 0.23694230616092682 
0.0, 0.02520720660686493, 0.2430383414030075 
0.0, 0.025767525658011436, 0.32729217410087585 
0.0, 0.02354620397090912, 0.17845843732357025 
0.0, 0.028829049319028854, 0.16035069525241852 
0.0, 0.03497108817100525, 0.12436465919017792 
0.0, 0.042112309485673904, 0.14282019436359406 
0.0, 0.035094354301691055, 0.1848490685224533 
0.0, 0.03314864635467529, 0.20285655558109283 
0.0, 0.031073037534952164, 0.3542293310165405 
0.0, 0.02674376592040062, 0.354432076215744 
0.0, 0.031385909765958786, 0.20647087693214417 
0.0, 0.029802730306982994, 0.22603149712085724 
0.0, 0.03787031024694443, 0.2595934569835663 
0.0, 0.02982914447784424, 0.39796602725982666 
0.0, 0.03654574975371361, 0.23047131299972534 
0.0, 0.03274821117520332, 0.37113291025161743 
0.0, 0.03857424482703209, 0.5066312551498413 
0.0, 0.030222352594137192, 0.28087615966796875 
0.0, 0.024234995245933533, 0.2710669934749603 
0.0, 0.031130364164710045, 0.2100745588541031 
0.0, 0.02828027680516243, 0.5359174013137817 
0.0, 0.02805934101343155, 0.3883514106273651 
0.0, 0.02620985172688961, 0.19803868234157562 
0.0, 0.03369663283228874, 0.2708909809589386 
0.0, 0.030127644538879395, 0.18576335906982422 
0.0, 0.036557454615831375, 0.17929114401340485 
0.0, 0.03350840136408806, 0.3622932434082031 
0.0, 0.03384049981832504, 0.21830829977989197 
0.0, 0.03595945984125137, 0.1663282811641693 
0.0, 0.033122941851615906, 0.23135800659656525 
0.0, 0.03313969448208809, 0.2854822278022766 
0.0, 0.03538590669631958, 0.26075002551078796 
0.0, 0.039542797952890396, 0.2971217632293701 
0.0, 0.023422883823513985, 0.250730037689209 
0.0, 0.03387800604104996, 0.21852310001850128 
0.0, 0.03427162021398544, 0.27882859110832214 
0.0, 0.037937600165605545, 0.32243070006370544 
0.0, 0.035348765552043915, 0.2601577937602997 
0.0, 0.03493644669651985, 0.2643272578716278 
0.0, 0.035127755254507065, 0.2748999297618866 
0.0, 0.03891756013035774, 0.273633748292923 
0.0, 0.022948984056711197, 0.36410659551620483 
0.0, 0.030480150133371353, 0.32401132583618164 
0.0, 0.03321625292301178, 0.3100077509880066 
0.0, 0.03321073204278946, 0.20876657962799072 
0.0, 0.0417722649872303, 0.12407223880290985 
0.0, 0.043014489114284515, 0.30296000838279724 
0.0, 0.041554514318704605, 0.240372896194458 
0.0, 0.033211253583431244, 0.1715177297592163 
0.0, 0.0255440603941679, 0.33535322546958923 
0.0, 0.030210545286536217, 0.3251507878303528 
0.0, 0.05066710337996483, 0.3124361038208008 
0.0, 0.031205058097839355, 0.26312705874443054 
0.0, 0.03733399882912636, 0.19128473103046417 
0.0, 0.027595970779657364, 0.3129098117351532 
0.0, 0.029342960566282272, 0.2372906357049942 
0.0, 0.03297150507569313, 0.3267400860786438 
0.0, 0.028740452602505684, 0.27573367953300476 
0.0, 0.0504717193543911, 0.18606220185756683 
0.0, 0.04689660295844078, 0.23626631498336792 
0.0, 0.03604917973279953, 0.25635194778442383 
0.0, 0.026241537183523178, 0.4505045711994171 
0.0, 0.03273565322160721, 0.31230753660202026 
0.0, 0.037061844021081924, 0.30669498443603516 
0.0, 0.03392715007066727, 0.37514448165893555 
0.0, 0.027121221646666527, 0.32737234234809875 
0.0, 0.05250699445605278, 0.36366796493530273 
0.0, 0.04959717392921448, 0.3587316870689392 
0.0, 0.028038116171956062, 0.425799697637558 
0.0, 0.03598514571785927, 0.2815500497817993 
0.0, 0.04688623175024986, 0.21911275386810303 
0.0, 0.03494323045015335, 0.34700730443000793 
0.0, 0.034802235662937164, 0.413594514131546 
0.0, 0.031934481114149094, 0.5366407036781311 
0.0, 0.032576318830251694, 0.4869809150695801 
0.0, 0.0331646129488945, 0.2848452627658844 
0.0, 0.0380394272506237, 0.3578084111213684 
0.0, 0.041624072939157486, 0.26641756296157837 
0.0, 0.02874838002026081, 0.321649968624115 
0.0, 0.02536747045814991, 0.5115054845809937 
0.0, 0.04643431305885315, 0.2916679382324219 
0.0, 0.050180576741695404, 0.3619999289512634 
0.0, 0.06374834477901459, 0.3431154191493988 
0.0, 0.03184537589550018, 0.4204694628715515 
0.0, 0.025999564677476883, 0.32305607199668884 
0.0, 0.02562420256435871, 0.3986830711364746 
0.0, 0.041955720633268356, 0.2203207015991211 
0.0, 0.03700724244117737, 0.3003215491771698 
0.0, 0.03538406267762184, 0.24907544255256653 
0.0, 0.037330880761146545, 0.3509974777698517 
0.0, 0.028760962188243866, 0.4922604560852051 
0.0, 0.04048040136694908, 0.2989320456981659 
0.0, 0.053321268409490585, 0.37487974762916565 
0.0, 0.031722541898489, 0.3511064052581787 
0.0, 0.024996068328619003, 0.5682419538497925 
0.0, 0.030764715746045113, 0.5718647837638855 
0.0, 0.03230121359229088, 0.3220040202140808 
0.0, 0.03315423056483269, 0.29590103030204773 
0.0, 0.027639178559184074, 0.4354169964790344 
0.0, 0.03763213008642197, 0.6481332182884216 
0.0, 0.030008170753717422, 0.3927602171897888 
0.0, 0.030952461063861847, 0.4101131856441498 
0.0, 0.03507930785417557, 0.41357487440109253 
0.0, 0.03671155497431755, 0.48042207956314087 
0.0, 0.03881991282105446, 0.5793936848640442 
0.0, 0.045476283878088, 0.5384324789047241 
0.0, 0.03407033905386925, 0.3818001449108124 
0.0, 0.04094522073864937, 0.4042668342590332 
0.0, 0.023722006008028984, 0.5743921995162964 
0.0, 0.0419452078640461, 0.4039943218231201 
0.0, 0.042310211807489395, 0.44577673077583313 
0.0, 0.04359741881489754, 0.34126242995262146 
0.0, 0.02522130496799946, 0.42183366417884827 
0.0, 0.04441356658935547, 0.5183525681495667 
0.0, 0.037598248571157455, 0.39208680391311646 
0.0, 0.04331091418862343, 0.32433152198791504 
0.0, 0.023805854842066765, 0.499754935503006 
0.0, 0.03598058968782425, 0.38262325525283813 
0.0, 0.04197099804878235, 0.3175107538700104 
0.0, 0.045434899628162384, 0.5269840955734253 
0.0, 0.05125102773308754, 0.38814061880111694 
0.0, 0.03310294821858406, 0.5770889520645142 
0.0, 0.04338361695408821, 0.31269294023513794 
0.0, 0.035229869186878204, 0.540874183177948 
0.0, 0.03756764531135559, 0.4670655131340027 
0.0, 0.047624073922634125, 0.40302738547325134 
0.0, 0.029818307608366013, 0.5125114321708679 
0.0, 0.03544172644615173, 0.4233425259590149 
0.0, 0.03455568104982376, 0.40873509645462036 
0.0, 0.02866407483816147, 0.5884491205215454 
0.0, 0.03691481426358223, 0.4139889180660248 
0.0, 0.042099058628082275, 0.3714922368526459 
0.0, 0.036901503801345825, 0.39284780621528625 
0.0, 0.03449204936623573, 0.47687482833862305 
0.0, 0.028297875076532364, 0.559249222278595 
0.0, 0.0387934185564518, 0.3733530342578888 
0.0, 0.028068790212273598, 0.6382827162742615 
0.0, 0.02631392516195774, 0.6452829241752625 
0.0, 0.04339110106229782, 0.4281138479709625 
0.0, 0.04867073521018028, 0.3697819709777832 
0.0, 0.025806723162531853, 0.34939152002334595 
0.0, 0.03179159015417099, 0.3966390788555145 
0.0, 0.03780606389045715, 0.5342925786972046 
0.0, 0.04400947317481041, 0.4125390946865082 
0.0, 0.05057883262634277, 0.34062671661376953 
0.0, 0.04782744497060776, 0.37346309423446655 
0.0, 0.05082600936293602, 0.42952772974967957 
0.0, 0.04191035032272339, 0.4176696240901947 
0.0, 0.05111538618803024, 0.43078380823135376 
0.0, 0.051052093505859375, 0.45362284779548645 
0.0, 0.043010346591472626, 0.3744867146015167 
0.0, 0.03304607421159744, 0.7255087494850159 
0.0, 0.04904936999082565, 0.4002154767513275 
0.0, 0.049603529274463654, 0.43894869089126587 
0.0, 0.0383712463080883, 0.4480072557926178 
0.0, 0.04481935501098633, 0.34187427163124084 
0.0, 0.04046550765633583, 0.4780678153038025 
0.0, 0.04322345182299614, 0.4821877181529999 
0.0, 0.04324476793408394, 0.511633038520813 
0.0, 0.028810832649469376, 0.48597976565361023 
0.0, 0.029717912897467613, 0.4950213134288788 
0.0, 0.03050272725522518, 0.4364847242832184 
0.0, 0.04252484440803528, 0.339992493391037 
0.0, 0.02904048189520836, 0.3723238408565521 
0.0, 0.049102213233709335, 0.4718829393386841 
0.0, 0.04549463838338852, 0.5550998449325562 
0.0, 0.03002873621881008, 0.6713041067123413 
0.0, 0.03935960680246353, 0.7236698269844055 
0.0, 0.06022275239229202, 0.43287715315818787 
0.0, 0.035727910697460175, 0.697736918926239 
0.0, 0.048062920570373535, 0.4585077464580536 
0.0, 0.031931985169649124, 0.6398581266403198 
0.0, 0.04743432253599167, 0.42148298025131226 
0.0, 0.039902109652757645, 0.34960320591926575 
0.0, 0.052449580281972885, 0.4457413852214813 
0.0, 0.04093647375702858, 0.47675466537475586 
0.0, 0.04079543426632881, 0.6109038591384888 
0.0, 0.05207913741469383, 0.5791656374931335 
0.0, 0.04728645458817482, 0.6548145413398743 
0.0, 0.03869762644171715, 0.5223905444145203 
0.0, 0.02424800395965576, 0.4251916706562042 
0.0, 0.031163573265075684, 0.4899597764015198 
0.0, 0.041698478162288666, 0.4137735366821289 
0.0, 0.0392971895635128, 0.4487297236919403 
0.0, 0.031447216868400574, 0.42931997776031494 
0.0, 0.0335632748901844, 0.796904444694519 
0.0, 0.03417962044477463, 0.5302923321723938 
0.0, 0.04043145477771759, 0.5691126585006714 
0.0, 0.03861897438764572, 0.6180852055549622 
0.0, 0.050214122980833054, 0.46019670367240906 
0.0, 0.040602944791316986, 0.5536474585533142 
0.0, 0.03401385620236397, 0.6187587380409241 
0.0, 0.032224830240011215, 0.37006187438964844 
0.0, 0.019249893724918365, 0.5821191072463989 
0.0, 0.038062188774347305, 0.5299268960952759 
0.0, 0.035892385989427567, 0.5404688715934753 
0.0, 0.04224324971437454, 0.7759564518928528 
0.0, 0.04547184705734253, 0.6726793646812439 
0.0, 0.03419695049524307, 0.6453260779380798 
0.0, 0.03480219468474388, 0.5717372894287109 
0.0, 0.025143038481473923, 0.8349170088768005 
0.0, 0.05319032445549965, 0.7328983545303345 
0.0, 0.05598783865571022, 0.7896366715431213 
0.0, 0.03775069862604141, 0.6616407632827759 
0.0, 0.039422813802957535, 0.4839947521686554 
0.0, 0.03425217792391777, 0.43368178606033325 
0.0, 0.05044008418917656, 0.4290921092033386 
0.0, 0.034991759806871414, 0.46623802185058594 
0.0, 0.024685708805918694, 0.6623010039329529 
0.0, 0.028272584080696106, 0.5262181162834167 
0.0, 0.038219813257455826, 0.49317893385887146 
0.0, 0.03879247233271599, 0.692827045917511 
0.0, 0.03574400767683983, 0.5759455561637878 
0.0, 0.045732282102108, 0.6573097705841064 
0.0, 0.040105994790792465, 0.9315133094787598 
0.0, 0.056139297783374786, 0.5500425100326538 
0.0, 0.05721218138933182, 0.47890231013298035 
0.0, 0.04968646168708801, 0.4653788208961487 
0.0, 0.06340144574642181, 0.5202025771141052 
0.0, 0.04591123014688492, 0.5014014840126038 
0.0, 0.04696529358625412, 0.4469488263130188 
0.0, 0.04609570652246475, 0.5065616965293884 
0.0, 0.03578644245862961, 0.5284740924835205 
0.0, 0.03987265005707741, 0.7279723286628723 
0.0, 0.04431456699967384, 0.5281604528427124 
0.0, 0.05055135488510132, 0.6206645965576172 
0.0, 0.047273218631744385, 0.7940625548362732 
0.0, 0.049891043454408646, 0.8680365681648254 
0.0, 0.05135823413729668, 0.6370143294334412 
0.0, 0.048004236072301865, 0.537981390953064 
0.0, 0.04716534540057182, 0.49783965945243835 
0.0, 0.04102257639169693, 0.6188408136367798 
0.0, 0.04037116840481758, 0.4663090705871582 
0.0, 0.026968836784362793, 0.6744767427444458 
0.0, 0.04291635379195213, 0.7682498693466187 
0.0, 0.06795785576105118, 0.5174337029457092 
0.0, 0.04709457606077194, 0.6238463521003723 
0.0, 0.03757651522755623, 0.6916038393974304 
0.0, 0.04729548096656799, 0.8613376617431641 
0.0, 0.05109609663486481, 0.5610395073890686 
0.0, 0.029565930366516113, 0.608425498008728 
0.0, 0.05359268561005592, 0.7046377658843994 
0.0, 0.0464470311999321, 0.6027262806892395 
0.0, 0.047189656645059586, 0.533715546131134 
0.0, 0.05132824555039406, 0.6592901945114136 
0.0, 0.03407463803887367, 0.7412663102149963 
0.0, 0.047054436057806015, 0.7221196889877319 
0.0, 0.04286957159638405, 0.624606192111969 
0.0, 0.04488224536180496, 0.6324819922447205 
0.0, 0.049883004277944565, 0.7385819554328918 
0.0, 0.046428900212049484, 0.5201961398124695 
0.0, 0.05727638676762581, 0.48814520239830017 
0.0, 0.03369593247771263, 0.6599312424659729 
0.0, 0.047525111585855484, 0.638189971446991 
0.0, 0.03795180842280388, 0.6853898167610168 
0.0, 0.03831694275140762, 0.6993290185928345 
0.0, 0.04055549204349518, 0.4653574824333191 
0.0, 0.036249931901693344, 0.7465267777442932 
0.0, 0.04617441073060036, 0.7111980319023132 
0.0, 0.04250873252749443, 0.8635473847389221 
0.0, 0.0577450767159462, 0.7364141345024109 
0.0, 0.033526137471199036, 0.5125308632850647 
0.0, 0.05457187443971634, 0.8993648290634155 
0.0, 0.04723866656422615, 1.0282899141311646 
0.0, 0.04867083206772804, 0.6378063559532166 
0.0, 0.034630902111530304, 0.7302771210670471 
0.0, 0.03730239346623421, 0.7538211941719055 
0.0, 0.04581379517912865, 0.5573887825012207 
0.0, 0.030627915635704994, 0.7241811752319336 
0.0, 0.0390058234333992, 0.5841761231422424 
0.0, 0.031454045325517654, 0.9016030430793762 
0.0, 0.04955023527145386, 0.8237357139587402 
0.0, 0.035128410905599594, 0.6477916836738586 
0.0, 0.059728190302848816, 0.7737646698951721 
0.0, 0.033710092306137085, 0.6615838408470154 
0.0, 0.05267820879817009, 0.5830647349357605 
0.0, 0.05269165709614754, 0.5320743322372437 
0.0, 0.04063551872968674, 0.6200783848762512 
0.0, 0.045117974281311035, 0.722689688205719 
0.0, 0.03859703987836838, 0.9304574131965637 
0.0, 0.04731348156929016, 0.7155621647834778 
0.0, 0.04742139205336571, 0.705931544303894 
0.0, 0.03383398801088333, 0.6043946146965027 
0.0, 0.035039667040109634, 0.6811515092849731 
0.0, 0.04094654694199562, 0.6541293263435364 
0.0, 0.0426056906580925, 0.7240177989006042 
0.0, 0.02793438546359539, 1.02415132522583 
0.0, 0.04803803563117981, 0.6006569862365723 
0.0, 0.03942769020795822, 0.9289527535438538 
0.0, 0.05677860975265503, 0.6108396053314209 
0.0, 0.030418651178479195, 0.7839263677597046 
0.0, 0.0526299886405468, 0.7662710547447205 
0.0, 0.04945305734872818, 0.4701196849346161 
0.0, 0.05176921933889389, 0.46357041597366333 
0.0, 0.03195318952202797, 1.073596715927124 
0.0, 0.037465404719114304, 0.6402298808097839 
0.0, 0.04804273322224617, 0.7732371091842651 
0.0, 0.044809721410274506, 0.7476637959480286 
0.0, 0.036493055522441864, 0.7805243730545044 
0.0, 0.03635982796549797, 0.6101638078689575 
0.0, 0.03842968866229057, 0.6010434627532959 
0.0, 0.04459444060921669, 0.6481346487998962 
0.0, 0.04503475874662399, 0.6418613195419312 
0.0, 0.0279218927025795, 0.7217463254928589 
0.0, 0.0421936996281147, 0.8837620615959167 
0.0, 0.04749908670783043, 0.7746438980102539 
0.0, 0.06105291470885277, 0.7994771599769592 
0.0, 0.03901797533035278, 0.7564130425453186 
0.0, 0.03864622861146927, 1.0165187120437622 
0.0, 0.038472745567560196, 0.6577903032302856 
0.0, 0.07509053498506546, 0.6238335371017456 
0.0, 0.060684364289045334, 0.6783546209335327 
0.0, 0.0406411848962307, 0.5655909776687622 
0.0, 0.03929026797413826, 0.7309383153915405 
0.0, 0.04313049092888832, 0.5140977501869202 
0.0, 0.035381413996219635, 0.6302142143249512 
0.0, 0.038157958537340164, 0.878474235534668 
0.0, 0.054753758013248444, 0.8270304799079895 
0.0, 0.05317370221018791, 0.6440792679786682 
0.0, 0.04566216841340065, 0.7917010188102722 
0.0, 0.040646038949489594, 0.6316760778427124 
0.0, 0.049727912992239, 0.9625933766365051 
0.0, 0.04895469918847084, 0.7726869583129883 
0.0, 0.028225677087903023, 0.888290524482727 
0.0, 0.058478835970163345, 0.6160661578178406 
0.0, 0.057117488235235214, 0.6874403357505798 
0.0, 0.05763356015086174, 0.43870434165000916 
0.0, 0.04913429170846939, 1.1792998313903809 
0.0, 0.04684276133775711, 1.2409651279449463 
0.0, 0.033716704696416855, 1.0293065309524536 
0.0, 0.04103301838040352, 0.9641562104225159 
0.0, 0.055519621819257736, 0.7023356556892395 
0.0, 0.058392468839883804, 0.6682957410812378 
0.0, 0.03662025183439255, 1.065051794052124 
0.0, 0.08368972688913345, 1.2058632373809814 
0.0, 0.06066207215189934, 0.764745831489563 
0.0, 0.04095782712101936, 0.8266991972923279 
0.0, 0.046881597489118576, 0.7614085078239441 
0.0, 0.03728870302438736, 0.7338851690292358 
0.0, 0.05126785859465599, 0.6910364031791687 
0.0, 0.03836994245648384, 0.7236601710319519 
0.0, 0.050989147275686264, 1.9172570705413818 
0.0, 0.03476674482226372, 1.196978211402893 
0.0, 0.035983867943286896, 0.7198168635368347 
0.0, 0.04257718473672867, 0.5587062239646912 
0.0, 0.03450286015868187, 0.6104721426963806 
0.0, 0.04329866170883179, 0.6448182463645935 
0.0, 0.030109025537967682, 0.5695100426673889 
0.0, 0.03620944917201996, 0.6154844760894775 
0.0, 0.04563784599304199, 0.5988487601280212 
0.0, 0.030634155496954918, 0.9874194860458374 
0.0, 0.05528019741177559, 0.8515095710754395 
0.0, 0.04639625921845436, 0.6481141448020935 
0.0, 0.04985453560948372, 1.2368311882019043 
0.0, 0.05290941148996353, 0.8160957098007202 
0.0, 0.047839488834142685, 0.5538678169250488 
0.0, 0.043580882251262665, 0.7330995202064514 
0.0, 0.05189457908272743, 0.5690428614616394 
0.0, 0.038108061999082565, 0.694500744342804 
0.0, 0.06357161700725555, 0.6845196485519409 
0.0, 0.041883133351802826, 0.841108500957489 
0.0, 0.05139433592557907, 0.9869970679283142 
0.0, 0.050714343786239624, 0.6417506337165833 
0.0, 0.04466715455055237, 1.0214225053787231 
0.0, 0.04371127113699913, 0.7594707012176514 
0.0, 0.04634767398238182, 0.5944365859031677 
0.0, 0.03937997668981552, 0.9175661206245422 
0.0, 0.04231271520256996, 0.6569796800613403 
0.0, 0.030084596946835518, 0.729399561882019 
0.0, 0.045887552201747894, 0.6608636379241943 
0.0, 0.04686393216252327, 0.778872549533844 
0.0, 0.06439921259880066, 0.7079444527626038 
0.0, 0.056895337998867035, 0.9080056548118591 
0.0, 0.06339853256940842, 0.6427263021469116 
0.0, 0.04863366112112999, 0.7464051246643066 
0.0, 0.03888411074876785, 0.7457727789878845 
0.0, 0.050049442797899246, 0.6699221730232239 
0.0, 0.038580503314733505, 0.9054158926010132 
0.0, 0.03847628831863403, 0.6152988076210022 
0.0, 0.05805515870451927, 0.7686328887939453 
0.0, 0.06761470437049866, 1.4578078985214233 
0.0, 0.05473203957080841, 0.7719234228134155 
0.0, 0.05887596681714058, 0.5462745428085327 
0.0, 0.03738190978765488, 0.5786299705505371 
0.0, 0.05132189765572548, 0.9449034333229065 
0.0, 0.042449548840522766, 0.840918779373169 
0.0, 0.04699971526861191, 0.8976677060127258 
0.0, 0.03537291660904884, 1.1377038955688477 
0.0, 0.033378493040800095, 0.8299335837364197 
0.0, 0.04133981093764305, 0.7833922505378723 
0.0, 0.045850250869989395, 0.5948656797409058 
0.0, 0.042739301919937134, 0.7373790144920349 
0.0, 0.03978503867983818, 0.7567422986030579 
0.0, 0.04756242036819458, 0.7333433628082275 
0.0, 0.061071839183568954, 0.6981424689292908 
0.0, 0.032794516533613205, 0.8886711001396179 
0.0, 0.040855906903743744, 1.0182329416275024 
0.0, 0.04435395449399948, 0.9019956588745117 
0.0, 0.05611700192093849, 0.5854994654655457 
0.0, 0.048226676881313324, 0.491134375333786 
0.0, 0.03863801434636116, 0.6911072731018066 
0.0, 0.038577497005462646, 0.8525336384773254 
0.0, 0.05732245370745659, 0.6387138366699219 
0.0, 0.04506761580705643, 0.9830477833747864 
0.0, 0.04867646470665932, 0.772252082824707 
0.0, 0.046180736273527145, 0.7367570996284485 
0.0, 0.05100329592823982, 0.8539742827415466 
0.0, 0.05230679363012314, 0.8301619291305542 
0.0, 0.047463975846767426, 0.690632700920105 
0.0, 0.05070822685956955, 0.7897888422012329 
0.0, 0.07015200704336166, 0.8443785905838013 
0.0, 0.04489333555102348, 0.9203130602836609 
0.0, 0.03513481840491295, 0.8989768624305725 
0.0, 0.05758102610707283, 0.7435961961746216 
0.0, 0.07261588424444199, 1.0151746273040771 
0.0, 0.04689322039484978, 0.79047030210495 
0.0, 0.039397574961185455, 0.9846566915512085 
0.0, 0.041151951998472214, 0.9843490719795227 
0.0, 0.044229406863451004, 0.9693194627761841 
0.0, 0.057332348078489304, 0.6646217107772827 
0.0, 0.04989823326468468, 0.6755250096321106 
0.0, 0.04980327934026718, 0.8876241445541382 
0.0, 0.07129203528165817, 0.897491455078125 
0.0, 0.040257494896650314, 0.6827684640884399 
0.0, 0.05128515139222145, 0.6973514556884766 
0.0, 0.04352092370390892, 0.7095772624015808 
0.0, 0.05645008385181427, 0.7917676568031311 
0.0, 0.04809770733118057, 0.7579061388969421 
0.0, 0.08073429018259048, 0.8117353320121765 
0.0, 0.06735899299383163, 0.8784613013267517 
0.0, 0.036465492099523544, 0.9473016262054443 
0.0, 0.04756224900484085, 0.6926847696304321 
0.0, 0.06037668511271477, 0.48653462529182434 
0.0, 0.03965092822909355, 0.8503616452217102 
0.0, 0.07838220149278641, 1.1709493398666382 
0.0, 0.04753795638680458, 0.8450882434844971 
0.0, 0.04518907517194748, 0.7777727246284485 
0.0, 0.037881266325712204, 0.6668076515197754 
0.0, 0.04362700507044792, 0.7429608106613159 
0.0, 0.039444707334041595, 0.9191645979881287 
0.0, 0.05269237235188484, 1.0052560567855835 
0.0, 0.044474661350250244, 0.9793134927749634 
0.0, 0.055962953716516495, 0.7072062492370605 
0.0, 0.049469802528619766, 1.264121174812317 
0.0, 0.05586498975753784, 0.7092253565788269 
0.0, 0.051443662494421005, 0.8985348343849182 
0.0, 0.05153585225343704, 0.9376593232154846 
0.0, 0.039424456655979156, 0.7587723135948181 
0.0, 0.045665841549634933, 0.7614978551864624 
0.0, 0.04282021522521973, 0.59095299243927 
0.0, 0.04986397922039032, 1.1845707893371582 
0.0, 0.04187288135290146, 0.6051130890846252 
0.0, 0.06033990904688835, 0.7727908492088318 
0.0, 0.049826718866825104, 0.7889302968978882 
0.0, 0.053429145365953445, 0.954541027545929 
0.0, 0.05028983950614929, 0.9775128960609436 
0.0, 0.07009255141019821, 0.6697742342948914 
0.0, 0.053780823945999146, 0.7188001275062561 
0.0, 0.04717941954731941, 0.9086666107177734 
0.0, 0.028484955430030823, 0.9506443738937378 
0.0, 0.07058491557836533, 0.7508741021156311 
0.0, 0.06731431186199188, 0.6961456537246704 
0.0, 0.06325256079435349, 0.8572746515274048 
0.0, 0.045618992298841476, 1.1532762050628662 
0.0, 0.07400410622358322, 0.8903359174728394 
0.0, 0.04919170215725899, 0.6806577444076538 
0.0, 0.05177293345332146, 0.9009929895401001 
0.0, 0.05782316252589226, 0.8028526902198792 
0.0, 0.03759229555726051, 0.8083038926124573 
0.0, 0.06402312219142914, 1.297800898551941 
0.0, 0.0543406642973423, 0.7072268724441528 
0.0, 0.07008648663759232, 0.8798689842224121 
0.0, 0.056474413722753525, 0.8079195618629456 
0.0, 0.04146317020058632, 0.8934634327888489 
0.0, 0.044290222227573395, 0.9981371164321899 
0.0, 0.07724583894014359, 0.7157115340232849 
0.0, 0.05659385398030281, 0.7367141842842102 
0.0, 0.04995539411902428, 0.7915163636207581 
0.0, 0.05263850465416908, 0.8727280497550964 
0.0, 0.059710972011089325, 0.6527528166770935 
0.0, 0.034420207142829895, 0.9950481057167053 
0.0, 0.04878677800297737, 1.0660585165023804 
0.0, 0.05203481391072273, 0.8602030277252197 
0.0, 0.04967387393116951, 0.5654422640800476 
0.0, 0.0600225031375885, 0.733635425567627 
0.0, 0.0543367937207222, 0.9416918158531189 
0.0, 0.052659306675195694, 0.7580606341362 
0.0, 0.0646141842007637, 0.7623233795166016 
0.0, 0.04765117168426514, 0.6077550053596497 
0.0, 0.047598160803318024, 0.8363028764724731 
0.0, 0.05389292910695076, 1.1559001207351685 
0.0, 0.06099772825837135, 1.0606008768081665 
0.0, 0.06348133087158203, 0.8461836576461792 
0.0, 0.06189241632819176, 1.028303861618042 
0.0, 0.05659971013665199, 0.6588853597640991 
0.0, 0.05463011935353279, 0.6785570383071899 
0.0, 0.06836949288845062, 0.8537179827690125 
0.0, 0.05623183771967888, 0.7139147520065308 
0.0, 0.056759145110845566, 0.6101408004760742 
0.0, 0.07348539680242538, 1.3506468534469604 
0.0, 0.042382121086120605, 0.7148186564445496 
0.0, 0.0469910204410553, 0.9846644997596741 
0.0, 0.052198413759469986, 0.7519962191581726 
0.0, 0.03871669992804527, 0.6170830130577087 
0.0, 0.06114182993769646, 0.5848487615585327 
0.0, 0.04462546482682228, 0.7446991205215454 
0.0, 0.052190642803907394, 0.684090256690979 
0.0, 0.04103389009833336, 0.6279093623161316 
0.0, 0.05829023942351341, 0.7209004759788513 
0.0, 0.045138489454984665, 0.6899442672729492 
0.0, 0.03953781723976135, 0.6640302538871765 
0.0, 0.06216643378138542, 0.9546933174133301 
0.0, 0.048940133303403854, 0.7367329597473145 
0.0, 0.0394565723836422, 0.7980860471725464 
0.0, 0.06154942885041237, 0.704839289188385 
0.0, 0.046505413949489594, 0.6450368762016296 
0.0, 0.04316684976220131, 0.883084237575531 
0.0, 0.04737892001867294, 0.8995788097381592 
0.0, 0.05336814373731613, 0.8154829740524292 
0.0, 0.044620148837566376, 0.740235447883606 
0.0, 0.05698180943727493, 0.6356262564659119 
0.0, 0.053105853497982025, 0.852948009967804 
0.0, 0.06116045266389847, 0.7843331694602966 
0.0, 0.04621940851211548, 0.8297412991523743 
0.0, 0.059208549559116364, 1.1606299877166748 
0.0, 0.04109162464737892, 1.1360256671905518 
0.0, 0.054052505642175674, 0.6136006116867065 
0.0, 0.048830948770046234, 0.674896776676178 
0.0, 0.05552862212061882, 1.2095122337341309 
0.0, 0.05575237050652504, 0.913175642490387 
0.0, 0.0331089161336422, 0.7375916242599487 
0.0, 0.04134136438369751, 0.7945078015327454 
0.0, 0.047226209193468094, 0.5551732778549194 
0.0, 0.041638996452093124, 0.48963505029678345 
0.0, 0.043977972120046616, 0.7293760180473328 
0.0, 0.05098903924226761, 1.064684271812439 
0.0, 0.05076596140861511, 0.6370058655738831 
0.0, 0.03976751118898392, 0.5809670090675354 
0.0, 0.04660814255475998, 0.9681084752082825 
0.0, 0.057353999465703964, 0.9463386535644531 
0.0, 0.05845031887292862, 0.8112928867340088 
0.0, 0.057453423738479614, 0.8148687481880188 
0.0, 0.0681317150592804, 0.8454027771949768 
0.0, 0.04678870737552643, 0.7981573343276978 
0.0, 0.06485823541879654, 0.8965504169464111 
0.0, 0.045279163867235184, 1.1031115055084229 
0.0, 0.06848419457674026, 0.9149008393287659 
0.0, 0.043819136917591095, 1.072962999343872 
0.0, 0.03519805148243904, 0.8837664723396301 
0.0, 0.035893771797418594, 1.0230990648269653 
0.0, 0.044721830636262894, 0.774712085723877 
0.0, 0.04120830446481705, 0.7277992367744446 
0.0, 0.03598037734627724, 0.7853527069091797 
0.0, 0.054999735206365585, 0.9234744906425476 
0.0, 0.04825008660554886, 0.9272500276565552 
0.0, 0.04895691201090813, 0.7724253535270691 
0.0, 0.058774735778570175, 0.6045653223991394 
0.0, 0.04420638829469681, 1.0224586725234985 
0.0, 0.06999436765909195, 0.8194462060928345 
0.0, 0.04266627877950668, 0.6188090443611145 
0.0, 0.05709954723715782, 0.8882617354393005 
0.0, 0.04569906368851662, 1.0109879970550537 
0.0, 0.06061730906367302, 0.6309617161750793 
0.0, 0.05007431283593178, 1.0547255277633667 
0.0, 0.07451698184013367, 0.6444909572601318 
0.0, 0.05576933175325394, 0.8322127461433411 
0.0, 0.05592534318566322, 1.1176128387451172 
0.0, 0.05036421865224838, 0.8691975474357605 
0.0, 0.06343118101358414, 1.1903247833251953 
0.0, 0.06672410666942596, 1.0267587900161743 
0.0, 0.04225437715649605, 0.9490804076194763 
0.0, 0.0544651634991169, 0.832708477973938 
0.0, 0.04089093580842018, 0.6737864017486572 
0.0, 0.07195843011140823, 0.6671673059463501 
0.0, 0.035863373428583145, 1.0043797492980957 
0.0, 0.06738132983446121, 1.0391136407852173 
0.0, 0.054349277168512344, 0.7804602384567261 
0.0, 0.0398525595664978, 0.8705267310142517 
0.0, 0.06310950219631195, 0.9885151386260986 
0.0, 0.05547313019633293, 0.7011074423789978 
0.0, 0.06205467879772186, 0.8272008895874023 
0.0, 0.052512072026729584, 0.6766352653503418 
0.0, 0.06767228245735168, 0.7102482318878174 
0.0, 0.058344271034002304, 0.6693093180656433 
0.0, 0.04632800444960594, 1.01726496219635 
0.0, 0.06810931861400604, 1.223468542098999 
0.0, 0.06418953090906143, 0.763331413269043 
0.0, 0.0448879636824131, 0.7064175605773926 
0.0, 0.052942726761102676, 0.6472447514533997 
0.0, 0.046842072159051895, 0.9778726696968079 
0.0, 0.04174619913101196, 0.9106662273406982 
0.0, 0.05661552771925926, 0.7767400145530701 
0.0, 0.06421621888875961, 0.8345032930374146 
0.0, 0.033387690782547, 0.6929299831390381 
0.0, 0.0579506941139698, 0.6145022511482239 
0.0, 0.04205207899212837, 1.2136486768722534 
0.0, 0.05940461531281471, 1.2275758981704712 
0.0, 0.05954340845346451, 0.5283666849136353 
0.0, 0.047709494829177856, 0.9677752256393433 
0.0, 0.0581761859357357, 0.7440946102142334 
0.0, 0.05042809993028641, 1.2164510488510132 
0.0, 0.05690249800682068, 0.6574023962020874 
0.0, 0.042297668755054474, 0.473692923784256 
0.0, 0.05912165716290474, 0.5521750450134277 
0.0, 0.03558759018778801, 0.8709782361984253 
0.0, 0.05114777013659477, 0.4882715046405792 
0.0, 0.045164838433265686, 0.8354682922363281 
0.0, 0.04471353068947792, 1.2832075357437134 
0.0, 0.045541346073150635, 1.3959722518920898 
0.0, 0.07417934387922287, 0.8675861358642578 
0.0, 0.058086708188056946, 1.1650382280349731 
0.0, 0.049137625843286514, 0.6578888893127441 
0.0, 0.06554337590932846, 0.6666728258132935 
0.0, 0.07700097560882568, 0.9849985837936401 
0.0, 0.052118171006441116, 0.8843645453453064 
0.0, 0.06303829699754715, 0.9464592337608337 
0.0, 0.048577744513750076, 0.6623329520225525 
0.0, 0.06465350836515427, 1.0396281480789185 
0.0, 0.0426798053085804, 1.0895363092422485 
0.0, 0.06567124277353287, 0.8335768580436707 
0.0, 0.05178527161478996, 0.8649227619171143 
0.0, 0.03995521739125252, 0.6186527013778687 
0.0, 0.03679598495364189, 0.9027429819107056 
0.0, 0.04980246350169182, 1.0300761461257935 
0.0, 0.05312748998403549, 0.6875694394111633 
0.0, 0.034137580543756485, 0.8378815650939941 
0.0, 0.04137544706463814, 0.48261788487434387 
0.0, 0.045507438480854034, 0.5488582849502563 
0.0, 0.038874879479408264, 0.7392892837524414 
0.0, 0.04408223554491997, 0.7430129647254944 
0.0, 0.0377051867544651, 0.8834173679351807 
0.0, 0.048280924558639526, 0.6118890047073364 
0.0, 0.0414297915995121, 0.8601232171058655 
0.0, 0.05800732597708702, 0.7224361896514893 
0.0, 0.052075956016778946, 0.8210440278053284 
0.0, 0.05064690113067627, 0.6376064419746399 
0.0, 0.052860576659440994, 0.8239771723747253 
0.0, 0.0573580376803875, 0.8473540544509888 
0.0, 0.08318034559488297, 0.8225521445274353 
0.0, 0.0471503771841526, 0.8225262761116028 
0.0, 0.05460154637694359, 0.664885938167572 
0.0, 0.05674821138381958, 0.8558868765830994 
0.0, 0.05149019509553909, 0.9108734130859375 
0.0, 0.0617806576192379, 0.6724761128425598 
0.0, 0.06528095155954361, 0.5513893365859985 
0.0, 0.05176958441734314, 0.9371880292892456 
0.0, 0.07086755335330963, 0.676902711391449 
0.0, 0.07210137695074081, 0.7959011793136597 
0.0, 0.04467234015464783, 0.9804777503013611 
0.0, 0.05035032704472542, 0.6662186980247498 
0.0, 0.04676542431116104, 0.5867298245429993 
0.0, 0.0567394457757473, 0.6848874092102051 
0.0, 0.058699022978544235, 1.0516709089279175 
0.0, 0.05709579214453697, 0.715248703956604 
0.0, 0.06846274435520172, 0.42260462045669556 
0.0, 0.04896513372659683, 0.7636956572532654 
0.0, 0.05005330592393875, 1.074730634689331 
0.0, 0.06936660408973694, 0.741667628288269 
0.0, 0.06372371315956116, 0.7846934199333191 
0.0, 0.07755183428525925, 0.9252403378486633 
0.0, 0.05425066128373146, 0.6098842620849609 
0.0, 0.041603319346904755, 0.8474496603012085 
0.0, 0.07080461084842682, 0.7924671769142151 
0.0, 0.060812193900346756, 0.7644638419151306 
0.0, 0.05082003399729729, 0.7126553058624268 
0.0, 0.03746383637189865, 0.8300171494483948 
0.0, 0.04242276772856712, 0.6899978518486023 
0.0, 0.039059072732925415, 0.5089755654335022 
0.0, 0.05782119557261467, 0.7015040516853333 
0.0, 0.04729512706398964, 0.8382263779640198 
0.0, 0.05638342350721359, 0.5071117281913757 
0.0, 0.045272164046764374, 0.8706349730491638 
0.0, 0.06397130340337753, 0.7336355447769165 
0.0, 0.07329971343278885, 0.7219804525375366 
0.0, 0.07741427421569824, 0.7942809462547302 
0.0, 0.07418042421340942, 0.6968625783920288 
0.0, 0.06271076202392578, 0.822077214717865 
0.0, 0.06940508633852005, 1.1262010335922241 
0.0, 0.05106605589389801, 0.9815714359283447 
0.0, 0.06932144612073898, 0.930982768535614 
0.0, 0.069975845515728, 1.1335957050323486 
0.0, 0.05105694755911827, 0.9518471956253052 
0.0, 0.049144525080919266, 0.8854159116744995 
0.0, 0.05532188341021538, 0.7408760190010071 
0.0, 0.07029332965612411, 0.9848483204841614 
0.0, 0.061182886362075806, 0.5511144995689392 
0.0, 0.054893337190151215, 0.8155895471572876 
0.0, 0.06933599710464478, 0.9460465312004089 
0.0, 0.05714504420757294, 0.7579765319824219 
0.0, 0.06687325984239578, 0.6091102957725525 
0.0, 0.052599020302295685, 0.8623619079589844 
0.0, 0.08265365660190582, 0.905957043170929 
0.0, 0.061492919921875, 1.015797734260559 
0.0, 0.05274558812379837, 0.6801120042800903 
0.0, 0.06246264651417732, 0.7638370394706726 
0.0, 0.06861884891986847, 0.8838246464729309 
0.0, 0.05658252164721489, 0.833196222782135 
0.0, 0.05988970771431923, 0.5783023238182068 
0.0, 0.06258757412433624, 0.42947816848754883 
0.0, 0.05622139200568199, 0.9787668585777283 
0.0, 0.07365911453962326, 0.7955878376960754 
0.0, 0.07948918640613556, 0.6800636649131775 
0.0, 0.04308902099728584, 0.9791120886802673 
0.0, 0.06121239811182022, 0.807704746723175 
0.0, 0.05658572539687157, 0.5794162154197693 
0.0, 0.050121672451496124, 0.7786964774131775 
0.0, 0.05513635650277138, 0.5223447680473328 
0.0, 0.05927637591958046, 0.8191226124763489 
0.0, 0.040988221764564514, 0.9633544087409973 
0.0, 0.06614331901073456, 0.9632949233055115 
0.0, 0.04776344820857048, 0.775831401348114 
0.0, 0.0533115528523922, 0.7168816328048706 
0.0, 0.04507561773061752, 0.5507696270942688 
0.0, 0.07161499559879303, 0.911641538143158 
0.0, 0.06393706053495407, 0.7317447662353516 
0.0, 0.055712491273880005, 0.6730846762657166 
0.0, 0.06981083005666733, 0.5352679491043091 
0.0, 0.0559065006673336, 0.744958221912384 
0.0, 0.03878805786371231, 0.9471297860145569 
0.0, 0.04865122586488724, 0.8825744390487671 
0.0, 0.051051992923021317, 0.6388792395591736 
0.0, 0.0652584359049797, 0.8235028386116028 
0.0, 0.04794586822390556, 0.7723183035850525 
0.0, 0.08227849006652832, 1.0630073547363281 
0.0, 0.04620596393942833, 0.5722556114196777 
0.0, 0.08040978014469147, 0.836262583732605 
0.0, 0.06310895085334778, 0.5061711072921753 
0.0, 0.05581062659621239, 0.8447049856185913 
0.0, 0.05374133586883545, 0.5552015900611877 
0.0, 0.054718561470508575, 0.4469459354877472 
0.0, 0.07679394632577896, 0.7700560688972473 
0.0, 0.05551489070057869, 0.6673391461372375 
0.0, 0.055677976459264755, 0.8293944001197815 
0.0, 0.06836948543787003, 0.9386164546012878 
0.0, 0.06920437514781952, 0.7008621096611023 
0.0, 0.0962677001953125, 0.8982731699943542 
0.0, 0.07453904300928116, 1.072458028793335 
0.0, 0.05332136154174805, 0.7821178436279297 
0.0, 0.04877530783414841, 0.6614593863487244 
0.0, 0.05802687630057335, 0.8142080903053284 
0.0, 0.05750579386949539, 0.6127398014068604 
0.0, 0.051177892833948135, 0.509478747844696 
0.0, 0.050128135830163956, 0.717512309551239 
0.0, 0.06127779558300972, 0.7930918335914612 
0.0, 0.06365695595741272, 0.5880829691886902 
0.0, 0.056771304458379745, 0.9391535520553589 
0.0, 0.06448009610176086, 0.8564685583114624 
0.0, 0.07839441299438477, 1.2490653991699219 
0.0, 0.05879250168800354, 1.119641661643982 
0.0, 0.0630805492401123, 1.2101949453353882 
0.0, 0.05651348456740379, 0.6227222681045532 
0.0, 0.07090200483798981, 0.8523600697517395 
0.0, 0.06241228058934212, 0.7361807823181152 
0.0, 0.05691017583012581, 0.5995430946350098 
0.0, 0.056866735219955444, 0.7488544583320618 
0.0, 0.07056247442960739, 0.7392433881759644 
0.0, 0.05300380662083626, 0.6908885836601257 
0.0, 0.0737779289484024, 0.7719504833221436 
0.0, 0.05108936131000519, 0.8112627267837524 
0.0, 0.0445869117975235, 0.7251138091087341 
0.0, 0.048334382474422455, 0.6531848907470703 
0.0, 0.05500882863998413, 0.6464271545410156 
0.0, 0.06560449302196503, 0.6937791109085083 
0.0, 0.05642322450876236, 0.8028075695037842 
0.0, 0.07244694232940674, 0.840632975101471 
0.0, 0.06542012095451355, 0.7316718697547913 
0.0, 0.07416301965713501, 0.4687821865081787 
0.0, 0.0662444457411766, 0.9926140904426575 
0.0, 0.052560966461896896, 0.8699355721473694 
0.0, 0.10014409571886063, 0.8381801843643188 
0.0, 0.0651385635137558, 0.6803143620491028 
0.0, 0.07637577503919601, 1.0569517612457275 
0.0, 0.07712805271148682, 0.831156313419342 
0.0, 0.06066283583641052, 0.7069631218910217 
0.0, 0.06961364299058914, 0.7016879916191101 
0.0, 0.05190109461545944, 0.9808375835418701 
0.0, 0.04360153526067734, 0.6800921559333801 
0.0, 0.04499725252389908, 0.5858001112937927 
0.0, 0.04993216693401337, 0.6305147409439087 
0.0, 0.05114058777689934, 0.4710751473903656 
0.0, 0.0502561554312706, 0.6375632882118225 
0.0, 0.06419198960065842, 0.6956977248191833 
0.0, 0.06867416203022003, 1.2414757013320923 
0.0, 0.07479746639728546, 0.5279228091239929 
0.0, 0.05578901246190071, 0.7009692192077637 
0.0, 0.049131251871585846, 0.8078749179840088 
0.0, 0.058995570987463, 0.4900663197040558 
0.0, 0.06416118144989014, 0.7255210280418396 
0.0, 0.07564787566661835, 0.6656343340873718 
0.0, 0.04978089779615402, 0.7224886417388916 
0.0, 0.06521511822938919, 0.5520697236061096 
0.0, 0.0776326134800911, 0.564418375492096 
0.0, 0.07134093344211578, 1.4663965702056885 
0.0, 0.06582736223936081, 1.099061369895935 
0.0, 0.04731449484825134, 0.9013051986694336 
0.0, 0.04760229215025902, 0.5776181817054749 
0.0, 0.06328120082616806, 0.6015788912773132 
0.0, 0.06386072188615799, 1.0661184787750244 
0.0, 0.041685957461595535, 0.6105881333351135 
0.0, 0.05918405205011368, 0.5147745609283447 
0.0, 0.051179200410842896, 0.7019903659820557 
0.0, 0.06795310229063034, 0.5875832438468933 
0.0, 0.061252497136592865, 0.8090234994888306 
0.0, 0.051419589668512344, 0.45751503109931946 
0.0, 0.06237968057394028, 0.6165863871574402 
0.0, 0.06388271600008011, 0.698298990726471 
0.0, 0.07299493253231049, 0.8452363014221191 
0.0, 0.06941112130880356, 0.7455679178237915 
0.0, 0.05286434292793274, 0.7943269610404968 
0.0, 0.05869744345545769, 1.1110931634902954 
0.0, 0.056981246918439865, 0.7084285020828247 
0.0, 0.048462655395269394, 0.4863879382610321 
0.0, 0.07332447916269302, 0.4891792833805084 
0.0, 0.05735817179083824, 0.6276735067367554 
0.0, 0.040295396000146866, 0.6738170981407166 
0.0, 0.0707768052816391, 0.8750742673873901 
0.0, 0.05650924891233444, 0.7587161064147949 
0.0, 0.04763856530189514, 0.8232924342155457 
0.0, 0.053332842886447906, 0.9805195331573486 
0.0, 0.07482468336820602, 0.7499298453330994 
0.0, 0.06053413078188896, 0.7220008969306946 
0.0, 0.06604021042585373, 0.5786742568016052 
0.0, 0.0491870641708374, 0.7299000024795532 
0.0, 0.06106908246874809, 0.6800307035446167 
0.0, 0.05899623781442642, 0.48358651995658875 
0.0, 0.06042340770363808, 0.9074468612670898 
0.0, 0.057667430490255356, 0.9252690672874451 
0.0, 0.07082627713680267, 0.9364104866981506 
0.0, 0.07458274066448212, 1.096956491470337 
0.0, 0.04544439539313316, 0.8634524345397949 
0.0, 0.05665842443704605, 0.7516956329345703 
0.0, 0.05386749655008316, 0.7504186630249023 
0.0, 0.05900523439049721, 0.6088936924934387 
0.0, 0.049275804311037064, 0.6631536483764648 
0.0, 0.06473889946937561, 0.5842810273170471 
0.0, 0.04876468703150749, 0.9066628217697144 
0.0, 0.05982210487127304, 0.505630612373352 
0.0, 0.056805215775966644, 0.6284937262535095 
0.0, 0.0711318850517273, 0.5485906004905701 
0.0, 0.06966359168291092, 0.723706066608429 
0.0, 0.08293934166431427, 0.8182435631752014 
0.0, 0.057823438197374344, 1.2172125577926636 
0.0, 0.07052180916070938, 1.4080911874771118 
0.0, 0.06952983140945435, 0.6782733798027039 
0.0, 0.0566992424428463, 1.0997917652130127 
0.0, 0.06033579632639885, 0.7935287952423096 
0.0, 0.06012926250696182, 0.5118354558944702 
0.0, 0.06734748929738998, 0.5938063859939575 
0.0, 0.06930403411388397, 0.7532796263694763 
0.0, 0.04853440448641777, 0.9257658123970032 
0.0, 0.055825259536504745, 0.8224644064903259 
0.0, 0.06256213039159775, 0.8514557480812073 
0.0, 0.06036851182579994, 0.8407107591629028 
0.0, 0.07222343981266022, 0.5490383505821228 
0.0, 0.07099556922912598, 1.2066000699996948 
0.0, 0.049105312675237656, 0.5054619908332825 
0.0, 0.05686581879854202, 0.6872827410697937 
0.0, 0.08455006778240204, 0.5788068771362305 
0.0, 0.07026530057191849, 0.6908599734306335 
0.0, 0.07422827929258347, 0.9190163016319275 
0.0, 0.06845662742853165, 0.6896728277206421 
0.0, 0.057116806507110596, 0.7325125336647034 
0.0, 0.06747285276651382, 0.7328704595565796 
0.0, 0.05954935774207115, 0.7477023005485535 
0.0, 0.05620003119111061, 0.7368651628494263 
0.0, 0.05911632627248764, 0.5933246612548828 
0.0, 0.05780308321118355, 0.5333959460258484 
0.0, 0.0650918260216713, 1.041446328163147 
0.0, 0.05318396911025047, 0.8946889638900757 
0.0, 0.08432663232088089, 0.6761253476142883 
0.0, 0.07626858353614807, 0.6649077534675598 
0.0, 0.07405568659305573, 0.8472493886947632 
0.0, 0.05571821331977844, 0.6392089128494263 
0.0, 0.05612064152956009, 0.5653274059295654 
0.0, 0.061089638620615005, 0.47274744510650635 
0.0, 0.048718709498643875, 0.5917717218399048 
0.0, 0.06372307986021042, 0.6323592662811279 
0.0, 0.05428970977663994, 0.6393642425537109 
0.0, 0.06489656120538712, 0.5758828520774841 
0.0, 0.05910307914018631, 0.6398772597312927 
0.0, 0.046594977378845215, 0.34577062726020813 
0.0, 0.04620499163866043, 1.0665042400360107 
0.0, 0.09031979739665985, 0.796168863773346 
0.0, 0.09346567839384079, 0.6370704174041748 
0.0, 0.059621673077344894, 0.6091185212135315 
0.0, 0.07537057995796204, 0.8162539601325989 
0.0, 0.0677417665719986, 0.5124742984771729 
0.0, 0.08118496835231781, 1.1280341148376465 
0.0, 0.07015374302864075, 0.639227032661438 
0.0, 0.07480001449584961, 0.7276595234870911 
0.0, 0.05243945121765137, 1.029378056526184 
0.0, 0.0695781335234642, 1.650638461112976 
0.0, 0.06436954438686371, 0.6896107792854309 
0.0, 0.07178176939487457, 1.0700428485870361 
0.0, 0.07887786626815796, 0.5723389983177185 
0.0, 0.07551383227109909, 1.0026031732559204 
0.0, 0.0477939173579216, 0.5574666857719421 
0.0, 0.0507853627204895, 0.5994601249694824 
0.0, 0.05777851864695549, 0.6317969560623169 
0.0, 0.07082685083150864, 0.8779643774032593 
0.0, 0.054284241050481796, 0.8772811889648438 
0.0, 0.07511954754590988, 0.6445250511169434 
0.0, 0.07064732164144516, 0.8011124730110168 
0.0, 0.06516870111227036, 0.9537059664726257 
0.0, 0.07829315960407257, 0.8351359963417053 
0.0, 0.06427361816167831, 0.5402751564979553 
0.0, 0.05713661387562752, 0.6868723630905151 
0.0, 0.06995664536952972, 0.7414639592170715 
0.0, 0.05411931499838829, 0.984453022480011 
0.0, 0.05355997756123543, 0.7486767768859863 
0.0, 0.03800922632217407, 0.687867283821106 
0.0, 0.07074398547410965, 0.5249088406562805 
0.0, 0.06070437282323837, 0.6765745878219604 
0.0, 0.06067711114883423, 0.4628128409385681 
0.0, 0.06268148869276047, 0.7083418965339661 
0.0, 0.07382044941186905, 0.9795588850975037 
0.0, 0.06101328134536743, 0.3954062759876251 
0.0, 0.06912069022655487, 0.5054596662521362 
0.0, 0.08917053043842316, 0.7514114379882812 
0.0, 0.07087310403585434, 0.9536666870117188 
0.0, 0.0723976269364357, 0.7018263339996338 
0.0, 0.06993336230516434, 0.5752674341201782 
0.0, 0.06359564512968063, 0.8972184062004089 
0.0, 0.08647079020738602, 1.0606054067611694 
0.0, 0.06600409001111984, 0.77326500415802 
0.0, 0.0682884007692337, 0.6406456828117371 
0.0, 0.08825487643480301, 0.9643230438232422 
0.0, 0.10246703773736954, 0.873013436794281 
0.0, 0.046860866248607635, 0.7727422714233398 
0.0, 0.07686830312013626, 0.8533903360366821 
0.0, 0.03438112884759903, 0.6727215647697449 
0.0, 0.06610743701457977, 0.6491616368293762 
0.0, 0.0642080157995224, 0.6219041347503662 
0.0, 0.0602317713201046, 0.9189221262931824 
0.0, 0.08298894017934799, 0.6210481524467468 
0.0, 0.055312629789114, 0.5148196816444397 
0.0, 0.058527376502752304, 0.7461658120155334 
0.0, 0.06857986748218536, 0.9545282125473022 
0.0, 0.07681141793727875, 0.8274042010307312 
0.0, 0.06717387586832047, 0.7143756747245789 
0.0, 0.06947494298219681, 1.0264391899108887 
0.0, 0.07090896368026733, 0.6166335940361023 
0.0, 0.08601921796798706, 1.1017502546310425 
0.0, 0.06256300956010818, 0.9141629338264465 
0.0, 0.07869754731655121, 0.5088385343551636 
0.0, 0.07046137005090714, 0.5885908603668213 
0.0, 0.0843915268778801, 0.6914379596710205 
0.0, 0.09160829335451126, 0.9924543499946594 
0.0, 0.052464839071035385, 0.9255881309509277 
0.0, 0.06774831563234329, 1.3791385889053345 
0.0, 0.0913061574101448, 1.0039469003677368 
0.0, 0.06864095479249954, 1.714450478553772 
0.0, 0.05972059443593025, 0.8798512816429138 
0.0, 0.05345449596643448, 0.5809747576713562 
0.0, 0.06642723828554153, 0.4336715340614319 
0.0, 0.05096803233027458, 0.6844652891159058 
0.0, 0.05297661945223808, 0.6378249526023865 
0.0, 0.06283609569072723, 0.7618359327316284 
0.0, 0.051388178020715714, 0.9590263962745667 
0.0, 0.053362298756837845, 0.720775306224823 
0.0, 0.07023341953754425, 0.578528881072998 
0.0, 0.05657128989696503, 0.550361692905426 
0.0, 0.04682913422584534, 0.41270190477371216 
0.0, 0.0997660830616951, 0.5647029280662537 
0.0, 0.09132833778858185, 0.5977151989936829 
0.0, 0.05568387359380722, 0.5608952641487122 
0.0, 0.06929125636816025, 0.4960801899433136 
0.0, 0.06426774710416794, 0.6007543802261353 
0.0, 0.10282501578330994, 0.728922426700592 
0.0, 0.07025815546512604, 0.906886637210846 
0.0, 0.08287746459245682, 1.1542612314224243 
0.0, 0.08831937611103058, 0.5862773060798645 
0.0, 0.06814239919185638, 0.9389642477035522 
0.0, 0.07404379546642303, 0.5888772010803223 
0.0, 0.05258926749229431, 0.7441877722740173 
0.0, 0.03035159781575203, 0.6277756690979004 
0.0, 0.04937395080924034, 0.7462737560272217 
0.0, 0.0894552543759346, 0.6216067671775818 
0.0, 0.0735539123415947, 0.8263341188430786 
0.0, 0.09610099345445633, 0.7961091995239258 
0.0, 0.07783789932727814, 0.6614096760749817 
0.0, 0.07301025837659836, 1.210667371749878 
0.0, 0.0865558460354805, 0.9697846174240112 
0.0, 0.0663888230919838, 0.9195323586463928 
0.0, 0.06572417169809341, 0.8438507914543152 
0.0, 0.054997630417346954, 0.9097679853439331 
0.0, 0.08639538288116455, 1.1229592561721802 
0.0, 0.0664554014801979, 0.9271339774131775 
0.0, 0.06470499187707901, 0.38508448004722595 
0.0, 0.057532913982868195, 0.6965869069099426 
0.0, 0.06697463989257812, 0.7805162668228149 
0.0, 0.07654618471860886, 0.6836094856262207 
0.0, 0.10670983791351318, 0.768727719783783 
0.0, 0.05629628524184227, 0.5559213161468506 
0.0, 0.07089924067258835, 0.7828225493431091 
0.0, 0.05510900169610977, 1.0095789432525635 
0.0, 0.05420373007655144, 0.7784945368766785 
0.0, 0.06639335304498672, 0.6074618101119995 
0.0, 0.07585582882165909, 0.7518293261528015 
0.0, 0.0624353289604187, 1.1221575736999512 
0.0, 0.07562217861413956, 1.3580743074417114 
0.0, 0.09484758973121643, 0.5754452347755432 
0.0, 0.06639529019594193, 0.9019272923469543 
0.0, 0.06545120477676392, 1.240013837814331 
0.0, 0.07220572233200073, 0.6337248682975769 
0.0, 0.08368045091629028, 0.7477220296859741 
0.0, 0.04818006604909897, 0.7388861775398254 
0.0, 0.06691154092550278, 0.5525482892990112 
0.0, 0.05928009748458862, 0.5689310431480408 
0.0, 0.08259405940771103, 0.7559297680854797 
0.0, 0.08202584832906723, 0.654349684715271 
0.0, 0.08741305768489838, 0.7441878914833069 
0.0, 0.07552383095026016, 0.7099217176437378 
0.0, 0.06079678237438202, 0.98060142993927 
0.0, 0.06992501765489578, 1.387503981590271 
0.0, 0.06998364627361298, 0.5612828731536865 
0.0, 0.08114670217037201, 0.8779895901679993 
0.0, 0.07485325634479523, 0.5426954030990601 
0.0, 0.054655302315950394, 0.29804351925849915 
0.0, 0.0645199865102768, 0.7373161911964417 
0.0, 0.062032219022512436, 0.7476996779441833 
0.0, 0.07826583087444305, 0.8891077041625977 
0.0, 0.0681408941745758, 0.5891206860542297 
0.0, 0.07208872586488724, 0.8974676728248596 
0.0, 0.0578388050198555, 0.5222722887992859 
0.0, 0.06802012771368027, 0.8151930570602417 
0.0, 0.07371150702238083, 0.9768971800804138 
0.0, 0.043416980654001236, 0.5297284722328186 
0.0, 0.06711291521787643, 0.7115442156791687 
0.0, 0.06878297030925751, 0.8382692933082581 
0.0, 0.07402307540178299, 0.7070980072021484 
0.0, 0.056656572967767715, 0.6996830701828003 
0.0, 0.05645156279206276, 0.6422885060310364 
0.0, 0.056321389973163605, 0.35660678148269653 
0.0, 0.05142524465918541, 0.6394165754318237 
0.0, 0.0628407746553421, 0.7848258018493652 
0.0, 0.056209586560726166, 0.4840960204601288 
0.0, 0.08688998967409134, 0.6295537948608398 
0.0, 0.04828386381268501, 0.5653442740440369 
0.0, 0.054975900799036026, 0.7928521633148193 
0.0, 0.09051001816987991, 0.4392798840999603 
0.0, 0.08078426122665405, 1.8470066785812378 
0.0, 0.10065687447786331, 3.35788631439209 
0.0, 0.06770389527082443, 1.452201247215271 
0.0, 0.07687235623598099, 0.5788997411727905 
0.0, 0.05841052159667015, 1.0263837575912476 
0.0, 0.056299932301044464, 1.171029806137085 
0.0, 0.05672653391957283, 0.7361558079719543 
0.0, 0.052732162177562714, 0.3834540545940399 
0.0, 0.04039452224969864, 0.6952638626098633 
0.0, 0.05467638000845909, 0.5213240385055542 
0.0, 0.058463774621486664, 1.2429673671722412 
0.0, 0.06375294178724289, 0.48089784383773804 
0.0, 0.04499058052897453, 0.5736676454544067 
0.0, 0.06357236206531525, 0.7445201277732849 
0.0, 0.06588916480541229, 0.38708317279815674 
0.0, 0.06615704298019409, 0.6606172323226929 
0.0, 0.0478217788040638, 0.7057889699935913 
0.0, 0.05650443211197853, 0.7857962250709534 
0.0, 0.056221555918455124, 0.6658071279525757 
0.0, 0.05664936080574989, 0.7484928965568542 
0.0, 0.05163167044520378, 0.6906097531318665 
0.0, 0.055215828120708466, 0.7743609547615051 
0.0, 0.06931252777576447, 0.7302432060241699 
0.0, 0.06300601363182068, 1.0745904445648193 
0.0, 0.05337350070476532, 0.6399335265159607 
0.0, 0.05454184487462044, 0.6041392087936401 
0.0, 0.04916522651910782, 1.0080641508102417 
0.0, 0.06576904654502869, 0.6103061437606812 
0.0, 0.06169973313808441, 0.5472732782363892 
0.0, 0.057778097689151764, 0.5863378643989563 
0.0, 0.07184293866157532, 0.634506106376648 
0.0, 0.0818457081913948, 0.583501398563385 
0.0, 0.06313202530145645, 0.5001742243766785 
0.0, 0.05865288898348808, 0.8081210255622864 
0.0, 0.05516403540968895, 0.9954518675804138 
0.0, 0.0660865530371666, 0.4254431426525116 
0.0, 0.05614132434129715, 0.613135814666748 
0.0, 0.0494970865547657, 1.0782581567764282 
0.0, 0.06992125511169434, 0.845390260219574 
0.0, 0.06378653645515442, 0.6918322443962097 
0.0, 0.08705083280801773, 0.6791783571243286 
0.0, 0.06417015194892883, 0.3867452144622803 
0.0, 0.06870560348033905, 0.35648754239082336 
0.0, 0.06312835216522217, 0.8433433175086975 
0.0, 0.06633653491735458, 0.565259575843811 
0.0, 0.0457276850938797, 0.6154027581214905 
0.0, 0.059245526790618896, 0.6635928750038147 
0.0, 0.055392589420080185, 0.7665438055992126 
0.0, 0.07034100592136383, 0.9248899817466736 
0.0, 0.06688898056745529, 0.6351237893104553 
0.0, 0.06191272288560867, 0.7945143580436707 
0.0, 0.05233556032180786, 0.43553993105888367 
0.0, 0.07940809428691864, 0.7876912951469421 
0.0, 0.06930644810199738, 0.6192440390586853 
0.0, 0.06535814702510834, 0.5672425627708435 
0.0, 0.055508799850940704, 0.3666614294052124 
0.0, 0.06057288125157356, 0.511836588382721 
0.0, 0.08297454565763474, 0.6001570224761963 
0.0, 0.06853066384792328, 0.7284378409385681 
0.0, 0.07512184232473373, 0.5850805640220642 
0.0, 0.08078734576702118, 0.6318222284317017 
0.0, 0.061267074197530746, 0.4629316031932831 
0.0, 0.07382766157388687, 0.46238043904304504 
0.0, 0.07248250395059586, 0.6880966424942017 
0.0, 0.06413969397544861, 1.1036064624786377 
0.0, 0.08021531999111176, 0.8156349658966064 
0.0, 0.04830872640013695, 0.5482643246650696 
0.0, 0.059869468212127686, 0.628320574760437 
0.0, 0.059853021055459976, 0.6968204975128174 
0.0, 0.06458066403865814, 0.6500934958457947 
0.0, 0.06254459172487259, 0.6851571798324585 
0.0, 0.05309513583779335, 0.6266337633132935 
0.0, 0.05703568458557129, 0.6265352368354797 
0.0, 0.07995769381523132, 0.6181811094284058 
0.0, 0.05797616019845009, 0.5522116422653198 
0.0, 0.0670233815908432, 0.6577227115631104 
0.0, 0.056141678243875504, 0.4781017303466797 
0.0, 0.06724216043949127, 0.46730661392211914 
0.0, 0.059100326150655746, 0.5113939046859741 
0.0, 0.07318919897079468, 0.6138480305671692 
0.0, 0.06983672827482224, 0.7315398454666138 
0.0, 0.07441850006580353, 0.7516917586326599 
0.0, 0.05351189151406288, 0.3120066225528717 
0.0, 0.08142941445112228, 0.5468928813934326 
0.0, 0.06451472640037537, 0.3444475829601288 
0.0, 0.07052163779735565, 0.6003199815750122 
0.0, 0.06590469926595688, 0.4811278283596039 
0.0, 0.044831253588199615, 0.3193853199481964 
0.0, 0.08286599069833755, 0.8013474941253662 
0.0, 0.08174443244934082, 0.52536541223526 
0.0, 0.04881424829363823, 0.4528363347053528 
0.0, 0.07813771814107895, 1.05084228515625 
0.0, 0.06471510976552963, 0.3958701193332672 
0.0, 0.05867920070886612, 0.476868599653244 
0.0, 0.08918678015470505, 0.9061611890792847 
0.0, 0.06998810172080994, 0.5210885405540466 
0.0, 0.0776437446475029, 0.39488688111305237 
0.0, 0.07838578522205353, 0.6698690056800842 
0.0, 0.10286879539489746, 1.0035054683685303 
0.0, 0.05408947542309761, 0.5935212969779968 
0.0, 0.08038879930973053, 0.6090317368507385 
0.0, 0.07043053954839706, 0.9153084754943848 
0.0, 0.058659300208091736, 0.7160279154777527 
0.0, 0.07205038517713547, 0.5356993079185486 
0.0, 0.06550905108451843, 0.6139472126960754 
0.0, 0.0835961252450943, 1.0886361598968506 
0.0, 0.06476525217294693, 0.5846353769302368 
0.0, 0.06585060060024261, 0.4391234815120697 
0.0, 0.04692455753684044, 0.6148164868354797 
0.0, 0.07673587650060654, 0.6736141443252563 
0.0, 0.08693037927150726, 0.2263813316822052 
0.0, 0.07409895956516266, 0.910027027130127 
0.0, 0.08584694564342499, 0.5962605476379395 
0.0, 0.09551499783992767, 0.7263229489326477 
0.0, 0.0699949562549591, 0.6110401749610901 
0.0, 0.05949724465608597, 0.6010485291481018 
0.0, 0.07510184496641159, 0.590882420539856 
0.0, 0.0667971596121788, 1.1155997514724731 
0.0, 0.07301101833581924, 0.7418498992919922 
0.0, 0.048108261078596115, 0.39641016721725464 
0.0, 0.07301818579435349, 0.44191378355026245 
0.0, 0.07466907799243927, 0.533054769039154 
0.0, 0.09438548982143402, 0.3781338036060333 
0.0, 0.0691908597946167, 0.5346598029136658 
0.0, 0.06525885313749313, 0.43331119418144226 
0.0, 0.057572830468416214, 0.683144748210907 
0.0, 0.07769500464200974, 0.9372508525848389 
0.0, 0.06963486224412918, 0.9264870882034302 
0.0, 0.06188879907131195, 0.6176043748855591 
0.0, 0.08297494798898697, 0.5254610776901245 
0.0, 0.0973682552576065, 0.6160532236099243 
0.0, 0.07402012497186661, 0.6856384873390198 
0.0, 0.0624501071870327, 0.7032594680786133 
0.0, 0.07135150581598282, 0.5087618827819824 
0.0, 0.07134701311588287, 0.6135978102684021 
0.0, 0.07929818332195282, 0.5103583335876465 
0.0, 0.0689295157790184, 0.4873001277446747 
0.0, 0.07490846514701843, 0.7483774423599243 
0.0, 0.07365158945322037, 0.6534968018531799 
0.0, 0.07233979552984238, 0.8994503617286682 
0.0, 0.07794271409511566, 0.9599634408950806 
0.0, 0.09422124922275543, 0.48977598547935486 
0.0, 0.08825758099555969, 0.6592729091644287 
0.0, 0.03930961713194847, 0.5664086937904358 
0.0, 0.08669865876436234, 0.5064821243286133 
0.0, 0.06150438264012337, 0.8344478011131287 
0.0, 0.06172576919198036, 0.64951092004776 
0.0, 0.06895521283149719, 0.4060252606868744 
0.0, 0.08180996030569077, 0.6507098078727722 
0.0, 0.06758090853691101, 0.6877583861351013 
0.0, 0.06717545539140701, 0.9570668935775757 
0.0, 0.05858728662133217, 0.5135594606399536 
0.0, 0.07302052527666092, 0.7431245446205139 
0.0, 0.04307902231812477, 0.29172247648239136 
0.0, 0.06088324636220932, 0.4307411313056946 
0.0, 0.059743739664554596, 0.522329568862915 
0.0, 0.06249932572245598, 0.738404393196106 
0.0, 0.07485735416412354, 0.5740114450454712 
0.0, 0.06472019851207733, 0.7199706435203552 
0.0, 0.0873098075389862, 0.6990031003952026 
0.0, 0.06660981476306915, 1.0266531705856323 
0.0, 0.08001332730054855, 1.223530650138855 
0.0, 0.05512513965368271, 0.479583740234375 
0.0, 0.07248341292142868, 0.4995248317718506 
0.0, 0.058476824313402176, 0.4661004841327667 
0.0, 0.10955255478620529, 0.6841975450515747 
0.0, 0.07292293757200241, 0.597720742225647 
0.0, 0.07496539503335953, 0.9143074750900269 
0.0, 0.0596780851483345, 0.8243860006332397 
0.0, 0.07418496906757355, 0.7174005508422852 
0.0, 0.06195732206106186, 0.9914988279342651 
0.0, 0.060167934745550156, 0.46260955929756165 
0.0, 0.0776200219988823, 0.6986063122749329 
0.0, 0.05797072872519493, 0.747530996799469 
0.0, 0.06987129151821136, 0.7592595815658569 
0.0, 0.07298968732357025, 0.6518300175666809 
0.0, 0.04997071623802185, 0.3383259177207947 
0.0, 0.07616732269525528, 0.6932126879692078 
0.0, 0.07502304017543793, 0.5031832456588745 
0.0, 0.05933376029133797, 0.4513033926486969 
0.0, 0.062465984374284744, 0.4988377094268799 
0.0, 0.06319734454154968, 0.4882888197898865 
0.0, 0.05994981527328491, 0.5974653363227844 
0.0, 0.06145890802145004, 0.5426734089851379 
0.0, 0.07078293710947037, 0.3914596438407898 
0.0, 0.06305466592311859, 0.704314649105072 
0.0, 0.06116672605276108, 0.8360167741775513 
0.0, 0.06562195718288422, 0.7200978994369507 
0.0, 0.07221131771802902, 0.28470706939697266 
0.0, 0.06562937051057816, 0.6895788908004761 
0.0, 0.06430258601903915, 0.5065921545028687 
0.0, 0.06938795745372772, 0.5915700197219849 
0.0, 0.05668583884835243, 0.4258257746696472 
0.0, 0.04111634939908981, 0.47306951880455017 
0.0, 0.0686231181025505, 0.8598282933235168 
0.0, 0.07608913630247116, 0.40536820888519287 
0.0, 0.057656608521938324, 0.5399407744407654 
0.0, 0.07087017595767975, 0.6900798678398132 
0.0, 0.06615569442510605, 0.7412753105163574 
0.0, 0.07034309208393097, 0.9260406494140625 
0.0, 0.06370409578084946, 0.3834916651248932 
0.0, 0.05455578491091728, 0.6843673586845398 
0.0, 0.06490122526884079, 0.26633328199386597 
0.0, 0.06910223513841629, 0.7185965180397034 
0.0, 0.07317965477705002, 0.7234522104263306 
0.0, 0.07539276778697968, 0.4738762676715851 
0.0, 0.09860282391309738, 0.5335546135902405 
0.0, 0.07143066078424454, 0.727430522441864 
0.0, 0.07095347344875336, 0.5813792943954468 
0.0, 0.07032821327447891, 0.9388217926025391 
0.0, 0.07769910246133804, 0.7910569906234741 
0.0, 0.08787158876657486, 0.68217533826828 
0.0, 0.05580892041325569, 0.5590043067932129 
0.0, 0.07231311500072479, 0.42382118105888367 
0.0, 0.06575122475624084, 0.4520600438117981 
0.0, 0.06130889430642128, 0.5280919075012207 
0.0, 0.04973672330379486, 0.5405867099761963 
0.0, 0.08305448293685913, 0.42018935084342957 
0.0, 0.06960947811603546, 0.6200133562088013 
0.0, 0.061649322509765625, 0.29291805624961853 
0.0, 0.07273975759744644, 0.7699763774871826 
0.0, 0.06929884850978851, 0.4808596968650818 
0.0, 0.07761925458908081, 0.5289216637611389 
0.0, 0.07523141801357269, 0.9971946477890015 
0.0, 0.0642675906419754, 0.5468035936355591 
0.0, 0.09078778326511383, 0.6754921674728394 
0.0, 0.07219501584768295, 0.40016254782676697 
0.0, 0.06223679706454277, 0.4267342984676361 
0.0, 0.08998864144086838, 0.5951079726219177 
0.0, 0.08340953290462494, 1.0892869234085083 
0.0, 0.11043421924114227, 1.046895146369934 
0.0, 0.06531202793121338, 0.9791540503501892 
0.0, 0.06662043184041977, 0.4530174136161804 
0.0, 0.06371863931417465, 0.6956039071083069 
0.0, 0.057469915598630905, 1.3226209878921509 
0.0, 0.07428133487701416, 0.5810120701789856 
0.0, 0.06562889367341995, 0.9411445260047913 
0.0, 0.07787422090768814, 0.6574534773826599 
0.0, 0.060121286660432816, 0.3484463095664978 
0.0, 0.05812506750226021, 0.5183978080749512 
0.0, 0.07788688689470291, 0.5681090354919434 
0.0, 0.10301588475704193, 0.4409554600715637 
0.0, 0.07469341903924942, 0.7166615724563599 
0.0, 0.05636104941368103, 0.5621623396873474 
0.0, 0.07668506354093552, 0.7437914609909058 
0.0, 0.07365526258945465, 0.48935046792030334 
0.0, 0.06402144581079483, 0.7527886629104614 
0.0, 0.05446552485227585, 0.3561393618583679 
0.0, 0.06486246734857559, 0.43112751841545105 
0.0, 0.06447426229715347, 0.4568343758583069 
0.0, 0.06744203716516495, 0.8651981949806213 
0.0, 0.06878792494535446, 0.6445135474205017 
0.0, 0.06747161597013474, 0.5629081130027771 
0.0, 0.08675171434879303, 0.45277485251426697 
0.0, 0.0550808310508728, 0.3997616171836853 
0.0, 0.07456741482019424, 1.0233659744262695 
0.0, 0.06560874730348587, 0.4122310280799866 
0.0, 0.06349071860313416, 0.38619834184646606 
0.0, 0.0771619901061058, 0.8427051305770874 
0.0, 0.06638798117637634, 0.9866605401039124 
0.0, 0.07556445151567459, 0.8515845537185669 
0.0, 0.08624503761529922, 0.6188161969184875 
0.0, 0.05495750159025192, 0.40103673934936523 
0.0, 0.06746936589479446, 0.5091754794120789 
0.0, 0.08166532963514328, 0.869251012802124 
0.0, 0.07043210417032242, 1.056508183479309 
0.0, 0.06812229007482529, 0.9339895248413086 
0.0, 0.07535011321306229, 0.37364712357521057 
0.0, 0.07181572914123535, 0.6746329665184021 
0.0, 0.06923969089984894, 0.879878580570221 
0.0, 0.04777824506163597, 0.6251474618911743 
0.0, 0.07252812385559082, 0.5651914477348328 
0.0, 0.07583671808242798, 0.4959687888622284 
0.0, 0.06671477109193802, 0.4099576771259308 
0.0, 0.054904963821172714, 0.4534991681575775 
0.0, 0.07121656835079193, 0.5215404629707336 
0.0, 0.060076288878917694, 0.8083505630493164 
0.0, 0.06694633513689041, 0.7550226449966431 
0.0, 0.09029427915811539, 0.6090559363365173 
0.0, 0.06772001832723618, 0.8921366930007935 
0.0, 0.08128735423088074, 0.5993079543113708 
0.0, 0.08264892548322678, 0.6954749822616577 
0.0, 0.05398701876401901, 0.45256003737449646 
0.0, 0.07336384803056717, 0.6795901656150818 
0.0, 0.0664808377623558, 0.31926682591438293 
0.0, 0.060945864766836166, 0.41190847754478455 
0.0, 0.07348267734050751, 0.2962373197078705 
0.0, 0.05472075939178467, 0.6340844631195068 
0.0, 0.08681285381317139, 0.5989455580711365 
0.0, 0.06996753066778183, 0.504855215549469 
0.0, 0.09289480745792389, 0.4117403030395508 
0.0, 0.08479908108711243, 0.9503225088119507 
0.0, 0.0823097825050354, 1.4157003164291382 
0.0, 0.08344441652297974, 0.9547727704048157 
0.0, 0.05300514027476311, 0.6790083050727844 
0.0, 0.0755152553319931, 0.4211599826812744 
0.0, 0.08262483775615692, 0.4106740653514862 
0.0, 0.06972862035036087, 0.5365363359451294 
0.0, 0.0551171638071537, 0.34819626808166504 
0.0, 0.06777597218751907, 0.554277777671814 
0.0, 0.07728677242994308, 0.5041503310203552 
0.0, 0.055115725845098495, 0.5271269679069519 
0.0, 0.06250099092721939, 0.4431024491786957 
0.0, 0.05122852325439453, 0.6591132283210754 
0.0, 0.06780897825956345, 0.4816102683544159 
0.0, 0.05532513186335564, 0.3280114531517029 
0.0, 0.07820186764001846, 0.6562493443489075 
0.0, 0.05128619074821472, 0.48373016715049744 
0.0, 0.05937846750020981, 0.3148197829723358 
0.0, 0.0795028880238533, 0.36178717017173767 
0.0, 0.06633816659450531, 0.8287515640258789 
0.0, 0.07031836360692978, 0.4373916685581207 
0.0, 0.07429040223360062, 0.3918997347354889 
0.0, 0.07169517129659653, 0.7886047959327698 
0.0, 0.05642818659543991, 0.5186547040939331 
0.0, 0.07586002349853516, 0.9992850422859192 
0.0, 0.06891247630119324, 0.8293386697769165 
0.0, 0.07531507313251495, 0.49341636896133423 
0.0, 0.05045226961374283, 0.3570942282676697 
0.0, 0.05663171038031578, 0.3548123240470886 
0.0, 0.05871186405420303, 0.4195261299610138 
0.0, 0.06501171737909317, 0.5118776559829712 
0.0, 0.08352839201688766, 0.7084553241729736 
0.0, 0.059070996940135956, 1.6055799722671509 
0.0, 0.06780711561441422, 0.5886111259460449 
0.0, 0.058518990874290466, 0.4853317439556122 
0.0, 0.09902466833591461, 0.9067085981369019 
0.0, 0.08318816870450974, 0.556052565574646 
0.0, 0.08175360411405563, 0.6089226603507996 
0.0, 0.05658942461013794, 0.26056021451950073 
0.0, 0.07528321444988251, 0.49006912112236023 
0.0, 0.06098543852567673, 0.5287340879440308 
0.0, 0.06023641675710678, 0.4792481064796448 
0.0, 0.07586637884378433, 0.32283756136894226 
0.0, 0.06951607763767242, 0.5543252825737 
0.0, 0.07133875042200089, 0.4100324511528015 
0.0, 0.07783974707126617, 0.34230682253837585 
0.0, 0.08402750641107559, 0.5083077549934387 
0.0, 0.067780502140522, 0.2867662310600281 
