-116.73277568048046
-363.30690538608536
-425.42994661814606
-458.5899479861633
-432.0584862572806
-448.09036624486544
-517.2408818539386
-525.485479644916
-524.2967437181604
-551.4060513193157
-591.466763288744
-546.3725543472624
-636.9142526020103
-590.2980666446247
-663.3916037555115
-627.2934110263526
-680.3211515048682
-727.9731689136698
-727.3715681875906
-689.7920342810143
-738.9492463670018
-762.9308468515422
-708.1748868413785
-695.5894187892087
-786.268029744724
-798.1339754377093
-774.6897503022225
-794.4109673478087
-796.0682670487786
-769.3858764720952
-741.4923108887563
-837.604383679579
-768.3705633137083
-809.5602269678072
-864.7391881635112
-804.1076463004961
-855.1105872475057
-931.8101523263114
-834.4216481485674
-856.159358099309
-900.4761392268167
-869.9876580655849
-907.4220677564771
-807.9612093757374
-892.7070963987007
-931.2144848696098
-843.5224249000373
-893.3114770107005
-941.6686689754785
-892.9409531602113
-921.4266713555508
-859.5299422971664
-903.4086463330528
-913.9742636438889
-915.6707869762649
-894.584981681015
-943.6898856987052
-904.3126338308308
-917.762344365845
-933.2352686235981
-932.5194653981292
-937.6395232468706
-903.8674600662723
-923.2918047926943
-936.1958837992585
-906.2821612731652
-905.4422427849836
-956.4148685789328
-958.2181015190441
-952.5544548913631
-914.0064970974548
-852.190456785914
-893.8152634229529
-922.3168835090602
-960.7849372378142
-923.5870285561557
-922.941040355489
-873.4841359507653
-916.6079168934976
-940.8254344254594
-997.3466197389612
-914.1724264824994
-919.5578602294219
-849.1895374175041
-874.6137455103035
-948.3090866765668
-986.1145029683267
-838.553027930897
-935.0627732167046
-974.1550312921199
-920.449046807355
-928.5309153701852
-880.2316086863592
-932.5588479371664
-862.723091507837
-898.0539843475764
-865.9978090299439
-905.6585267589938
-964.3811479735484
-902.6047458472889
-917.3866632523075
-917.8712539277318
-902.1192099158116
-925.8327077522805
-925.8360578980863
-906.7662194269593
-940.361487384216
-976.4229799525529
-936.7438829131939
-937.0170880111132
-973.5811630152338
-972.2862275646579
-952.6893356956095
-969.3172504759054
-984.5828026274932
-926.9425947457414
-896.9764314950337
-943.2158477537093
-961.8407316779211
-936.5738140756633
-927.5785463834138
-935.4672024986162
-941.8273643106909
-1014.0159629171345
-994.4888554586244
-972.5038931183002
-951.6949982577205
-938.788270466888
-996.5786731210172
-891.0256777908395
-884.7705271848336
-907.8576003747053
-933.7489728444183
-966.9942271061208
-926.4405182605515
-940.8648387056342
-941.170387465833
-978.5750259715841
-903.9010456278577
-997.2266715660622
-1009.2993506682084
-966.1050471644247
-983.5271256266651
-931.2904578441849
-1017.3852139661939
-1047.8524977512623
-944.9066859654018
-980.3353787259572
-1003.407226188941
-969.4873659072384
-932.9165694702606
-1006.6376207061627
-875.9745931141937
-957.8585599029119
-1012.9739992036248
-990.7486837009131
-1027.6721254230094
-1023.4797161823044
-1005.8677104299519
-982.9918715305593
-950.2379718486065
-991.9600627740957
-947.0127940990958
-990.4389006794872
-1046.6919874200073
-1034.1957798795218
-967.4318011499221
-943.6767768508279
-1013.9796718825943
-896.3788206038937
-974.1031823575771
-1013.5643998598723
-996.4950634301533
-943.0750210428018
-959.4637843716529
-1027.6901613578268
-987.0281709701784
-958.2963427706248
-943.2456081583753
-1021.6353974715905
-1042.326292222546
-983.1676157410793
-1012.868501030355
-1014.5806014592746
-940.3343476941509
-983.3216838572981
-1030.032755653979
-1011.7891120427215
-980.1011719945388
-969.5731883686259
-1026.1482646959719
-968.512831578057
-1020.533240797333
-1011.5519602661309
-1034.8620219076834
-952.0639713480725
-1031.8273409291896
-952.4995701829409
-1008.8091094285112
-1008.7167135757236
-992.2356235134986
-1017.7789229775354
-1021.271058587984
-1059.2191296942224
-1028.024050325842
-1006.8000057336922
-1033.5150583889078
-1052.4767328780918
-996.810143756427
-959.8871141424926
-974.4372584523144
-1085.6635609859695
-992.73125684536
-1023.3064358267367
-1068.2913223477553
-986.3826800029948
-1023.7094995876611
-1023.3223010867422
-1070.6116818195114
-964.868949718739
-976.3591555933798
-1021.7406713248398
-1043.4147346953644
-1015.1285422452584
-1021.2189749023332
-1002.1607079483946
-999.0135879868186
-1087.2178485008978
-980.450253236129
-1000.517948519799
-976.8656071781563
-1030.5645860153409
-1043.5454089432817
-980.6919048854282
-992.5229073801348
-977.534585759387
-1052.8498605462264
-965.6174391997025
-999.7598009065549
-967.2813047242055
-963.9594266513526
-1017.9264937985328
-1058.6893259984556
-1019.5585850746401
-1063.5869636359853
-1060.2462711597918
-1060.9857241722846
-998.2808031882009
-1011.3008079396964
-1014.5568079443021
-1039.6626236427765
-976.5934535698957
-1066.8713668436499
-1014.2283480068505
-1001.171805463079
-1052.0774253810057
-1035.5918004699568
-1041.441619662096
-993.2047013928814
-1046.3419264077042
-1025.9758076118435
-1012.8233959356211
-972.1335246354204
-957.3364578282229
-1052.028823922856
-961.1073217787501
-1040.8001988318658
-1056.0694415536345
-1040.8560799299846
-1044.197484029603
-1030.8235421949817
-1074.2560105565506
-1041.5424520255233
-1027.1806836106261
-1052.216141788641
-1095.8865051137686
-1018.2674832322081
-1019.2004299954884
-1075.2122033817977
-1047.7002673522668
-1019.1140636321037
-1021.0967878174672
-1040.9031976796514
-1036.7551594044207
-1079.3975457222232
-1033.1516526064015
-1034.171610959664
-1057.7523566391062
-1025.6714228265296
-973.832072227232
-986.5380889962895
-1061.1438939164861
-1058.951067673995
-1114.9482577451363
-992.4727237718995
-1039.4576396151072
-1136.2349591760592
-1082.504604352784
-1033.362986758008
-1029.2230368056055
-1059.9808477586316
-1002.6520203796949
-984.4419886637393
-1059.5232064031786
-1077.6291034452377
-1041.408731864894
-1041.9408311360444
-1053.2865224389986
-1031.0871801068706
-1034.8320705572032
-1119.2847104314285
-1036.4267543757567
-1068.3028201265818
-1102.189832968646
-1039.8960961548414
-1037.6637874550534
-1091.660826037007
-1106.7983104512439
-1071.101116716587
-1085.5973788142753
-1030.9240420117355
-1072.5069666611982
-1069.6698141021113
-1065.697960093274
-1080.5536395921135
-1037.631347374982
-1071.4165989045173
-1003.3705307217787
-1076.2091143208165
-1047.7844316135354
-1009.706586380708
-1028.6453151790777
-1096.45976403232
-985.896218387762
-1088.653294453423
-1072.576961928249
-1060.5419891990275
-1039.9098391642767
-979.9178254966912
-1081.15443705194
-1150.4209000020533
-1051.303350165143
-1048.7108761132588
-978.3272058513307
-1016.813579401113
-1081.1160967602707
-1127.6768912302184
-1067.0356132929226
-1106.3942389070712
-1018.9895083871305
-1112.736721214611
-1064.480426603748
-1046.9221810195852
-1143.3664854902277
-1071.6308204193817
-1099.3189611478886
-1137.5055140306324
-1091.826927501485
-1049.9757450297132
-1029.267755833639
-1035.5276327265024
-999.3105456971903
-1057.9023137246409
-1066.6654417767502
-1093.6031652002291
-1039.395754317534
-997.057565029865
-1036.5187503621326
-1033.8690604196715
-1093.7354770475818
-1073.0295527234055
-1040.7152923548826
-1055.448723832583
-1066.8327301438503
-1021.8515430507572
-1133.3170764940676
-1066.1026363812284
-1074.0104824540801
-1061.5011645022626
-1096.4223761316819
