0.5069184202940329
0.5001441337561257
0.4878927644854425
0.5036033439031421
0.5002882675122514
0.4969731911213606
0.49380224848659554
0.5080714903430383
0.49394638224272125
0.49927933121937157
0.503170942634765
0.49769385990198906
0.505477082732776
0.4910637071202075
0.4910637071202075
0.49769385990198906
0.5041798789276448
0.508215624099164
0.5011530700490054
0.5044681464398962
0.497261458633612
0.5021620063418852
0.5145575093686942
0.51369270683194
0.5201787258575958
0.515566445661574
0.5331507639089075
0.5278178149322571
0.5439607956183338
0.5422311905448256
0.547564139521476
0.561256846353416
0.5466993369847218
0.556212164889017
0.5448255981550879
0.5599596425482848
0.5585183049870279
0.5520322859613721
0.5629864514269242
0.5595272412799077
0.558950706255405
0.5660132603055635
0.5595272412799077
0.5645719227443067
0.5576535024502739
0.5638512539636783
0.5618333813779187
0.5588065724992793
0.5632747189391756
0.5714903430383396
0.5683194004035745
0.5642836552320554
0.5743730181608533
0.5625540501585471
0.578120495820121
0.5745171519169789
0.5742288844047276
0.5723551455750937
0.5748054194292304
0.5714903430383396
0.5655808590371865
0.5697607379648314
0.5729316805995964
0.5697607379648314
0.5753819544537331
0.5742288844047276
0.56947247045258
0.567598731622946
0.5755260882098587
0.5756702219659844
0.5684635341597002
0.5841741135773998
0.5779763620639954
0.5704814067454598
0.5580859037186509
0.5778322283078697
0.5812914384548862
0.5810031709426348
0.571778610550591
0.593686941481695
0.579994234649755
0.5856154511386567
0.5948400115307005
0.580426635918132
0.5921014701643125
0.5912366676275583
0.5933986739694437
0.5785528970884981
0.5932545402133179
0.5808590371865091
0.5908042663591814
0.5955606803113289
0.5913808013836841
0.596425482848083
0.5946958777745748
0.59051599884693
0.5971461516287114
0.5847506486019025
0.604641106947247
0.5981550879215912
0.5949841452868262
0.6036321706543673
0.6089651196310176
0.5975785528970885
0.6163159411934275
0.5980109541654656
0.587777457480542
0.6131449985586624
0.5970020178725858
0.5958489478235803
0.607379648313635
0.6050735082156241
0.6027673681176131
0.593686941481695
0.6101181896800231
0.6068031132891323
0.6017584318247333
0.6138656673392908
0.6122801960219083
0.60420870567887
0.6168924762179302
0.6081003170942635
0.5998846929950995
0.611991928509657
0.5995964254828481
0.6173248774863073
0.6109829922167772
0.617469011242433
0.6111271259729029
0.6098299221677717
0.6086768521187662
0.6047852407033727
0.6157394061689248
0.5978668204093399
0.6088209858748919
0.623378495243586
0.6125684635341597
0.615162871144422
0.6278466416834823
0.6135773998270395
0.6037763044104929
0.6189103488036898
0.6140098010954166
0.6138656673392908
0.617469011242433
0.6112712597290285
0.6053617757278754
0.612424329778034
0.6112712597290285
0.6122801960219083
0.6081003170942635
0.6132891323147881
0.6164600749495532
0.6166042087056789
0.6215047564139522
0.6191986163159412
0.6301527817814933
0.6235226289997118
0.6236667627558374
0.6190544825598155
0.6183338137791871
0.6255405015854714
0.6204958201210724
0.6245315652925916
0.6092533871432689
0.6239550302680887
0.6173248774863073
0.6168924762179302
0.617036609974056
0.614730469876045
0.604641106947247
0.6086768521187662
0.6153070049005477
0.6177572787546843
0.6104064571922744
0.630729316805996
0.6223695589507062
0.6238108965119631
0.6184779475353128
0.6251081003170943
0.6081003170942635
0.6184779475353128
0.6114153934851542
0.61790141251081
0.6223695589507062
0.6217930239262035
0.620207552608821
0.6242432977803402
0.6070913808013837
0.6145863361199193
0.6323147881233785
0.6255405015854714
0.6148746036321706
0.6215047564139522
0.6161718074373018
0.6212164889017008
0.6328913231478812
0.6269818391467281
0.6328913231478812
0.6298645142692418
0.6153070049005477
0.628855577976362
0.6223695589507062
0.633900259440761
0.62525223407322
0.6132891323147881
0.6259729028538483
0.6210723551455751
0.6302969155376189
0.6180455462669358
0.6271259729028539
0.6291438454886135
0.6265494378783512
0.6191986163159412
0.6372153358316518
0.6383684058806572
0.6279907754396079
0.6245315652925916
0.6302969155376189
0.6228019602190833
0.6314499855866244
0.6320265206111271
0.6302969155376189
0.6313058518304987
0.6340443931968867
0.6258287690977227
0.6291438454886135
0.6246756990487172
0.6266935716344768
0.6131449985586624
0.6262611703660997
0.622946093975209
0.6235226289997118
0.6240991640242145
0.6294321130008648
0.60420870567887
0.6118477947535312
0.6157394061689248
0.6122801960219083
0.622513692706832
0.620207552608821
0.6343326607091381
0.6248198328048429
0.6242432977803402
0.6377918708561545
0.6330354569040069
0.6294321130008648
0.62525223407322
0.6251081003170943
0.6168924762179302
0.6255405015854714
0.622513692706832
0.6321706543672528
0.6343326607091381
0.631161718074373
0.6261170366099741
0.6363505332948977
0.6305851830498703
0.6194868838281926
0.6333237244162583
0.6228019602190833
0.6349091957336408
0.6271259729028539
0.623378495243586
0.6255405015854714
0.6236667627558374
0.6305851830498703
0.6264053041222254
0.6308734505621216
0.62525223407322
0.6200634188526953
0.622946093975209
0.6246756990487172
0.612856731046411
0.6089651196310176
0.6295762467569905
0.6199192850965696
0.6402421447102912
0.6333237244162583
0.6344767944652637
0.6321706543672528
0.6259729028538483
0.6421158835399251
0.6344767944652637
0.6418276160276737
0.6298645142692418
0.6343326607091381
0.6314499855866244
0.6104064571922744
0.6261170366099741
0.6194868838281926
0.6297203805131162
0.6308734505621216
0.6141539348515422
0.6304410492937446
0.6333237244162583
0.6386566733929087
0.630729316805996
0.6380801383684059
0.6353415970020179
0.6461516287114443
0.6313058518304987
0.6349091957336408
0.6317382530988758
0.6350533294897664
0.6109829922167772
0.6226578264629576
0.6313058518304987
0.6274142404151052
0.6321706543672528
0.633900259440761
0.6253963678293456
0.6341885269530124
0.6408186797347939
0.630729316805996
0.6228019602190833
0.6292879792447391
0.6372153358316518
0.6253963678293456
0.6253963678293456
0.633900259440761
0.6350533294897664
0.6117036609974056
0.6108388584606514
0.6269818391467281
0.6380801383684059
0.6364946670510233
0.6441337561256847
0.6295762467569905
0.6373594695877774
0.6181896800230614
0.6277025079273566
0.6163159411934275
0.631161718074373
0.6377918708561545
0.6268377053906025
0.6230902277313347
0.6248198328048429
0.6279907754396079
0.6313058518304987
0.6217930239262035
0.6451426924185645
0.6236667627558374
0.6478812337849524
0.6403862784664168
0.6281349091957337
0.6324589218795041
0.6242432977803402
0.6429806860766791
0.6262611703660997
0.6294321130008648
0.6209282213894494
0.6376477371000289
0.6251081003170943
0.6398097434419141
0.6324589218795041
0.6204958201210724
0.63894494090516
0.6415393485154223
0.6243874315364658
0.6245315652925916
0.6372153358316518
0.6343326607091381
0.6295762467569905
0.623378495243586
0.6317382530988758
0.6246756990487172
0.6398097434419141
0.639377342173537
0.6395214759296627
0.6279907754396079
0.6507639089074662
0.6292879792447391
0.6336119919285097
0.6386566733929087
0.6226578264629576
0.6305851830498703
0.6344767944652637
0.6337561256846354
0.6259729028538483
0.6382242721245316
0.6344767944652637
0.6376477371000289
0.6406745459786682
0.6314499855866244
0.6259729028538483
0.6455750936869414
0.6434130873450562
0.6359181320265206
0.628855577976362
0.6346209282213895
0.6347650619775151
0.6490343038339579
0.6424041510521764
0.631161718074373
0.6376477371000289
0.6265494378783512
0.6235226289997118
0.6351974632458922
0.6314499855866244
