2.306427311897278
2.3033238887786864
2.2988105535507204
2.2926367044448854
2.2858632087707518
2.2732481718063355
2.2565775156021117
2.2325151920318604
2.2000539541244506
2.1615607023239134
2.1114057540893554
2.053744399547577
2.010652279853821
1.950645673274994
1.917458724975586
1.8787656903266907
1.8224987983703613
1.7836336612701416
1.7526769042015076
1.7013821005821228
1.6414801478385925
1.600180447101593
1.5547582387924195
1.518210518360138
1.4689823508262634
1.4266292572021484
1.3996343731880188
1.3500951170921325
1.3059066176414489
1.2689430475234986
1.2545866966247559
1.215004563331604
1.1882137775421142
1.1630709171295166
1.1388027369976044
1.113375473022461
1.118716788291931
1.106320333480835
1.0789383709430695
1.0684991657733918
1.0280332684516906
1.0331810474395753
1.0444619119167329
1.0398787915706635
1.0079294621944428
1.006574523448944
0.9711562752723694
0.9903372704982758
0.9791903495788574
0.9650812566280365
0.9874169766902924
0.9627200663089752
0.9593382179737091
0.945550948381424
0.9494603931903839
0.9404824137687683
0.9376055479049683
0.9232588350772858
0.9190246343612671
0.9296971976757049
0.9191765487194061
0.8977176129817963
0.8924513578414917
0.8886000394821167
0.8786271572113037
0.8760025501251221
0.8819584131240845
0.8690625131130219
0.8633989155292511
0.8746672213077545
0.861422997713089
0.8604330718517303
0.8462173342704773
0.8506503522396087
0.8542461633682251
0.8759365797042846
0.8554679393768311
0.8663370490074158
0.8173030972480774
0.8182701587677002
0.8482068955898285
0.8049680888652802
0.8058486700057983
0.8115911960601807
0.8072332799434662
0.8064938068389893
0.7993587672710418
0.8100223660469055
0.8153603971004486
0.7911463797092437
0.8133431673049927
0.767105096578598
0.7858717203140259
0.7684169590473175
0.7675852179527283
0.7581310629844665
0.7640189230442047
0.7558066368103027
0.7401532411575318
0.7523632407188415
0.7403746545314789
0.7664212107658386
0.7175821483135223
0.765045803785324
0.7211657464504242
0.7350544095039367
0.7267132639884949
0.7311833739280701
0.7223398745059967
0.7207464396953582
0.7015603631734848
0.706708300113678
0.7250827848911285
0.7298601925373077
0.6929364532232285
0.7028371274471283
0.7074493706226349
0.6912468492984771
0.6769230306148529
0.6780816197395325
0.679919308423996
0.6677365064620971
0.6863641202449798
0.6650602221488953
0.6596181154251098
0.6593778878450394
0.6424588412046432
0.6505534738302231
0.6571111679077148
0.6505354046821594
0.6403052926063537
0.6428739070892334
0.6520924955606461
0.6629861950874328
0.6381191551685333
0.6426799476146698
0.6352591812610626
0.6079876482486725
0.6091929346323013
0.6109041154384613
0.6227648735046387
0.5961164921522141
0.5996443867683411
0.6097580254077911
0.6018100827932358
0.5871074587106705
0.603757980465889
0.5721974551677704
0.582841095328331
0.6036488324403763
0.5856232404708862
0.576539945602417
0.5519431859254837
0.548767802119255
0.552962350845337
0.5613020658493042
0.5613790303468704
0.5476834028959274
0.572627630829811
0.5623067766427994
0.5464936554431915
0.5356543302536011
0.5461189597845078
0.5238207846879959
0.525653475522995
0.550574517250061
0.5355705559253693
0.5227773487567902
0.5413644194602967
0.5289448201656342
0.5263729751110077
0.523692610859871
0.5121649861335754
0.5182277947664261
0.5112053960561752
0.5310799330472946
0.5074082106351853
0.5003586262464523
0.507731455564499
0.4876300320029259
0.5011379480361938
0.4885771632194519
0.5082985877990722
0.49622791111469267
0.5060179531574249
0.4946578323841095
0.4838248729705811
0.4925680607557297
0.4797329753637314
0.47867676615715027
0.47747058272361753
0.47379190027713775
0.46641537845134734
0.4890426993370056
0.47009768187999723
0.46744478642940523
0.48699653148651123
0.4673310250043869
0.46682924032211304
0.46005861461162567
