2.304928016662598
2.3025259017944335
2.3006607055664063
2.2961678743362426
2.2797516345977784
2.2297339916229246
2.0974591732025147
1.9519124746322631
1.8549209594726563
1.6950727462768556
1.5225875616073608
1.4446810722351073
1.3589644193649293
1.3438620448112488
1.3354978442192078
1.2742363810539246
1.2568708777427673
1.2504757642745972
1.2259228587150575
1.2455374956130982
1.244286549091339
1.2262552618980407
1.233606219291687
1.2074521481990814
1.1696317851543427
1.162585198879242
1.1577062726020813
1.1422795832157135
1.1415178894996643
1.1510139167308808
1.1324650287628173
1.121531867980957
1.1401951670646668
1.1428624212741851
1.1440115571022034
1.1332638263702393
1.1092140913009643
1.1465339839458466
1.0997319102287293
1.0713385701179505
1.0779979169368743
1.0683296382427216
1.0674975216388702
1.0402308344841003
1.0769185066223144
1.0367170333862306
1.056862723827362
1.0460367262363435
1.0329287767410278
1.0132483839988708
0.9812865912914276
0.998533445596695
0.9910287618637085
0.9908110558986664
0.9871846675872803
0.9624041497707367
0.9973889946937561
0.9743302404880524
0.9543613016605377
0.9515045940876007
0.9617482900619507
0.9407210648059845
0.9442098438739777
0.9435958981513977
0.9311953485012054
0.9094868183135987
0.915408855676651
0.9601975917816162
0.8950792253017426
0.9123905837535858
0.9084653258323669
0.8827451527118683
0.8590796053409576
0.8830888748168946
0.8612625241279602
0.8505163609981536
0.8480711162090302
0.8400816738605499
0.833713847398758
0.8161854326725007
0.8135282814502716
0.800730299949646
0.8155305683612823
0.8224196791648865
0.8156063973903656
0.8189313352108002
0.770707368850708
0.7552640080451966
0.7786227226257324
0.7474815785884857
0.7297754287719727
0.7192017316818238
0.7110755264759063
0.7104456543922424
0.7384081423282624
0.6826297163963317
0.6753234386444091
0.6820075869560241
0.681604927778244
0.6528096705675125
0.6440268903970718
0.6456183671951294
0.6411673426628113
0.6692397236824036
0.6324909150600433
0.6262475490570069
0.632817593216896
0.626408439874649
0.574260088801384
0.5971560269594193
0.594307827949524
0.5553468376398086
0.5744333803653717
0.5741299837827682
0.5580148726701737
0.558545270562172
0.5341246426105499
0.5593030631542206
0.5488849729299545
0.5663359582424163
0.5314331948757172
0.49629758298397064
0.5374654620885849
0.533846190571785
0.48183192014694215
0.5094278246164322
0.48746144473552705
0.49550113677978513
0.49287512600421907
0.4922709971666336
0.463483002781868
0.4723151534795761
0.46704199016094206
0.45535304546356203
0.4635827511548996
0.46691405177116396
0.4563966616988182
0.43046183586120607
0.4312345921993256
0.4637190192937851
0.4312632352113724
0.4226428598165512
0.4069781392812729
0.39995932430028913
0.41341484487056734
0.40001164078712464
0.399049286544323
0.40099485516548156
0.392114420235157
0.4042441934347153
0.3832341268658638
0.37187600284814837
0.39048194587230683
0.3885942012071609
0.38024851977825164
0.3671246200799942
0.37173347771167753
0.3672125592827797
0.35169471949338915
0.34038965702056884
0.36756358593702315
0.3944742247462273
0.35193853825330734
0.3271249234676361
0.3250445768237114
0.3203486889600754
0.32147228717803955
0.3335248440504074
0.3201219618320465
0.2964246585965157
0.2987097829580307
0.3079356625676155
0.3015078231692314
0.31966097205877303
0.30075610131025315
0.31581459790468214
0.32935277074575425
0.34203832000494006
0.3089944660663605
0.3069890230894089
0.2820071130990982
0.2742141276597977
0.26754885762929914
0.28578201979398726
0.2877583548426628
0.2563005305826664
0.2604179307818413
0.27003548443317416
0.2592797175049782
0.2598358869552612
0.24128623083233833
0.2646570265293121
0.2777575582265854
0.2777232155203819
0.250560100376606
0.25120287835597993
0.24530574381351472
0.2642986088991165
0.27313230484724044
0.26583666503429415
