0.1
0.12
0.09
0.085
0.095
0.105
0.105
0.085
0.1
0.115
0.085
0.1
0.07
0.115
0.1
0.09
0.1
0.115
0.08
0.15
0.1
0.105
0.105
0.09
0.085
0.09
0.105
0.07
0.085
0.11
0.095
0.11
0.125
0.1
0.125
0.115
0.095
0.135
0.08
0.09
0.135
0.125
0.07
0.115
0.115
0.105
0.13
0.11
0.13
0.105
0.095
0.12
0.105
0.07
0.105
0.095
0.075
0.09
0.11
0.07
0.12
0.065
0.08
0.105
0.12
0.13
0.105
0.12
0.19
0.095
0.11
0.125
0.085
0.155
0.115
0.135
0.085
0.14
0.065
0.115
0.1
0.095
0.11
0.115
0.09
0.115
0.075
0.07
0.09
0.06
0.075
0.13
0.07
0.09
0.09
0.09
0.105
0.09
0.15
0.11
0.135
0.085
0.055
0.12
0.065
0.1
0.105
0.1
0.095
0.14
0.115
0.115
0.11
0.055
0.12
0.1
0.08
0.115
0.11
0.085
0.07
0.085
0.1
0.115
0.07
0.065
0.085
0.085
0.055
0.095
0.105
0.145
0.13
0.155
0.1
0.12
0.095
0.11
0.14
0.125
0.15
0.12
0.13
0.095
0.115
0.13
0.14
0.11
0.145
0.11
0.08
0.14
0.14
0.13
0.17
0.16
0.165
0.21
0.19
0.14
0.18
0.205
0.16
0.225
0.185
0.185
0.2
0.215
0.205
0.2
0.255
0.245
0.22
0.21
0.21
0.2
0.215
0.18
0.21
0.225
0.2
0.26
0.22
0.295
0.24
0.25
0.215
0.235
0.23
0.24
0.235
0.195
0.245
0.215
0.155
0.235
0.22
0.265
0.28
0.255
0.265
0.265
0.23
0.24
0.22
0.225
0.365
0.275
0.325
0.24
0.305
0.27
0.255
0.28
0.27
0.295
0.345
0.33
0.31
0.26
0.29
0.34
0.265
0.315
0.36
0.31
0.27
0.335
0.32
0.33
0.235
0.32
0.34
0.265
0.27
0.305
0.24
0.245
0.33
0.33
0.34
0.305
0.33
0.33
0.33
0.345
0.365
0.34
0.405
0.315
0.415
0.37
0.315
0.305
0.405
0.365
0.285
0.265
0.4
0.4
0.34
0.445
0.345
0.36
0.37
0.425
0.36
0.36
0.37
0.37
0.435
0.305
0.305
0.355
0.435
0.33
0.33
0.38
0.375
0.37
0.365
0.385
0.34
0.39
0.465
0.355
0.36
0.405
0.35
0.4
0.345
0.445
0.35
0.395
0.425
0.42
0.475
0.35
0.325
0.31
0.415
0.38
0.365
0.365
0.395
0.405
0.365
0.45
0.405
0.355
0.4
0.4
0.415
0.445
0.415
0.345
0.46
0.425
0.42
0.43
0.51
0.475
0.315
0.44
0.43
0.395
0.47
0.475
0.41
0.45
0.49
0.375
0.4
0.49
0.46
0.375
0.44
0.46
0.395
0.485
0.48
0.455
0.46
0.395
0.43
0.4
0.49
0.53
0.405
0.505
0.435
0.58
0.54
0.465
0.45
0.455
0.45
0.48
0.525
0.495
0.48
0.41
0.465
0.46
0.465
0.54
0.545
0.535
0.545
0.455
0.475
0.465
0.595
0.51
0.555
0.535
0.515
0.505
0.54
0.61
0.44
0.515
0.565
0.46
0.435
0.595
0.515
0.485
0.585
0.595
0.58
0.55
0.535
0.57
0.56
0.52
0.535
0.5
0.485
0.51
0.63
0.515
0.495
0.58
0.48
0.55
0.58
0.475
0.515
0.56
0.55
0.625
0.53
0.5
0.555
0.425
0.6
0.62
0.525
0.615
0.595
0.445
0.61
0.4
0.595
0.605
0.53
0.66
0.61
0.59
0.545
0.58
0.56
0.615
0.605
0.545
0.53
0.625
0.595
0.595
0.585
0.6
0.505
0.525
0.62
0.49
0.55
0.675
0.525
0.57
0.495
0.56
0.6
0.63
0.54
0.615
0.72
0.58
0.65
0.63
0.68
0.61
0.575
0.575
0.59
0.665
0.59
0.565
0.635
0.635
0.7
0.645
0.59
0.67
0.64
0.66
0.65
0.6
0.63
0.535
0.665
0.625
0.655
0.645
0.64
0.73
0.685
0.5
0.625
0.575
0.565
0.72
0.625
0.68
0.635
0.69
0.575
0.58
0.66
0.645
0.635
0.635
0.66
0.63
0.53
0.635
0.675
0.665
0.695
0.65
0.715
0.585
0.695
0.62
0.645
0.66
0.63
0.62
0.64
0.6
0.62
0.635
0.505
0.585
0.62
0.735
0.685
0.685
0.635
0.69
0.625
0.675
0.615
0.72
0.69
0.765
0.74
0.685
0.6
0.695
0.715
0.65
0.745
0.665
0.635
0.715
0.775
0.585
0.745
0.715
0.57
0.665
0.795
0.58
0.695
0.735
0.745
0.795
0.68
0.665
0.73
0.75
0.655
0.805
0.71
0.72
0.76
0.67
0.7
0.685
0.705
0.705
0.72
0.75
0.77
0.635
0.78
0.77
0.705
0.74
0.74
0.695
0.83
0.78
0.665
0.795
0.695
0.75
0.755
0.69
0.655
0.68
0.685
0.725
0.72
0.77
0.655
0.74
0.745
0.775
0.675
0.73
0.65
0.69
0.765
0.77
0.82
0.775
0.83
0.75
0.72
0.8
0.66
0.78
0.715
0.82
0.71
0.875
0.745
0.775
0.76
0.735
0.765
0.72
0.71
0.675
0.83
0.81
0.69
0.73
0.835
0.86
0.645
0.76
0.79
0.745
0.725
0.685
0.75
0.715
0.77
0.825
0.77
0.835
0.75
0.805
0.775
0.79
0.735
0.67
0.715
0.69
0.815
0.835
0.85
0.765
0.84
0.72
0.82
0.835
0.78
0.67
0.71
0.695
0.785
0.645
0.74
0.735
0.595
0.645
0.875
0.765
0.73
0.795
0.8
0.76
0.765
0.695
0.645
0.78
0.735
0.65
0.685
0.805
0.77
0.79
0.82
0.72
0.85
0.77
0.765
0.785
0.735
0.775
0.795
0.675
0.76
0.705
0.705
0.755
0.78
0.735
0.73
0.8
0.785
0.825
0.74
0.82
0.82
0.72
0.745
0.805
0.91
0.81
0.84
0.84
0.785
0.82
0.825
0.71
0.815
0.895
0.69
0.79
0.845
0.715
0.805
0.87
0.785
0.83
0.795
0.81
0.725
0.805
0.74
0.885
0.845
0.775
0.83
0.745
0.84
0.83
0.805
0.75
0.81
0.725
0.755
0.65
0.85
0.71
0.68
0.845
0.805
0.67
0.86
0.835
0.775
0.82
0.86
0.775
0.755
0.805
0.88
0.725
0.755
0.86
0.785
0.825
0.745
0.775
0.805
0.82
0.885
0.75
0.8
0.85
0.685
0.875
0.9
0.785
0.81
0.785
0.865
0.805
0.815
0.86
0.76
0.81
0.795
0.83
0.8
0.895
0.89
0.81
0.765
0.715
0.835
0.83
0.78
0.885
0.84
0.81
0.715
0.78
0.815
0.91
0.875
0.81
0.8
0.86
0.79
0.795
0.795
0.82
0.875
0.755
0.87
0.7
0.795
0.695
0.745
0.84
0.915
0.92
0.84
0.875
0.91
0.77
0.91
0.845
0.835
0.895
0.865
0.715
0.78
0.785
0.85
0.765
0.76
0.82
0.835
0.82
0.69
0.8
0.815
0.89
0.865
0.855
0.835
0.825
0.865
0.76
0.835
0.875
0.91
0.895
0.88
0.71
0.79
0.755
0.895
0.685
0.88
0.87
0.855
0.815
0.845
0.77
0.82
0.815
0.74
0.82
0.765
0.825
0.745
0.75
0.815
0.78
0.795
0.825
0.87
0.825
0.91
0.84
0.73
0.785
0.865
0.81
0.765
0.93
0.725
0.71
0.865
0.84
0.895
0.855
0.905
0.75
0.795
0.915
0.75
0.785
0.79
0.93
0.88
0.89
0.89
0.78
0.88
0.935
0.81
0.765
0.76
0.815
0.855
0.825
0.865
0.78
0.87
0.68
0.905
0.885
0.835
0.895
0.775
0.81
0.845
0.92
0.765
0.87
0.855
0.72
0.9
0.84
0.61
0.825
0.9
0.86
0.865
0.895
0.82
0.85
0.89
0.775
0.59
0.755
0.8
0.92
0.85
0.905
0.865
0.835
0.775
0.85
0.885
0.825
0.8
0.9
0.855
0.855
0.765
0.865
0.88
0.835
0.85
0.83
0.92
0.785
0.93
0.9
0.745
0.89
0.9
0.83
0.865
0.93
0.81
0.905
0.82
0.855
0.895
0.74
0.79
0.865
0.885
0.75
0.91
0.9
0.88
0.905
0.81
0.945
0.805
0.865
0.8
0.845
0.925
0.955
0.835
0.915
0.88
0.86
0.755
0.815
0.955
0.8
0.91
0.915
0.915
0.935
0.85
0.765
0.875
0.815
0.72
0.77
0.81
0.83
0.875
0.895
0.75
0.95
0.88
0.905
0.73
0.81
0.755
0.755
0.81
0.92
0.925
0.91
0.955
0.715
0.91
0.865
0.795
0.905
0.695
0.94
0.83
0.86
0.87
0.815
0.88
0.85
0.825
0.885
0.845
0.86
0.865
0.88
0.815
0.75
0.95
0.92
0.98
0.89
0.92
0.845
0.87
0.805
0.785
0.785
0.88
0.97
0.84
0.68
0.88
0.775
0.79
0.925
0.8
0.875
0.855
0.87
0.845
0.835
0.88
0.84
0.855
0.85
0.94
0.855
0.895
0.92
0.87
0.73
0.85
0.96
0.785
0.875
0.895
0.945
0.785
0.83
0.74
0.85
0.87
0.905
0.9
0.935
0.905
0.765
0.92
0.835
0.88
0.895
0.85
0.88
0.83
0.84
0.825
0.91
0.77
0.825
0.885
0.86
0.765
0.89
0.855
0.87
0.94
0.91
0.885
0.86
0.865
0.85
0.85
0.925
0.845
0.93
0.875
0.9
0.87
0.91
0.775
0.845
0.865
0.815
0.865
0.82
0.91
0.865
0.865
0.895
0.89
0.845
0.835
0.845
0.85
0.835
0.94
0.895
0.875
0.81
0.84
0.775
0.855
0.885
0.815
0.75
0.885
0.805
0.855
0.89
0.775
0.86
0.8
0.955
0.84
0.92
0.87
0.875
0.8
0.83
0.905
0.835
0.92
0.79
0.765
0.835
0.825
0.85
0.83
0.94
0.79
0.865
0.86
0.935
0.84
0.78
0.92
0.905
0.91
0.92
0.94
0.825
0.825
0.87
0.885
0.86
0.915
0.885
0.795
0.895
0.845
0.87
0.925
0.93
0.845
0.81
0.97
0.89
0.88
0.915
0.97
0.97
0.745
0.895
0.835
0.995
0.885
0.86
0.845
0.855
0.945
0.905
0.96
0.875
0.825
0.88
0.915
0.95
0.815
0.83
0.79
0.91
0.775
0.91
0.84
0.935
0.905
0.7
0.88
0.79
0.915
0.835
0.865
0.89
0.94
0.935
0.925
0.92
0.9
0.865
0.86
0.815
0.795
0.93
0.85
0.9
0.82
0.84
0.75
0.905
0.975
0.84
0.89
0.895
0.875
0.96
0.975
0.935
0.85
0.895
0.905
0.755
0.9
0.88
0.885
0.9
0.87
0.9
0.81
0.865
0.925
0.95
0.945
0.93
0.92
0.93
0.845
0.94
0.88
0.93
0.94
0.955
0.87
0.935
0.88
0.79
0.915
0.83
0.81
0.8
0.86
0.85
0.87
0.87
0.89
0.855
0.875
0.885
0.94
0.835
0.95
0.84
0.885
0.945
0.865
0.875
0.915
0.84
0.91
0.94
0.92
0.91
0.85
0.77
0.87
0.845
0.785
0.95
0.885
0.83
0.93
0.92
0.83
0.87
0.83
0.805
0.84
0.885
0.865
0.915
0.955
0.935
0.98
0.925
0.86
0.9
0.88
0.84
0.89
0.835
0.875
0.945
0.915
0.89
0.935
0.945
0.855
0.91
0.91
0.865
0.845
0.81
0.885
0.965
0.9
0.82
0.89
0.925
0.95
0.85
0.78
0.845
0.715
0.96
0.96
0.99
0.88
0.925
0.865
0.9
0.885
0.81
0.87
0.925
0.895
0.915
0.875
0.93
0.88
0.945
0.96
0.97
0.875
0.89
0.9
0.825
0.895
0.815
0.965
0.865
0.92
0.895
0.99
0.88
0.84
0.84
0.945
0.91
0.785
0.955
0.98
0.88
0.895
0.95
0.88
0.88
0.885
0.88
0.86
0.845
0.755
0.915
0.81
1.0
0.955
0.895
0.935
0.815
0.835
0.855
0.87
0.775
0.88
0.875
0.83
0.815
0.845
0.845
0.94
0.805
0.85
0.86
0.955
0.91
0.88
0.98
0.8
0.94
0.935
0.88
0.925
0.81
0.83
0.805
0.915
0.92
0.925
0.88
0.83
0.905
0.91
0.925
0.86
0.97
0.98
0.935
0.87
0.95
0.695
0.82
0.93
0.845
0.975
0.925
0.81
0.785
0.935
0.935
0.715
0.945
0.945
0.93
0.915
0.875
0.865
0.92
0.89
0.92
0.865
0.86
0.86
0.92
0.78
0.92
0.93
0.74
0.91
0.875
0.94
0.89
0.965
0.915
0.89
0.9
0.82
0.89
0.88
0.9
0.89
0.86
0.855
0.845
0.805
0.92
0.72
0.775
0.81
0.83
0.91
0.955
0.84
0.9
0.945
0.88
0.895
0.915
0.985
0.945
0.95
0.88
0.895
0.835
0.945
0.79
0.755
0.875
0.825
0.93
0.925
0.86
0.845
0.94
0.865
0.97
0.95
0.86
0.935
0.875
0.955
0.825
0.91
0.925
0.875
0.795
0.925
0.9
0.93
0.965
0.94
0.91
0.915
0.875
0.925
0.975
0.925
0.925
0.88
0.97
0.93
0.925
0.935
0.895
0.93
0.915
0.94
0.89
0.96
0.915
0.825
0.835
0.925
0.925
0.905
0.985
0.885
0.88
0.875
0.83
0.885
0.975
0.905
0.97
0.945
0.835
