-273.83110577743764
-439.7745292932501
-468.9466831763209
-489.9913555095546
-489.9644563209389
-541.255110376254
-557.520681831509
-552.6119692551581
-531.6459564642884
-590.4430322409806
-449.71860687060376
-590.4637936144643
-604.5945480946116
-604.466469044934
-593.8402670192493
-595.4884261768576
-593.8628662988473
-602.8915751375858
-602.4969544455903
-603.3113032754563
-523.5869773937062
-585.7300308552964
-626.3422361233788
-638.2291152352971
-626.1499297856154
-648.6296135588279
-648.8582223184866
-655.854517436988
-672.6358138170287
-688.9197735662144
-687.064623324227
-693.1861611960624
-704.5033110984693
-684.4059030704589
-487.6697938902683
-426.0539167142027
-672.872372444207
-716.1386884207974
-691.6939042224703
-676.5265141347008
-661.1253736273372
-579.1158947390968
-715.0672652371122
-739.1760236629377
-697.6848569752481
-730.5778729655731
-741.8459825967725
-628.391372639986
-751.1053758933081
-515.4596420464358
-774.538070092269
-753.2364409636547
-787.6160575592122
-758.9107265992187
-819.4274836750392
-811.9817840770522
-794.4941498860363
-789.1713373039571
-788.424627046732
-815.0965434606607
-689.2063916561092
-728.9881711503341
-787.1505027670431
-718.8892791067819
-805.9797863124106
-798.0066576317588
-792.5318669504464
-468.2838683436267
-800.3871058643712
-767.7135473139479
-794.9760591221082
-782.8525876456528
-833.4445429661828
-709.0344358767378
-827.2963436632924
-830.0569626866924
-821.9832272430732
-826.9414484105404
-827.437276567328
-858.6186512347082
-860.8211080479961
-875.8568310150038
-834.8073342095054
-846.1746501222041
-819.7947026728453
-833.7122057732813
-847.249890967003
-842.5814870392542
-871.6196894849081
-850.3416589447672
-859.6188366785999
-855.8804927448526
-862.480788374964
-863.4584550495962
-869.9567348041805
-874.9021772411762
-852.3967244184413
-853.9972566575236
-857.0922637189169
-867.6075347046152
-892.6142785379672
-871.4319973602114
-852.2034246503459
-877.3829532279788
-870.1697532571322
-870.6970197668572
-869.6042429612711
-889.5939383066096
-887.939165562815
-866.1622845392092
-882.2854956089038
-895.4463915259918
-886.0945322118099
-869.5714789431242
-889.3849474649294
-894.9209745054561
-896.8658117807307
-821.7013383555751
-893.3944586351585
-906.5117984038394
-884.9885058064032
-896.0363385618016
-897.7687734145123
-915.5483282510703
-883.2823993786816
-900.2924241251291
-922.7355320284152
-817.0866133793835
-920.520345797471
-913.7130361959267
-906.5656882151608
-928.5160402234696
-906.2023920538301
-900.8812288447014
-934.746001648677
-914.5981016077136
-887.3420918304208
-930.1535238880682
-900.60271734084
-922.4339349891337
-909.2144180790508
-906.4548223843507
-894.4058525839123
-923.3085468572463
-916.7969064057156
-935.6491466952726
-929.216322892085
-944.9622606937354
-912.9525701516612
-928.450364238843
-920.3785838216402
-892.0382939650549
-897.9885436330361
-926.7051435036682
-933.8244061244043
-793.9843161656959
-911.658795139236
-963.8800416840196
-926.0391087935999
-911.5043279022967
-916.3178122893894
-933.1698920150503
-928.6208073426197
-938.9630617790312
-923.0013827458378
-938.6016191848646
-953.7807853849014
-932.3010297943066
-938.463494096322
-958.2685236004291
-931.6348515845023
-944.3252775940285
-919.1298260846975
-949.5805220942926
-952.6674442133067
-937.6096755746416
-925.5762223044843
-933.4738777757256
-946.1138085641002
-958.0722132768676
-943.1975077746604
-951.1742655044484
-958.5963661094412
-925.2335357756411
-955.2029004119584
-947.0171617998332
-969.8072000999022
-974.4337008598292
-952.0705599536263
-982.3380203088877
-983.3503669901481
-996.0605049720873
-968.4911632628238
-980.2525198538722
-975.6086172492584
-972.2434598009734
-974.9658245317179
-975.0477255215577
-981.0517343412644
-964.8857536858292
-1003.8793477627903
-997.5615190849485
-963.6455854759397
-976.40988570028
-979.4642888539211
-989.2508809012825
-972.292572300581
-968.4708357523967
-981.3462494792532
-933.9840100647714
-988.3659674951815
-1001.7437969203244
-973.3294777101815
-980.549238768799
-984.9323988367596
-1003.5116761420011
-986.4533145122618
-995.5957627110007
-970.3177512607303
-966.6018988385584
-975.3333262651453
-989.0182025429762
-995.577776523563
-1004.6881460211289
-983.2686391735529
-997.9150067918108
-1010.94204170444
-984.4638472789836
-986.1313547568299
-1006.828470261741
-971.4573198087973
-974.7504973888962
-991.1390783165303
-1011.8220872345129
-998.3125292297224
-1015.7864676493604
-993.0400961948231
-960.6794400915716
-1016.8961831088315
-1000.7951910394063
-997.0867760545834
-987.5867334056239
-1007.3475546780355
-989.5288037330054
-1003.5511322544085
-995.1459005093687
-988.2261596539574
-1001.0775874531099
-999.0942261365917
-999.8756952059778
-1016.9590980385152
-1037.2326314799593
-998.7496927134798
-996.4335538018936
-990.8811870186249
-990.2508860719147
-985.4693285752247
-969.9719995525776
-1012.996014924976
-1020.6765738460125
-1026.1739323410377
-1003.5500255964379
-1016.0743022529999
-999.0495137060988
-1009.7696171134569
-975.5770633616154
-1002.8238934159843
-1022.7574622009603
-977.4490062447521
-1034.6753999237765
-988.6002334373258
-1028.662106209739
-995.7239623623436
-1032.2458684952903
-996.8751912241298
-1002.6550763229624
-999.7859596155266
-992.8046025856976
-1000.802974486238
-1015.6441054378075
-993.2363200391073
-1012.3017241059322
-1027.0125371296824
-1011.6519752283232
-1016.5528805843462
-1016.9575124645685
-1009.1624977916338
-1029.9164839920838
-1024.6844057923809
-1016.0841555663195
-980.7238784943712
-999.2324710327302
-1012.9945977785011
-1001.9061747625541
-982.7206110411911
-1035.5430094461306
-974.9722822768994
-1027.8230102243017
-995.3671045303345
-1006.0444158377805
-995.080425619514
-1011.6845819871007
-1006.3289360601755
-1009.7238097891424
-1013.3003700819061
-1021.7571349279575
-997.3400894397807
-1025.6610355286803
-1013.3209538719666
-990.5072864158459
-990.3250809862716
-999.0979306259992
-992.3765285478383
-996.4778117280435
-1012.2923707238871
-1005.7516788899616
-969.5123359015768
-1003.6657658510298
-1026.1032479227438
-1001.3898077977212
-1003.7597351706988
-1033.187774368937
-1014.5901624659226
-981.2207886658574
-1008.8024092669735
-1012.4479901338641
-988.9331250162486
-1026.4975284377545
-1004.8744860644589
-1023.2831505373191
-1030.9031079719416
-1016.4178270028101
-1017.2348144969669
-1016.647711527856
-1026.738556829109
-1049.7724518708144
-1023.3071065525309
-1018.7255046356346
-1010.5748495140347
-1005.0525596492098
-1013.3866083520284
-1034.411664557118
-1000.0586592055045
-1020.5321911545161
-1034.5034345111576
-1006.1112354942973
-1028.4505917675688
-1008.8938721955105
-992.9153224212863
-1008.5996563813133
-995.5189000803148
-1023.4977655252574
-1009.0886156496844
-1043.0069907479942
-1002.9555622746029
-1015.8895564717704
-1012.5918286242191
-1006.428016373614
-1018.9151028244981
-1034.5689357677343
-1044.513072004533
-1010.3940627264186
-1019.4959797429813
-1023.858553105621
-1022.5992304196855
-1023.0803422956105
-1020.0044649342225
-1024.2643147916026
-1019.850456299375
-1028.786384049185
-1020.5922778624494
-1033.1821442554347
-1016.1961969832108
-1006.5179786636932
-1005.377182359379
-998.3256697519131
-1013.0322201037294
-1013.1232660957987
-1021.8367282598505
-1015.3176716518063
-1012.5349699309652
-1043.1749638946135
-1025.8993209707794
-1049.6400184292363
-1031.4921444773108
-1005.4040887141115
-1016.7917650853288
-1043.018503394737
-1018.2920145197502
-1017.1979284280849
-1025.007507654163
-1020.4824612106758
-1027.8805588534658
-1017.9750059136848
-1018.7704045631309
-1040.55501535436
-1010.0631916339363
-1037.2771227653557
-1009.4765785000336
-1018.9760362265799
-1030.8335750498477
-1041.6511361022697
-1038.8682957531717
-1021.4906522877409
-998.4888865258456
-1037.2439652935589
-1018.0860353917308
-1035.5684410585047
-1018.2022763066947
-1019.353333442697
-1032.9270342243792
-1013.2288859150422
-1028.4896717506563
-1037.6765870550798
-1019.2687730811783
-1031.2416339756753
-1009.1079304794565
-1034.734614586943
-1013.9143599808499
-1026.2933782333446
-1016.6127288782201
-1032.0561873531456
-1030.32573040882
-1052.4785448815585
-1018.1736004183077
-1041.1951319323896
-1011.0250437090182
-1009.3556230748999
-1040.003496083038
-1032.6909922570414
-993.4172941542349
-1035.5878733147943
-1015.924648369658
-1033.469355956073
-1031.6874769976919
-1022.174299476271
-1017.4269951621503
-1027.66113782268
-1027.9029741713787
-1030.838056627043
-1012.7386775265372
-1032.9390712530128
-1039.378565602958
-1055.129120580393
-1026.1796742722886
-1013.0542265995983
-1041.2523113585196
-1028.930408167613
-1009.5646045829448
-1025.2065545529551
-1050.6551650350127
-1035.111912600802
-1032.243979036808
-1034.2708591556097
-1024.2588573383493
-1033.1426608178288
-1020.9471150167745
-999.7202464556807
-1012.6120332360832
-997.8612235061365
-1001.9345252095806
-1037.4413806188727
-1009.0244481973174
-947.4420726129794
-1049.811589048937
-1014.5919260470223
-1022.35832490486
-1029.8368525185856
-1006.2979191346756
-1042.3259326338202
-1009.8494575554726
-1021.3348212855122
-1000.3177126527397
-1019.0388307407569
-1004.4644731074147
-1035.5370919808956
-1009.5322076037032
-993.917992110501
-1015.8326637004789
-1056.513949667108
-1025.9842784664643
-1011.8012844555751
-1032.0171466325696
-1053.1338827463123
-1051.0077843756471
-1041.1799225784591
-1045.831534387941
-1040.9858182527444
-1043.7381822622217
-1037.4488704340154
-1036.3021653975356
-1037.4230658951528
-1023.3901062667087
-1028.6662666402158
-999.3312851377008
-1031.1277390882303
-1014.122570010723
-1022.5866238969197
-1051.5185581776202
-1034.7483197682277
-1024.5524357800234
-1047.0400718247156
-1027.91896812074
-1006.6950677446845
-1036.5643318546893
-1029.7104353430148
-1030.3275997830792
-1040.7202578590945
-1000.1419839565223
-996.8258818950134
-989.9234177749869
-1049.4507958742115
-1032.703229275925
-1011.8093528702361
-1027.357103957949
-1040.641334018436
-1042.2272453121664
-1008.5954299583254
-1000.340106218347
-1020.114079702522
-1030.5229786696593
-1037.2133392202911
-1026.4537597911617
-1026.3093690939988
-1047.0809761794258
-1050.192962651004
-1021.4485186321475
-1036.8624998477962
-1019.7253853817122
-1000.6299837788134
-1033.4456359616954
-1012.5840262129409
-1033.0147084240664
-1029.292719992416
-1014.3756484482526
-1036.7905591630258
-1027.0539896926043
-1055.7756208876299
-1035.2949246411074
-950.5724125722008
-1012.225536796719
-1054.7133757220624
-1043.472404217833
-1007.3991998631807
-1034.354841792753
-1028.8355209810475
-1016.8110472726596
-1026.480213337035
-1033.3769942437302
-1036.683890980002
-1022.3277434003296
-982.6577894139629
-1027.6802247621438
-1043.6355849682436
-1026.7743369595134
-1062.5736420278865
-1018.4969325302901
-1053.0892393504273
-1016.0488289995781
-1003.2928558062603
