0.2635261118412018, 0.0012979758903384209, 0.0289583969861269 
0.7017850279808044, 0.0015934556722640991, 0.053897079080343246 
0.6681323647499084, 0.0004486617399379611, 0.025015169754624367 
0.6035584211349487, 0.00021315834601409733, 0.02085351012647152 
0.545601487159729, 9.221838263329118e-05, 0.01299281045794487 
0.5188416242599487, 0.00014575538807548583, 0.010166808031499386 
0.4763495624065399, 7.089217979228124e-05, 0.010435952804982662 
0.42503824830055237, 6.032926103216596e-05, 0.009096222929656506 
0.307351678609848, 9.285166015615687e-05, 0.010950050316751003 
0.3371399939060211, 5.8824396546697244e-05, 0.010363557375967503 
0.30355462431907654, 3.902949174516834e-05, 0.008473013527691364 
0.35916680097579956, 4.1940285882446915e-05, 0.007296377792954445 
0.36245638132095337, 5.2326628065202385e-05, 0.006042900960892439 
0.31314265727996826, 6.042075983714312e-05, 0.00877675972878933 
0.27736911177635193, 2.7495903850649484e-05, 0.005780903622508049 
0.3128352165222168, 3.3146978239528835e-05, 0.0051108468323946 
0.33025848865509033, 3.478369762888178e-05, 0.0049172197468578815 
0.2923356592655182, 4.078099664184265e-05, 0.006439593620598316 
0.27379435300827026, 2.8643667974392883e-05, 0.006923166569322348 
0.31547752022743225, 2.1160307369427755e-05, 0.004103066865354776 
0.3098599314689636, 2.1950978407403454e-05, 0.004972018301486969 
0.312663733959198, 2.218758345406968e-05, 0.006220674607902765 
0.39304670691490173, 2.6869909561355598e-05, 0.005512064788490534 
0.45915910601615906, 2.2162812456372194e-05, 0.003942484501749277 
0.5061987638473511, 2.287382994836662e-05, 0.004429933149367571 
0.44997572898864746, 2.1341926185414195e-05, 0.0040509686805307865 
0.5651711821556091, 2.9530592655646615e-05, 0.006836186163127422 
0.6878445148468018, 2.693400892894715e-05, 0.006053810007870197 
0.584823489189148, 3.832904258160852e-05, 0.008257892914116383 
0.7368353605270386, 6.532295083161443e-05, 0.008242734707891941 
0.7680765986442566, 6.114462303230539e-05, 0.00783101748675108 
0.8435180187225342, 5.789561691926792e-05, 0.008779923431575298 
1.1089180707931519, 7.688641198910773e-05, 0.009377996437251568 
1.0028012990951538, 0.00013900948397349566, 0.012957838363945484 
1.2295094728469849, 0.00018837276729755104, 0.01703334040939808 
1.318222999572754, 0.00028626061975955963, 0.021097125485539436 
1.4541362524032593, 0.00041906433762051165, 0.024693066254258156 
1.6023509502410889, 0.000573589582927525, 0.028711160644888878 
1.6696456670761108, 0.0007959968643262982, 0.04327002912759781 
1.7463523149490356, 0.001596431597135961, 0.05381163954734802 
1.5015158653259277, 0.0027351919561624527, 0.06800654530525208 
1.3087149858474731, 0.005906121805310249, 0.09568292647600174 
1.4332561492919922, 0.011707335710525513, 0.14033912122249603 
1.9201128482818604, 0.014160869643092155, 0.09777708351612091 
2.3107287883758545, 0.02034870535135269, 0.18211793899536133 
1.8527203798294067, 0.02353191003203392, 0.1995309442281723 
1.986221194267273, 0.035639841109514236, 0.23521509766578674 
2.269378423690796, 0.043415945023298264, 0.21256226301193237 
2.479546546936035, 0.04149746149778366, 0.24791960418224335 
2.269986152648926, 0.04814823344349861, 0.3225176930427551 
2.258854866027832, 0.0470631904900074, 0.3592337369918823 
2.432629346847534, 0.05937562510371208, 0.31464439630508423 
2.039390802383423, 0.059479497373104095, 0.4212949573993683 
2.213427782058716, 0.05787835642695427, 0.33529427647590637 
2.584831714630127, 0.06694895774126053, 0.3529742360115051 
2.634281635284424, 0.06707996875047684, 0.36243173480033875 
2.5268685817718506, 0.07281361520290375, 0.3165929317474365 
2.5976195335388184, 0.07123662531375885, 0.3825417757034302 
2.6583592891693115, 0.07611584663391113, 0.4288453459739685 
2.748933792114258, 0.08705471456050873, 0.4668079912662506 
3.072016716003418, 0.06905730068683624, 0.3966144621372223 
3.0318031311035156, 0.07452457398176193, 0.4157681465148926 
3.6212306022644043, 0.09288859367370605, 0.3847936987876892 
3.6823976039886475, 0.07739634066820145, 0.46751996874809265 
3.2464687824249268, 0.08215587586164474, 0.47734391689300537 
3.6965808868408203, 0.09574102610349655, 0.4947463572025299 
3.1720027923583984, 0.0793457180261612, 0.4490402042865753 
3.579455852508545, 0.08697458356618881, 0.5125259160995483 
3.6782941818237305, 0.08472655713558197, 0.40089571475982666 
4.30239200592041, 0.1032000184059143, 0.5204960107803345 
4.182288646697998, 0.09319687634706497, 0.43739086389541626 
4.070630073547363, 0.09472118318080902, 0.49458685517311096 
4.184020042419434, 0.08949682116508484, 0.43548667430877686 
5.085984230041504, 0.1038343608379364, 0.48184409737586975 
5.492623329162598, 0.10506557673215866, 0.5067980289459229 
5.761728763580322, 0.10975372046232224, 0.5400904417037964 
5.214966297149658, 0.11757541447877884, 0.4414840638637543 
5.667835712432861, 0.10363516211509705, 0.5816823840141296 
5.746482849121094, 0.10391721874475479, 0.4417879283428192 
5.98524284362793, 0.10185258835554123, 0.5108692646026611 
4.77303409576416, 0.09062138199806213, 0.5446754097938538 
6.387816905975342, 0.10144969820976257, 0.45956045389175415 
7.520362377166748, 0.10629085451364517, 0.48516401648521423 
5.589105129241943, 0.10416780412197113, 0.45935821533203125 
6.914523601531982, 0.10931163281202316, 0.5530848503112793 
6.706139087677002, 0.11019490659236908, 0.506056547164917 
7.445374488830566, 0.11697310209274292, 0.47221437096595764 
6.970714092254639, 0.11069990694522858, 0.5176041126251221 
6.296205520629883, 0.1223759651184082, 0.5244443416595459 
5.853736400604248, 0.11592114716768265, 0.558152973651886 
6.696616172790527, 0.12230886518955231, 0.4773632287979126 
8.251967430114746, 0.1280694603919983, 0.569574236869812 
8.27965259552002, 0.10922828316688538, 0.555999219417572 
5.943185329437256, 0.10552957653999329, 0.5562717914581299 
7.076212406158447, 0.12167476117610931, 0.5397307276725769 
7.899564743041992, 0.11895547807216644, 0.44909146428108215 
8.837821960449219, 0.11978305876255035, 0.5283432006835938 
7.7870097160339355, 0.11851593852043152, 0.5444235801696777 
9.683510780334473, 0.12192739546298981, 0.5689612627029419 
9.67200756072998, 0.12718653678894043, 0.6048150658607483 
