2.3338468074798584
2.356374502182007
2.3121628761291504
2.2879128456115723
2.2779152393341064
2.2488622665405273
2.201829195022583
2.176115036010742
2.31526517868042
2.0737879276275635
2.3579134941101074
2.0388169288635254
2.170443058013916
2.104983329772949
1.99758780002594
2.0567002296447754
1.9423307180404663
1.9787296056747437
1.851116418838501
1.9555912017822266
1.764481544494629
1.821678876876831
1.8676776885986328
1.6391681432724
1.9030628204345703
1.9388374090194702
1.6590458154678345
1.7855548858642578
1.5626311302185059
1.7024472951889038
1.5435789823532104
1.6254634857177734
1.471215844154358
1.5603806972503662
1.4080754518508911
1.529557228088379
1.4425419569015503
1.3933873176574707
1.4348371028900146
1.3237764835357666
1.3047807216644287
1.4385682344436646
1.5104434490203857
1.216773271560669
1.4287912845611572
1.5568439960479736
1.182289481163025
1.6735265254974365
1.6430892944335938
1.3606560230255127
1.5112026929855347
1.2030432224273682
1.3584680557250977
1.2400726079940796
1.2536942958831787
1.2528811693191528
1.211639165878296
1.219330072402954
1.1362169981002808
1.2026042938232422
1.0996646881103516
1.1286523342132568
1.066110610961914
1.0788935422897339
1.059069275856018
1.0015393495559692
0.9879428148269653
0.9902876615524292
0.9821712374687195
1.0168522596359253
0.9800722002983093
0.985018253326416
1.0904829502105713
1.7263416051864624
1.3813695907592773
1.407533049583435
0.9331427812576294
1.2717540264129639
1.658710241317749
1.2683013677597046
0.9748379588127136
1.2004069089889526
0.9893119931221008
0.9924985766410828
1.0370551347732544
1.0150840282440186
1.014085054397583
0.9193347096443176
0.9256946444511414
0.8706341981887817
0.8726828694343567
0.9023845791816711
0.8409873247146606
0.8386526107788086
0.8321517705917358
0.8233293294906616
0.7933304309844971
0.7701793313026428
0.7666862607002258
0.7928284406661987
0.8611224889755249
1.1068477630615234
1.4288066625595093
1.821472406387329
0.8233364224433899
2.0966079235076904
2.0677342414855957
1.5561710596084595
1.6907650232315063
0.9505048990249634
1.5218658447265625
0.9633150100708008
1.4127447605133057
0.8848220705986023
1.028805136680603
1.091810941696167
0.8640521764755249
0.9463481903076172
0.963893711566925
0.863717257976532
0.9433640241622925
0.8449980020523071
0.8398869633674622
0.8666176795959473
0.7904118299484253
0.7749987840652466
0.8047348856925964
0.7361842393875122
0.757426381111145
0.7082988619804382
0.6968306303024292
0.6995745897293091
0.6592351198196411
0.6701216697692871
0.6315035223960876
0.6386137008666992
0.6133956909179688
0.6135057210922241
0.5687354803085327
0.583448052406311
0.5480740070343018
0.5462900996208191
0.5262036919593811
0.5260569453239441
0.5283750295639038
0.5294371843338013
0.7132164239883423
1.7538353204727173
2.4199492931365967
2.9255928993225098
1.6832292079925537
2.0443825721740723
1.383951187133789
1.3526207208633423
1.291034460067749
1.5526944398880005
0.8215724229812622
1.2877485752105713
0.9062404632568359
1.0599076747894287
1.0511562824249268
1.0056945085525513
0.8162292242050171
1.0674564838409424
0.7334752678871155
0.8900753855705261
0.9006860852241516
0.8103253245353699
0.7693936824798584
0.7548754811286926
0.773068904876709
0.6635644435882568
0.7069076895713806
0.6757898926734924
0.6696080565452576
0.6028600335121155
0.647284746170044
0.5903599858283997
0.5886374115943909
0.5626846551895142
0.5530879497528076
0.5272799730300903
0.5130490064620972
0.5093846321105957
0.4820655882358551
0.4770347476005554
0.45913615822792053
0.4376230835914612
0.43504124879837036
0.4162217080593109
0.3941255807876587
0.39312976598739624
0.38567429780960083
0.361826628446579
0.3456534445285797
0.3392692506313324
0.3323919177055359
0.3195195496082306
0.30675023794174194
0.2922825217247009
0.2826141119003296
0.27331969141960144
0.2645553946495056
0.2687871754169464
0.2738397717475891
0.29757001996040344
0.36303573846817017
0.7066761255264282
2.7246551513671875
4.577334403991699
1.3207781314849854
5.773600101470947
1.0557540655136108
3.600740432739258
1.8145761489868164
0.9349480867385864
2.4062321186065674
0.7729937434196472
1.3050142526626587
1.583581566810608
1.2160426378250122
0.888780951499939
1.0554569959640503
1.2817366123199463
1.004960060119629
0.8792532086372375
0.9900767207145691
1.0713001489639282
1.033829689025879
0.9016658067703247
0.8081587553024292
0.8056246042251587
0.8461812734603882
0.7890968322753906
0.7168751955032349
0.7133319973945618
0.7292304039001465
0.6985248327255249
0.6293646693229675
0.6050622463226318
0.6171525120735168
0.5937822461128235
0.5451652407646179
0.5379866361618042
0.5316143035888672
0.47934380173683167
0.4698944687843323
0.4622005820274353
0.419149249792099
0.41362324357032776
0.4007596969604492
0.36259931325912476
0.3675015866756439
0.33830389380455017
0.32086244225502014
0.3145872950553894
0.2873336672782898
0.2855220437049866
0.2560941278934479
0.25555548071861267
0.23078909516334534
0.2275361567735672
0.2053365707397461
0.20038442313671112
0.180535688996315
0.1749935895204544
0.158026784658432
0.15321661531925201
0.13845303654670715
0.13016276061534882
0.12274599075317383
0.11168601363897324
0.10691120475530624
0.09707137197256088
0.093836210668087
0.08543632924556732
0.08417865633964539
0.0771336704492569
0.06936925649642944
0.06819228827953339
0.060439299792051315
0.05831783264875412
0.05350611358880997
0.05004296824336052
0.04754374548792839
0.043434351682662964
0.04226869344711304
0.038579024374485016
0.03666743263602257
0.03398638218641281
0.032367851585149765
0.030527431517839432
0.02869640849530697
0.027427146211266518
0.025599351152777672
0.024844344705343246
0.02345283143222332
0.022192979231476784
0.021528881043195724
0.020007284358143806
0.01958542689681053
0.018102174624800682
0.01763204112648964
0.01662413775920868
0.01611418090760708
0.015471043065190315
0.014644394628703594
0.01414444763213396
0.013569040223956108
0.013223601505160332
0.012580281123518944
0.012207471765577793
0.011760307475924492
0.011329814791679382
0.010963534004986286
0.010580654256045818
0.010312071070075035
0.009929749183356762
0.00971848051995039
0.00939391739666462
0.009176252409815788
0.00889340229332447
0.008636056445538998
0.008490088395774364
0.008148088119924068
0.00800096895545721
0.007779136300086975
0.0075796982273459435
0.007429756224155426
0.007214957382529974
0.007080958690494299
0.0069077811203897
0.006779094692319632
0.006631247699260712
0.006427116692066193
0.00639903312548995
0.006180254742503166
0.006136867683380842
0.00596783310174942
0.005885198246687651
0.005790571682155132
0.0056424252688884735
0.005572374910116196
0.005433920305222273
0.0053388699889183044
0.005239962600171566
0.005169656593352556
0.005042996257543564
0.004948968067765236
0.004854229744523764
0.004791233688592911
0.004741704557090998
0.004633408505469561
0.004560320638120174
0.004475175868719816
0.004413574934005737
0.004325992427766323
0.004291709512472153
0.00419194158166647
0.004162561148405075
0.004121637903153896
0.004000321961939335
0.003994546830654144
0.003905555931851268
0.0038429193664342165
0.003811099799349904
0.003721321001648903
0.0037002875469624996
0.0036358169745653868
0.0035738367587327957
0.003538943827152252
0.0034994662273675203
0.003436775179579854
0.0034214374609291553
0.0033502422738820314
0.003322258125990629
0.003273808630183339
0.0032433855812996626
0.0032080356031656265
0.0031463466584682465
0.0031231571920216084
0.0030633360147476196
0.003044205019250512
0.0029982207342982292
0.0029623114969581366
0.0029437567573040724
0.002896704711019993
0.002882920205593109
0.0028452936094254255
0.0027952089440077543
0.0027836677618324757
0.002745836740359664
0.0027099011931568384
0.002682422986254096
0.002655166434124112
0.0026147852186113596
0.0025997816119343042
0.00257862638682127
0.002534175757318735
0.0025192720349878073
0.0024833595380187035
0.0024701624643057585
0.0024457364343106747
0.0024051691871136427
0.002395258517935872
0.002362198894843459
0.00234690448269248
0.002327991183847189
0.002291460055857897
0.002276406856253743
0.0022487977985292673
0.0022283336147665977
0.0022157004568725824
0.002179128350690007
0.0021684521343559027
0.0021468636114150286
0.0021268613636493683
0.002107489388436079
0.0020882850512862206
0.0020679268054664135
0.0020544780418276787
0.002037425758317113
0.0020053901243954897
0.002003398258239031
0.001978127984330058
0.001963262679055333
0.001947378390468657
0.001922660507261753
0.0019112119916826487
0.0018903398886322975
0.0018826955929398537
0.0018598001915961504
0.001848566927947104
0.0018327862489968538
0.0018133710836991668
0.0018010284984484315
0.0017826989060267806
0.0017686266219243407
0.001751841977238655
0.0017405065009370446
0.001726443530060351
0.001712686731480062
0.001698084524832666
0.0016849962994456291
0.0016726335743442178
0.0016609359299764037
0.0016437756130471826
0.001640701899304986
0.001631112420000136
0.0016057731118053198
0.0016047472599893808
0.0015872654039412737
0.0015733788022771478
0.0015641928184777498
0.0015460894210264087
0.0015363660641014576
0.0015237018233165145
0.0015156482113525271
0.001503890147432685
0.0014901680406183004
0.0014796206960454583
0.0014690749812871218
0.00146072159986943
0.0014473728369921446
0.0014416188932955265
0.0014262584736570716
0.0014197768177837133
0.001406841678544879
0.0014022118411958218
0.0013874211581423879
0.001381181413307786
0.0013698386028409004
0.001361950533464551
0.0013519530184566975
0.001340226037427783
0.0013363910838961601
0.0013229852775111794
0.001320008304901421
0.0013087334809824824
0.0012953660916537046
0.0012912590755149722
0.0012780396500602365
0.001273054862394929
0.0012649057898670435
0.001254853792488575
0.0012519106967374682
0.00123766646720469
0.0012322714319452643
0.0012238610070198774
0.001215066178701818
0.0012077924329787493
0.0012005887692794204
0.001189888222143054
0.0011824555695056915
0.0011753335129469633
0.0011679952731356025
0.0011598143028095365
0.001155269332230091
0.001146775670349598
0.0011395395267754793
0.0011318064061924815
0.0011277985759079456
0.001119630178436637
0.0011129555059596896
0.001105512143112719
0.0010978542268276215
0.0010917773470282555
0.0010869059478864074
0.0010803904151543975
0.0010735418181866407
0.0010689131449908018
0.0010608523152768612
0.0010561504168435931
0.0010486140381544828
0.0010448123794049025
0.0010369890369474888
0.0010303787421435118
0.0010249660117551684
0.0010218637762591243
0.0010153590701520443
0.0010062832152470946
0.0010027446551248431
0.0009974123677238822
0.0009894303511828184
0.0009868424385786057
0.0009807416936382651
0.0009745003771968186
0.0009689258295111358
0.0009631378343328834
0.0009586121886968613
0.0009533225675113499
0.0009485115297138691
0.0009424079908058047
0.0009394530206918716
0.0009319785749539733
0.0009275974007323384
0.0009220595238730311
0.0009175406885333359
0.000913207302801311
0.0009088707156479359
0.000901889696251601
0.0009000034769997001
0.0008931945194490254
0.0008880111272446811
0.0008835865301080048
0.0008778565679676831
0.0008740037446841598
0.000868787057697773
0.0008652579854242504
0.0008604655740782619
0.0008553487132303417
0.000851806253194809
0.0008460584795102477
0.0008444579434581101
0.000838340085465461
0.0008340645581483841
0.0008293854189105332
0.0008256061701104045
0.0008205450139939785
0.0008168905042111874
0.0008132828515954316
0.0008086779271252453
0.0008031154866330326
0.0007991840247996151
0.0007966785924509168
0.0007931921863928437
0.0007870400440879166
0.0007839997997507453
0.0007791749085299671
0.0007762758759781718
0.0007727401098236442
0.0007673114305362105
0.0007640761905349791
0.0007613935740664601
0.0007568367873318493
0.0007534377509728074
0.0007487983093596995
0.0007457082392647862
0.0007413708954118192
0.0007384378695860505
0.0007346424390561879
0.0007318278076127172
0.0007274191593751311
0.0007241127896122634
0.0007204051362350583
0.0007173408521339297
0.0007140790112316608
0.0007109370199032128
0.0007070062565617263
0.0007039798656478524
0.0007003491627983749
0.0006968256202526391
0.0006952687981538475
0.0006913320394232869
0.000688404543325305
0.0006844871677458286
0.0006821336573921144
0.0006785428849980235
0.0006747535662725568
0.0006734417984262109
0.0006692107417620718
0.0006667082780040801
0.0006642931839451194
0.0006605280796065927
0.0006576749728992581
0.0006548125529661775
0.0006520285387523472
0.0006484611076302826
0.0006452783709391952
0.0006445308099500835
0.0006409959751181304
0.000637088727671653
0.0006351024494506419
0.000631671049632132
0.0006294354097917676
0.0006255242042243481
0.0006231561419554055
0.0006206600228324533
0.00061752088367939
0.0006152039859443903
0.0006124012870714068
0.0006094516138546169
0.0006081844330765307
0.0006037051207385957
0.000604035216383636
0.0006014030077494681
0.0005964812589809299
0.0005959310801699758
0.0005924241268076003
0.0005891461623832583
0.0005879806121811271
0.0005848834989592433
0.0005828264402225614
0.0005788694252260029
0.0005771793075837195
0.0005753199220634997
0.0005712584825232625
0.0005706864176318049
0.0005672636907547712
0.0005641150055453181
0.000562470406293869
0.0005591221852228045
0.0005573692033067346
0.0005543926381506026
0.0005517395329661667
0.0005500795668922365
0.0005467195878736675
0.0005457348306663334
0.0005436328938230872
0.0005405802512541413
0.000538402353413403
0.0005365071119740605
0.0005338083719834685
0.0005319204647094011
0.000530044490005821
0.0005278776516206563
0.000525716517586261
0.0005232573603279889
0.0005211200914345682
0.000519256922416389
0.0005171829252503812
0.0005152222001925111
0.0005125849274918437
0.0005107331089675426
0.0005086011369712651
0.000506326206959784
0.0005049494793638587
0.0005030505126342177
0.0005010862951166928
0.0004989843582734466
0.0004966786364093423
0.0004953681491315365
0.0004932777374051511
0.0004917411133646965
0.000489133526571095
0.0004876921302638948
0.00048557244008406997
0.00048404218978248537
0.00048183812759816647
0.00048063957365229726
0.00047835870645940304
0.00047737188288010657
0.0004754125257022679
0.000473809486720711
0.00047261049621738493
0.0004703056183643639
0.00046831826330162585
0.0004670932830777019
0.0004650381742976606
0.0004631723859347403
0.000462063035229221
0.0004608899762388319
0.0004578721127472818
0.0004572367761284113
0.00045613557449541986
0.0004536988271865994
0.0004521178489085287
0.0004515020700637251
0.0004498045309446752
0.0004477272159419954
0.00044528223224915564
0.00044440856436267495
0.0004436696763150394
0.00044091069139540195
0.000439092458691448
0.00043773400830104947
0.00043516786536201835
0.0004347705689724535
0.0004338411963544786
0.0004312372184358537
0.000429127539973706
0.0004288945929147303
0.00042707877582870424
0.0004247098113410175
0.00042382883839309216
0.00042176214628852904
0.00042052316712215543
0.00042001684778369963
0.0004172405751887709
0.0004158646916039288
0.0004145487619098276
0.0004132022149860859
0.0004115279298275709
0.0004102468956261873
0.00040878201252780855
0.00040759152034297585
0.0004056791658513248
0.00040468372753821313
0.000403635116526857
0.0004018070176243782
0.00040021687163971364
0.00039902530261315405
0.000397928903112188
0.0003965950454585254
0.0003950594400521368
0.0003943268093280494
0.0003928964142687619
0.00039146668859757483
0.0003899425209965557
0.00038897234480828047
0.00038740519084967673
0.0003862130979541689
0.00038546783616766334
0.0003835979732684791
0.00038268178468570113
0.00038168742321431637
0.00037982244975864887
0.0003792197385337204
0.0003783140273299068
0.000376503769075498
0.000374866503989324
0.0003739314270205796
0.00037236983189359307
0.0003710650489665568
0.0003702554968185723
0.0003690525481943041
0.0003680339432321489
0.0003662825038190931
0.00036578759318217635
0.0003645310353022069
0.00036327476846054196
0.0003621966752689332
0.0003607551916502416
0.00035969985765405
0.0003590495325624943
0.0003575964947231114
0.0003565374936442822
0.00035616877721622586
0.0003545009531080723
0.0003538210003171116
0.0003529623500071466
0.000351443188264966
0.0003502701292745769
0.00034935385338030756
0.0003482462780084461
0.00034690508618950844
0.0003462485037744045
0.0003454679681453854
0.0003440866421442479
0.00034251512261107564
0.00034212213358841836
0.0003405551833566278
0.0003393508668523282
0.00033909978810697794
0.00033786697895266116
0.0003361047711223364
0.0003356711531523615
0.0003350817714817822
0.00033341319067403674
0.0003323100972920656
0.000331677874783054
0.00033049227204173803
0.00032906915294006467
0.00032814015867188573
0.00032715138513594866
0.0003260668891016394
0.0003251435700803995
0.0003240895748604089
0.000323511369060725
0.00032255816040560603
0.0003214438329450786
0.00032062188256531954
0.00031937105813995004
0.0003187937836628407
0.0003177214239258319
0.000316642748657614
0.00031566552934236825
0.0003148971009068191
0.0003141886554658413
0.00031307473545894027
0.0003122702764812857
0.00031112603028304875
0.00031016109278425574
0.00030942290322855115
0.0003086543292738497
0.00030743234674446285
0.0003065922937821597
0.00030581833561882377
0.0003049248189199716
0.00030414393404498696
0.000303149048704654
0.0003024404577445239
0.00030133227119222283
0.00030071812216192484
0.0002999020798597485
0.0002990388893522322
0.0002981572470162064
0.00029704897315241396
0.0002964948071166873
0.0002956844982691109
0.00029475559131242335
0.0002940941194538027
0.000292914395686239
0.00029244396137073636
0.0002915204968303442
0.000290680123725906
0.0002901555853895843
0.00028931579436175525
0.0002883990528061986
0.00028788080089725554
0.0002865518326871097
0.00028593791648745537
0.0002850026939995587
0.0002846097631845623
0.0002838413347490132
0.0002829057048074901
0.0002820654190145433
0.0002815527841448784
0.0002804509422276169
0.0002798556524794549
0.00027918844716623425
0.00027830025646835566
0.0002776566834654659
0.00027679328923113644
0.00027645990485325456
0.00027546490309759974
0.0002747912076301873
0.0002741057542152703
0.00027338502695783973
0.00027270635473541915
0.0002720214833971113
0.00027101440355181694
0.00027032295474782586
0.00026981643168255687
0.00026888135471381247
0.00026825611712411046
0.00026744583738036454
0.00026659361901693046
0.00026618214906193316
0.00026548514142632484
0.0002644549240358174
0.0002639068407006562
0.0002632868418004364
0.00026266108034178615
0.0002617795835249126
0.00026131526101380587
0.00026065981364808977
0.000259747845120728
0.00025963422376662493
0.00025860374444164336
0.0002577880513854325
0.0002575200633145869
0.00025654290220700204
0.00025612537865526974
0.00025569015997461975
0.00025475502479821444
0.0002540465793572366
0.00025358208222314715
0.00025267619639635086
0.0002522228460293263
0.00025189496227540076
0.0002507394237909466
0.00025012626429088414
0.00024975702399387956
0.00024885713355615735
0.00024837994715198874
0.0002477721718605608
0.0002470039762556553
0.00024629526888020337
0.0002457530936226249
0.0002451333566568792
0.00024460902204737067
0.0002438226219965145
0.00024344134726561606
0.00024275027681142092
0.0002421958779450506
0.00024154025595635176
0.00024087316705845296
0.0002402716054348275
0.0002395446936134249
0.00023915122437756509
0.00023847799457143992
0.00023776330635882914
0.00023750732361804694
0.00023667300411034375
0.00023619600688107312
0.00023559419787488878
0.00023495694040320814
0.00023448637512046844
0.0002337653422728181
0.00023332420096267015
0.0002327939437236637
0.00023213878739625216
0.00023170998611021787
0.0002311021089553833
0.00023051789321471006
0.00022986254771240056
0.00022944567899685353
0.00022880814503878355
0.00022846832871437073
0.00022787836496718228
0.0002272291312692687
0.00022687793534714729
0.00022644293494522572
0.00022554895258508623
0.0002251615223940462
0.00022447043738793582
0.00022413107217289507
0.00022348156198859215
0.00022286165039986372
0.00022233740310184658
0.00022188469301909208
0.0002213961270172149
0.00022082422219682485
0.00022051417909096926
0.00021984688646625727
0.00021937047131359577
0.00021882829605601728
0.00021830371406394988
0.0002178389549953863
0.00021728493447881192
0.00021674271556548774
0.0002164625038858503
0.00021584883506875485
0.00021539023146033287
0.00021477064001373947
0.00021434141672216356
0.00021373960771597922
0.00021351338364183903
0.00021281628869473934
0.00021231565915513784
0.00021199377079028636
0.00021165423095226288
0.0002110467030433938
0.00021030190691817552
0.0002103969018207863
0.00020989635959267616
0.00020902072719763964
0.00020897923968732357
0.0002083654690068215
0.00020756685989908874
0.000207393808523193
0.00020680988382082433
0.00020634543034248054
0.00020583919831551611
0.00020551728084683418
0.00020509395108092576
0.00020464106637518853
0.00020411083824001253
0.00020338420290499926
0.00020325914374552667
0.00020271085668355227
0.00020213867537677288
0.00020216242410242558
0.00020147135364823043
0.00020073869382031262
0.00020048243459314108
0.0001998625957639888
0.00019939181220252067
0.0001991177850868553
0.00019854579295497388
0.0001982121029868722
0.00019764604803640395
0.00019750914361793548
0.00019697293464560062
0.00019641865219455212
0.00019617420912254602
0.000195608168723993
0.00019511376740410924
0.00019477427122183144
