-512.694938243873
-1244.402272863158
-1431.6720374961951
-1504.849373387494
-1576.691981950806
-1626.03805196617
-1676.8560607570444
-1726.4281012653641
-1784.2431230704285
-1825.1967080422369
-1917.0766180318008
-2006.6033181383348
-2062.0515831998637
-2101.928075220678
-2132.5123705465853
-2152.1983932466806
-2183.810084411961
-2199.6052282329833
-2229.1835570609637
-2251.251926853838
-2278.343562704734
-2304.1739218858706
-2332.3073252605373
-2339.7305031742812
-2364.601449035758
-2391.0044337115173
-2409.8261677984406
-2420.2281303901177
-2456.8428409272087
-2479.543951200864
-2493.719881018814
-2512.8058565667034
-2525.8210594163093
-2553.841248804209
-2568.173415939529
-2568.4329985722984
-2596.5891285402654
-2601.7803576863985
-2613.9242201541483
-2614.4869531974723
-2639.727586169411
-2647.1540074392683
-2660.188905054209
-2661.1525226656713
-2686.3217723612884
-2684.153631036932
-2696.0158745760377
-2690.0580701385666
-2717.241312398539
-2729.6552824965215
-2730.35177040454
-2730.386948849142
-2738.382013947269
-2754.396013532366
-2754.8480204226576
-2772.8015585140306
-2789.2093141233768
-2774.810883417643
-2787.9359495484982
-2790.096999923904
-2806.844088807398
-2809.0290640581516
-2792.4084995814733
-2827.8342873992638
-2816.4146418244145
-2835.4553313246465
-2835.4449080146974
-2853.594026753102
-2860.701587684079
-2852.719303959155
-2874.914381830502
-2877.273414399496
-2873.7219070689357
-2891.2721320950254
-2890.1517426839346
-2890.2353941399
-2892.4682934253246
-2921.2237696037223
-2923.7478598062094
-2919.273645857491
-2941.96576505247
-2943.6576011530324
-2935.7326560507017
-2945.9123856751507
-2962.1698213198633
-2975.7093607773363
-2970.086601073313
-2976.7492096003884
-2990.2821214778523
-2994.1563876971245
-3004.484925335546
-3005.1661093858706
-3023.3700139146567
-3019.59451865796
-3022.9788870448747
-3019.0219971156075
-3034.9326049578212
-3046.0383273604184
-3016.2796510827343
-3048.602614705328
-3049.6619558245884
-3062.1066658996697
-3056.442161772379
-3056.5737657989334
-3064.669888356621
-3071.4991960118564
-3085.872739774177
-3077.300531221011
-3087.930142262871
-3088.0788628572877
-3089.7170632102275
-3093.056574041193
-3089.7334138378365
-3098.268261175209
-3105.1054234548933
-3096.1492736476694
-3103.8814391523656
-3104.188212492028
-3106.8992605120884
-3111.1186369434135
-3131.8585923005567
-3117.791102138654
-3122.3543458843055
-3125.5954961263624
-3127.268072294614
-3134.0712111549165
-3129.745889469069
-3135.9262785902715
-3142.387587510146
-3147.0887403612014
-3125.4854969597923
-3156.7201908373436
-3150.0018675172482
-3136.327221362622
-3152.3370041997623
-3154.559963474026
-3148.0801225142045
-3152.4484840633695
-3157.585429741854
-3169.0727221996754
-3160.5151869963183
-3174.682781608737
-3159.0163895814007
-3179.5368068036873
-3152.721015208285
-3181.087992991941
-3183.8435824081052
-3176.9882907619726
-3179.465121409004
-3186.8747862070963
-3196.870836926745
-3181.677890190167
-3195.8011322870766
-3199.4191446109694
-3197.127121169846
-3209.160413073255
-3189.2557203190227
-3203.8671240868507
-3201.6468064232085
-3201.669495648046
-3217.63502878957
-3206.052009200342
-3216.487534786642
-3215.098362853664
-3195.805750123203
-3208.3748604910716
-3180.309442127348
-3220.640497267799
-3223.665487937007
-3222.7420203610563
-3219.1946280909383
-3190.09790673194
-3235.052569953763
-3219.923698580995
-3224.3841858476344
-3232.075954911439
-3245.793004986085
-3214.172934452545
-3250.4165125123204
-3229.8582919939995
-3242.521104349055
-3246.7807739484288
-3240.5221918845664
-3245.733125308007
-3241.8803362165177
-3246.902610538178
-3251.090107820472
-3242.0253738658107
-3250.5157771915583
-3255.0859560709937
-3255.5830843612302
-3255.1176721576417
-3255.410707038497
-3260.0568548708547
-3263.6773638610275
-3270.1210982795105
-3254.744783362564
-3259.7090219699385
-3243.429970594417
-3279.910133602447
-3276.1770196182165
-3265.489284536613
-3284.458155927499
-3264.0546702878596
-3280.0323592771624
-3272.8200837597115
-3272.003260341779
-3274.8218647633057
-3273.963880776032
-3283.673385591808
-3280.069045595866
-3283.453295309601
-3296.2422912257944
-3270.6822267436805
-3283.372139161062
-3288.325357016031
-3293.9590151756724
-3295.7798893349955
-3296.5846728606216
-3296.7323036547714
-3289.1028479751276
-3297.6061069580533
-3294.8018003899
-3309.8664179361376
-3300.805353791019
-3297.7078071551773
-3303.990891154047
-3304.2139183709705
-3316.406081502203
-3303.7466961749187
-3304.3330920613985
-3308.284198711445
-3311.5461407663206
-3309.001755185384
-3300.4847129014956
-3319.397272509856
-3300.8241209125695
-3323.581107682775
-3315.148946164048
-3327.0743854359926
-3322.1656931238404
-3328.0796682042846
-3303.2774701233475
-3332.4145163569688
-3329.575005978954
-3318.0202324182515
-3334.153046730056
-3330.4952086836156
-3338.435636559311
-3333.75936657511
-3330.8526097228664
-3339.661804538932
-3321.051662692776
-3320.8920798788267
-3330.3590235099723
-3332.466280963735
-3329.9744426890074
-3323.9441235034496
-3340.32066897249
-3345.9049880783277
-3352.468383109636
-3337.901881286961
-3351.3930011812963
-3321.2806842641176
-3351.9643640748204
-3338.8068702711907
-3337.0268541098967
-3350.3931429549802
-3337.0310022357667
-3353.976123590416
-3354.7684677208954
-3350.2116595040006
-3343.841008287193
-3350.2442117383175
-3343.0513809572126
-3345.6123137465215
-3358.689709948255
-3363.590481505102
-3341.919311296962
-3356.985414522698
-3358.863452918454
-3363.182256638451
-3346.539098283134
-3368.867210600504
-3365.3541891632362
-3353.5382227287223
-3349.0926615585863
-3375.3229133450254
-3360.444010265683
-3374.6519324704313
-3374.665684970721
-3357.1052816812094
-3359.669886091866
-3375.0815542925266
-3373.046549781134
-3358.1203998289657
-3367.8054516284496
-3371.817857958169
-3368.5292031141294
-3375.0794331226807
-3362.8197241165644
-3374.857735317138
-3380.8081077335055
-3361.87619307311
-3385.5587808187906
-3373.3977082487827
-3368.653389161062
-3377.274691268553
-3384.698574653583
-3377.799329541831
-3391.5459623036004
-3369.6179353222115
-3389.051196606128
-3376.0885582748724
-3390.082317968025
-3375.4472900843575
-3374.2204082538556
-3369.46773946617
-3390.935968572443
-3383.3296754515018
-3390.3947740317717
-3384.6013215300327
-3373.287089898104
-3388.620404358476
-3384.2695058847403
-3400.313400466721
-3393.42462214822
-3383.8043921759045
-3390.8158409670687
-3401.586141780931
-3373.0336139516176
-3395.7118565377145
-3389.6623974518784
-3373.5983832364623
-3399.091289116854
-3403.081489973475
-3391.242943022379
-3401.3015254486027
-3402.0009045432803
-3379.194686068675
-3388.1540441283046
-3396.403122825835
-3401.599738013103
-3397.88254933543
-3393.2874903068473
-3399.087451262465
-3399.778544976229
-3408.0578626869783
-3399.821626058094
-3404.0939701342186
-3408.8123632087777
-3384.2748069975505
-3375.7653029517915
-3413.17444821501
-3411.107300031163
-3401.0809640972866
-3405.317870640799
-3407.9150893400683
-3406.3495156141294
-3412.5686537931933
-3412.4351568841316
-3395.686127558268
-3412.7054531684835
-3404.5653264146567
-3419.609802132856
-3396.3638605744145
-3415.227770067544
-3418.0989267777422
-3400.384284590967
-3393.580493934079
-3417.0489250565283
-3398.153089760407
-3421.5185374753596
-3402.3043360099723
-3403.653232439993
-3421.098388218924
-3398.5577363136304
-3424.0173711263624
-3414.6932135247566
-3421.259033656076
-3415.7149900531945
-3429.417873630276
-3415.6093654880274
-3405.759936840503
-3435.4784082755973
-3411.9025634312675
-3406.7144003109056
-3433.4160409902597
-3414.5735393234
-3422.9190956922544
-3431.072259283685
-3395.568548255595
-3410.8448932484926
-3409.3165462118795
-3436.6901823762173
-3418.684114643727
-3431.9559958038612
-3425.2287774307165
-3432.9452481809485
-3420.5352069805194
-3426.265598728838
-3427.3234555274526
-3439.963417860042
-3424.7460624963765
-3440.526902575661
-3427.4096235795455
-3434.6425002174165
-3408.414571616999
-3436.5354035612827
-3434.368110161323
-3440.6412142893378
-3438.1139194580533
-3432.7504035794004
-3424.44537183659
-3428.5714195124074
-3442.8416795606736
-3440.8554701088533
-3380.437148057021
-3438.8206685195387
-3451.2795124797076
-3462.061579150481
-3432.4237153401846
-3452.3675688847984
-3449.263497035888
-3452.9555582531307
-3456.0535034859113
-3458.5945476468287
-3460.061062333314
-3450.2248055028117
-3448.6301776836444
-3464.8487537504348
-3465.351000387726
-3450.9287073138917
-3457.613390864158
-3457.4731662729014
-3435.072671016205
-3467.199931242028
-3453.361748010639
-3464.1266315297426
-3467.2077047882362
-3456.7530895792265
-3469.8978704052643
-3453.74100303296
-3467.7705227598854
-3465.1017554571545
-3467.6518640748204
-3463.607712216634
-3485.988499572414
-3455.1878016654105
-3436.7137412671036
-3469.2962145973447
-3477.071227461155
-3468.6998125688488
-3452.603703599693
-3471.5641174882594
-3473.716466220721
-3453.490104830995
-3457.9476701103026
-3471.945784475012
-3475.151835085952
-3468.5764681049977
-3463.9951325878365
-3466.062536236085
-3480.764681502928
-3472.2701314101637
-3462.4449940754002
-3475.3138393763047
-3472.2734895893727
-3471.1056272828732
-3473.79628480476
-3490.6560153713476
-3480.437579719388
-3475.0821345228433
-3468.8599842191848
-3485.088067728867
-3483.1977058934367
-3477.5061977294467
-3463.2317558104564
-3475.8605187014437
-3459.6804969235563
-3482.4174569152947
-3485.2444327784383
-3483.5675395335693
-3482.536301310297
-3471.1287921063313
-3495.451037348533
-3480.7125024459356
-3489.5100342249825
-3475.5890270792265
-3477.3361635225824
-3491.1517213952343
-3484.9195857853083
-3481.5771796911235
-3495.300329204835
-3481.2502160576587
-3494.69400890683
-3490.1236828182978
-3481.91366345011
-3462.6228989864767
-3490.81266125058
-3495.206615440921
-3497.94364382827
-3475.770530460053
-3475.0006391139555
-3486.9255891987477
-3491.9850951921962
-3486.3391362404336
-3488.868535935326
-3292.551533035533
-3459.9173201240724
-3477.4781799882594
-3500.2135641632362
-3493.0279357570444
-3494.988815732259
-3492.376039069747
-3489.2703895922714
-3504.669146875725
-3470.311362866347
-3493.3963607193587
-3477.5531039830703
-3490.8901752195907
-3501.9895458893784
-3505.0197115245246
-3483.744695037106
-3501.8871825718925
-3493.304829726635
-3509.91965871043
-3479.9373324081052
-3492.3302448109926
-3503.8606464336444
-3489.0196290874305
-3497.2669530525277
-3499.3627612621754
-3485.4739802259683
-3489.971415617028
-3506.201715869231
-3500.1730191543948
-3508.028043106447
-3500.047654528786
-3496.386411649177
-3498.8204058079195
-3499.355514951009
-3497.43387412671
-3499.148015349606
-3503.6622602077055
-3498.018128460546
-3512.7558507689296
-3505.686991335952
-3499.1022926571195
-3504.9896749804325
-3490.1334443667383
-3509.1535658119783
-3513.133587952226
-3499.0241658453156
-3502.848322088068
-3510.5565971416977
-3507.93277843808
-3495.7413644879116
-3314.453211740129
-3325.692863846533
-3482.768072294614
-3515.417305176687
-3509.0703931252897
-3527.2184909119896
-3510.4994831828326
-3521.838059122797
-3536.618942685384
-3517.5937925774
-3536.9847061072296
-3530.147555604273
-3529.1879534040177
-3532.880127859027
-3534.0933985099723
-3524.2695634095257
-3527.8117177535078
-3534.881048708546
-3542.0922797208373
-3527.289259080763
-3521.8104481316673
-3389.1025888871172
-3499.9398671222752
-3531.8321852533627
-3508.81458493376
-3534.9224833132826
-3530.231709835923
-3545.049032858882
-3521.9619018328212
-3529.808124945646
-3545.8090965256843
-3507.3520725229014
-3526.3227924070907
-3539.2126917794817
-3542.501810445414
-3546.549574588358
-3522.5542091836733
-3219.8211104723873
-3516.2993136885434
-3518.8141514595895
-3543.596244401525
-3542.555587966721
-3527.3246685304093
-3534.210089575603
-3531.8654196319862
-3554.733140708343
-3540.8093307013855
-3528.884453541715
-3548.3972317442604
-3538.79282018205
-3533.9665513755217
-3557.9670423744783
-3548.8269160736027
-3527.576482146481
-3520.713386606418
-3544.310016469301
-3537.0257280735445
-3541.029755714431
-3542.624321479302
-3555.1628368144134
-3546.200881533366
-3548.590033083546
-3523.3426235106967
-3536.5849663729127
-3539.411886749551
-3546.070823881754
-3542.422050745014
-3547.6131580473098
-3548.7757652155324
-3533.387144071052
-3554.971946928629
-3543.428276557427
-3545.8887293997855
-3552.225647538845
-3549.3184313942197
-3556.7043416265656
-3541.7895593873204
-3534.6863780402077
-3561.9082216959937
-3553.068082168947
-3553.8539939413267
-3533.2905182847285
-3550.8773408511133
-3555.2400015581516
-3544.7930597931645
-3555.9285976997335
-3553.452792986868
-3560.5301692587545
-3550.489313978432
-3563.8156027148075
-3550.49208150945
-3558.960692453473
-3193.9665215656796
-3527.321094293541
-3548.659946080705
-3553.685844463851
-3556.336724276003
-3565.9312565224955
-3552.4243182180544
-3562.432372593924
-3560.9400220315397
-3550.2203615998956
-3578.354511664396
-3569.1519664417615
-3510.5857776082735
-3560.989897832357
-3555.110955799223
-3567.2964831973272
-3573.4747728903353
-3585.798088908859
-3557.296710125812
-3571.945047523626
-3563.9813130507887
-3588.5112322805544
-3571.1374951081284
-3577.1771523328794
-3568.5922267255623
-3578.6129048476637
-3572.845886570182
-3569.846103080792
-3582.8398138552297
-3565.5606868368795
-3585.5335251732085
-3573.788118549977
-3581.3186483577806
-3574.4818570450198
-3558.5044031373204
-3574.105305687616
-3584.3265731896454
-3578.7781074254985
-3581.691216010552
-3494.1212993897843
-3574.5206273915815
-3580.6878913497217
-3591.149366955589
-3564.488234143089
-3604.9941225069574
-3592.449823439674
-3595.2156137668135
-3586.0353419599373
-3575.9586695740086
-3600.8111461292615
-3582.7196074363696
-3601.0385918838415
-3584.0776738607374
-3573.5078170295105
-3601.814786044034
-3604.619134283685
-3582.041084926513
-3597.691086013596
-3588.3451106650045
-3603.4620046527134
-3584.212353425035
-3600.4310069464577
-3586.743679520814
-3577.7218069667497
-3599.684633272698
-3015.104475867107
-3154.747875659497
-3285.0820126790063
-3432.167697885262
-3506.895514153815
-3416.091279151931
-3521.8034427904686
-3555.5078410359174
-3559.314983530699
-3554.41614743376
-3576.035882783511
-3578.9488446124187
-3574.1665011885434
-3568.602756479012
-3589.2479961444806
-3576.0024509182226
-3580.782889682862
-3582.243992510001
-3593.9320383160366
-3595.4949505015074
-3590.774523676658
-3583.4714436999943
-3596.9338831857317
-3586.9625694826937
-3580.706744079024
-3599.574597417092
-3580.4984445660366
-3605.125698903496
-3597.4950071203907
-3589.806689543715
-3594.324769085546
-3574.6953138588533
-3595.804198312848
-3602.647989078444
-3595.8617176629173
-3593.1374729135264
-3604.481705759363
-3593.641806749333
-3605.281006765277
-3598.1176187094156
-3605.3780963734926
-3601.1031808941616
-3602.8393713220376
-3601.341988473301
-3596.8408166888917
-3578.4819906655844
-3581.825086604244
-3603.2716569493564
-3600.7461222859174
-3596.3198332777715
-3613.1281031677586
-3598.015720119724
-3593.7552927332154
-3598.3770233324153
-3600.688009116999
-3609.7781699327456
-3598.4369347170687
-3607.8146469880567
-3599.174499851432
-3578.0901147279756
-3595.977740172774
-3612.222434756928
-3594.4944028836676
-3617.5692376471184
-3616.551735164947
-3607.1966835828794
-3603.954447617115
-3618.384006479012
-3610.7485926810355
-3617.9187663968287
-3612.1976669396454
-3614.0380619310936
-3607.428747173585
-3590.488079233824
-3615.124323744057
-3606.916463593605
-3608.8305908656075
-3611.6844176679906
-3612.2012982483475
-3614.9879868318067
-3609.312832013132
-3621.6066572935993
-3613.864327114013
-3611.992168476055
-3619.7977405894885
-3604.8892235693993
-3614.2239018654336
-3611.7553257986433
-3613.411065775742
-1466.232262282292
-1127.7708599819543
-1518.2073734545309
-2060.3787662881205
-2478.6398758189357
-2700.6140759526465
-2452.7242866190554
-2906.7444848678106
-3034.9071164953907
-3132.2105733273424
-3203.198033830009
-3249.5471544708084
-3298.6947132457385
-3322.84859884117
-3361.1952010740374
-3380.5602456625406
-3392.9674305535423
-3404.9682852722053
-3418.7863117281713
-3431.102843445617
-3434.1547706618157
-3454.0702540693123
-3443.3897186449153
-3449.2835795273363
-3467.8095399647787
-3460.7204712140538
-3465.888150528322
-3467.790187177499
-3483.135309619231
-3474.1407753797544
-3477.738470583546
-3465.4275608947414
-3485.7427722598272
-3489.7472777640887
-3493.006987676107
-3493.2703606034033
-3491.365037794237
-3488.5650220315397
-3503.5136732338533
-3500.4128898096883
-3504.8230003116305
-3495.8651080016525
-3502.812804836068
-3506.931233874942
-3519.683402151699
-3499.4472746840215
-3505.1603555484694
-3503.944870419759
-3521.2272029728083
-3509.4991869528353
-3503.233316000406
-3514.5235493789137
-3522.1524343402134
-3494.8304164794467
-3532.5676985193936
-3523.4437344184835
-3529.078782231998
-3513.9456214126276
-3527.7763853055426
-3527.7846933340097
-3522.301153122826
-3526.0147657518264
-3514.9623180948515
-3541.63498213561
-3533.335356816732
-3519.965278130073
-3532.2606457089228
-3535.0790046309717
-3523.632459651119
-3523.97370075516
-3526.1757509022787
-3534.2086818036873
-3546.221402934398
-3513.0833608878565
-3531.1737284757655
-3537.512506884856
-3532.8884059927236
-3546.1768579146856
-3528.8959177332154
-3538.726947961358
-3542.628110867927
-3533.838418765944
-3552.691356878334
-3531.3321019103664
-3527.04705346272
-3552.3281730128133
-3538.5731171730054
-3534.1392502935123
-3558.9324450660947
-3545.9285795816904
-3535.535311612216
-3552.3287586785423
-3520.60120602751
-3547.302800052905
-3547.1936275220314
-3545.6772506232605
-3541.4632543447065
-3560.355162102128
-3544.2003588278353
-3550.900736226664
-3548.5293684412686
-3548.664081523945
-3557.314981718895
-3546.0240517016464
-3563.8605241368564
-3536.7287416475824
-3558.590833901032
-3552.4340109179325
-3552.1073167903523
-3414.6903764657495
-3530.634472112709
-3554.9083439927817
-3562.015598275887
-3553.21939953183
-3009.256420604373
-3307.2367289866943
-3487.424537899322
-3513.70867455647
-3534.602376906018
-3535.199413518959
-3548.6770318478953
-3550.9690176940803
-3540.96108606795
-3563.451267900626
-3545.9364024995652
-3563.273945258146
-3551.077826958198
-3565.151354051919
-3553.9484645864736
-3555.7127108034265
-3556.5701924679674
-3559.6141246448865
-3562.4324600134796
-3570.925971489448
-3569.7283063616073
-3562.900335817921
-3567.578451124768
-3337.7248994760034
-3435.599342586822
-3516.2629154467186
-3531.784268012958
-3546.7941514052354
-3555.3430320725593
-3554.7154153742463
-3554.848427625667
-3570.568787413758
-3564.075258272698
-3569.4079091597578
-3557.1120193283277
-3570.406547588851
-3563.8431761109982
-3577.6531545324096
-3551.8767474852157
-3555.1122093413005
-3569.3244882558847
-3572.1551203400395
-3558.4029556868913
-3572.653904619376
-3573.0977414048007
-3564.561639845924
-3568.9362978678687
-3565.4338283786524
-3575.534058296614
-3575.604601801658
-3578.330589053803
-3576.929383116883
-3580.4606897357667
-3565.611368437645
-3581.8422212901496
-3568.0566501369726
-3581.4032954001914
-3585.043532221127
-3570.5433537584067
-3571.3175485925904
-3569.91126462126
-3578.0900729432396
-3580.27725451864
-3569.4982131080415
-3579.8783074486896
-3577.4687853301834
-3581.492004507769
-3576.9618370608187
-3587.329072120681
-3576.640055640509
-3581.380208937268
-3591.169432687848
-3579.1993926832097
-3574.771246122739
-3571.4353339879985
-3589.2194787982667
-3579.0741480896336
-3595.5680115085806
-3576.2909481352913
-3573.482000630508
-3528.7856889204545
-3579.526815609056
-3594.9926245977795
-3588.5968862331865
-3572.231280891263
-3585.945115919237
-3587.8685939130623
-3588.5814161424514
-3593.360153169933
-3585.6114128268496
-3584.415696294498
-3574.3306515610507
-3592.5668632776265
-3588.148682546527
-3584.519112270263
-3577.72691489593
-3600.289082429847
-3588.4850154728083
-3590.6492070638624
-3593.2599848533164
-3590.3812163004404
-3590.1211182093575
-3586.769798038178
-3595.3293375500057
-3583.604396614825
-3589.2773528090215
-3585.9307641646856
-3583.8003935238867
-3594.205737621753
-3588.8834375724723
-3587.79033212184
-3589.3481599315865
-3595.059996992405
-3597.751006004319
-3597.4893837328964
-3582.9957019473272
-3593.6898408511133
-3594.6980963372566
-3594.1096757595083
-3579.124581473214
-3581.8122273234576
-3586.687621390886
-3591.617097815689
-3592.1390496361896
-3589.206720072617
-3593.7366171077806
-3596.131353997565
-3585.5289453849723
-3601.999828331546
-3591.0125254558498
-3586.223741973707
-3604.255057651612
-3599.5646936420167
-3603.581269839257
-3592.5622522357667
-3595.9955076313195
-3597.585874992753
-3586.6311972764956
-3600.9852664076993
-3604.795334966373
-3591.886339177006
-3601.6252260225824
-3600.919452617695
-3579.984735096098
-3590.314604863607
-3600.7674947820037
-3583.671297940341
-3602.9364781423933
-3592.749825613839
-3594.294495648046
-3603.8671775350767
-3588.107689116129
-3601.168892317225
-3601.4978539178455
-3612.694731363781
-3606.387280862274
-3599.3371559383695
-3601.4141671316966
-3611.759758377783
-3599.116154771568
-3607.9853420505274
-3611.6583077566966
-3598.8057007515363
-3607.8275692290413
-3616.1110472953387
-3607.2528178085863
-3602.72576440022
-3147.2310949831594
-3463.6447536489736
-3556.472554788961
-3583.8732565913438
-3612.869270169005
-3603.262276785714
-3607.081075070298
-3604.3237879935355
-3603.739387356505
-3612.923894708807
-3600.794487041976
-3599.1481149988404
-3612.9242797172137
-3623.2548524647787
-3616.5001698566502
-3611.0833910091023
-3617.293077911207
-3611.129861976751
-3612.4257694732723
-3617.708287736259
-3609.3246753246754
-3614.317613364593
-3630.5965587495652
-3622.0812553448227
-3602.2608613136304
-3616.0211170316848
-3608.5801161728896
-3623.2239643726807
-3618.2900236621635
-3618.5333145509626
-3615.657234262668
-3627.1743680426716
-3608.142980345547
-3620.7870749507188
-3593.1671457379116
-3618.936931546411
-3608.813396843112
-3606.5959490774294
-3617.333929567921
-3625.6235596156075
-3615.182210437442
-3612.703421682949
-3621.9813443044122
-3604.7953250014493
-3627.4916548295455
-3614.2562235476576
-3626.7888632015306
-3623.4088322740317
-3635.0031366861376
-3620.431680937645
-3620.203933064703
-3617.2447878920743
-3623.4637412671036
-3614.6053156525395
-3615.2320835205533
-3631.9009975794297
-3624.472344166715
-3624.76563768263
-3618.1178918389087
-3616.2628262153585
-3630.079887885552
-3618.8255803209067
-3614.8638678216316
-3633.311051462488
-3616.5935099359344
-3632.6759284590967
-3625.8730568399233
-3616.2119317275915
-3618.4559287671036
-3625.5157251021856
-3630.8154083987997
-3627.852802680021
-3617.6172255478896
-3374.0292820974714
-3534.1119278322126
-3583.661329393263
-3630.646321312616
-3622.6441267646974
-3609.005255138277
-3628.2993123296906
-3627.5948850953732
-3623.0352273633175
-3622.3802320377727
-3614.536492002696
-3621.148345097982
-3638.5518420613985
-3373.6404734878683
-3541.536620187848
-3589.292859135842
-3592.2887313927704
-3610.7073003029336
-3629.1655314203094
-3610.215903202545
-3621.5331460531656
-3620.9383356947183
-3629.568157811775
-3628.1131743535484
-3636.309946261885
-3633.4771966314934
-3619.8561576885727
-3629.575410011306
-3635.9117452023424
-3618.5560277822065
-3628.705451356679
-3628.7983652090097
-3613.9746931709474
-2142.7780331149834
-3234.1447776553805
-3417.809830759363
-3448.2361050465997
-3496.0615112078212
-3543.5526157018203
-3554.2000983809717
-3546.3864329378766
-3570.4836380486145
-3574.817289957531
-3582.833734346011
-3581.520988846533
-3574.1791484882306
-3606.227228338068
-3590.372430861549
-3601.5017003783046
-3606.1666180499187
-3594.1743576247973
-3604.5074972460575
-3600.6524959415583
-3597.9305136827456
-3613.8510837307226
-3605.488709741709
-3600.3561137523193
-3603.813571229273
-3619.651575544991
-3614.9721666098967
-3599.761596000261
-3623.380077581459
-3616.303642541889
-3614.22108949226
-3619.2540163171093
-3617.5593773553455
-3621.770082038497
-3605.5285866477275
-3629.4426115527885
-3613.007861871666
-3608.0580878036585
-3628.6067134595314
-3619.558187452893
-3627.367513624768
-3608.5739492441153
-3609.8090788605923
-3627.01842287874
-3626.4361814594445
-3633.659321008233
-3626.9856405452806
-3633.469698932485
-3627.140572004725
-3630.4568106628303
-3625.5687905844156
-3625.215799476751
-3630.3149649597053
-3639.713210861404
-3628.4559695326993
-3631.1102188478376
-3636.2003022089516
-3618.032688572588
-3636.8945144908107
-3622.0003542077343
-3644.9794876579895
-3633.0608295164657
-3636.7967681035484
-3633.0761007616825
-3624.5854116238115
-3636.54822524713
-3632.616480896336
-3635.2214459647494
-3630.020406351461
-3648.6297845221184
-3634.3112779380217
-3621.952604106273
-3629.993002358969
-3644.0419274154974
-3640.6188049882594
-3633.175480943443
-3634.0609178419236
-3646.28001027293
-3631.5511431579025
-3630.644508602447
-3643.6858150220314
-3645.4424955973154
-3630.1781225540644
-3624.035427567689
-3635.037468565196
-3174.5645940494005
-3551.2018603606216
-3597.9274028148193
-3613.822028278641
-3625.030455523829
-3605.0807756696427
-3636.709647495362
-3625.7094427614797
-3627.7548257406656
-3639.138475294237
-3628.7887336575254
-3628.6537433687963
-3632.2169821319862
-3640.945840187993
-3630.7899534547482
-3637.0724255167265
-3630.6810268763047
-3640.451010171469
-3641.378321943124
-3634.7387446189414
-3636.785312518118
-3627.1124034308327
-3646.817742455647
-3637.648682546527
-3635.7934529546906
-3630.606126434949
-3642.2757067848447
-3647.6576206299283
-3631.387395458894
-3647.244418736955
-3621.780551096504
-3636.209797875116
-3642.9000758240086
-3642.5309220634276
-3641.0129050288438
-3634.5209865817774
-3630.0961433934367
-3639.577874971011
-3452.391967207249
-3630.2808319261653
-3641.102159036555
-3644.0027444305138
-3642.1530548831747
-3642.098725667469
-3645.0287637515944
-3635.9965802194456
-3641.042398484607
-3647.209581364506
-3651.5855697037337
-3635.802157315341
-3651.0263160040295
-3625.7962888813195
-3642.016723859288
-3640.4654353040933
-3629.27037192718
-2916.9760095599854
-3225.3618386008525
-3438.4010061854997
-3533.0469932202286
-3551.5675680694862
-3577.2249848714346
-3593.741794338474
-3604.963665171324
-3611.1189685035947
-3479.8749628580126
-3580.4868254652715
-3601.048420016089
-3581.83333688145
-3592.742405369463
-3592.7888401010264
-3633.9103161417265
-3630.9402974257887
-3614.0895284960575
-3623.0364553136596
-3599.5529662859462
-3633.9155907568993
-3639.982742111404
-3625.237121242318
-3627.367606026786
-3621.743540011885
-3628.308006272466
-3630.03062990999
-3617.328289421237
-3641.696992495507
-3630.202731385523
-3620.911688470221
-3611.1324487802935
-3622.8589433376333
-3644.841803669266
-3637.9575109251796
-3630.500052542324
-3626.8539463814645
-3630.8824030322357
-3644.365755268727
-3632.35341371101
-3649.0620284779393
-3636.922808532149
-3630.523401263915
-3639.0208506964577
-3643.0294105657176
-3646.235239230635
-3639.384025955908
-3633.7018395248724
-3642.4398933934367
-3643.5854578248204
-3644.2096533837257
-3639.352446207531
-3626.2725026089984
-3645.4465572095314
-3630.7541195899526
-3653.702487697849
-3650.1662561420167
-3644.305128674339
-3463.6593836004085
-3602.007512646394
-3638.4567490614854
-3640.831672512755
-3641.792189221214
-3639.2316935296844
-3643.7716936383927
-3647.5489024089748
-3649.993243781888
-3643.9027677121985
-3648.563727497391
-3631.975885791106
-3652.9932691471477
-3653.020691257682
-3619.0523643139786
-3642.912481247826
-3640.662577273452
-3632.8959933760434
-3653.934033565486
-3637.9892614361083
-3647.664623253421
-3650.2802829494726
-3644.8994425984174
-3650.122512392741
-3646.09588158772
-3650.779956824704
-3641.81151075487
-3638.824410348301
-3657.6370371745998
-3643.322698193269
-3657.624069638509
-3639.653748804209
-3640.2882983715504
-3640.543043939877
-3654.0290436753535
-3649.6442291316384
-3636.31621102809
-3660.4361184992463
-3653.461337908743
-3637.6517644255855
-3650.4139094025395
-3640.834093083256
-3653.5255410047544
-3651.5585634022787
-3644.7902066543948
-3660.250339260349
-3647.38789053441
-3651.926783630711
-3645.7677774234694
-3654.962415932282
-3644.360058050209
-3650.0845496579313
-3640.359252250261
-3644.7472836524526
-3654.5204566290295
-3642.985867473765
-3654.5034324631843
-3640.2608857729883
-3652.2199122724373
-3641.757495434253
-3645.1236130638335
-3663.237149778235
-3656.75175790309
-3652.9803749891294
-3650.4578687565227
-3657.0878036583954
-3647.1232828625057
-3659.0983669302236
-3626.474045450922
-3665.862847322878
-3642.489549060036
-3640.7214849751604
-3641.9097680709356
-3648.9155377616244
-3664.2787719047137
-3650.2924655213646
-3651.6809362860913
-3646.9048562695675
-3605.2615268119853
-3624.308794860274
-3647.916014719098
-3646.593234088735
-3647.941442033134
-3641.0151272067774
-3655.6739024089748
-3653.065484041628
-3650.717608563312
-3655.153977091547
-3637.374059220634
-3626.492621880073
-3656.478425940689
-3656.3251020045805
-3645.9827760827343
-3647.821734313399
-3659.1089782148656
-3656.5423232947296
-3643.220125159439
-3643.788247641031
-3658.612229950574
-3642.5043465184367
-3634.290916428716
-3647.1178134783745
-3653.246832966141
-3655.9818955458604
-3642.40460261697
-3647.91527686181
-3659.08785665367
-3656.2391323450547
-3649.110381004319
-3652.30023770872
-3657.554503601867
-3660.727328893205
-3658.083061260726
-3624.4223918171674
-3655.641149517335
-3644.323440127116
-3656.917121731505
-3656.3655550643552
-3653.608837347084
-3038.8099325601156
-3534.0774981157238
-3592.6216105671674
-3631.1588907047194
-3632.161269150771
-3645.2421449226
-3652.377991288845
-3654.3074305716605
-3643.8046752703212
-3654.6060340329313
-3631.519680270901
-3647.59206864564
-3651.6311080451355
-3636.34493446704
-3651.937378156163
-3657.05279371159
-3641.366122612042
-3662.3536392806413
-3648.0464365433672
-3660.4275355294817
-3655.2914785409903
-3657.545118455763
-3657.471075903728
-3659.2755147335924
-3655.668153101084
-3649.5185931883407
-3669.7303922012698
-3643.4044472547544
-3655.6836317978896
-3651.4372314000175
-3655.8654834980866
-3660.2454854367174
-3658.5644753196025
-3650.4843904003365
-3674.705647937442
-3642.1222437927586
-3656.2413807941502
-3663.63747019582
-3646.9853565449616
-3660.2358362201417
-3653.698126232027
-3666.4289306187675
-3658.369648383146
-3637.858028150003
-3667.520574396307
-3648.3898839720546
-3664.4067215220607
-3662.484216920078
-3655.679015773568
-3657.5183010349024
-3662.065456411613
-3670.739106073893
-3658.1732007877727
-3656.9819213640712
-3663.7049105331052
-3665.891420382073
-3664.340609237303
-3658.1309631007944
-3653.3044845779223
-3660.362114901003
-3646.1930237382594
-3670.94719768234
-3659.899853425035
-3666.2764677426367
-3652.648418476055
-3650.862257127638
-3651.343805712981
-3663.120849156424
-3654.164604229476
-3662.8592685564995
-3644.237346811949
-3672.767659656192
-3649.142260606302
-3654.6647437384045
-3664.356853421411
-3645.1587761080996
-3665.501019592851
-3652.2435848540413
-3659.7856862027484
-3651.7343772647555
-3667.75166867173
-3663.901448718692
-3652.838521132885
-3671.196337981215
-3662.7181018270235
-3656.8854758522725
-3668.2578125
-3662.471247572182
-3669.1233843235445
-3669.945542599142
-3660.95241160207
-3654.639351754551
-3661.4424398843344
-3661.434923614332
-3653.226862806557
-3652.5445939384276
-3657.2349638363867
-3665.2155050585575
-3655.6842758943067
-3651.9224907869752
-3660.0243076189995
-3630.6889526140712
-3669.625896843112
-3668.756652945269
-3659.3613448841893
-3668.224167294759
-3666.368837147785
-3660.6055267277366
-3671.493374231795
-3651.9521996209705
-3667.432795197269
-3647.468451052296
-3657.841374724606
-3662.135048719417
-3670.1310595793716
-3671.287543302122
-3643.1880929129466
-3660.494196337981
-3662.74946914135
-3655.7659629014956
-3669.1873038721883
-3652.262268179644
-3652.6773851497273
-3674.2933311108536
-3666.04507044295
-3670.6084772509857
-3536.2028958067604
-3643.9183523995534
-3653.9197583596647
-3658.8301972511304
-3653.9901311021567
-3665.3730690696025
-3654.804034344562
-3658.070875971127
-3664.130954041773
-3656.5850248036004
-3664.2184483345895
-3656.9826347620015
-3650.0267028242406
-3671.361241611346
-3659.75807566457
-3665.543433930746
-3663.63949986955
-3671.3497063065283
-3659.4197633421268
-3661.597486846301
-3654.4778742462895
-3672.0644644487766
-3670.529858081372
-3663.6369379783164
-3667.548638791454
-3657.3208288642163
-3662.6828133153117
-3672.059527282149
-3667.2974131058672
-3674.136523981041
-3657.3955064536467
-3668.604449157149
-3673.82832022191
-3655.660563000058
-3667.6271628413438
-3658.033354410656
-3673.021742104157
-3650.709229421527
-3670.439832697994
-3673.6149259153235
-3662.269560238868
-3657.8321295403816
-3671.044222065602
-3653.9178749891294
-3673.648355968808
-3666.2416271995303
-3673.7541956857317
-3660.2317080241187
-3676.60481921817
-3657.897820580647
-3675.091633812616
-3660.4823113549396
-3666.0108191891813
-3667.0412624833316
-3668.0273650387003
-3664.829304937529
-3681.688422661323
-3667.4620196000988
-3665.4518562840617
-3659.0207102816266
-3655.50851729186
-3671.005065804731
-3669.330939637929
-3679.6681155061456
-3626.109972442457
-3638.011381754406
-3648.454088426919
-3656.9339080980403
-3675.814800085517
-3672.459073153409
-3654.3740451791514
-3668.6094058006724
-3651.7625761863696
-3680.6262365564126
-3652.9249152075604
-3662.757548882479
-3676.8081004862884
-3668.45814369782
-3666.0511128101807
-3639.68216287758
-3664.3274179433847
-3669.5845627935123
-3669.7149139574153
-3661.6730875500057
-3670.1510990404686
-3671.8367745535716
-3668.5851212821776
-3675.7588008392277
-3669.496982439993
-3665.7485306267395
-3664.2004426237827
-3664.420845442225
-3668.285307535656
-3668.128586466547
-3663.5481477924977
-3662.198592318675
-3667.9677978968575
-3677.780580085372
-3673.6424599047714
-3661.9001116071427
-3658.7936730889087
-3663.0121010407
-3651.468085520785
-3677.430615143785
-3671.935533286468
-3668.3868858889437
-3672.0946744731273
-3662.676540848939
-3664.0864475229014
-3676.483705085372
-3667.3881324102795
-3649.640279398336
-3674.4743543635495
-3668.700588474026
-3657.207935340329
-3659.7861368890594
-3664.962158656076
-3661.184807205908
-3670.424058224142
-3675.3468599620246
-3668.6540672288093
-3678.353461270872
-3658.9404641117812
-3667.3320824334705
-3664.7150693196313
-3671.413826059543
-3665.720892911497
-3661.2195666707735
-3679.365777010378
-3667.2056796440165
-3674.0060025075372
-3670.746960698342
-3672.141039903177
-3664.703782684949
-3669.0396680955764
-3660.258911359288
-3675.734923523742
-3664.1319364926367
-3664.1742049802874
-3664.210541620768
-3674.453552132856
-3664.5446491984576
-3673.343241788903
-3664.316204233824
-3679.841450820385
-3673.846943757972
-3659.9328658576355
-3667.8589379022205
-3677.404100294237
-3673.3365041417846
-3667.549982244318
-3675.5867799889843
-3664.6589876362477
-3675.085204625174
-3664.612529351229
-3669.5468405757188
-3673.5911092952806
-3667.330729468634
-3683.3815673375175
-3671.1014438268203
-1575.9554430549354
-2798.1700117857868
-3340.118008700284
-3494.749274372391
-3551.485876079835
-3579.142182245768
-3134.565369558246
-3446.108094054383
-3512.0286609317022
-3530.7083982563195
-3556.8680526365374
-3554.951639320501
-3575.2294201682803
-3559.6861588118913
-3587.7348447102563
-3577.748162377522
-3583.504225127551
-3591.7379193420975
-3593.3506928339516
-3596.223021781511
-3594.403462992086
-3602.978772448255
-3601.0791948704195
-3548.1877944181933
-3596.928159696052
-3602.58201856737
-3604.364867937587
-3598.0656167562906
-3606.6951720851694
-3600.4451680086095
-3602.4686032438544
-3613.689406923991
-3601.817626953125
-3610.3848290381493
-3609.376784627203
-3610.688183050209
-3608.2963223996985
-3612.177457621898
-3599.0248085828794
-3611.7886118136885
-3627.4944151133463
-3614.5175061057803
-3628.401334122072
-3617.6456378094563
-3612.2930620579195
-3627.9677879319343
-3617.9160477845257
-3626.7924908866244
-3617.5736955915177
-3636.964172023568
-3611.5669855744145
-3633.997383754638
-3622.573173791889
-3630.436823744057
-3634.885505294092
-3608.2159725040583
-3630.2725379391813
-3621.5382367702055
-3312.390426552583
-1885.8967282891495
-2085.320873593134
-2772.638021890219
-2982.7612943348504
-3090.2141335227275
-3192.395827143002
-3346.9511279387466
-3403.090500076096
-3449.93414136784
-3480.862505797774
-3486.5802380167265
-3514.5625647720026
-3518.1228000166684
-3528.9002207683498
-3536.900947301861
2954.51335042129
-303.7115491668457
-719.4451814272851
-1009.5695249313326
-1066.4592178712749
-1122.7402963160584
-1176.3020332067485
-1256.67746056608
-1365.8926995158859
-1473.885477664077
-1569.575581226809
-1638.9633372347519
-1035.8087680883884
-868.4303037470037
-1135.0643107851272
-1284.2339774222012
-1370.3186691793749
-1483.6048511512204
-1553.1962052665526
-1590.07373046875
-1603.264997889248
-1627.1770896557753
-1275.858944641637
-773.4083561693803
-989.1896900750268
-1199.8750934211575
-1272.646283434583
-1388.043938518234
-1415.5919449899989
-1397.9288195325182
-1502.0992048896974
-1526.7403489716198
-1543.3944827842358
-1562.6960523955677
-1573.4849959959126
-1588.3172498713618
-1608.1780598203416
5637.373738244646
-1309.6639721362621
-1339.5889936386986
-1497.1868406164845
-1527.6046117665817
-1375.6485368944498
-1393.5899167883595
-1515.8360731588446
-1563.8213339046556
-1520.7341873084017
-1548.6081133048035
11494.928514532787
4692.257991351091
491.00326698078516
413.60835956863656
-100.04887638330902
35951.324791936575
35350.70146055168
242751.07581878727
-312.50133934799504
-243.67846454362038
-307.89274445712454
-203.31548742283695
-283.26620238875637
787.7305264623355
-263.2010820279095
-370.84517392245203
420.0967734519095
-107.49686278306045
-340.1720894710031
-347.32852974274164
-181.77440015460212
704.8846273032987
-362.58476892517314
1466.0850484791404
-306.05854427128867
-348.1239198152121
-463.6986233741321
-710.859603627051
-891.4965107197664
152.63085012842862
-415.8167154881861
-282.9691421777729
-629.2614524430821
1787.8764437779867
1345230.697589101
-295.7010680934715
1164428.6889330575
-275.1123546855127
886.1953120125468
-260.9997718444782
-554.6224004855183
-759.359512357411
-790.7220851919426
-797.2774110698523
-747.7087559178057
-471.6885046843916
-766.7855402604989
-806.7438840848396
-770.4537646235252
-819.7473558981476
-827.3796171283899
-861.9310363882769
-520.6304364054013
-277.55328571553133
-263.4531098566604
-287.0747606356201
-273.9559613300387
-303.2304276676921
-295.1161447606414
-552.4486152882479
-434.8575131481786
-832.6932631795172
-878.0045779764321
16591.385816448474
-300.83944490800764
55614.05408896498
4023.1451279639314
-301.7908421407604
1179.5857619867697
-190.44393977517322
-302.65839359446227
-164.55958740255608
-300.3560279561328
2231.225826413822
236.57574445396276
-849.1615177359785
-824.7295149199816
-872.9516631004319
-843.3745656199269
-895.5426146555035
-874.6526351815473
3422.4484780436323
-218.52812277098533
121814.1638530588
