1.0558450924498695
1.0630584018571037
1.0888238208634513
1.1585041071687425
0.9909885397979191
1.3690106208835329
0.9432069925325257
1.121584152802825
1.1474907190671988
0.9944634245974677
1.1849103728309274
1.0876773723534174
1.4160162380763464
1.1448222590344292
1.0298642087727785
1.33616860636643
1.4261862252439772
1.14139141027744
1.272745668888092
1.3241625087601798
1.1773432067462377
1.159280891929354
1.0123915821313858
1.1410525941423006
1.0030783244541712
1.0761773437261581
1.1442437108073915
1.1920497566461563
1.101534977555275
1.0892713857548577
1.4479944450514657
1.1833908238581248
1.1075195563691003
1.0894964002072811
1.1583769129855293
1.005107190992151
1.354327563728605
1.244066750364644
1.2459931118147713
1.1867716908454895
1.3297434108597892
1.1703179797955923
1.1732719370297022
1.2288581728935242
1.0110339862959725
1.3182043773787362
1.1929875697408403
1.1493841814143317
1.1760175079107285
1.2210835963487625
1.1406695864030294
1.1030996259567993
1.2559594873871123
1.1808451073510307
1.1105796950204032
1.1920477556330817
1.1857243457010813
1.0793074880327498
1.5030534863471985
1.1665787934325635
1.4741592407226562
1.172309547662735
1.3907709845474787
1.4028401864426476
1.137600839138031
1.2937310407204288
0.8847549403352397
1.0831735389573234
1.1239737740584783
1.10098363671984
1.2126911729574203
1.1948473410946983
1.1688798027379173
1.2000244722834654
1.195191034248897
1.002903469971248
1.2054247387817927
1.0481302748833383
1.651268971817834
1.152403331228665
1.194252957190786
1.0858182736805506
1.1849187474984388
1.24065343609878
0.9906973136322839
1.1975632810166903
1.0019571578928403
1.193040085690362
1.3633889449494225
0.9351546647293227
1.2539739736488886
0.9988791655216899
1.2871862735067094
1.1452843355281013
1.1239757101450647
1.2879523464611597
1.1656870650393623
1.109536554132189
1.3078173462833678
1.0384053864649363
