1.7452009615226416e-07
-2.0185374191969023e-07
2.1497695813975171e-07
1.0508539511582577e-07
-1.4352694271175486e-07
6.131799628050771e-07
-3.9474427187308994e-07
-2.1576780844562953e-07
1.6155890664647034e-06
-4.654070591771285e-07
8.821454094183017e-07
1.2171022132991182e-07
-1.0857417155816864e-07
4.0935211537933876e-08
-3.780089638131098e-07
-9.315765428904602e-08
-9.755719178526436e-07
-3.7497743424605036e-07
-1.892953357237762e-07
8.337020338850769e-07
-1.2041934687496386e-07
7.276470017002015e-08
1.2337535691488354e-07
1.638335719787522e-07
2.4642769095148e-09
7.306634545654691e-07
-2.3015199600097601e-07
3.851463884326936e-08
3.630027663221418e-07
3.5713880411744216e-07
2.848227771729788e-07
-3.5195004751845515e-08
8.493383997379819e-07
-2.2198825685596342e-07
4.186027280996184e-07
3.7947525705866223e-07
-6.052913233491251e-07
3.0788156988949466e-07
3.278183230902089e-07
-8.029344554318283e-09
-2.1753360865009848e-07
-2.4096071017863453e-07
-2.161773977604753e-07
-4.765089483628669e-07
4.1663296964803263e-07
3.802110649177491e-07
8.378684372343872e-07
-3.253345174211323e-07
2.5344183995912317e-07
2.9139430677917388e-08
-3.3166769851179977e-07
-1.1851848958751735e-06
-1.369939097526997e-06
-1.7592669467246325e-07
1.0507212014739967e-07
-4.0781615874761557e-07
1.0847564746135113e-06
-2.2932204452834932e-07
1.0580184022858572e-06
5.881233805991672e-07
-9.755920668145076e-07
-3.174890496536266e-07
-7.158849046261042e-07
1.9279908209617654e-06
-1.3611026271779077e-06
4.12163266056658e-07
2.8811752729650053e-08
-7.792829449356933e-07
-5.48137141517405e-07
3.807825318550126e-08
-1.1772358772889544e-06
-1.0905935043936665e-07
-1.2244767252208736e-06
2.902613443568823e-07
-3.2977059407000654e-07
3.5778287253508877e-07
9.111076530692637e-07
-7.143434653958788e-07
7.24326826327472e-07
1.9888289719866797e-07
-8.964198384221942e-07
7.31040480721796e-07
1.4800023708159772e-07
-3.056773363953523e-07
9.783014921335313e-07
-6.631395206925715e-07
-1.1463925032119602e-06
2.476705743349937e-07
-1.2662092428529702e-07
5.526515118552717e-08
-6.461937443548647e-07
-3.0781421551344987e-07
8.480795616248673e-07
5.387295232139877e-08
-3.754712858088689e-07
-1.055299208019278e-07
6.971175585996597e-08
3.191244580972149e-07
1.222206244782293e-07
-1.0691852431981325e-07
-1.1323525908681274e-06
6.916915294498592e-07
1.2702133029206055e-06
-3.089917949442419e-07
-2.4268345859874376e-07
1.7376510389307702e-07
3.108077269839019e-07
-1.80817518672224e-07
7.544189263139092e-07
5.928471590469339e-07
-3.387567712057457e-08
-5.861544727687422e-07
-1.169301475962519e-07
2.0447105595979208e-07
-1.9355469963297116e-07
-4.978384140486014e-07
-2.338477341926445e-07
-9.862700056016495e-07
-1.225029388405931e-07
-7.821755129303451e-07
6.90568689216369e-07
-3.77604420366749e-07
-1.4547095109459667e-07
-1.4860817795384458e-06
6.72429730944454e-08
5.691713827867975e-07
-4.5571818775767626e-07
-4.1767427002728906e-07
2.3091340446106707e-07
-4.9874050286494564e-08
1.5937039116969183e-08
7.20566859513383e-08
-1.743674715726229e-08
3.0365074264539415e-07
-7.212480405931794e-07
4.951944743782275e-07
-3.038391826391619e-07
5.885554149439745e-07
9.020153056228862e-07
-1.7628881973256024e-08
4.303242288220385e-07
-7.3859526342598e-07
8.846271571145386e-07
-5.259271631530282e-07
6.282220285567876e-07
7.085726626395886e-07
4.5478980936763946e-07
4.5521431551216143e-07
3.442355155211122e-07
-4.040789300623666e-07
-9.491681218776193e-09
8.754673684409551e-08
-2.7124677259848795e-07
-1.874143029973701e-07
-5.395806640860558e-07
-8.832110621272347e-07
1.2175413084085968e-07
-2.093044612548413e-07
-2.4447211280761595e-07
-6.403136545429788e-07
4.988327617638788e-07
-7.115947450334456e-09
-5.3651977590821586e-08
1.8954148929749083e-07
-5.203091626120633e-07
-4.778094892442044e-07
8.018532276261275e-08
-5.128564453116269e-07
3.848687778632406e-07
-8.380656189339269e-07
-3.9714466635944385e-09
-9.244342606962164e-07
-4.373417661034702e-07
-4.0536608431856233e-07
2.366831211020326e-07
-5.893805824338674e-07
-9.622283579448419e-08
1.1178825453888358e-06
7.159225187284132e-08
4.263744049889543e-07
-3.3101684441102664e-08
-8.64782967775162e-08
-5.187964851367204e-08
4.983926546385322e-07
6.814744273648492e-07
2.6298087415658043e-07
2.6907827077593538e-08
7.47544878062659e-08
2.0997705060413603e-07
-2.475567433586028e-07
8.497073317974874e-08
9.122890836416836e-08
-6.255415877985473e-07
4.1507860869062695e-07
7.507229555463775e-07
-6.213290037391874e-07
3.614743785565874e-07
2.1713947173651604e-07
6.730391208163513e-07
-1.0662624479859266e-06
-4.4420440912875036e-07
-8.343098605629556e-08
-4.961328567024534e-07
7.933327391843444e-09
1.301980159494422e-06
3.3398053541791993e-07
7.972124649313628e-08
2.695806368611743e-07
1.3840755335487692e-08
5.875602470593679e-07
2.4475718366342593e-07
1.2280528543280006e-07
1.741481615421695e-07
2.2751486954725969e-07
2.37938577031725e-07
-2.663792924652496e-07
-1.3970480949865305e-07
-9.529237843253213e-08
6.03719964179358e-08
-1.8302556879591846e-07
3.2267976329032013e-07
2.7796958690373685e-07
-2.174000824441334e-07
3.3669206394344134e-07
-7.580969858216641e-08
1.0071173538303161e-06
2.6725333869746593e-07
1.32295955777652e-07
6.498374805882381e-07
3.104449725859533e-08
-1.455922366793467e-10
-9.597359635904468e-07
2.587531266077089e-07
1.2934308659038964e-06
3.6065044842611573e-07
5.092109672334897e-07
-3.5135190858324806e-07
-7.02089900122311e-07
1.749211812856239e-07
3.8885557631017166e-07
2.8783043453423876e-07
-1.6368587095273922e-07
4.894134398065424e-07
-5.402947016770148e-07
-4.2680160648535447e-07
2.2962740331422538e-07
2.744893166095608e-07
5.914848283542337e-07
-4.6680574428137334e-07
-3.853953590545903e-07
-7.043645910341314e-07
1.7722532317878047e-07
-4.522481471218904e-07
-1.8693332240867936e-06
-8.320472001547127e-07
-2.9621782492280805e-06
-2.11686027487953e-06
-2.319020600184883e-06
-7.854718455340455e-07
-2.3035025508631535e-06
-2.006368504225975e-06
-3.70167312472144e-06
-5.479978384974922e-06
-6.460655575730405e-06
-8.245433053031905e-06
-1.6492180455835686e-05
-4.9003173184506264e-05
-9.255569187059467e-05
-0.0002806522295161683
-0.0005619988308223713
-0.0022657642756322665
-0.005605871221632697
-0.009364824160002172
-0.011860386817716062
-0.008963682904972561
-0.006850886042229831
-0.017463619155543193
-0.015293597143941693
-0.018483700496809825
-0.021816860884428024
-0.01172021622603227
-0.020038040354847908
-0.010264227382971771
-0.01917564676010183
-0.021434935042634606
-0.023202069768948213
-0.027256529113011702
-0.03524941937731845
-0.03043848811648786
-0.02924428234941193
-0.025435946016971554
-0.034278618437903266
-0.027427774720958302
-0.020378056314906905
-0.03007250710340616
-0.023882937551076924
-0.026565094345382283
-0.027285101222722524
-0.03728713447760258
-0.04363027547619173
-0.028943468550486223
-0.021429979217438295
-0.01811246434226632
-0.027176172572321126
-0.028823839920473153
-0.032205699011683464
-0.030736097799880163
-0.03167337378753083
-0.03255347016134432
-0.02761402420167412
-0.029275313019752502
-0.03716726599460734
-0.041854772583714554
-0.03934845035629613
-0.033168412146291563
-0.04344923647918871
-0.039438319126410146
-0.04121928407611059
-0.038861086392509084
-0.04589219830398049
-0.04048687332708921
-0.04341434787160584
-0.04649908221991999
-0.05032238470656531
-0.04520337755924889
-0.03819855435618332
-0.05434550451380866
-0.04580340687451618
-0.036590026425463815
-0.04722165707166174
-0.039716637427253385
-0.03937756340019405
-0.040625695671354024
-0.04025716933288744
-0.052370561087237935
-0.043915025889873505
-0.04656520199828914
-0.04300790386540549
-0.048276809842458794
-0.051041714913610904
-0.04157656936773232
-0.05448236130177975
-0.04543127833000783
-0.03741708145077739
-0.054166083623256
-0.0505596644112042
-0.06110710437808718
-0.04864572670443782
-0.05672714300453663
-0.05164671729185751
-0.05420736941908087
-0.054126200665320666
-0.048544871022126505
-0.043698172218033245
-0.04948496791933264
-0.060267742057996135
-0.047655301567699225
-0.054211369449538846
-0.05873742134177259
-0.06613969935902528
-0.06097039992788008
-0.060519812761672905
-0.04735624524099486
-0.051990293831165345
-0.053908846607165675
-0.05649982246437243
-0.054786545490579944
-0.055983103811740875
-0.06487347504922322
-0.04428803641349077
-0.046924597450665066
-0.051368217931927314
-0.0534158627519251
-0.0558345820089536
-0.04692390142008662
-0.056978339196315834
-0.04836656678734081
-0.05080221400463155
-0.07600628744278635
-0.07277670875191689
-0.07343933664794479
-0.0700811818242073
-0.06997844989278487
-0.0787348382707153
-0.055671436712145805
-0.06773858570626803
-0.07704120302306754
-0.07238147620643888
-0.06045548577925989
-0.0686996015054839
-0.0637865529528686
-0.06396336321319852
-0.05908897851726839
-0.06834628991782665
-0.05983921892142722
-0.0640799357954945
-0.06963031818824154
-0.05296379806739943
-0.08069506660103798
-0.07127744837531022
-0.05836462029921157
-0.0705161178484559
-0.0613315550477377
-0.07231766996639115
-0.06442389291312013
-0.05100844148546457
-0.06834649913279074
-0.05860941744010363
-0.061314639901476245
-0.0717650159661259
-0.07193302576031003
-0.06925485070262637
-0.0775437168776989
-0.08327423954116446
-0.08260841454778399
-0.07659708522260189
-0.08020869222569413
-0.0734352602490357
-0.07192393365715231
-0.07677143865397998
-0.06668576065983091
-0.07661713872637067
-0.06312965801251787
-0.07808613910206727
-0.07355883903801441
-0.07134858745017222
-0.07931141821401459
-0.0755364414570587
-0.08134563267230988
-0.06695881964904922
-0.06612800008484296
-0.07938003619866711
-0.05921173248706119
-0.08084793548498835
-0.06894605260874544
-0.09189810071672712
-0.07661867194942065
-0.08131484128534794
-0.08934160242123264
-0.06787618382700852
-0.0663063433021307
-0.06806342330362115
-0.07135120526488338
-0.08460636889295918
-0.08309227574084486
-0.08543889091483184
-0.0580882408373457
-0.06425681686960161
-0.10185377672314644
-0.08436209189572505
-0.08280197397938796
-0.06618735872741256
-0.05755616784361856
-0.0630712749968682
-0.07056125812232494
-0.0850212959838765
-0.07941821004663195
-0.09026636023606573
-0.09519659781030246
-0.09136017332119602
-0.08048291664038386
-0.07173596395711813
-0.07994759428714003
-0.08934641868940421
-0.08773237253938403
-0.08100944983639888
-0.07724814526071506
-0.09554036839732102
-0.07651944245610919
-0.07653959940320679
-0.08693323816571917
-0.07077997683414392
-0.08246278576552868
-0.08713737196688141
-0.08827941758292061
-0.08235559958432402
-0.08556826785206795
-0.08325333813471454
-0.07950131062950407
-0.08325508489672627
-0.08497560077479907
-0.08932608259575707
-0.101475968424763
-0.08405843430331775
-0.10435532405972481
-0.09611923114529677
-0.10087117393101964
-0.07580991142562457
-0.0687230594589242
-0.08746646451098579
-0.09615112947566169
-0.08490666494305645
-0.1130639450358493
-0.08683807243193899
-0.08247060222285134
-0.08913146518170834
-0.07772528526506253
-0.07749454583972692
-0.09404290600546769
-0.08620115742087364
-0.08337842100965125
-0.09619324933737516
-0.10012324580124446
-0.08690365643373557
-0.10266360826790333
-0.0935007832678301
-0.08179557403283459
-0.08328244149950999
-0.08818953989871911
-0.08961909583636693
-0.11646568881613868
-0.08895815217069217
-0.09270694266472544
-0.09213048698646682
-0.10044010302850179
-0.0960753397750003
-0.11877816282711658
-0.0961461268099291
-0.092384098097682
-0.07460196475897517
-0.1084330470434257
-0.10338362519230161
-0.07601060984390122
-0.0977792754503233
-0.10384285210498742
-0.09026845145438399
-0.09558245832366603
-0.08386215341410466
-0.08925209859652179
-0.07564595527946949
-0.10583187187356609
-0.11806099462722029
-0.0884042310395411
-0.10834255628287792
-0.10008369253150054
-0.10214111541530915
-0.09072707753096308
-0.08725711463817529
-0.10414276272058487
-0.09989529448960509
-0.12940419066165174
-0.12477109687668937
-0.10981321600931031
-0.11129878421447106
-0.10716503539255687
-0.14882369499121392
-0.08346251704330955
-0.1057877138789211
-0.11541897218142237
-0.09558118347610746
-0.1142303291708231
-0.11678470365170922
-0.11753379606774875
-0.09662186008478914
-0.1270425548510892
-0.10102284593241555
-0.1109362088942102
-0.10452792314546448
-0.1223797548030104
-0.11959201869155679
-0.12754866746919497
-0.0919838815129229
-0.10805689117738179
-0.10370285090591226
-0.09186892597270864
-0.09800411654370171
-0.14287305889385088
-0.11378262511321477
-0.12723719514906406
-0.08639961175088372
-0.11350738962313958
-0.1462466934961932
-0.11431672424077988
-0.10396687500178814
-0.11647937606487956
-0.10709313675761223
-0.12176144176295825
-0.11580222578985351
-0.1311614708309727
-0.10288993774780206
-0.09309675278408187
-0.1217054200491735
-0.12148439644702844
-0.11085422972350248
-0.09595915794904743
-0.10586048015725932
-0.11428034385400158
-0.11520963854023389
-0.13781697782022612
-0.12498667703143188
-0.1275825598942382
-0.11136521186147418
-0.09936991387179919
-0.15289552988750593
-0.11504463399095195
-0.16124348741556918
-0.12302321355257716
-0.1234517717467887
-0.17232019560677664
-0.1414817954812731
-0.11537768159593854
-0.12259196875883001
-0.12258030687059675
-0.12487149611115456
-0.1644403910530465
-0.13007710820862226
-0.12177038139530591
-0.13235849301729882
-0.11834111942776612
-0.14689420296677522
-0.12516392315072672
-0.14122003396706923
-0.10805832780897617
-0.13012901001742908
-0.13058599324098655
-0.12598092454884732
-0.12460565593625818
-0.11567248018192393
-0.16528809709208353
-0.13452785196048872
-0.12451804322855813
-0.14670328237116337
-0.12489401229790278
-0.1276166316654001
-0.11584698275796004
-0.11646581068634987
-0.14012889191508293
-0.1278536045657737
-0.12772032858005591
-0.11704380969916071
-0.12950124804462707
-0.12005063518881798
-0.1394969206303358
-0.1767722229872431
-0.16674433994506085
-0.15460562067372458
-0.11316193959542684
-0.1406398003122636
-0.10433186271360942
-0.12587636868868554
-0.1513338695679392
-0.1471492081348385
-0.10195392396833215
-0.1220026755971568
-0.1465825896177973
-0.1613603982010058
-0.14501894691160747
-0.13783550235841954
-0.15474065020680428
-0.14058221211390837
-0.11337073027555432
-0.15890812980277197
-0.16794222912618093
-0.12032353611929077
-0.14212551739599025
-0.14515774670456136
-0.14067342637905053
-0.11686381192079612
-0.14224723407200404
-0.12299258953758649
-0.11252051325781005
-0.14426742866635323
-0.1560417411050626
-0.13554553448089532
-0.13649452584130423
-0.128567477156009
-0.14136392303875514
-0.137641570796924
-0.11374895514122077
-0.1489395366183349
-0.14531131434653485
-0.12924631073006562
-0.11790420913270541
-0.11935300060680934
-0.13255776358502253
-0.14172628688226854
-0.15161410772374698
-0.15744346539889062
-0.14395674943391765
-0.08807973603584937
-0.114565445376294
-0.11282491524304662
-0.11768462721790586
-0.15106401698929922
-0.14164332885827338
-0.12116867676377296
-0.13792162488347717
-0.11502982183758702
-0.18115168064832687
-0.1263877789356879
-0.15569720018122876
-0.12405483198485204
-0.13456058342541968
-0.16546051523515157
-0.14494563798819268
-0.13907514858458722
-0.158370116725564
-0.1444698322032179
-0.1388077259595905
-0.1333213463159544
-0.12042452714272908
-0.1641534550747435
-0.20342288006629264
-0.1332603698330266
-0.12592214532196522
-0.14400557654776744
-0.1714032388159207
-0.15865059942007065
-0.15984054495181357
-0.12993993823017394
-0.17044921991016185
-0.12428670935332775
-0.14607166552117892
-0.10431125826601471
-0.11778240012271064
-0.1438260323234967
-0.10784497005598885
-0.11288032015519482
-0.11084081259156976
-0.13582051571990764
-0.1534965748765639
-0.1367230364786727
-0.13457501094256127
-0.1460209329213415
-0.1381467199535109
-0.1458549961514239
-0.14900310124669755
-0.12671502413494246
-0.14607798298155622
-0.12453980504402093
-0.15962724387645721
-0.13514728923993452
-0.12078997705663953
-0.12040897711579289
-0.14195031885589873
-0.15872155449220113
-0.12983452502105916
-0.15752471996737377
-0.13440268034381525
-0.12253282032907009
-0.12980912891881807
-0.1504621681358133
-0.12250306670154844
-0.1235971514002553
-0.15842657962015697
-0.1403734636093889
-0.12733729848904268
-0.13107055585299218
-0.10554330037640673
-0.14845525579793112
-0.13934199724878585
-0.14751948150140898
-0.17171014126922404
-0.14619994083685534
-0.12932867277413607
-0.1322548325572695
-0.1159807997090476
-0.13290169329515525
-0.1474992824452264
-0.10620487880493913
-0.18942693674138614
-0.1597768110888345
-0.15705215531800473
-0.16713666756238257
-0.17441086790391377
-0.13247463423093514
-0.1541276712502752
-0.14876216570181505
-0.1275628563016653
-0.1525370856480939
-0.1380430252424308
-0.1284704441204667
-0.15648696651416166
-0.1580515599676541
-0.17331415221477592
-0.17531553655862808
-0.1213316929393581
-0.1560350906968649
-0.13109314308634826
-0.14735443038599833
-0.10028639169675964
-0.14265161699482373
-0.16144442105931894
-0.1455175100958773
-0.13501919460083758
-0.15203339613175818
-0.14026648817317827
-0.09708686598709651
-0.13284659838037832
-0.15018280089965888
-0.1387171017538224
-0.13909356242844037
-0.17460898150290763
-0.0767931095989687
-0.13272377955062048
-0.1439862892563854
-0.15638501356754983
-0.14535319006868772
-0.10806399204635195
-0.1392940195011241
-0.17911762052348681
-0.16356091600443637
-0.1825507522693702
-0.19198856768863543
-0.12896693125367165
-0.16804247136626924
-0.13837472588888236
-0.15478926178600108
-0.17224595110331262
-0.12396731147808689
-0.17011440066354616
-0.1725892499089241
-0.1444277853838035
-0.11581637949815818
-0.16753658332995006
-0.14476544729300908
-0.12731267298970902
-0.18477832419531687
-0.15288866537490062
-0.14260175451636314
-0.1609672914658274
-0.16711031938237803
-0.15879567180361068
-0.16238944471946784
-0.120170548292143
-0.17205807087676867
-0.14797336980700493
-0.16054118690746172
-0.1787792659763779
-0.17595421043889864
-0.1757394958819662
-0.1815586451973234
-0.17905462772718497
-0.17418624700180121
-0.16926630213856697
-0.17145308639322007
-0.16717400907405786
-0.1564724604998316
-0.18088573736271688
-0.17711948417127132
-0.1544168580855642
-0.13966841676405498
-0.13590107272778237
-0.14368183937455928
-0.16283458145335317
-0.15488283282944135
-0.17883999619100774
-0.14799737930297852
-0.19511887191661767
-0.14180235657840967
-0.16488845832645893
-0.15258542554719107
-0.18310552622590745
-0.16242111527494021
-0.1841878281640155
-0.14546572363802365
-0.13971360347100667
-0.12618686897414072
-0.17581286866750037
-0.1304073323096548
-0.1513959914445877
-0.15373589151671954
-0.1779125998062747
-0.14239394777853573
-0.18538517877459526
-0.18205527681857347
-0.1664570633854185
-0.1882300696202687
-0.10602283431217074
-0.14709765943033354
-0.13259550689586572
-0.1461650127145861
-0.1522730521059462
-0.19502474913107498
-0.17190757021307945
-0.16478629077651671
-0.11584616798375334
-0.16776651356901442
-0.13923645498497145
-0.17488545179367065
-0.17603752974952971
-0.14949705504945346
-0.14244350418448448
-0.1540210981454168
-0.16026060283184052
-0.11308905162981578
-0.14595164987258613
-0.212919965918575
-0.15306319269750798
-0.17121243689741408
-0.16263721284589597
-0.222321555018425
-0.13364370726048946
-0.19447637562240874
-0.15463939255901746
-0.15830345744533197
-0.15463464853486844
-0.1773982612150056
-0.17419410257467202
-0.1842821447976998
-0.1377072318324021
-0.14944925265652792
-0.10649576250995908
-0.1468615109500076
-0.157648413042937
-0.16690346438969886
-0.19328422285616398
-0.15080565217483258
-0.17752339584486826
-0.1666856503912381
-0.17625140212476254
-0.14794232935777732
-0.1884934582880565
-0.136612722117986
-0.14497218826519592
-0.18983069275106704
-0.13977383795593465
-0.1301793638350708
-0.15436863393655845
-0.2120771598336952
-0.13534728836800372
-0.13306168307151114
-0.12004405153649193
-0.20399776846170425
-0.224418470369918
-0.19842616042920522
-0.146152223061238
-0.14302026906183787
-0.17493910821420805
-0.18373759889176913
-0.143481026536652
-0.16106778463082655
-0.20841461845806666
-0.16354367709053413
-0.14290965055780752
-0.13134840037673712
-0.14169716595539025
-0.1602520671273981
-0.17788895113127573
-0.18102287580924376
-0.2093715268586363
-0.14617939107120037
-0.15248882185135568
-0.1638618777173438
-0.1838341440473284
-0.16400083473750524
-0.18417563076530183
-0.14866303918617113
-0.1690693087875843
-0.19591280684939452
-0.16860946866550616
-0.1772624754479953
-0.1484410368970462
-0.17860149286155189
-0.18103388084896974
-0.18119439402861254
-0.21613039621817215
-0.21121930756739207
-0.18307044676371984
-0.1375652083328792
-0.19460414988654
-0.21828267350792885
-0.14352611478950297
-0.17421689203807286
-0.1417641645031316
-0.2353946454823017
-0.1734640028859888
-0.15944108260529383
-0.15656964374440058
-0.19337773136794567
-0.18160907085984945
-0.20052013040653296
-0.16377165487834386
-0.12207432543592793
-0.16508396741534984
-0.1573033755911248
-0.15087263552205904
-0.20150864550045558
-0.21838048206908361
-0.17194265207009657
-0.18888502355132783
-0.1391043665685824
-0.17180440894195012
-0.25108842445271357
-0.15439836361578532
-0.21890431230089494
-0.17907750180789403
-0.1835450293230159
-0.12838997399168356
-0.1546547349010195
-0.12138179796082633
-0.1296354489667075
-0.19256327274654592
-0.14510114464376653
-0.19954321160912514
-0.16312221703784807
-0.22564868788634027
-0.13938583912593977
-0.20392767060548067
-0.1471694133111409
-0.15572785755752452
-0.20334779577595846
-0.1880566038723503
-0.17134431403662478
-0.1656236228133951
-0.1371815806986498
-0.15395330717521055
-0.1505449613822358
-0.15744335842984064
-0.1420549385781799
-0.17436922102102212
-0.1734300564442362
-0.17982984014919826
-0.19178360354687488
-0.21814626402088574
-0.19650367008788244
-0.1661838846547263
-0.12220576857881886
-0.17385083703058107
-0.2146306580730847
-0.14835127310029098
-0.19909160530992917
-0.14827671647071838
-0.23243905178138188
-0.14970416203141212
-0.16756229308832968
-0.17045554731573379
-0.1614361453768132
-0.21453567714031255
-0.15038577307547843
-0.19763521371143206
-0.17872182785400323
-0.1713730844452844
-0.1789310457451003
-0.15940425917506218
-0.16580813378095627
-0.23314767543758666
-0.15381509331720217
-0.1395550358242222
-0.1975941668663706
-0.2079761645623616
-0.16672679036855698
-0.21746454866869108
-0.17977474589965173
-0.15019845536776952
-0.15181428280525974
-0.22091374173760414
-0.2301707501922335
-0.1482022958516609
-0.19322272070816585
-0.17755677697381803
-0.17698234638997487
-0.17337534257343837
-0.10217919812670775
-0.14483644919736044
-0.18503274342843465
-0.23731297148125513
-0.18369987500565393
-0.14837917632290296
-0.15385982846575125
-0.14034973976335355
-0.1837199561830078
-0.12385737057775259
-0.2128791149173464
-0.16785866261592933
-0.17665611313922064
-0.1739700154534408
-0.19864794558712415
-0.18768932377653463
-0.20280958233135088
-0.17294643712895258
-0.20185850813452685
-0.18240810292107718
-0.17619921624593968
-0.19199714743133103
-0.19940040899174555
-0.15196276070283993
-0.15067912704710448
-0.20016555807420186
-0.14472792111337185
-0.2279500812292099
-0.1775076466479472
-0.15492581682545797
-0.18844405402030265
-0.16835047038538115
-0.14867421492402041
-0.19851009414664336
-0.1762517068002905
-0.16221512242087296
-0.2098444810669337
-0.1845407746732235
-0.1650450240288462
-0.15590860854302133
-0.14577991675053323
-0.20065488080893243
-0.18676130659878254
-0.18123961346490042
-0.19902432630104677
-0.1810927651822567
-0.1932613705950124
-0.2254937221961362
-0.2076132521033287
-0.19281546186123574
-0.17742010578513145
-0.15452879720500537
-0.13828214670398406
-0.1738275954765933
-0.28963196543710573
-0.21014878313456262
-0.18248822087688105
-0.2932454262460981
-0.19788806912090098
-0.22414351095046317
-0.17763633147946425
-0.18184131756424904
-0.20961810861315047
-0.1844262374298913
-0.16391745529004506
-0.17661832439314043
-0.1960375936967986
-0.17765160091221333
-0.19666176289319992
-0.16242538445762225
-0.19850147089787892
-0.2861944394452231
-0.19513624853321485
-0.16958027199975081
-0.18475090712308884
-0.20342555056725228
-0.2023135338510786
-0.1795065969760929
-0.14875222775819047
-0.14877217741949217
-0.15893694119794027
-0.15179859727088893
-0.13860246938254153
-0.15550329669245652
-0.14875013008713722
-0.22756137432796614
-0.21467313463134424
-0.14086033177695104
-0.1880800234419959
-0.2386005244084767
-0.1762827177132879
-0.15467822897647107
-0.16838310845196247
-0.16675319229917868
-0.15564078172402723
-0.16794683252062118
-0.1695124709180423
-0.20655396793569838
-0.19890689104795456
-0.18236056715250015
-0.16618730779737234
-0.15568849025294185
-0.18475541499044215
-0.19696538948587008
-0.2026821513261114
-0.14951410304222787
-0.21275672103677476
-0.21178518681387817
-0.18626676606280462
-0.2103726287106318
-0.19658814344022954
-0.2217964937112161
-0.16003457653070136
-0.17564334294625691
-0.17896669012095248
-0.19264818062739714
-0.22833900366510665
-0.19319175662738935
-0.15645633318594523
-0.18379226087459496
-0.1740731102015291
-0.15927012717085226
-0.18814851875816072
-0.15601726647998607
-0.12675135156938008
-0.16709238477051258
-0.17712529934942722
-0.19631858329687799
-0.166664291705404
-0.163979973377926
-0.18531316678438867
-0.1497796079409974
-0.17996585848076002
-0.2031382301024028
-0.15621580236724444
-0.14308976541672433
-0.18926802410611085
-0.19825233731951034
-0.18306022802633898
-0.2325634860566684
-0.20390923640557698
-0.14819414035550185
-0.1899889087570565
-0.18381507535065925
-0.15949839992182596
-0.21775412080543383
-0.1961119127060686
-0.21024800837039948
-0.15000462425606592
-0.21211081743240356
-0.18138844835838036
-0.18482781893440656
-0.19376334228685924
-0.15230534278920718
-0.22233345678874425
-0.20634267266307557
-0.16202185436018876
-0.223251789276089
-0.1966561901250056
-0.17326887643762998
-0.2083270060164588
-0.17818653264216014
-0.19047761974590166
-0.26622958374874933
-0.14696858716862543
-0.15811259046729123
-0.16923210157879762
-0.16110976173409394
-0.18494592274406127
-0.19437451846897602
-0.20636741391250066
-0.19989504239388875
-0.17249886159385955
-0.2518449989812715
-0.14448673890105315
-0.20098846711750543
-0.19671069644391537
-0.19533939606377057
-0.16791960118072374
-0.2018364087811538
-0.20984420818941935
-0.12251646484115294
-0.21598322902406966
-0.2070085725614003
-0.1897466584507908
-0.1599940559161561
-0.16520359182530747
-0.2425213514694146
-0.17431274322526796
-0.16763371974229813
-0.22984274769467966
-0.18184911433075154
-0.17150926244046008
-0.2110662247453417
-0.19605788987662112
-0.1885323231773717
-0.2131799698940345
-0.2022083295243127
-0.21506535368306295
-0.13928658195904323
-0.19311460799404553
-0.1872860434065972
-0.17790373680847033
-0.14158250950276852
-0.20276258566549846
-0.1760091052523681
-0.15373846090265683
-0.22560866230300494
-0.16217675964747155
-0.22095354220696858
-0.20091503140117442
-0.18787059241107532
-0.24227852640407427
-0.16700290198371345
-0.17313927199159349
-0.2182337859911578
-0.19363766270024435
-0.1441797720534461
-0.17898141725787095
-0.19328806562615292
-0.1912008992263249
-0.19558483149324143
-0.23923243848340853
-0.1975135632923671
-0.12952904479711183
-0.16633676152144158
-0.22910952674491064
-0.22413311739053046
-0.16358852200210094
-0.20359620239053453
-0.21569567493030004
-0.16423582338861056
-0.2526538861649377
-0.164497117378882
-0.23631431800978525
-0.16319177140082633
-0.26359615687813076
-0.200730040752595
-0.15323219820857048
-0.1550728057378105
-0.22450256507311547
-0.2421891697283302
-0.19934907668669308
-0.2173479555972985
-0.18222897020833834
-0.2027982585132122
-0.2049980121664703
-0.19639169960282743
-0.2387468804206167
-0.23143621480890683
-0.2170171524797167
-0.22118397163493292
-0.19897853370223725
-0.19918027786271914
-0.16524606206387812
-0.2316009019102369
-0.21829538153750555
-0.1711917333304882
-0.19312406118427003
-0.23641471245459147
-0.15703716927341052
-0.17457189517361776
-0.1440844437373536
-0.23437749966979027
-0.20461823385474937
-0.13431907525019987
-0.23135147084082877
-0.16630697729332106
-0.1641372448606749
-0.20388107347701276
-0.1535200865140983
-0.1615662037261895
-0.18362806098801748
-0.17095454782247543
-0.19564334737203484
-0.22418356740048953
-0.16929009556770325
-0.17707166820764542
-0.22575716408235685
-0.18336300179362297
-0.1793823785015515
-0.18042957303779467
-0.21008289977908134
-0.20567456686070987
-0.19343574597899402
-0.13555405754595995
-0.1660009404378278
-0.17957673487918718
-0.18639820388385228
-0.20753940620592662
-0.1628221230847495
-0.16365475553487027
-0.17180536674069508
-0.16405225438731058
-0.1659556318274034
-0.18435816998992646
-0.17633451148867607
-0.2133116056876523
-0.18739357377801621
-0.20247168679322516
-0.2254409236567361
-0.2671600377985409
-0.1862456745335034
-0.2109192827982562
-0.1558480848159109
-0.2515636355217014
-0.16358588635921478
-0.16866392216512135
-0.18398604887936795
-0.17179216231618608
-0.17452390225870268
-0.1556477951151984
-0.17366771453193255
-0.2366184698683875
-0.2079664780093091
-0.15902594423719815
-0.18408394338829176
-0.16564112608986242
-0.1477922842438732
-0.1698161762739931
-0.15592122876218387
-0.18349014688283205
-0.18358200921544007
-0.19766723311373166
-0.21149943077138492
-0.2422363321696009
-0.18659020507974283
-0.2445751747914723
-0.2336721619857209
-0.18992607215685503
-0.21178911466683661
-0.20733503411923135
-0.17562816132392203
-0.29244027978607584
-0.22521421978516237
-0.18960788952452795
-0.19395295237856253
-0.1771554063473429
-0.18729213385709695
-0.2214360912995679
-0.24829378404787608
-0.17476233201367514
-0.1935949447963919
-0.2284127532371453
-0.22604252637497016
-0.20053879278046743
-0.18335994439465658
-0.1565546010221754
-0.2255461529961654
-0.23902741659964835
-0.23462984444839613
-0.1971717965123909
-0.19486542365380696
-0.22612751062427247
-0.19866907703025
-0.21097212391240255
-0.21564294530877046
-0.18197139698479856
-0.19781021401286125
-0.22704162182552473
-0.23359527279223716
-0.1845413079219205
-0.22157063568010926
-0.17250217523958003
-0.19040577273283685
-0.1915829735142844
-0.24609116251979554
-0.19706069571631296
-0.19075822298015868
-0.23825826708759582
-0.16296525352767535
-0.24751813071114676
-0.20753767953387328
-0.16361974445836885
-0.20961931999772787
-0.20236653781362943
-0.21095329256994383
-0.2057388180068561
-0.19193543467138494
-0.21660167165100574
-0.17918030864426068
-0.2540667706302234
-0.19568858215851442
-0.2428851808820452
-0.16856871066348894
-0.21970692915575846
-0.18566582990544184
-0.27678583402718815
-0.18058486269520863
-0.1709588167390653
-0.21031683310866356
-0.2058591049696718
-0.16068699743066514
-0.19758798235229083
-0.18545700403462564
-0.21714155908141816
-0.22312301929507936
-0.21971596032381058
-0.1990412843546697
-0.16932264143334969
-0.21439957751759461
-0.17448715493083
-0.13332651874848775
-0.1962563076189586
-0.17363222874701023
-0.25487510540655683
-0.20099690849227564
-0.20993507573647158
-0.1891165967764599
-0.17283419439835207
-0.2062970543546336
-0.19370858825277537
-0.21777577804667608
-0.15562061433281218
-0.27664582431316376
-0.1759401833904641
-0.18829161647175038
-0.19999689289501735
-0.1983456356184823
-0.2350842228957585
-0.2112438487155097
-0.18481410341337323
-0.22116075669016158
-0.17863219949815953
-0.20808517879673413
-0.2185478431305715
-0.20629511161574296
-0.26408880576491356
-0.1520857736468315
-0.16997298278978892
-0.16781275932277953
-0.2033087552658149
-0.19980371637003763
-0.227759985519307
-0.2491552723305566
-0.1848759762942791
-0.17985604490552629
-0.24372994846531323
-0.16915140407426016
-0.24604683555662632
-0.170807082472103
-0.21749459686023848
-0.21801704354584217
-0.22560873148696764
-0.21961378013449057
-0.17523017419236048
-0.20710135623812675
-0.19502220482432417
-0.26534974362168995
-0.18425957539251872
-0.1754384088729109
-0.18801712776933396
-0.19110244512557983
-0.17371041301105702
-0.22266538121870585
-0.14854199439287186
-0.21619974396058492
-0.1952039035303252
-0.2335501483508519
-0.1855920526598181
-0.21078745994184697
-0.14681245080594504
-0.16671555329646384
-0.24322763552689658
-0.15932639422161238
-0.2162364378039326
-0.23455082784805978
-0.21733981051615306
-0.21049257154975617
-0.19623493935380662
-0.18937472147600992
-0.15871752718729631
-0.2003939054640276
-0.2390657588839531
-0.16339762402432306
-0.18286794131355627
-0.1853955765920026
-0.21113234731767858
-0.1738718721483435
-0.21817300149372645
-0.2538064015763147
-0.20546527419771468
-0.19645648449659348
-0.18420905300549098
-0.16145424491592816
-0.20504805924636976
-0.25107978098094463
-0.1837084162980318
-0.18777588222708022
-0.2078517803124019
-0.19176774099469185
-0.19184302618460997
-0.16015711892396212
-0.20073006435164384
-0.2637639987681593
-0.1515718831547669
-0.2216201919530119
-0.20997813450438635
-0.23063168435224465
-0.20777047691600664
-0.16404829493590764
-0.1707294232078961
-0.17792919810329164
-0.22217983060649463
-0.2316202578533973
-0.20821252012891428
-0.20365965685674123
-0.1705720704048872
-0.19489731533186777
-0.17979617470077106
-0.15176815672644547
-0.22533378483993666
-0.18436827723469054
-0.20410619170538016
-0.2585331244128091
-0.2219700174672263
-0.22017329984477588
-0.16075103783181735
-0.20207953479673182
-0.200779527425766
-0.20978838418211257
-0.1830993208235928
-0.22487113225672925
-0.262586986379964
-0.15824260003864765
-0.2519404451761927
-0.21734279553805078
-0.1682162465793746
-0.21164693523730552
-0.1478488120649542
-0.17132656728582724
-0.17305450460740499
-0.14751935271280153
-0.17065486125648022
-0.17615367818091596
-0.18362394720315933
-0.20016186844025338
-0.23783642426133156
-0.1610975435801915
-0.23073799375976836
-0.2206600084900856
-0.2157449003841196
-0.1739518977701664
-0.21796824783086777
-0.27313389309815
-0.20840490662625857
-0.17549082157867296
-0.19618013394730432
-0.1902349665760994
-0.1967071108520031
-0.26208099882517544
-0.20908707273857935
-0.20564337287630355
-0.18310227670839854
-0.22654364870062896
-0.18282481522432395
-0.22242206175412452
-0.2688454868538039
-0.2195899092725345
-0.1526994417820658
-0.21616807713040284
-0.20451386060033525
-0.20847411906080587
-0.19538273236581258
-0.20762686803936958
-0.24356383457779884
-0.2193464179124151
-0.20482000868235314
-0.2163734475948981
-0.2135061270424298
-0.24105335772037506
-0.14479685947299004
-0.2259367417011942
-0.22900472129029886
-0.23436485869543894
-0.23304122606558458
-0.20223053810851915
-0.22097503819635936
-0.25754632481506895
-0.20851077139377594
-0.2659144215285778
-0.2532154747417995
-0.26075203929628643
-0.23146686011127063
-0.20856775542987244
-0.2347063422203064
-0.2000832882310663
-0.2194021692599303
-0.18641159550419875
-0.23073557604636466
-0.23404039602194512
-0.1690628124134881
-0.205762257533414
-0.1461747299347605
-0.22504823628280843
-0.18395005422644317
-0.2126316422862666
-0.19426411922488893
-0.2073542092527662
-0.21992687561682292
-0.2138377114066056
-0.23339243925043515
-0.18206352580870902
-0.26776599724377903
-0.17380788709436143
-0.2609866405172007
-0.20557180254088184
-0.21702188359839575
-0.21461055487660424
-0.2034515834280423
-0.24809566565922328
-0.18615636735090188
-0.19941642082163266
-0.21568136183278902
-0.16467491111585073
-0.24429534269230707
-0.19412475558263914
-0.23953335785440036
-0.22859165418360913
-0.24419933131762914
-0.1739950446145875
-0.21521525377673761
-0.1888301484286785
-0.1715069945369448
-0.20936967272843635
-0.22695911675691605
-0.2385957134621484
-0.1729057335427829
-0.22260810381599835
-0.1918987567935671
-0.18579833741698945
-0.2422786828662668
-0.2257655023464135
-0.17510266928002238
-0.19945697885538852
-0.20714191932763373
-0.19912657354559218
-0.2819665516061442
-0.2062529900244304
-0.2126404241259609
-0.23423803251768863
-0.22492401621171407
-0.24330016651323863
-0.16054626367986202
-0.1667140597211463
-0.27934604696929455
-0.17646768526174128
-0.24260922308479035
-0.20408195363623755
-0.21937053224870137
-0.2600087933242321
-0.221680648624897
-0.2188530990055629
-0.21574775874614716
-0.19923516495951585
-0.2195909542164632
-0.23852822982839175
-0.21524792271000998
-0.17912921628781728
-0.19062298270208494
-0.2138925205383982
-0.17651619708963803
-0.24794529218758857
-0.23183672555855342
-0.18456873244472913
-0.18330058455467224
-0.17159784265926906
-0.18698182349492395
-0.20484314220292227
-0.2297854372965438
-0.19658984509961946
-0.14504489142979896
-0.19239199853369168
-0.20720637536474637
-0.229777636804751
-0.1950755881677781
-0.17322423282478536
-0.2355783140020711
-0.21287819264190538
-0.2079541731093611
-0.24265774179782187
-0.19529907937560761
-0.17588913227830613
-0.2713501009025744
-0.23122233897447586
-0.19249638968280383
-0.2653660210115569
-0.16128388526184217
-0.21934410982898303
-0.18630235376102583
-0.24123976592506682
-0.17432865846369947
-0.18805489991791546
-0.2249799780547619
-0.20481872611812182
-0.2809380165168217
-0.14275711455515452
-0.15468317988727773
-0.24494733714631625
-0.20429396416459764
-0.22137246573609964
-0.16489927457379444
-0.24020044931343623
-0.18225508422723838
-0.2304328073348318
-0.21191506619964326
-0.2220188844949007
-0.19379671051033906
-0.2114591220659869
-0.254632157938821
-0.2392784291795189
-0.19889759671475207
-0.18918782100081444
-0.23971534307513917
-0.28887478155749186
-0.20329582850847924
-0.18367718479463033
-0.21385541478438036
-0.1786526996002067
-0.18040797194199903
-0.17388132693512098
-0.19224445149302483
-0.21363264801246779
-0.20187966392508574
-0.19096743421895163
-0.22335574935589517
-0.21214204574269907
-0.20077497445579087
-0.24850293781076158
-0.19198980002797075
-0.21641379541584424
-0.19361641364438192
-0.20291372867567198
-0.19717556131737574
-0.19018208608031273
-0.2129255063565714
-0.1861644262181861
-0.23391651468617575
-0.2511227875947952
-0.22504653143031256
-0.21258116593318327
-0.2121168582567147
-0.21393251292673604
-0.193717182214771
-0.16886345988937787
-0.17440115873302733
-0.2232518611209733
-0.21329925741468156
-0.23424904367753438
-0.21634145081043243
-0.23880308813282422
-0.242140149032431
-0.17570444356117929
-0.17952035793236323
-0.20126120440129722
-0.21120377683213779
-0.24242681371314184
-0.21778063688959395
-0.25254970363208223
-0.22325223205345018
-0.22440713431153977
-0.1817235057907445
-0.22056756328259194
-0.19442985845463617
-0.2125276348420552
-0.1979763571705137
-0.25572020773376736
-0.1924144732100623
-0.2368650319320815
-0.2804940545133182
-0.2207081594637462
-0.22656452815447534
-0.2052838552211012
-0.2187867590359279
-0.1530236415565014
-0.21405966047729766
-0.20573496179921286
-0.19905648593391692
-0.22214940961982524
-0.16949819986309325
-0.2539102147732462
-0.21176791403974807
-0.20047607219644956
-0.15684657703552926
-0.2088299681033407
-0.17351745760866574
-0.18243485928646155
-0.19152310171297618
-0.2573037025119577
-0.1963893278901066
-0.2637337978397097
-0.19102802446910314
-0.22830702258007868
-0.1907479427754879
-0.23429593656744277
-0.22837625603590692
-0.23653427617890493
-0.2208847664296627
-0.17494634379233634
-0.22272503854972975
-0.17503811498837812
-0.12802140547760896
-0.1845661210162299
-0.19998406725270407
-0.1963689737021923
-0.2357763605458396
-0.20755561547619955
-0.23525637867195265
-0.1867868048804147
-0.19442880206874438
-0.23467580761228288
-0.24424282408186368
-0.20771081639187677
-0.20190300845674106
-0.27732248710734503
-0.2503044738301209
-0.2784071032490049
-0.27291648728506906
-0.24348282973681176
-0.23848510267479078
-0.2302995047398976
-0.22269603131072863
-0.19735296443104744
-0.25221293632473263
-0.20841025188565254
-0.1977833847382239
-0.21423146102045262
-0.2392170870942729
-0.2440368357513632
-0.20877373112099512
-0.1970315756542342
-0.2058279344013759
-0.19506535466228211
-0.22670249694160052
-0.1741074983562742
-0.22819702752998897
-0.15822474285960197
-0.14735011783029353
-0.2459928851042475
-0.2344705175076212
-0.19163194671273232
-0.18796749120312078
-0.1795127216194357
-0.2624362755034651
-0.22805117017456464
-0.1879801175424031
-0.2371750846505165
-0.2361780447619302
-0.21834188114319528
-0.22933959854500635
-0.21841777116060257
-0.20023956415908678
-0.23707960173487663
-0.20591258576938085
-0.19948115731988633
-0.22644655193601335
-0.16493350177604174
-0.15828655739980085
-0.18870483551706588
-0.21945906057953835
-0.2204948788774865
-0.18140221493584768
-0.1961312490914549
-0.20066856912204198
-0.269479048039232
-0.21730765008500644
-0.18541628109025104
-0.2015698030591011
-0.24304264890296118
-0.21289463873420442
-0.2355877754411527
-0.254353549863611
-0.24630975776485034
-0.22546909802726336
-0.23329205870894448
-0.23170521057077817
-0.24306165426969528
-0.23145556715982302
-0.24680330657533237
-0.22403750914548123
-0.2475814808692251
-0.20402417119060243
-0.2622225901910237
-0.19241041051489965
-0.21609212192041533
-0.2074264261339392
-0.1955328051533018
-0.2676829695701599
-0.2851953032825674
-0.1784984658339194
-0.21079067227297596
-0.2082587650844029
-0.23152880636709078
-0.18981328393731797
-0.25025563560692327
-0.1975862474313804
-0.19364460238388606
-0.20842405834368297
-0.22609800366418703
-0.22778304559843882
-0.16544423465217864
-0.20075266608702286
-0.2602025291749409
-0.2558473785673933
-0.1977313802178417
-0.23445507937244006
-0.21183161384293012
-0.19802991833005631
-0.24912977537938527
-0.18028066254087857
-0.22304428581680572
-0.22562130726873875
-0.2798192926815578
-0.26221917143889834
-0.24814786948263645
-0.21486118329422815
-0.21400865433471544
-0.26138714913811
-0.2170422864811761
-0.2666309199162892
-0.18235197397215025
-0.2102707824004548
-0.19560650097472326
-0.1869306598923036
-0.16868471247809275
-0.20744552117373263
-0.24486830298389708
-0.24788601802928106
-0.23666235325591906
-0.22936907902892148
-0.23982289220605577
-0.2301906624010631
-0.20346831157803535
-0.19922840435590064
-0.2585709829415594
-0.25667146699769156
-0.2004674891276019
-0.3009221295693091
-0.20082229375839233
-0.21040575871510164
-0.1617363499743598
-0.2003621868789196
-0.2041736835879939
-0.2822481947285788
-0.1887137315102986
-0.26294986797230585
-0.17205661641699926
-0.2612556988107307
-0.21740918207381452
-0.1952187985713993
-0.21762275057179586
-0.1646211924297469
-0.202841669054968
-0.1746047751179763
-0.22795000140156066
-0.22871636067117965
-0.23295863983886583
-0.21550374571233988
-0.20925180401120866
-0.1972553408704698
-0.2056609514568533
-0.20070802553423814
-0.21433698518999986
-0.19010657111981086
-0.15555165974157198
-0.19215593886162555
-0.15808908428464616
-0.1985889282077551
-0.2297888689541391
-0.18377078883349895
-0.17604270151683263
-0.2861601263284683
-0.28498877052749905
-0.2008392849072282
-0.19895240451608384
-0.1942920982837677
-0.2389497836785657
-0.21677004652363913
-0.2316149835075651
-0.18661899811455182
-0.15974690503207967
-0.19270986850772584
-0.19207239044564112
-0.2476596212280648
-0.21979303977319173
-0.21000768403921807
-0.24258109075682505
-0.2327466042978423
-0.22744380310177803
-0.24129380551832064
-0.14957921419824874
-0.2005347657416548
-0.2859294856233256
-0.17612044513225555
-0.2089700839881386
-0.1818435021809169
-0.20617298356124333
-0.20330053328403405
-0.2284694713141237
-0.21076554272856032
-0.20329852029681206
-0.22457805914538248
-0.2302482801356486
-0.28610081278852056
-0.2692173293658665
-0.18802023466144288
-0.24661521081413543
-0.24001607139195716
-0.17792966110365732
-0.2523281808410372
-0.21791613620838948
-0.24959577061235905
-0.21404805619801795
-0.2228918139423643
-0.2292131632566452
-0.1864931434392929
-0.2350347712635994
-0.22780762799084187
-0.21354281583002635
-0.2614780068397522
-0.2161249853670597
-0.24297717213630676
-0.21306188910135201
-0.203284780894007
-0.25438603066972326
-0.18619391747883388
-0.1525630626295294
-0.22131728088217123
-0.21820540406874248
-0.241046242415905
-0.2610967185880457
-0.2786855295832668
-0.22729143500328064
-0.24273054461394036
-0.279766283929348
-0.1785692202725581
-0.25622324060116497
-0.21862116322985717
-0.19554558023810387
-0.23038021900824138
-0.23168052999036653
-0.23481816612184048
-0.2232311229620661
-0.1952741164714098
-0.20767367045794213
-0.22225183993577957
-0.25045787010874065
-0.2321451934320586
-0.17991190417004482
-0.20935728400945663
-0.23332730254956655
-0.21971727907657623
-0.19803956363882338
-0.14128464626680529
-0.2520448448402541
-0.1976732023259891
-0.2115486945424761
-0.21614283389811004
-0.23025593241410597
-0.21374353393912315
-0.26953876497490065
-0.23660464052643096
-0.26999526497508797
-0.20139910919325693
-0.22714395927531378
-0.20977612850921495
-0.23304085885839804
-0.26188540565116064
-0.2674787166927542
-0.24259476682969502
-0.23952585299100196
-0.193947718079601
-0.2528509050607681
-0.21572385808186872
-0.17700296294476306
-0.22798663271324976
-0.24304527124123915
-0.203225419989654
-0.19503819889255933
-0.2161523268691131
-0.22541984995560987
-0.18933462697480405
-0.2194815826203142
-0.2371842297060149
-0.23484777712396213
-0.18634339421987534
-0.23791465908288956
-0.20020546897181443
-0.1958346582416977
-0.25015133938619066
-0.18215807021728583
-0.24465664782162225
-0.19304232711770705
-0.21605361253023148
-0.20351030810603074
-0.1587827448799674
-0.20413643441029958
-0.19458344685179846
-0.28800983301230837
-0.21140638951744353
-0.20192661508917809
-0.24145485354321344
-0.21307770216039248
-0.23052910236375673
-0.20678363820271833
-0.2499776275030204
-0.23066877999476024
-0.21723467111587524
-0.20275146620614187
-0.23165154084563255
-0.2056750969163009
-0.18205215050173656
-0.19659957236477307
-0.19272908701428346
-0.2590153696281569
-0.2301514976258789
-0.23996639251708984
-0.1783238665333816
-0.17420707589813642
-0.18066153222961084
-0.20496639609336853
-0.21212261569287097
-0.23222646230299557
-0.20868572679215244
-0.19677326615367616
-0.2661668998854501
-0.22609651674117362
-0.2281722185601081
-0.1841992840969137
-0.22830449683325632
-0.19862378601516997
-0.23319404785122191
-0.25898505960192
-0.25036085875970976
-0.20098900808287518
-0.22359951053346908
-0.2970919044954436
-0.19259512584124291
-0.24253429578883307
-0.20445977683578218
-0.24584763390677317
-0.19325983045356615
-0.18996113485523633
-0.21447384570326125
-0.25251228734850883
-0.19544541303600585
-0.18463145036782538
-0.21847493440977164
-0.24270153364964894
-0.26259373341287884
-0.22588894729103362
-0.22822170544947898
-0.20990696735680103
-0.2337313752089228
-0.1828881874680519
-0.17295584987316812
-0.17274358123540878
-0.26978989371231626
-0.23332146555185318
-0.2197014173226697
-0.19699884738240922
-0.23142383620142937
-0.18684576930744307
-0.1833450687783105
-0.2617815403001649
-0.2473270148038864
-0.22856704837509564
-0.2179045272724969
-0.22610235746417726
-0.21900105157068797
-0.25690398045948576
-0.23382205090352468
-0.23334514535963535
-0.22159266578299658
-0.16643021308950015
-0.20148378424346447
-0.22372673877647944
-0.18275619830404008
-0.2533776100192751
-0.2155606508521097
-0.2146709771560771
-0.24749273993074894
-0.27682988558496746
-0.1543013225974781
-0.33298691362142563
-0.2639476526528597
-0.2382909863122872
-0.2865148814661162
-0.20648481480644218
-0.1895560229729329
-0.25076490321329664
-0.2375546395778656
-0.19907130620309285
-0.189092876921807
-0.18908380277987039
-0.23828239951814925
-0.24512585684923188
-0.19863294384309224
-0.24583119925643718
-0.2467780006783349
-0.24635161086916924
-0.2289898544549942
-0.22630149019615992
-0.2205865846148559
-0.261711305805615
-0.24415332611118043
-0.19465347166572297
-0.22966627031564713
-0.2240274777702455
-0.17611652772341455
-0.21362715187881673
-0.16426307495151246
-0.20967386024338858
-0.1717067946280752
-0.23206287728888647
-0.2058524758155857
-0.15951627865433693
-0.20662141910621099
-0.19691674091986247
-0.15550488233566284
-0.2048335996057306
-0.17027505487203598
-0.1694757280472134
-0.1751292927988938
-0.24645525642803737
-0.1843778725181307
-0.22470332203166826
-0.22757055397544587
-0.19093809143773147
-0.22215358912944794
-0.19236033143741743
-0.21133793784039362
-0.23395426731024468
-0.24649693337934359
-0.229799750660147
-0.2308924581323351
-0.18375190993122356
-0.19267518924815313
-0.2139696744935853
-0.21449532732367516
-0.24333761100258147
-0.2589772121448602
-0.2380981263704598
-0.2161483968642902
-0.19262267276644707
-0.22151579654642514
-0.1985480556530612
-0.20900548143046244
-0.2755657604762486
-0.22205860220960208
-0.2365000577909606
-0.2006074698375804
-0.2835864049515554
-0.2633197712046759
-0.19132271275988647
-0.18083697078483446
-0.17658227399390722
-0.2682359128126076
-0.2664364108017513
-0.2574620321393013
-0.18306816316076688
-0.19934002416474478
-0.22325007723910467
-0.2820089597787176
-0.2510806545615196
-0.24873833038977214
-0.20161856498037065
-0.23651573274816787
-0.16269079289798224
-0.2805820054241589
-0.21769737186176435
-0.24659003051263945
-0.2634719847036259
-0.21390013130647795
-0.17994125480098383
-0.25824001165372984
-0.2553824596107006
-0.2237986544413226
-0.23813740190650737
-0.25698001044137136
-0.2043258100748062
-0.25030489585229326
-0.30399592965841293
-0.2048100350158555
-0.21724909810083254
-0.23939771936940296
-0.2263327283518655
-0.24064424341278418
-0.28958238741116865
-0.2201382845107998
-0.23616450226732663
-0.23327976358788355
-0.21902040711471013
-0.1722908948681184
-0.21049729149256433
-0.21300130600242742
-0.19053100342197077
-0.2713166626968554
-0.23654291672366007
-0.22769862306969507
-0.27630214925323215
-0.19913100823760033
-0.25003828001873835
-0.18466945883951016
-0.24595246663583176
-0.24143898699964797
-0.2006428845758949
-0.24181248087968146
-0.20292472619829433
-0.2586355581879616
-0.2184151874056884
-0.22040286154619285
-0.23605344338076456
-0.17975075463099138
-0.19339584346328462
-0.24170564021915197
-0.24209091812372208
-0.1799698815281902
-0.18888850244028227
-0.22003371374947683
-0.24796400059546744
-0.2152451135750328
-0.2879767795758588
-0.2039999014564923
-0.2587708383798599
-0.2649753232087408
-0.2320451374564852
-0.23372328281402588
-0.22765068151056767
-0.1988513586776597
-0.25383686487163815
-0.2394737707717078
-0.22046507096716336
-0.24333419331482478
-0.2899191736110619
-0.23589099464671953
-0.25437716926847187
-0.2083356146301542
-0.2198322910283293
-0.2125046913112913
-0.25368483790329527
-0.22251699385898455
-0.25405084820730345
-0.23245108553341456
-0.2021421153497483
-0.26232881577951567
-0.22601759141044958
-0.22584598883986473
-0.2195800066526447
-0.18559028953313828
-0.2161035215748208
-0.23301456762211664
-0.1899799747126443
-0.24224909661071642
-0.24094121849962644
-0.21367472197328294
-0.2537641432136297
-0.24603732568877085
-0.20285343604960612
-0.20184265981827462
-0.2674956736820085
-0.19842579641512462
-0.16257822825407078
-0.19270810884024417
-0.24154849776199885
-0.2283139686499323
-0.2575384410364287
-0.2534063990627016
-0.15303141118160316
-0.1994797491601535
-0.24898729845881462
-0.19740285591355392
-0.1929677135111498
-0.25709141524774687
-0.19727202478264058
-0.19264231010207108
-0.19694041753453867
-0.1795193547649043
-0.26208345911332537
-0.23159676045179367
-0.23448794747569732
-0.2555778979190758
-0.20670308225921222
-0.2520855521517141
-0.21027767924325808
-0.20822004122393473
-0.19752111871327674
-0.3133123910852841
-0.27237393440944807
-0.2120118537651641
-0.22871874272823334
-0.1764441890908139
-0.22140470865581716
-0.1965154755660998
-0.20963236450084619
-0.26158653518983294
-0.2643527846251215
-0.22531686696623052
-0.2317121055509363
-0.2511076049080917
-0.26774634633745464
-0.2836670646710055
-0.25281122273632456
-0.18187624109642847
-0.23602727188595704
-0.2073024223957743
-0.24951950833201408
-0.25666313831295284
-0.18126784850444114
-0.21290039590426854
-0.22404939867556095
-0.15669060072728566
-0.2619099651596376
-0.31339162960648537
-0.23978432001812117
-0.17209019059581415
-0.2570501235978944
-0.20310563466046005
-0.22984308749437332
-0.20379150392753737
-0.24201522395014763
-0.23528556765190192
-0.205769667668002
-0.14401922055653163
-0.2116934566625527
-0.23956886667292565
-0.20738254168203898
-0.24475197015064104
-0.21423410092081344
-0.22659751560006822
-0.27451710935149876
-0.22983241187674658
-0.2097712526363986
-0.21483488168035234
-0.24648908525705338
-0.2295091993042401
-0.2595313345747335
-0.22347593254276685
-0.2544160799256393
-0.21161163332206862
-0.21324709723038332
-0.24567773938179016
-0.2351514164890562
-0.20572098291346005
-0.2273091354540416
-0.3207949900201389
-0.21139332758528845
-0.29359774610825945
-0.221533704282982
-0.2913703726870673
-0.19845345403466905
-0.17840530443936586
-0.25891571917704176
-0.18837556429207325
-0.27877415663429667
-0.2660931024168219
-0.21682701579162053
-0.291548775775092
-0.23231724968978337
-0.18390743806958199
-0.2110288076634918
-0.28393418554748806
-0.2268526397113289
-0.2727050041513784
-0.25146738306752275
-0.25370983832648825
-0.23758195234196527
-0.24827561367835319
-0.20193028396793775
-0.2094657053904874
-0.2237446191055434
-0.2108826647911753
-0.26797906309366226
-0.17901089478151075
-0.21469716541469097
-0.2075378458414759
-0.23918263560959271
-0.22617512196302414
-0.21316323722047464
-0.23086370261652128
-0.29425537532993723
-0.25665356697780745
-0.29643378938947407
-0.2444433035062892
-0.21699292558644498
-0.2444204884980406
-0.21146229494895255
-0.18392122896122082
-0.21310831526560442
-0.23060212284326553
-0.25498522259294987
-0.21541678799050196
-0.2321775709944112
-0.26516680392835823
-0.24171420612505504
-0.2081311196088791
-0.22492616783295358
-0.21733732947281428
-0.27214143850973677
-0.18414135303880488
-0.26475864968129564
-0.2597196799303804
-0.22238037628786905
-0.1866229809820652
-0.2516686628971781
-0.2848702275327274
-0.2307677044134055
-0.2239789781825883
-0.19031567020075663
-0.2346136181482247
-0.22123339559350694
-0.31080353419695583
-0.2266881104026522
-0.25874937751463484
-0.24009912088513374
-0.19297367547239577
-0.2180043485547815
-0.24008065648376942
-0.24111841778670037
-0.2308520134538412
-0.23757873874689853
-0.27081224215882166
-0.18527247650282724
-0.23592206622873033
-0.23477876718555177
-0.23202995210886002
-0.258976474404335
-0.21903241159660475
-0.22098361913646972
-0.23162970133125782
-0.207720068150333
-0.23053986286478384
-0.24998723416190063
-0.232615734317473
-0.2656920717230865
-0.26239107442753656
-0.2588202445102589
-0.2304447048476764
-0.18593973772866385
-0.21205409057438374
-0.20643193534176266
-0.15099687182477542
-0.20146674263690198
-0.22935499783073152
-0.22167690869952952
-0.2142298769737993
-0.24524887864078795
-0.2981009909084865
-0.22984043561986514
-0.23295955679246358
-0.28094867297581266
-0.19280934440238134
-0.2434288359114102
-0.22032715885766915
-0.1802989122058664
-0.282159530424646
-0.2142140974423715
-0.23688154454742158
-0.24747763653951033
-0.2044056329344
-0.19869279914668628
-0.20928871631622314
-0.259615137640919
-0.2136410657050354
-0.25000474389110294
-0.15845642079200065
-0.27645502984523773
-0.23124842239277704
-0.24588674413306372
-0.21678054918135917
-0.19681285813983
-0.27441369209970745
-0.21642428104366576
-0.21825621197266237
-0.22440915049186774
-0.21545175995145524
-0.20850469597748347
-0.28775400881256374
-0.31878852524927687
-0.21612652497632162
-0.24460171429174288
-0.20429573048438346
-0.22378327438075626
-0.30589949392846655
-0.20574596604066236
-0.18729871990425245
-0.21009570519839013
-0.19981783202716283
-0.20343215284602983
-0.2166846932045051
-0.27008279093674253
-0.22983950057200023
-0.2261433761034693
-0.2652861231139728
-0.21051062483872687
-0.2422690519264766
-0.22002328879066876
-0.21619775066418306
-0.2909629310348204
-0.2236131371131965
-0.2201056911477021
-0.22207218568239892
-0.1821154079266957
-0.20570740955216543
-0.22343715812478745
-0.23195113560983113
-0.21011095946388586
-0.269114966903414
-0.25022262215082136
-0.24311546928116254
-0.23919780818479403
-0.27579313702881336
-0.23132500584636415
-0.2407213140811239
-0.26129322392599924
-0.24900878061141288
-0.25176658295094967
-0.21687718715319143
-0.19220023921557836
-0.2340429819055966
-0.18946409970521927
-0.20949482013072288
-0.20947007429120795
-0.211496670730412
-0.21091328880616597
-0.2425410502723285
-0.24901373844061578
-0.2643991836479732
-0.2378992454281875
-0.24961688263075693
-0.22779763543180057
-0.24244025509272302
-0.2556676045060158
-0.24717969500592776
-0.30253149036850246
-0.270625145307609
-0.270420956824507
-0.24543033380593574
-0.25800451336960706
-0.2352400022958006
-0.19104588723608426
-0.21395304506378515
-0.24613506134067262
-0.2102053721568414
-0.195104661530682
-0.23108140139707498
-0.2549997770360538
-0.23277294422898973
-0.2404360898903438
-0.24768835572259768
-0.23559420236519404
-0.19904572433525963
-0.2080341705254146
-0.2564231923648289
-0.2862831284957273
-0.21843225389186824
-0.18201561458408833
-0.26371770032814573
-0.24324329090969904
-0.21965365750449045
-0.3099167197942734
-0.23920480321560586
-0.2665696144104004
-0.28714459761977196
-0.28130710816809107
-0.25017261505126953
-0.2257071632359709
-0.32700449015413013
-0.27617972024849485
-0.2438610020492758
-0.26339855284563135
-0.20052452119333403
-0.2503584735095501
-0.237916356750897
-0.22475091607442924
-0.18038612976670265
-0.265028929071767
-0.2306620366871357
-0.23309849415506637
-0.1773851833173207
-0.29085613707346575
-0.21934817997472628
-0.243156477276768
-0.21958680025168828
-0.18490088172256947
-0.2595295033284596
-0.22202560757952078
-0.26954982270087513
-0.23001454131943838
-0.203665163900171
-0.19647188910416194
-0.24586027062364987
-0.22513191561613763
-0.25851475074887276
-0.24994417865361487
-0.16377453559211322
-0.21567836669938906
-0.2498596885374614
-0.2874124236404896
-0.19725946017674037
-0.19421725879822457
-0.19845865821012662
-0.22725487766521318
-0.24161124335868017
-0.24850682115980557
-0.16852326423395425
-0.18357419914432935
-0.24458838892834528
-0.23382504656910896
-0.193838788994721
-0.18478623617972648
-0.23591800034046173
-0.2624579630792141
-0.2073802916066987
-0.2253195441194943
-0.2435579619237355
-0.21194933187715442
-0.16508425452879497
-0.2622667018856321
-0.22022864382181848
-0.22515703365206718
-0.21480779030493327
-0.24813099524804524
-0.18749795188861235
-0.20917264824467047
-0.23673949922834123
-0.231027094115104
-0.19969648122787476
-0.23686410007732256
-0.19406212334121978
-0.2644363301140921
-0.24773293946470534
-0.22728672543806688
-0.21285175585321017
-0.20910741920982087
-0.22490386052855424
-0.25319534806268557
-0.17917397432029247
-0.19097186252474785
-0.20329906099608966
-0.2603547919009413
-0.19422573170491628
-0.22730265132018498
-0.20004062480958446
-0.22744675326560224
-0.24462801218032837
-0.21573178044387273
-0.28785763893808636
-0.20247101996626174
-0.21891379888568605
-0.31897116346018656
-0.22358642518520355
-0.21229037269949913
-0.24503696177686965
-0.22409254152859961
-0.2730528265237808
-0.21061891902770316
-0.28144016436168123
-0.24733916031462805
-0.225848632731608
-0.15983218540038382
-0.24401021376252174
-0.22164894959756307
-0.20948900362210615
-0.27529189948524746
-0.22107374402029173
-0.19663835050804274
-0.19174215250781604
-0.21120052944336618
-0.23511334801358835
-0.21008045013461793
-0.26935940022979465
-0.33596052548715044
-0.19528995347874506
-0.2697796033961432
-0.21968718990683556
-0.22459929063916206
-0.2830587649451835
-0.27593005555016653
-0.21694568331752503
-0.1860151184456689
-0.233413001788514
-0.2765390191759382
-0.2197722510567733
-0.2266248358147485
-0.22461167510066712
-0.2579953409731388
-0.27425072342157364
-0.25851064335022655
-0.1739266546709197
-0.18609637022018433
-0.18486896316920007
-0.18506326898932457
-0.2537072332842009
-0.25082167317824705
-0.20148774236440659
-0.21431625527994974
-0.21181358097653305
-0.23490873458130018
-0.28685939045889036
-0.2368509934416839
-0.21968289571149008
-0.23709251997726305
-0.216668342639293
-0.23173775204590388
-0.24086416326463223
-0.23376328817435674
-0.19096406123467854
-0.22110977183495248
-0.25882506317326
-0.1928256353629487
-0.16813259997538157
-0.25790105680269854
-0.24696651526859828
-0.2710897315825735
-0.25572765724999563
-0.18927188483732088
-0.2431462380502905
-0.19400857788111484
-0.25530328708035605
-0.19282361465905393
-0.25167858387742725
-0.20802158303558826
-0.2046413391695491
-0.28321707993745804
-0.2227469821061407
-0.2590313218533993
-0.25720591098070145
-0.2508478095488889
-0.20802352843540056
-0.1988429491009031
-0.20178357219057425
-0.19921495339700154
-0.23413949353354319
-0.17511677529130662
-0.2890475317835808
-0.18825921629156386
-0.2730397257421698
-0.21036632651729242
-0.25842774712613653
-0.2330698881830488
-0.274420756314482
-0.26470633702618734
-0.24209133375968253
-0.2277254717690604
-0.23582818625228746
-0.21465719837163175
-0.22861715512616293
-0.21558386513165065
-0.18551329975681646
-0.20008758721607073
-0.26552252045699526
-0.24273199614669597
-0.25035812333226204
-0.21012380799428293
-0.2623244562585439
-0.2621461626674448
-0.2609650396874973
-0.21038491997335637
-0.15690564257758005
-0.20705640316009521
-0.26938434078225065
-0.21398024021514825
-0.24593976539160525
-0.2770523971744946
-0.25149326851325376
-0.21382227167487144
-0.29566239725266186
-0.2411224421645914
-0.26959031500986647
-0.26744107103773523
-0.23484677874616214
-0.2772440468626363
-0.1994180532970599
-0.20980967075697013
-0.19929384041045392
-0.2234521239463772
-0.25995377344744547
-0.2519057036510536
-0.2327065829719816
-0.20726588102323668
-0.20475722636495317
-0.22200042621365615
-0.24295909702777863
-0.2478657370167119
-0.22644778341054916
-0.2067749278087701
-0.21940461173653603
-0.14838795164333923
-0.25333785159247263
-0.21218886815144547
-0.17947961070707866
-0.21128295761133944
-0.2579243534377643
-0.2331241566155638
-0.22405111949358666
-0.2653343246451446
-0.31212026958486866
-0.24270553993327276
-0.25809307183538166
-0.21838183727647578
-0.2392001168004104
-0.29466485205505577
-0.19941512601716177
-0.2343252689710685
-0.2629003258688109
-0.24289182839649065
-0.16434150500156516
-0.25776862991707666
-0.24744631669351033
-0.22760385141841002
-0.23609832567828043
-0.24931435473263264
-0.2464861912386758
-0.23166447345699584
-0.3002591984612601
-0.22087861743888684
-0.23587822701249803
-0.18995761179498263
-0.2217554615012237
-0.25942482479981016
-0.2401905365820442
-0.21508446535361664
-0.2509104183741978
-0.2708164432219097
-0.286803662776947
-0.22573844982045038
-0.23624713752152665
-0.17596322524228267
-0.24251363266791617
-0.20804001996293664
-0.2776738495698997
-0.2420367912522384
-0.2552696487733296
-0.23459368518420629
-0.310871174292905
-0.2631312007350581
-0.2373606940465314
-0.17479306592472962
-0.17923750568713462
-0.27634466918451445
-0.19870332229350293
-0.20954634994268417
-0.1889437399804592
-0.23664416000247002
-0.21444375014730863
-0.24136775678821973
-0.3111898047583444
-0.24075477783169066
-0.25543689860829283
-0.17831079129661834
-0.2560272573360375
-0.2599926303539957
-0.23979478861604417
-0.23748696595430374
-0.24830785393714905
-0.2611157441777842
-0.2723620980978012
-0.1760742613779647
-0.22717821917363576
-0.2539337676550661
-0.191472732595035
-0.2429347370884248
-0.24342345552785055
-0.27539803087711334
-0.19689041349504674
-0.24314820606793677
-0.20406159598912513
-0.22416133806109428
-0.23792332267787838
-0.3287790098360607
-0.24599394814244338
-0.2398914439337594
-0.20471993980130979
-0.20535416581801005
-0.14459805376827717
-0.209041591600648
-0.26075498653309687
-0.24796990198748453
-0.2202986627817154
-0.25090620134557995
-0.21987827015774591
-0.27392512772764477
-0.2094321117869445
-0.20361974675740516
-0.24388529945697104
-0.20367806644311973
-0.27220632987362997
-0.19592672799314773
-0.22201143018901348
-0.23246359825134277
-0.22063640824386052
-0.2796671374567917
-0.22667869552969933
-0.230423848011664
-0.19258620895977532
-0.2877015553947006
-0.24178910894053324
-0.21809808590582438
-0.24700442382267543
-0.26290429117424147
-0.21839281437652452
-0.19254977854767016
-0.22668501042893954
-0.26144970155188013
-0.2504638891134943
-0.2169135223541941
-0.29492394413266865
-0.27623762296778814
-0.2869762411074979
-0.22193253466061183
-0.22631105248417174
-0.2431299995098795
-0.23587205367428915
-0.23585700243711472
-0.20731468818017415
-0.2768700495362282
-0.25765537683452877
-0.25468597188591957
-0.28960875681202325
-0.23499194426195963
-0.2831573262810707
-0.21144568268209696
-0.25003034461821827
-0.25428789641175953
-0.2932233512401581
-0.22295331050242698
-0.2132597491145134
-0.22419355209318123
-0.19630190889750207
-0.27826651877590586
-0.23063398525118828
-0.3174342821751322
-0.21789653146905558
-0.21088934689760208
-0.22425531170197896
-0.24644533225468226
-0.19967595168522426
-0.2711023081626211
-0.2196894282741206
-0.23937641084194183
-0.19215330933885916
-0.17465446277388505
-0.1815504908029522
-0.2099224336977516
-0.15897868786539351
-0.25487384625843595
-0.2669679006295545
-0.2347880474158696
-0.33243801231895176
-0.2117464074066707
-0.18891387419509037
-0.2526699346116012
-0.24626716731914453
-0.19911966792174748
-0.2209949940443039
-0.24147366413048335
-0.22834121914846556
-0.2536040927682604
-0.2558725673173155
-0.2010418831237725
-0.20943488978913852
-0.23615797901792185
-0.2391149727627635
-0.23886889857905252
-0.21378605945834092
-0.2191696943981307
-0.3268836470586913
-0.2095949695046459
-0.2221564900662218
-0.24713895469903946
-0.22675651072391442
-0.1921669989824295
-0.2484125154359
-0.2603902763554028
-0.23792525646942003
-0.19543115581784928
-0.264127787734781
-0.2606175733464105
-0.25148850093994823
-0.26195913553237915
-0.1612977845860379
-0.21538235220525945
-0.1874217356422118
-0.2862015792301723
-0.2533815950155258
-0.2298586746411664
-0.22207858998860633
-0.1979282344026225
-0.23851608910730906
-0.22266070411673614
-0.22834594547748566
-0.22258637632642472
-0.27013820090464186
-0.2177630891757352
-0.2709519160645349
-0.23884668999484607
-0.23908104481441633
-0.18608523532748222
-0.22590112686157227
-0.23326256658349717
-0.23619315613593375
-0.23221951882754052
-0.21789378193872316
-0.2220621470228902
-0.17325174462582385
-0.2618680287684713
-0.1765220481902361
-0.260377629793116
-0.23443395591207913
-0.17594165235225642
-0.2614302693733147
-0.23570376634597778
-0.22789928609771387
-0.2766969922397818
-0.23637460345136269
-0.2653696175132479
-0.21012856225882257
-0.2409411445260048
-0.2083504998258182
-0.2686948754957744
-0.2664998173713684
-0.17369523804102624
-0.26267304005367414
-0.22455643875790493
-0.22301177520837104
-0.17362187057733536
-0.20530859168086732
-0.19139554324959004
-0.1858650664133685
-0.20389206281730107
-0.2704286240041256
-0.17745322627680643
-0.22069009127361433
-0.15827904854501998
-0.23661564689661777
-0.21636324056557246
-0.20077563928706305
-0.27146778761276175
-0.1580499495778765
-0.18273741539035523
-0.295330605336598
-0.16620541736483574
-0.21856017197881425
-0.22487168559538467
-0.2669323155922549
-0.28081592598131727
-0.18892445495086058
-0.2185991464981011
-0.24115860621844018
-0.2690487557223865
-0.18859165343123355
-0.26756313868931364
-0.27416853819574627
-0.2978916237396853
-0.21625600342771836
-0.21378343252997314
-0.2609669417142868
-0.1987996202494417
-0.22282947227358818
-0.22762110882571765
-0.27790264040231705
-0.21961927733251027
-0.22871151992252894
-0.2110471317012395
-0.21827051682131632
-0.3024893669145448
-0.21062138729861804
-0.16975236151899611
-0.22249081624405725
-0.23414859069245203
-0.25434865802526474
-0.23268998999680793
-0.25747740055833546
-0.2345528549381665
-0.27063219408903805
-0.28199456206389834
-0.2954637482762337
-0.266463232625808
-0.21000668885452406
-0.22120871075562068
-0.22908115067652293
-0.23967713224036352
-0.17773253098130226
-0.20784646246050084
-0.2608694700258119
-0.23658606755946363
-0.2405023705214262
-0.27188540995121
-0.2494101050708975
-0.22307965531945229
-0.2569529129458325
-0.2719321564904281
-0.16900247441870825
-0.2723697636808668
-0.23817947586732252
-0.25318481028079987
-0.2519990141902651
-0.2114701345562935
-0.26375424808689524
-0.26910230943134855
-0.24785245076886245
-0.225070377013513
-0.2448693694812911
-0.22844804836703198
-0.2043107750692538
-0.25698298535176683
-0.2447400681142296
-0.2282492710011346
-0.27988083341291975
-0.1941508066707424
-0.25281476814832005
-0.25641596210854395
-0.2062840083880084
-0.23068672232329845
-0.21256590368492262
-0.24642752962453024
-0.23994404609714234
-0.23529149485485895
-0.2704406753182411
-0.19570185270692622
-0.22750174812972546
-0.22995655983686447
-0.2611831330660997
-0.27431887335010935
-0.20662060459809645
-0.20294519487236226
-0.2312122301331588
-0.24265872687101364
-0.17126206468258584
-0.1759583122496094
-0.21510857130799974
-0.20127283755157674
-0.1994903992329325
-0.2784858899457114
-0.2177262476512364
-0.19163840896050846
-0.20917086116969585
-0.23359356288399016
-0.18411292960601194
-0.26692806982568335
-0.21664121893367597
-0.23512058226125582
-0.25185932219028473
-0.23141164545501983
-0.19572427522923266
-0.19999212159642152
-0.22165548907858984
-0.21122289262712002
-0.24383353016206197
-0.22329311019607953
-0.1928425319492817
-0.25989943955625805
-0.2689723755632128
-0.2090757324227265
-0.23351938543575151
-0.23120622416692121
-0.21204881902251924
-0.24493194690772466
-0.2577828935214451
-0.22619834781757422
-0.186394529151065
-0.24339795698012626
-0.18126345133142813
-0.2702226383345468
-0.21988654349531447
-0.2250441876905305
-0.26109509861895014
-0.2577169729130609
-0.24971314273508532
-0.20082713650273426
-0.20941410133881228
-0.2322156439934458
-0.23319646237151964
-0.2738629457141672
-0.24539824734841073
-0.2370812497933262
-0.22889782807656697
-0.28842434553163393
-0.2538033625377076
-0.2140409125547324
-0.25707476852195604
-0.22284203155764512
-0.2856713410999094
-0.27459354592221125
-0.18632505408355168
-0.28258122290883747
-0.29140702954360415
-0.22049064704749202
-0.2804977521300316
-0.23470115342310496
-0.2805783078074455
-0.22722006748829568
-0.28158533732805935
-0.24704623169132642
-0.19162839278578758
-0.24397347601396696
-0.2549235426953861
-0.24847510616694177
-0.26819487075720516
-0.22914154561502592
-0.2551031272326197
-0.24804030997412546
-0.2474889521087919
-0.18766044160085066
-0.2577027311282499
-0.3410148609961782
-0.24545082077383995
-0.24071594859872544
-0.24828595082674706
-0.20588500179084285
-0.16571323892899922
-0.28499693317072733
-0.24875781698418514
-0.2404505865914481
-0.17577937338501215
-0.2684183546475002
-0.21980014336960657
-0.1794733703136444
-0.2296414077281952
-0.2323707900941372
-0.22607354394027165
-0.22853884579879896
-0.26905434312564985
-0.33184730474437985
-0.21617531483726843
-0.26666409415858133
-0.21449400883700168
-0.26565042457410265
-0.2780142564858709
-0.2402109227010182
-0.25636214283960207
-0.22964328221444572
-0.18897677691919462
-0.2571234947868756
-0.25483387070042746
-0.25074239633977413
-0.21411271127206938
-0.1998627968132496
-0.2818103400724275
-0.24328884642039025
-0.20345464162528515
-0.2592685616442135
-0.1962267713887351
-0.2420646771788597
-0.21567336762590067
-0.22039960670684064
-0.20630652084946632
-0.2707849879349981
-0.20259047565715654
-0.2169955859426409
-0.2616405300796032
-0.24743433349898883
-0.2781923852328743
-0.19924327677914075
-0.21671572806579725
-0.20909773132630757
-0.2505811426256384
-0.30618978411491427
-0.2583414193774973
-0.310961017119033
-0.23961864624704635
-0.23073839037013905
-0.21337499682392394
-0.23296833304422243
-0.26371369883418083
-0.21919858595356345
-0.2746401232268129
-0.2577512644763504
-0.22213156042354448
-0.20162843593529292
-0.2061209034706865
-0.2435885268662657
-0.23496464719729765
-0.24507992209068366
-0.20103486441075802
-0.20249893622738974
-0.2415544901575361
-0.26733855583838056
-0.2283942811191082
-0.2231736718011754
-0.2468268078352724
-0.25328176628266064
-0.24990152567625046
-0.2852787769266537
-0.22815246587353094
-0.23406958792890822
-0.18877785972186498
-0.29912269541195463
-0.23692086086209332
-0.1791612489947251
-0.23762143083981105
-0.188310940350805
-0.23217366928500788
-0.28276839699330075
-0.20521863017763411
-0.20857780958924974
-0.20295818043606623
-0.30903505853244234
-0.19774679210968316
-0.2262468066598688
-0.2587818567241941
-0.24403274644698417
-0.22400360714112008
-0.2250826470553875
-0.1920877136123766
-0.2547113693186215
-0.19384646894676344
-0.23303125239908695
-0.2192978071314948
-0.2507596675838743
-0.21673030672328814
-0.19192313362977334
-0.18021895630019052
-0.24553808303815977
-0.2674198257071631
-0.26771880047661917
-0.2571307561759438
-0.22513134298580034
-0.23429558213268006
-0.24966221089873994
-0.2623124516436032
-0.2450815218367747
-0.2256179302930832
-0.22940526317272866
-0.29427458558763775
-0.2699115686118603
-0.2791895613606487
-0.23821844958833285
-0.176088918532644
-0.24947062666927064
-0.2472843804529735
-0.24084189401141234
-0.22151822117822512
-0.2179332018962928
-0.20760067978075572
-0.23497564505253518
-0.23076150247028895
-0.23690061111535346
-0.3117202967405319
-0.25427512052868095
-0.23441374887313163
-0.27831206790038515
-0.23546532541513443
-0.17967045360377856
-0.2779220922717026
-0.23541744106582232
-0.1783647867185729
-0.2272438651749066
-0.23145176576716558
-0.28665405937603544
-0.24428428496633256
-0.2795054167509079
-0.27219610129083904
-0.2247449556099517
-0.21994342229196004
-0.2321988950882639
-0.22815451079181262
-0.26619730570486616
-0.235228425690106
-0.24193660409322806
-0.24459719498242652
-0.21160762384533882
-0.18931057650063718
-0.23433516759957587
-0.2523208750145776
-0.22952719192419732
-0.2519511356949806
-0.2574853865163667
-0.28836893130625996
-0.22083934675902128
-0.21918402292898723
-0.29441455458956106
-0.2676420829125813
-0.2259399720600673
-0.220118394653712
-0.22308651943291938
-0.25312826516372816
-0.1979714035987854
-0.2288517068539347
-0.22080897752727782
-0.16127352602779865
-0.2640769960624831
-0.2083561279411827
-0.2001997200506074
-0.2522739853177752
-0.26381870412400793
-0.2115408144891262
-0.18066472027982985
-0.20307117221610888
-0.21543788710342987
-0.1798560262790748
-0.2399917138474328
-0.20967411728841917
-0.27599284585033146
-0.2513027148587363
-0.23079167199986322
-0.21091199400169508
-0.21627430671027728
-0.2590741238423756
-0.2636368496875678
-0.22299797327390738
-0.27840811014175415
-0.18050367810896464
-0.28202544152736664
-0.22028582277042524
-0.19336671914373124
-0.23178471039448464
-0.278056568599173
-0.3139559275337628
-0.22880435468895094
-0.23008558872554982
-0.2634931786784104
-0.222395729805742
-0.26048962080052923
-0.2446402103773185
-0.2119538470038346
-0.23414707859046757
-0.201786161799516
-0.23412393991436278
-0.2477454138653619
-0.3349883588297026
-0.24179789078022754
-0.24231546372175217
-0.232639342546463
-0.2448593048112733
-0.23405805176922254
-0.22583629829542978
-0.2413430336330618
-0.2614293694496155
-0.2612988256982395
-0.22011950532240526
-0.2724227468882288
-0.28554651300821987
-0.28352502627032145
-0.2391259872487613
-0.18805597855576447
-0.2706840570483889
-0.25273804779031445
-0.2117834644658225
-0.19093820399471692
-0.2874620971935136
-0.2367558894412858
-0.2570447570511273
-0.2956529415345618
-0.2580629757472447
-0.20943634531327657
-0.23710621653922967
-0.20880471555782215
-0.2508028474237238
-0.2193279234426362
-0.2885484280330794
-0.2503012003643172
-0.27117839695087503
-0.22127582225948572
-0.22546394169330597
-0.24366334612880433
-0.23704321735671588
-0.22537524412785256
-0.27113878913223743
-0.283056945673057
-0.19295546492295607
-0.2281977113868509
-0.23416233009525708
-0.3004548198410443
-0.2392465120979718
-0.19627213371651514
-0.24506947185311997
-0.2614306834127222
-0.17094965518585273
-0.25164096749254633
-0.22827519423195294
-0.2670157410736595
-0.22149008406060083
-0.21387490683368274
-0.2401783104453768
-0.23270071031791822
-0.18817261127488955
-0.26094264164566994
-0.18707197345793247
-0.2102180655513491
-0.27788853405841757
-0.19416857244712965
-0.2160687478525298
-0.19037373417190143
-0.24519337048488005
-0.2667348182627133
-0.2575592532354806
-0.24277718631284578
-0.22831443484340394
-0.26796251428978785
-0.2680210556302752
-0.2244726728115763
-0.2197416408785752
-0.24721633696130343
-0.2464469735111509
-0.261424044413226
-0.20945754673864161
-0.21318226573722704
-0.21263237031442778
-0.22801600928817475
-0.23672670684754848
-0.18768803110080107
-0.2522045783698559
-0.19169868103095464
-0.23043281584978104
-0.30627962946891785
-0.27489786595106125
-0.2127850316464901
-0.225140992552042
-0.24735703379181878
-0.2928484332348619
-0.2655496948531696
-0.2670038656464645
-0.26270031716142384
-0.25532886385917664
-0.20001705368382058
-0.2840521473969732
-0.2762605505330222
-0.23624490786875998
-0.19563025628615702
-0.24085572149072373
-0.2221652732363769
-0.26884334268314497
-0.2816868115748678
-0.2162094467452594
-0.2191921461905752
-0.19135153027517454
-0.32535397687128614
-0.23945501233850205
-0.2620567051427705
-0.24552613124251366
-0.24030171973364695
-0.2636643930205277
-0.2253390039716448
-0.35225902763860567
-0.2949658717427935
-0.18602628074586391
-0.17716193624905177
-0.22179596072861127
-0.20686242889080728
-0.25321125452007565
-0.26217559458953993
-0.19962209862257754
-0.23875398454921587
-0.2060649756874357
-0.24649381477917945
-0.2453749217092991
-0.26562185691935675
-0.22361035432134355
-0.2470477893948555
-0.2388906798192433
-0.25516704682792934
-0.26323967187532354
-0.21987592269267356
-0.24122122249432973
-0.2844555042684078
-0.27432921688471523
-0.2965690514871052
-0.2387459980590003
-0.22456031824861253
-0.2496615850499698
-0.20430996268987656
-0.23295267831001962
-0.2345665150455066
-0.23322109399097307
-0.217261954875929
-0.22294254547783307
-0.3047167036150183
-0.26360675373247694
-0.2244401467697961
-0.3185565450361797
-0.28885417750903536
-0.2916274613567761
-0.20988141412713698
-0.261644541152886
-0.27335771918296814
-0.311331216778074
-0.24433472326823644
-0.19293170581970895
-0.19489153075431073
-0.28389948500054224
-0.20273675137598599
-0.2399083636701107
-0.23792172170111112
-0.2534291371703148
-0.23958561542843068
-0.24836899553026473
-0.21704772327627456
-0.2597703305738313
-0.2892448880842754
-0.2197686337998935
-0.2144158935573484
-0.18487887337271655
-0.2309015654027462
-0.27800396936280386
-0.23326458105917222
-0.20361237387572015
-0.26487689345542875
-0.2211207743468029
-0.2521042339503765
-0.25891492888331413
-0.26850331228758606
-0.26409864824797424
-0.25735933440072195
-0.23361545561679772
-0.24777384022516863
-0.31714767270854544
-0.23018796795180865
-0.21871464912380492
-0.23687629854040487
-0.28146038736615864
-0.28744425092424664
-0.2708188827548708
-0.22763086868716137
-0.25541675622974125
-0.2766555813806398
-0.2345780645098005
-0.2929276462112154
-0.21876913921109267
-0.2501195328576224
-0.2611218696194036
-0.23423982624496734
-0.12294835583972079
-0.2595137943114553
-0.20661692853484834
-0.2604776431939432
-0.22103856291089738
-0.2204930324639593
-0.2571102976799011
-0.18159731051751546
-0.21889678521880082
-0.3158299656850951
-0.22748026917023317
-0.15611700740243709
-0.223809348951493
-0.20042496440666063
-0.2901670416550977
-0.2512254076344626
-0.28725389218223946
-0.23247763993484633
-0.25401128376168863
-0.27770447198833736
-0.23236033160771644
-0.29660001024603844
-0.22126224796686852
-0.23534136904137476
-0.24112287469740426
-0.24458872180964267
-0.23791529451097762
-0.237105238118342
-0.22384070498602732
-0.25344077071973253
-0.23422003430979593
-0.2822269084198134
-0.19488528157983506
-0.21510106937161513
-0.29226648062467575
-0.2555792672293527
-0.23576307403189795
-0.23820553892957314
-0.2734636874603374
-0.21646723187794642
-0.27748813586575644
-0.22232819348573685
-0.2336776317762477
-0.29420097917318344
-0.23465788577284133
-0.2593525765197618
-0.3029350052986826
-0.2693254718823092
-0.27796771483761923
-0.21618623765451567
-0.22078208279396808
-0.19705801510385104
-0.20103581196495465
-0.25606685717191013
-0.23761965986341238
-0.22015785465815238
-0.22417234123817512
-0.24542335181363992
-0.27154230592506273
-0.24064302976642335
-0.19934852261628425
-0.24680971992867334
-0.19685244344041816
-0.28602235737655846
-0.2503131641341107
-0.27104769753558294
-0.25901246283735546
-0.18044764176011086
-0.24160001373716763
-0.28573283765997204
-0.22608753719500133
-0.21405025332101754
-0.22777551572237695
-0.27003440420542446
-0.22202841618231364
-0.21261990163475275
-0.2328658244971718
-0.23550733923912048
-0.2552255615592003
-0.23306060475962503
-0.25587526096829344
-0.2039376204567296
-0.2705021758696863
-0.2596882725400584
-0.21191407021667277
-0.18148796153920038
-0.22243482672742435
-0.23655851478023188
-0.24448794898177897
-0.2649452287171568
-0.2592544262962682
-0.23314389426793372
-0.18021197617053986
-0.24534214261387075
-0.2823333059038435
-0.22813913425696747
-0.27505892142653465
-0.27487116440066267
-0.23532842791506223
-0.2628198665167604
-0.2744810549276216
-0.25448957591184546
-0.20475092849561147
-0.26974231829600676
-0.269165434475456
-0.2547630925795862
-0.2650348288672311
-0.2211899007005351
-0.19299105262117727
-0.2075084841677121
-0.2180139244134937
-0.23116218830857957
-0.18942797197295086
-0.23246095223086222
-0.2582963609269687
-0.2572844001863684
-0.2456653192639351
-0.2299183410193239
-0.27854271778570755
-0.23142615971820696
-0.3122516753418105
-0.23249759352100746
-0.24668922940535204
-0.28411297500133514
-0.23464747677956307
-0.2809465369209647
-0.3289201765188149
-0.22005200439265796
-0.20843526987092836
-0.19243640559060232
-0.2767386862209865
-0.28767321950622965
-0.2492444376860346
-0.1860773041844368
-0.2900696082838944
-0.2085196878761053
-0.2208662831357547
-0.31445170140692164
-0.2956850792480899
-0.1844398541642087
-0.2031089322907584
-0.2898344301751682
-0.25669956899115015
-0.2127800706241812
-0.2710103839635849
-0.2279795804726226
-0.22465522587299347
-0.25158953773123877
-0.21319952979683876
-0.21696573815175466
-0.21140885193433082
-0.2593564396458013
-0.21681867300399713
-0.2081422366734062
-0.24772839061915874
-0.271508127450943
-0.22146073143397058
-0.21539603040686675
-0.2799229126955782
-0.23612765754972184
-0.23047251972768987
-0.22334167387868678
-0.24347755579011782
-0.2866905555129051
-0.2631208524107933
-0.28910887241363525
-0.24045426584780216
-0.22496861219406128
-0.23611427417823247
-0.21876595222524234
-0.2687517117176737
-0.23139798215457372
-0.22434880158730916
-0.2958659199731691
-0.2210224914763655
-0.22913899485554015
-0.2732929305306503
-0.20919832214713097
-0.2432443414415632
-0.26056978957993643
-0.2717276725119778
-0.21827790141105652
-0.21165240449564798
-0.25067340955138206
-0.20661667614643062
-0.25789291730948855
-0.2214782695685114
-0.25061841681599617
-0.2599169678453888
-0.2858916239014694
-0.2515277692249843
-0.14242673479020596
-0.2192956508494847
-0.21272414510271379
-0.24675472133925982
-0.26357770817620413
-0.2303118192191635
-0.2699706682137081
-0.22414454658116614
-0.29447445433054653
-0.21478203258344106
-0.21210272290876933
-0.23017927525298937
-0.26709663069673945
-0.2428754424410207
-0.23710212989577226
-0.1579685296331133
-0.24520092563969748
-0.21309962602598326
-0.28243364500147955
-0.23653925103800638
-0.24341539506401336
-0.21636274237451808
-0.2461660070610898
-0.21265645325183868
-0.20608211867511272
-0.3443456353353603
-0.20257462933659554
-0.23061605808990343
-0.23069072727646148
-0.21850991169256823
-0.21249504946172237
-0.25998195886079756
-0.23401311252798354
