0.16537125408649445, 0.009232491254806519, 0.0732109323143959 
0.47974228858947754, 0.008973995223641396, 0.0957689955830574 
0.3920036256313324, 0.004541847854852676, 0.053421854972839355 
0.45891276001930237, 0.004033261444419622, 0.04929577186703682 
0.32409316301345825, 0.003500388003885746, 0.03168398141860962 
0.2505951225757599, 0.002997082192450762, 0.03814007341861725 
0.2434779703617096, 0.0022361245937645435, 0.031150121241807938 
0.24754181504249573, 0.002645039465278387, 0.03112150728702545 
0.2388993501663208, 0.0022510173730552197, 0.03152284771203995 
0.3087218701839447, 0.0014049330493435264, 0.01729697361588478 
0.28618764877319336, 0.0007456142921000719, 0.009444359689950943 
0.2672000527381897, 0.0012672953307628632, 0.017845837399363518 
0.2644200921058655, 1.3055622730462346e-05, 0.0008014683844521642 
0.2833280563354492, 1.0088201634061988e-05, 0.0001882110082078725 
0.23891419172286987, 0.0, 0.0 
0.26019486784935, 0.0, 0.0 
0.27998605370521545, 0.000786516466178, 0.006750087719410658 
0.2964109778404236, 0.0009421139839105308, 0.014519664458930492 
0.2996581196784973, 0.0005177346174605191, 0.0042916154488921165 
0.29734593629837036, 0.0005577694973908365, 0.007057183887809515 
0.3670225441455841, 4.775655497724074e-07, 5.2469244110397995e-05 
0.437834233045578, 4.2226912455589627e-07, 0.0 
0.47233375906944275, 1.3153007785149384e-05, 3.3478841942269355e-05 
0.4397260546684265, 8.6730629845988e-05, 4.387087392387912e-05 
0.4739536643028259, 9.23813131521456e-05, 0.0005437306826934218 
0.6973810791969299, 7.835273572709411e-05, 0.0005279989563859999 
0.638389527797699, 3.1039198802318424e-05, 1.047498153639026e-05 
0.6988489031791687, 0.0006128196837380528, 0.005323422607034445 
0.866560161113739, 0.0012574945576488972, 0.016799703240394592 
0.7359423637390137, 0.001385564566589892, 0.016743522137403488 
0.818503201007843, 0.0014234512345865369, 0.02524733915925026 
0.8497282862663269, 0.002055208198726177, 0.029462315142154694 
1.0969035625457764, 0.002541250316426158, 0.033748559653759 
1.2741327285766602, 0.0030316030606627464, 0.037841152399778366 
0.9754459261894226, 0.004039788618683815, 0.061724599450826645 
0.8700193166732788, 0.0058500985614955425, 0.06482191383838654 
1.1636768579483032, 0.009838039055466652, 0.09489104896783829 
1.0276397466659546, 0.011949093081057072, 0.18336516618728638 
1.0897966623306274, 0.019682325422763824, 0.20322977006435394 
1.3022547960281372, 0.02005818486213684, 0.26060742139816284 
1.3884685039520264, 0.022038083523511887, 0.34610113501548767 
1.6076656579971313, 0.027682777494192123, 0.43597227334976196 
1.488478422164917, 0.03104730136692524, 0.4186006784439087 
1.5638184547424316, 0.03336504101753235, 0.38997799158096313 
1.6276851892471313, 0.0252832043915987, 0.468723863363266 
1.294202208518982, 0.03327910602092743, 0.41562873125076294 
1.4039604663848877, 0.031739287078380585, 0.45785611867904663 
1.5792664289474487, 0.03631613403558731, 0.4934917986392975 
1.409224510192871, 0.035733677446842194, 0.6014131903648376 
1.4332141876220703, 0.03223048523068428, 0.4866876006126404 
1.5734695196151733, 0.03724522143602371, 0.3467612564563751 
1.1236563920974731, 0.037641942501068115, 0.6946622729301453 
1.186016321182251, 0.04329591989517212, 0.6436545848846436 
1.582606554031372, 0.04672262445092201, 0.5283949971199036 
1.3580130338668823, 0.044669102877378464, 0.47015780210494995 
1.64450204372406, 0.04470432177186012, 0.5147379636764526 
1.4657983779907227, 0.04246236011385918, 0.5005784034729004 
1.2796638011932373, 0.04239201173186302, 0.5653318166732788 
1.6593221426010132, 0.04708215221762657, 0.4690103530883789 
1.3305014371871948, 0.04603864997625351, 0.5432899594306946 
1.5341637134552002, 0.0447310134768486, 0.6289207935333252 
1.7114574909210205, 0.0422779843211174, 0.7086843252182007 
1.717246413230896, 0.05058462545275688, 0.6399013996124268 
1.673426866531372, 0.043218955397605896, 0.5104478597640991 
1.739179253578186, 0.04402190074324608, 0.5201277732849121 
1.8804346323013306, 0.048282183706760406, 0.6064807176589966 
1.8824290037155151, 0.048726074397563934, 0.7152830362319946 
1.9258188009262085, 0.0513436496257782, 0.6373633146286011 
1.8590031862258911, 0.05103185772895813, 0.607632577419281 
1.6607468128204346, 0.05064959079027176, 0.5812007784843445 
1.6844595670700073, 0.04825558885931969, 0.7018398642539978 
1.4476451873779297, 0.05670228973031044, 0.770578145980835 
1.434265375137329, 0.06597193330526352, 0.5434283018112183 
2.0919549465179443, 0.056221503764390945, 0.5236164331436157 
1.3145707845687866, 0.04909265413880348, 0.6804197430610657 
1.7128090858459473, 0.05015501379966736, 0.7715002298355103 
1.5441230535507202, 0.061483897268772125, 0.6246266961097717 
2.0658960342407227, 0.047233421355485916, 0.7803608775138855 
1.984437346458435, 0.057127319276332855, 0.6449607610702515 
2.040192127227783, 0.06071729212999344, 0.8099244832992554 
1.759007215499878, 0.058003854006528854, 0.6152000427246094 
2.115663766860962, 0.06060805544257164, 0.6870613098144531 
1.889614462852478, 0.06313364207744598, 0.7088308334350586 
2.6577062606811523, 0.06588772684335709, 0.9260935187339783 
2.424001693725586, 0.06171503663063049, 0.7535770535469055 
2.9793736934661865, 0.05831629037857056, 0.8581421375274658 
3.8945717811584473, 0.0637151375412941, 0.7239607572555542 
3.9459588527679443, 0.059592001140117645, 1.0046970844268799 
3.055997371673584, 0.07604388892650604, 0.9361541271209717 
4.447159767150879, 0.06573862582445145, 0.7575365900993347 
3.41231107711792, 0.07673218846321106, 0.8434353470802307 
2.995666980743408, 0.06731588393449783, 0.9218674898147583 
4.244868755340576, 0.06715162098407745, 1.0753235816955566 
3.080991506576538, 0.0612541064620018, 1.003800392150879 
3.3431780338287354, 0.06611931324005127, 0.9088459610939026 
5.298381805419922, 0.06960833072662354, 0.7118733525276184 
3.154921770095825, 0.06908248364925385, 0.7666284441947937 
4.115930557250977, 0.07324208319187164, 1.0598361492156982 
4.515340328216553, 0.07172922790050507, 0.985109806060791 
4.258811950683594, 0.06150437146425247, 0.9729687571525574 
4.350493431091309, 0.06839710474014282, 0.8899053931236267 
4.879665851593018, 0.07547267526388168, 1.0487509965896606 
4.071459770202637, 0.06889941543340683, 1.0167756080627441 
4.646550178527832, 0.07628808915615082, 1.0703363418579102 
5.149693965911865, 0.06435927003622055, 0.8764585852622986 
5.087769508361816, 0.08263539522886276, 0.9178199172019958 
5.025538444519043, 0.07684378325939178, 1.0347726345062256 
4.6243391036987305, 0.06773371249437332, 1.1316611766815186 
6.509119033813477, 0.06891077011823654, 0.9434583783149719 
5.281184196472168, 0.07890714704990387, 0.9286894798278809 
7.973664283752441, 0.08207933604717255, 0.9581670165061951 
5.782834053039551, 0.07719692587852478, 0.7857930064201355 
4.911896705627441, 0.07107863575220108, 1.1975661516189575 
4.548437118530273, 0.07851079851388931, 0.8707284331321716 
5.071550369262695, 0.07566242665052414, 1.0666438341140747 
5.263630390167236, 0.08009938895702362, 1.1767401695251465 
5.210566520690918, 0.08184508979320526, 0.9467750191688538 
5.760772228240967, 0.0757322683930397, 0.9295328259468079 
6.999330043792725, 0.08349350094795227, 1.177032709121704 
5.979794502258301, 0.0793023407459259, 0.9963726997375488 
6.7056803703308105, 0.08531946688890457, 1.0035769939422607 
7.2945556640625, 0.08720220625400543, 1.0870028734207153 
9.442766189575195, 0.07389254122972488, 1.298007607460022 
7.124527454376221, 0.08055934309959412, 0.9923001527786255 
7.407557964324951, 0.08830928057432175, 1.0243761539459229 
9.258570671081543, 0.08290774375200272, 1.130843997001648 
6.735069751739502, 0.07628819346427917, 1.1393365859985352 
10.056325912475586, 0.09159434586763382, 1.00741708278656 
6.594631195068359, 0.09527627378702164, 1.127949595451355 
8.426521301269531, 0.09028857946395874, 1.0831811428070068 
8.646659851074219, 0.08320781588554382, 1.1132593154907227 
7.9894609451293945, 0.10113099962472916, 1.0378530025482178 
7.4586896896362305, 0.08340438455343246, 1.155134916305542 
10.49295425415039, 0.09219565242528915, 1.176980972290039 
9.656774520874023, 0.08490820974111557, 1.2156236171722412 
8.170002937316895, 0.09907690435647964, 1.275923728942871 
9.430196762084961, 0.08944039046764374, 1.0344818830490112 
9.011423110961914, 0.09206343442201614, 1.132716178894043 
11.220865249633789, 0.08977716416120529, 1.2271733283996582 
15.609001159667969, 0.10552605241537094, 1.2145633697509766 
8.064908027648926, 0.0926833301782608, 1.181979775428772 
8.635722160339355, 0.0909583792090416, 1.1244597434997559 
11.975468635559082, 0.10526686161756516, 1.109674334526062 
12.323127746582031, 0.10084111243486404, 1.1096833944320679 
9.28680419921875, 0.09763539582490921, 1.152327060699463 
10.991866111755371, 0.08874097466468811, 1.3503143787384033 
10.73719310760498, 0.10041001439094543, 1.2013933658599854 
11.445549011230469, 0.0939682275056839, 1.2252213954925537 
12.40632152557373, 0.09858238697052002, 1.3321313858032227 
14.83059024810791, 0.10108477622270584, 1.2163869142532349 
11.8878812789917, 0.09416697174310684, 1.3095861673355103 
9.99879264831543, 0.0919089987874031, 1.2613956928253174 
9.372833251953125, 0.11138248443603516, 1.3883464336395264 
8.119051933288574, 0.09523048251867294, 1.4356658458709717 
9.824736595153809, 0.08529195934534073, 1.595441222190857 
9.20693588256836, 0.09690359979867935, 1.29391610622406 
10.965400695800781, 0.1097290962934494, 1.2465851306915283 
11.904377937316895, 0.0984797328710556, 1.1287000179290771 
17.247129440307617, 0.10857044160366058, 1.3847205638885498 
10.622776985168457, 0.10896244645118713, 1.1609545946121216 
20.940927505493164, 0.1037714034318924, 1.3515170812606812 
14.302061080932617, 0.10032331943511963, 1.303853988647461 
11.735565185546875, 0.10637519508600235, 1.4012717008590698 
8.306553840637207, 0.10332047194242477, 1.5294227600097656 
13.235204696655273, 0.11718036234378815, 1.3684723377227783 
11.088104248046875, 0.0947854220867157, 1.161749005317688 
13.365959167480469, 0.11883462965488434, 1.3473131656646729 
13.708780288696289, 0.1037755161523819, 1.4707468748092651 
15.13547420501709, 0.12194928526878357, 1.3773558139801025 
11.348092079162598, 0.10534324496984482, 1.4823038578033447 
13.598217964172363, 0.11333926767110825, 1.3611854314804077 
10.0909423828125, 0.1082640141248703, 1.2807177305221558 
10.836858749389648, 0.10462091118097305, 1.5052458047866821 
12.56845474243164, 0.11116725206375122, 1.300256609916687 
16.35759162902832, 0.10796768963336945, 1.306304693222046 
12.109384536743164, 0.09871384501457214, 1.5738154649734497 
13.171852111816406, 0.10225549340248108, 1.4421552419662476 
16.34183692932129, 0.09987751394510269, 1.471218466758728 
12.475285530090332, 0.10487648099660873, 1.4672009944915771 
16.220890045166016, 0.09958585351705551, 1.654638409614563 
12.181865692138672, 0.10185661911964417, 1.3512413501739502 
15.353400230407715, 0.1200888454914093, 1.4928730726242065 
17.27606964111328, 0.11068789660930634, 1.2021052837371826 
20.707569122314453, 0.12150601297616959, 1.3160454034805298 
11.295075416564941, 0.12124505639076233, 1.1541424989700317 
23.872594833374023, 0.10432906448841095, 1.2413491010665894 
12.216841697692871, 0.11584757268428802, 1.3263890743255615 
13.228599548339844, 0.10431557893753052, 1.3691956996917725 
15.992947578430176, 0.11442307382822037, 1.209898591041565 
13.281852722167969, 0.10967455059289932, 1.603981614112854 
16.63791275024414, 0.1118607446551323, 1.3312495946884155 
21.40106964111328, 0.11154716461896896, 1.3735636472702026 
21.986684799194336, 0.10844535380601883, 1.6672407388687134 
17.06492805480957, 0.09530751407146454, 1.7814669609069824 
16.787277221679688, 0.11800749599933624, 1.3944809436798096 
19.797351837158203, 0.12977126240730286, 1.2608954906463623 
29.60888671875, 0.12063971906900406, 1.5110892057418823 
13.49444580078125, 0.1240178719162941, 1.095353603363037 
16.51228904724121, 0.12048487365245819, 1.390371322631836 
20.728107452392578, 0.1139499843120575, 1.2889089584350586 
16.89714813232422, 0.10790036618709564, 1.4904361963272095 
15.268755912780762, 0.11855363100767136, 1.3523550033569336 
21.555133819580078, 0.13305127620697021, 1.4725149869918823 
18.68581199645996, 0.11928332597017288, 1.2511024475097656 
18.653640747070312, 0.12524038553237915, 1.4173057079315186 
24.976078033447266, 0.12202733755111694, 1.5811989307403564 
20.680828094482422, 0.1157500296831131, 1.3709180355072021 
15.887792587280273, 0.11183810979127884, 1.482750654220581 
20.5577335357666, 0.1238628551363945, 1.4709129333496094 
23.077762603759766, 0.13177192211151123, 1.4376094341278076 
17.285850524902344, 0.117325060069561, 1.4148608446121216 
34.954490661621094, 0.13659153878688812, 1.2708138227462769 
16.660816192626953, 0.1324986070394516, 1.0791727304458618 
17.93939208984375, 0.13703636825084686, 1.5102990865707397 
11.840831756591797, 0.11549274623394012, 1.333136796951294 
18.52008056640625, 0.12934376299381256, 1.5759586095809937 
15.294754981994629, 0.11161938309669495, 1.348036289215088 
26.621490478515625, 0.11614358425140381, 1.2788279056549072 
24.2832088470459, 0.14918479323387146, 1.2078624963760376 
22.375398635864258, 0.13561944663524628, 1.2129268646240234 
27.399137496948242, 0.133363276720047, 1.2671972513198853 
22.846843719482422, 0.11985284090042114, 1.0776270627975464 
22.01204490661621, 0.12625738978385925, 1.7760683298110962 
18.557647705078125, 0.1218051090836525, 1.187853455543518 
33.589717864990234, 0.12273101508617401, 1.4707342386245728 
27.15827751159668, 0.1453544944524765, 1.2274231910705566 
21.337642669677734, 0.13137999176979065, 1.623748540878296 
21.536605834960938, 0.14491534233093262, 1.1407463550567627 
18.478708267211914, 0.12481840699911118, 1.3560309410095215 
15.611313819885254, 0.12702752649784088, 1.5043147802352905 
18.762765884399414, 0.12462494522333145, 1.1002901792526245 
36.442779541015625, 0.14176850020885468, 1.133409857749939 
15.452024459838867, 0.13559149205684662, 1.4079344272613525 
18.870609283447266, 0.132263645529747, 1.236580491065979 
24.74891471862793, 0.13142627477645874, 0.9482846856117249 
19.087099075317383, 0.12795260548591614, 1.3514487743377686 
26.20853042602539, 0.15329672396183014, 1.2704185247421265 
18.32323455810547, 0.12619005143642426, 1.3225663900375366 
35.332279205322266, 0.14076833426952362, 1.5424202680587769 
21.755897521972656, 0.13877220451831818, 1.6005069017410278 
19.055818557739258, 0.1353890299797058, 1.172385334968567 
20.615083694458008, 0.12881247699260712, 1.3113839626312256 
25.27831268310547, 0.16134047508239746, 1.3937619924545288 
21.919795989990234, 0.14173848927021027, 1.2478978633880615 
21.730146408081055, 0.1471615880727768, 1.4630651473999023 
21.701629638671875, 0.14900417625904083, 1.4999983310699463 
28.8915958404541, 0.1455959528684616, 1.430457353591919 
24.03240394592285, 0.1540839523077011, 1.2220479249954224 
30.926513671875, 0.1493542343378067, 0.9518615007400513 
23.18916893005371, 0.13317111134529114, 1.6884273290634155 
21.603036880493164, 0.1343623399734497, 1.1790379285812378 
25.316320419311523, 0.14591507613658905, 1.3619731664657593 
22.734561920166016, 0.1598164141178131, 1.2257195711135864 
29.171615600585938, 0.1360863596200943, 1.2856117486953735 
48.0980224609375, 0.1289929896593094, 1.3009377717971802 
21.981271743774414, 0.13633650541305542, 1.2382848262786865 
21.750810623168945, 0.14465351402759552, 1.3034160137176514 
31.76795768737793, 0.17218394577503204, 1.2246121168136597 
19.92127799987793, 0.13742399215698242, 1.3451870679855347 
19.105127334594727, 0.14817030727863312, 1.5821565389633179 
31.417715072631836, 0.14768782258033752, 1.0766575336456299 
28.122718811035156, 0.1434323489665985, 1.07636296749115 
26.96220588684082, 0.13804230093955994, 1.6729267835617065 
24.692855834960938, 0.15297831594944, 1.4118555784225464 
36.09238815307617, 0.14165349304676056, 1.1632418632507324 
17.62860679626465, 0.14377440512180328, 1.0380783081054688 
21.63824462890625, 0.15297038853168488, 1.4990854263305664 
61.0562744140625, 0.1521327793598175, 1.4581700563430786 
22.685596466064453, 0.1546526849269867, 1.1289743185043335 
24.968204498291016, 0.16003349423408508, 1.46006178855896 
39.552818298339844, 0.14443881809711456, 1.276788353919983 
28.801748275756836, 0.1392676681280136, 1.584639549255371 
21.066591262817383, 0.1510707139968872, 1.1729692220687866 
28.649137496948242, 0.15186679363250732, 1.4291619062423706 
21.781700134277344, 0.1605200618505478, 1.7091313600540161 
24.605316162109375, 0.16439758241176605, 0.9048838019371033 
23.98796272277832, 0.15358620882034302, 1.1821353435516357 
22.181232452392578, 0.162502259016037, 0.8642472624778748 
21.484731674194336, 0.15590587258338928, 1.4506281614303589 
31.182069778442383, 0.1483071744441986, 1.6609352827072144 
34.34201431274414, 0.16064588725566864, 1.1898729801177979 
25.462291717529297, 0.15433718264102936, 1.2490754127502441 
21.819320678710938, 0.14058004319667816, 1.2376350164413452 
40.202266693115234, 0.14866451919078827, 1.393589973449707 
16.614423751831055, 0.15270844101905823, 1.3634719848632812 
24.987478256225586, 0.1606902778148651, 1.102971076965332 
20.514848709106445, 0.14612902700901031, 1.8160463571548462 
32.70477294921875, 0.1554584950208664, 1.25718092918396 
31.711278915405273, 0.14967364072799683, 1.2257403135299683 
23.994752883911133, 0.15949513018131256, 1.1277543306350708 
23.18619155883789, 0.15067169070243835, 1.4280340671539307 
29.081787109375, 0.15510734915733337, 1.2572137117385864 
27.03803825378418, 0.14347298443317413, 1.3158656358718872 
26.11787986755371, 0.1606123000383377, 1.255812644958496 
29.544462203979492, 0.15003998577594757, 1.4207957983016968 
24.602331161499023, 0.14885671436786652, 1.4780118465423584 
27.591148376464844, 0.1541510969400406, 1.2961567640304565 
27.33978271484375, 0.16409404575824738, 0.9204757809638977 
27.360389709472656, 0.17334826290607452, 1.286134958267212 
32.028343200683594, 0.14909778535366058, 1.044522762298584 
27.768299102783203, 0.1639399379491806, 0.9287049174308777 
51.88324737548828, 0.15829245746135712, 1.5027997493743896 
24.327442169189453, 0.157182514667511, 1.3257783651351929 
29.348772048950195, 0.16659273207187653, 1.0451464653015137 
27.721206665039062, 0.16896817088127136, 1.1895264387130737 
25.173221588134766, 0.1588318794965744, 1.0552558898925781 
31.335479736328125, 0.1417386382818222, 1.356425166130066 
25.63844871520996, 0.15443383157253265, 1.153623342514038 
30.446557998657227, 0.15812894701957703, 1.5124298334121704 
29.506072998046875, 0.1410369724035263, 1.1291053295135498 
32.44485092163086, 0.16289450228214264, 1.4484082460403442 
37.07204818725586, 0.17511050403118134, 1.4207134246826172 
24.77903175354004, 0.15212644636631012, 1.3329825401306152 
37.5108528137207, 0.16718792915344238, 0.980558454990387 
27.0332088470459, 0.16435138881206512, 1.2150821685791016 
41.86272048950195, 0.1670217514038086, 1.179548978805542 
22.649009704589844, 0.17840297520160675, 0.7135679721832275 
30.01658058166504, 0.15716552734375, 1.1668791770935059 
43.097557067871094, 0.1466587781906128, 1.4479482173919678 
41.76416778564453, 0.19374382495880127, 1.0304704904556274 
29.307405471801758, 0.15454882383346558, 1.1577680110931396 
32.567134857177734, 0.17617863416671753, 1.2053486108779907 
36.67486572265625, 0.15300726890563965, 1.4226778745651245 
27.36496925354004, 0.16886752843856812, 0.7573685050010681 
38.72890853881836, 0.18900911509990692, 1.061942219734192 
40.34898376464844, 0.18496909737586975, 0.9807058572769165 
37.149383544921875, 0.17135915160179138, 1.0026211738586426 
24.913347244262695, 0.17047548294067383, 1.0602095127105713 
28.63987922668457, 0.1634574979543686, 1.3047442436218262 
47.20195770263672, 0.1983954757452011, 1.2429659366607666 
34.98094940185547, 0.16800524294376373, 1.189997911453247 
27.482473373413086, 0.15058839321136475, 1.6756929159164429 
30.168575286865234, 0.16540095210075378, 1.1766821146011353 
27.25542449951172, 0.16842661798000336, 1.0324801206588745 
33.56294250488281, 0.18702168762683868, 1.4420109987258911 
24.341638565063477, 0.17326384782791138, 1.2780098915100098 
24.72933006286621, 0.15624618530273438, 1.3040406703948975 
34.799564361572266, 0.1727181077003479, 0.958418071269989 
38.295597076416016, 0.18108007311820984, 1.2673618793487549 
46.667510986328125, 0.18147751688957214, 1.0108025074005127 
33.366580963134766, 0.1801057606935501, 1.0726250410079956 
33.24247360229492, 0.18156063556671143, 1.4947659969329834 
32.88193130493164, 0.17066748440265656, 1.0386947393417358 
27.47027015686035, 0.16737383604049683, 0.8729968667030334 
37.53737258911133, 0.1776919960975647, 1.0949275493621826 
33.703041076660156, 0.14926227927207947, 1.3641027212142944 
26.26310920715332, 0.16617251932621002, 1.088005542755127 
38.19031524658203, 0.17469294369220734, 1.1471102237701416 
33.82499313354492, 0.14276713132858276, 1.6252806186676025 
23.181644439697266, 0.15305611491203308, 1.1997520923614502 
24.634117126464844, 0.18482615053653717, 1.270456314086914 
34.72989273071289, 0.17929032444953918, 1.3558332920074463 
44.68659973144531, 0.18291164934635162, 0.7170892953872681 
22.922487258911133, 0.1818605661392212, 1.0422682762145996 
39.304954528808594, 0.19209931790828705, 0.8849064111709595 
35.492679595947266, 0.17292562127113342, 1.0680588483810425 
36.85169219970703, 0.17837296426296234, 1.168907642364502 
38.297935485839844, 0.1796942949295044, 0.8633983731269836 
36.36398696899414, 0.16575531661510468, 1.3940649032592773 
48.847434997558594, 0.17672127485275269, 1.0675345659255981 
36.79665756225586, 0.19122113287448883, 0.9686251282691956 
25.915864944458008, 0.15800900757312775, 1.1788817644119263 
50.905303955078125, 0.19140611588954926, 1.6808712482452393 
29.71718406677246, 0.186103954911232, 0.9093062281608582 
36.83238983154297, 0.18094004690647125, 1.0928970575332642 
31.4169864654541, 0.1668521910905838, 1.2897804975509644 
59.139041900634766, 0.1882307231426239, 0.947266161441803 
41.395809173583984, 0.17730160057544708, 0.9146661758422852 
21.075843811035156, 0.17421826720237732, 1.314873218536377 
26.694738388061523, 0.18996451795101166, 1.1545354127883911 
27.669597625732422, 0.17515885829925537, 1.3225425481796265 
34.67769241333008, 0.2002435177564621, 0.977475643157959 
26.091983795166016, 0.18927572667598724, 0.9586533904075623 
40.5385856628418, 0.18161597847938538, 0.9206666946411133 
36.435184478759766, 0.1974807232618332, 0.8646109700202942 
35.29692840576172, 0.20632579922676086, 0.9632141590118408 
29.476240158081055, 0.1803710162639618, 1.0429408550262451 
30.29094886779785, 0.19644609093666077, 0.9907981157302856 
57.44794464111328, 0.2028958648443222, 0.7440180778503418 
32.19614791870117, 0.17643281817436218, 1.1532143354415894 
32.29887008666992, 0.19521495699882507, 0.792917013168335 
28.007064819335938, 0.17365936934947968, 1.2250562906265259 
37.14197540283203, 0.19792553782463074, 1.5935605764389038 
27.94934844970703, 0.20344388484954834, 1.2287299633026123 
48.356361389160156, 0.184865802526474, 1.289547324180603 
44.25001525878906, 0.20386527478694916, 1.061657190322876 
26.383695602416992, 0.19106364250183105, 0.9824893474578857 
35.844539642333984, 0.20157639682292938, 1.2777934074401855 
33.75397872924805, 0.19002747535705566, 1.2036075592041016 
30.588552474975586, 0.18040673434734344, 1.2503364086151123 
34.4068489074707, 0.2007320523262024, 1.0021719932556152 
40.17030334472656, 0.1907779574394226, 0.9116957187652588 
39.98091506958008, 0.19957105815410614, 0.8400898575782776 
29.427642822265625, 0.19042198359966278, 0.9752181172370911 
45.1956787109375, 0.18684075772762299, 0.9792562127113342 
33.049407958984375, 0.18408586084842682, 1.3072893619537354 
43.95235061645508, 0.20786918699741364, 1.0953218936920166 
29.64864158630371, 0.18544647097587585, 1.0137745141983032 
33.23085021972656, 0.19194835424423218, 1.0396928787231445 
45.22109603881836, 0.2204684019088745, 1.1596004962921143 
