0.4994234649754973
0.5046122801960219
0.5063418852695302
0.5028826751225137
0.49769385990198906
0.4981262611703661
0.5021620063418852
0.4994234649754973
0.5051888152205246
0.49668492360910926
0.502738541366388
0.5011530700490054
0.5015854713173825
0.5020178725857596
0.5106658979533006
0.49668492360910926
0.5086480253675411
0.505044681464399
0.5018737388296339
0.4933698472182185
0.49654078985298356
0.4991351974632459
0.4998558662438743
0.5061977515134044
0.5079273565869127
0.4969731911213606
0.4899106370712021
0.5033150763908908
0.4989910637071202
0.5030268088786394
0.5021620063418852
0.505477082732776
0.4998558662438743
0.49120784087633323
0.5072066878062842
0.5085038916114154
0.5072066878062842
0.5015854713173825
0.4935139809743442
0.4982703949264918
0.5116748342461804
0.5172960507350821
0.5207552608820986
0.5327183626405304
0.5227731334678581
0.5325742288844048
0.5308446238108965
0.5307004900547708
0.5317094263476506
0.5423753243009513
0.5544825598155088
0.556212164889017
0.5523205534736235
0.5616892476217931
0.5634188526953012
0.5608244450850389
0.5648601902565581
0.5697607379648314
0.5673104641106947
0.5707696742577112
0.5737964831363506
0.5704814067454598
0.5810031709426348
0.5616892476217931
0.5730758143557221
0.5720668780628423
0.5713462092822139
0.578120495820121
0.5761026232343615
0.577255693283367
0.5864802536754108
0.5723551455750937
0.5835975785528971
0.5788411646007495
0.5892187950417987
0.5817238397232631
0.5833093110406458
0.5847506486019025
0.5910925338714327
0.5946958777745748
0.5864802536754108
0.5883539925050447
0.5946958777745748
0.5951282790429518
0.596425482848083
0.5887863937734218
0.588209858748919
0.5990198904583454
0.588209858748919
0.6055059094840012
0.5954165465552033
0.596425482848083
0.5879215912366677
0.6036321706543673
0.5946958777745748
0.6027673681176131
0.6062265782646296
0.5982992216777169
0.5933986739694437
0.5883539925050447
0.6092533871432689
0.5952724127990775
0.60420870567887
0.602334966849236
0.6049293744594985
0.6200634188526953
0.6091092533871433
0.5935428077255693
0.609685788411646
0.5975785528970885
0.6017584318247333
0.6075237820697608
0.6013260305563563
0.612424329778034
0.607379648313635
0.6034880368982416
0.6095416546555203
0.604641106947247
0.6226578264629576
0.6117036609974056
0.6177572787546843
0.6210723551455751
0.6168924762179302
0.6141539348515422
0.6068031132891323
0.6249639665609685
0.6135773998270395
0.617036609974056
0.6193427500720668
0.6264053041222254
0.6206399538771981
0.6199192850965696
0.6190544825598155
0.61790141251081
0.6268377053906025
0.6204958201210724
0.6125684635341597
0.625684635341597
0.6317382530988758
0.6308734505621216
0.6501873738829634
0.6491784375900836
0.6398097434419141
0.652205246468723
0.6506197751513404
0.6625828769097722
0.6614298068607668
0.6552320553473624
0.6653214182761603
0.6599884692995099
0.6584029979821274
0.6615739406168925
0.6625828769097722
0.6644566157394062
0.6523493802248487
0.6754107812049582
0.6731046411069472
0.6565292591524935
0.6496108388584606
0.6749783799365812
0.6680599596425483
0.6664744883251658
0.6602767368117614
0.6589795330066301
0.6843470740847506
0.668636494667051
0.6784375900835976
0.6816085327183626
0.6767079850100893
0.679590660132603
0.679158258864226
0.667771692130297
0.6790141251081003
0.6855001441337562
0.6840588065724993
0.6922744306716633
0.6769962525223407
0.7029403286249639
0.6853560103776304
0.6991928509656962
0.682329201498991
0.6906889593542808
0.6751225136927068
0.6908330931104064
0.681896800230614
0.6937157682329201
0.6840588065724993
0.691986163159412
0.6793023926203516
0.6953012395503027
0.6850677428653791
0.6853560103776304
0.6911213606226578
0.6850677428653791
0.6853560103776304
0.7014989910637072
0.6970308446238109
0.6882386855001441
0.7007783222830787
0.6937157682329201
0.7087056788699914
0.6908330931104064
0.7189391755549149
0.7004900547708274
0.7058230037474776
0.7063995387719804
0.7075526088209859
0.6964543095993082
0.7058230037474776
0.7036609974055924
0.6938599019890458
0.7094263476506197
0.7205246468722974
0.7131738253098876
0.6977515134044393
0.711155952724128
0.7045257999423465
0.7032285961372153
0.7040933986739695
0.7098587489189968
0.7019313923320841
0.70841741135774
0.7104352839434995
0.710723551455751
0.7029403286249639
0.7069760737964831
0.7097146151628712
0.7174978379936581
0.7133179590660133
0.714326895358893
0.7251369270683194
0.7179302392620351
0.7242721245315653
0.7198039780916691
0.7156240991640243
0.7196598443355434
0.7131738253098876
0.7115883539925051
0.7146151628711445
0.7186509080426636
0.7085615451138657
0.7293168059959643
0.7186509080426636
0.7074084750648602
0.7141827616027674
0.7218218506774287
0.716200634188527
0.7095704814067455
0.7160565004324013
0.7323436148746036
0.7153358316517728
0.7185067742865379
0.7212453156529259
0.7369558950706255
0.733064283655232
0.7249927933121937
0.7303257422888441
0.7333525511674834
0.740847506486019
0.7134620928221389
0.7229749207264341
0.7242721245315653
0.7136062265782647
0.729893341020467
0.7203805131161718
0.7232631882386855
0.7182185067742866
0.7222542519458057
0.7371000288267512
0.7383972326318824
0.7347938887287403
0.7310464110694724
0.7310464110694724
0.7443067166330355
0.7430095128279043
0.7294609397520899
0.7359469587777457
0.759152493513981
0.7300374747765926
0.7463245892187951
0.7336408186797347
0.7300374747765926
0.7431536465840299
0.7489189968290574
0.7342173537042376
0.7383972326318824
0.7310464110694724
0.7319112136062266
0.7525223407321995
0.7379648313635053
0.7474776592678005
0.7510810031709426
0.7316229460939752
0.7272989334102047
0.7471893917555491
0.7520899394638224
0.7391179014125108
0.7530988757567022
0.7334966849236091
0.7373882963390026
0.7448832516575382
0.7369558950706255
0.7339290861919862
0.7480541942923032
0.7451715191697895
0.7424329778034016
0.7505044681464399
0.7469011242432978
0.7394061689247622
0.7494955318535601
0.7530988757567022
0.7489189968290574
0.7386855001441338
0.7476217930239262
0.7477659267800519
0.7500720668780628
0.7539636782934563
0.764629576246757
0.7587200922456039
0.7578552897088499
0.7554050158547132
0.7523782069760738
0.7407033727298934
0.7510810031709426
0.7616027673681176
0.745892187950418
0.7598731622946094
0.7670798501008936
0.7604496973191122
0.7670798501008936
0.7542519458057076
0.7620351686364947
0.7569904871720957
0.751369270683194
0.7545402133179591
0.7530988757567022
0.761891034880369
0.7592966272701066
0.7588642260017296
0.7617469011242433
0.7594407610262324
0.7708273277601614
0.7667915825886422
0.7582876909772268
0.7660709138080138
0.7633323724416259
0.7641971749783799
0.7706831940040357
0.7636206399538772
0.7543960795618334
0.7590083597578553
0.7545402133179591
0.7667915825886422
0.7585759584894782
0.7497837993658115
0.7496396656096858
0.7613144998558662
0.7441625828769097
0.7654943787835111
0.7747189391755549
0.7706831940040357
0.764629576246757
0.7670798501008936
0.749063130585183
0.7644854424906313
0.7611703660997405
0.7719803978091669
0.7695301239550303
0.7590083597578553
0.7820697607379649
0.7617469011242433
0.7660709138080138
0.7656385125396368
0.7676563851253964
0.7787546843470741
0.7757278754684347
0.7745748054194292
0.7568463534159701
0.7621793023926203
0.7807725569328337
0.7594407610262324
0.761891034880369
0.770106658979533
0.7767368117613145
0.7582876909772268
0.7790429518593255
0.7670798501008936
0.767800518881522
0.7699625252234074
0.7735658691265495
0.7734217353704238
0.7613144998558662
0.7768809455174401
0.7631882386855001
0.7686653214182761
0.7405592389737676
0.7761602767368118
0.7640530412222543
0.783799365811473
0.7738541366388008
