7.76570351421833
2.4363701790571213
2.3159398436546326
2.3056295961141586
2.304423004388809
2.29155395925045
2.275902345776558
2.2628214955329895
2.25298835337162
2.243609383702278
2.226144939661026
2.2118646800518036
2.2033402621746063
2.1946208775043488
2.185164988040924
2.182429075241089
2.1732029169797897
2.1657842844724655
2.1636018455028534
2.158553585410118
2.1537464410066605
2.150945395231247
2.1502050906419754
2.1414417177438736
2.1333312690258026
2.134652726352215
2.1266623586416245
2.1192732751369476
2.1186259388923645
2.1111370027065277
2.1113552898168564
2.107049934566021
2.100399725139141
2.1031934171915054
2.096629485487938
2.0907988101243973
2.088221989572048
2.0872179195284843
2.077131934463978
2.0810229182243347
2.074320636689663
2.0738522559404373
2.0677500143647194
2.0730613321065903
2.065174400806427
2.065808705985546
2.061107814311981
2.0535901114344597
2.0526752546429634
2.0478916987776756
2.048292212188244
2.0431770607829094
2.041459769010544
2.0404635071754456
2.0461774691939354
2.033316344022751
2.032056115567684
2.0320081934332848
2.027790419757366
2.0217388421297073
2.0177277103066444
2.011505775153637
2.0210215598344803
2.0250652879476547
2.0105125308036804
2.009551800787449
2.014184884727001
2.010387420654297
2.012180559337139
1.9942293763160706
1.9947692900896072
1.996494174003601
1.986631602048874
1.9895451068878174
1.986656241118908
1.9834167808294296
1.9877092391252518
1.9764873906970024
1.977348580956459
1.9812187999486923
1.9936122819781303
1.9700265973806381
1.9684760719537735
1.9683719277381897
1.9649568274617195
1.9666327983140945
1.966171644628048
1.9572953209280968
1.9613778069615364
1.9604110419750214
1.9571808874607086
1.9639990031719208
1.9696369543671608
1.945330187678337
1.9511161297559738
1.9640189781785011
1.9579888060688972
1.9438985660672188
1.9498497545719147
1.9405287355184555
1.9314004853367805
1.9285991713404655
1.9266088902950287
1.9270811304450035
1.9319268688559532
1.9216673374176025
1.9277601167559624
1.9506234973669052
1.9281829074025154
1.9368697926402092
1.9221827685832977
1.940971478819847
1.927074745297432
1.9123417660593987
1.914943516254425
1.9186181724071503
1.9156361743807793
1.914521761238575
1.9055950045585632
1.9080850556492805
1.8965831696987152
1.8966891095042229
1.9118513837456703
1.9081034511327744
1.9039503335952759
1.8914465233683586
1.8920315653085709
1.8970158845186234
1.888728767633438
1.886033020913601
1.8810436204075813
1.8875891715288162
1.8847682178020477
1.8786924704909325
1.87650815397501
1.888479933142662
1.8894331529736519
1.8851397410035133
1.8721319362521172
1.8745021671056747
1.8706066757440567
1.8686815425753593
1.8668093532323837
1.8720130771398544
1.8651199489831924
1.877538114786148
1.8761789873242378
1.8649891391396523
1.8614686354994774
1.8694183006882668
1.8598706722259521
1.8614038899540901
1.86176348477602
1.8569678589701653
1.8498013243079185
1.85126394033432
1.8585341349244118
1.8698987662792206
1.8660490289330482
1.843896046280861
1.8457169011235237
1.863185666501522
1.8498049825429916
1.8553708866238594
1.8469920083880424
1.838400162756443
1.8320170640945435
1.8482744842767715
1.8444023504853249
1.8365519866347313
1.826288715004921
1.8406097814440727
1.8291712775826454
1.8421536460518837
1.8438277319073677
1.826317548751831
1.8257094025611877
1.8292018994688988
1.8238883689045906
1.827314369380474
1.8273197039961815
1.820506401360035
1.8158373907208443
1.8127318695187569
1.822575993835926
1.8348328471183777
1.8148500844836235
1.8167469054460526
1.818427413702011
1.817016951739788
1.8191026747226715
1.8062589541077614
1.8095980808138847
1.8085618615150452
1.8069706037640572
1.8243816494941711
1.8260692805051804
1.8098471388220787
1.8038151189684868
1.808629184961319
