2.194685059547424
1.8360075359344483
1.574914511680603
1.400490297794342
1.367221568107605
1.2528450303077698
1.1791387395858766
1.1399478394985199
1.073784940481186
1.0546061956882478
0.9889234890937805
1.0123944401741027
0.9743737251758575
0.8939378600120544
0.8668249428272248
0.8263426531553268
0.8260524451732636
0.8219855089187622
0.75003584420681
0.7697849045991898
0.7385364574193954
0.703026473402977
0.7901318473815918
0.7155271054506301
0.7239451330900192
0.6997469799518585
0.6769333875179291
0.6750487032532692
0.6466703389883042
0.6152536036968231
0.6017157874107361
0.6554791651964188
0.5669763229489326
0.6192351018190384
0.5596103761196136
0.5623251833319663
0.5420624667406082
0.5877300346493721
0.5661813320368528
0.5700593446493148
0.5284956479072571
0.5198204449117184
0.5523530268073082
0.49528592139482497
0.5424463867247105
0.48478093069791794
0.5436078142821789
0.5005017674863338
0.48088587856292725
0.4803297625184059
0.4780637864023447
0.4255710714161396
0.4441774100065231
0.4371306278705597
0.49691394159197805
0.4139424999654293
0.4182616919875145
0.43981298081576825
0.39540541234612464
0.4355462750941515
0.5137161644101143
0.4266722545102239
0.4169321705102921
0.41911685329675674
0.3579052333831787
0.3772505216002464
0.4762557522058487
0.3793423318788409
0.42961569827795026
0.39141998168826103
0.3599972193837166
0.37315905654430387
0.35072521325945855
0.3905463557764888
0.3773340806365013
0.3402080978453159
0.35792497733980416
0.32238471166789534
0.349344688154757
0.33231070220470427
0.3133751175254583
0.351489552795887
0.42587640120834114
0.3568241432905197
0.2815277713984251
0.3178064521700144
0.2929672169238329
0.3461181536465883
0.3384555109590292
0.3336953015178442
0.2859700329750776
0.300935008469969
0.28194275113940237
0.3363075639158487
0.3143693366348743
0.2652576038017869
0.28063370747864247
0.25357943207770584
0.32820347771048547
0.33681223608925936
0.2801780755892396
0.26522991655766964
0.29356250031664965
0.2423698584884405
0.25361580404639245
0.31034684950113295
0.25312212570756676
0.33473257571831344
0.26304182735830545
0.23711851221323013
0.23164825983718038
0.2305667417794466
0.21870269825309516
0.20344818579778076
0.20645542515814305
0.22180811588093638
0.2577130107879639
0.22627515294775366
0.24779866598919034
0.3880509986579418
0.3179494148809463
0.38541261867433785
0.20717578871548176
0.19816954597458245
0.19181477969512342
0.1973856165893376
0.16829985306225717
0.27958244502544405
0.2728791766688228
0.22582538773119448
0.2747674560584128
0.2645056874677539
0.17219620628654958
0.2037202603891492
0.5230297462642193
0.24937563690822573
0.22749015283584595
0.15319682684727012
0.1550991016086191
0.23285727585852145
0.22208067082241179
0.151825684488751
0.19351948572788388
0.28624629595689477
0.17147219507582487
0.1784842363540083
0.17264708758611233
0.17686614671535789
0.1994349630046636
0.20886859337554778
0.16743180661648513
0.19987859178800135
0.2820228098314255
0.2513481699479744
0.16500975859165193
0.26721887683682144
0.15484265082748608
0.15249172892048954
0.14717718702834098
0.1531062764460221
0.18297621027193964
0.21975817040354012
0.25020553786307576
0.20111284522525966
0.14421299733780324
0.14869998724758626
0.1436174112930894
0.18375851735286414
0.23409512134082616
0.12213637176156043
0.20233238281682134
0.23222937569092028
0.2214282590970397
0.14404845765139906
0.29636373713146896
0.2010560103598982
0.13810644774138928
0.15281701379828155
0.15561036759335548
0.22199701975565403
0.12636853827163577
0.12548800581414252
0.20170563268754632
0.1220661088898778
0.17278503796365113
0.10817551547009498
0.14218105135299267
0.15557765371166168
0.15626453335303814
0.12717816509865223
0.13654791692027357
0.20686647611204534
0.1559266571579501
0.1718472035843879
0.2618695922298357
0.2129271923992783
0.17374380938056858
0.11591009174287319
0.16996898909378796
0.1073381624436006
