0.39946794509887695, 0.00039695922168903053, 0.056771475821733475 
0.586035430431366, 0.0005161040462553501, 0.06033922731876373 
0.4228321313858032, 0.0003112144477199763, 0.05125332623720169 
0.665155291557312, 0.00010112104791915044, 0.03173058107495308 
0.5840796232223511, 1.4610609468945768e-05, 0.008836332708597183 
0.8754913210868835, 7.334146516768669e-07, 0.0068471478298306465 
0.7201058864593506, 1.9256754058005754e-07, 0.008118265308439732 
0.47848156094551086, 2.1720516940604284e-07, 0.003728501731529832 
0.4482850134372711, 1.6349739553334075e-06, 0.00232619303278625 
0.4227297306060791, 3.454881834841217e-06, 0.0020820293575525284 
0.5863001942634583, 0.0, 0.0 
0.9652535915374756, 0.0, 0.0 
0.4885025918483734, 2.1563199936736055e-07, 0.0002472627384122461 
0.40867966413497925, 2.346055225643795e-05, 0.015877459198236465 
0.41873079538345337, 3.2257750717690215e-05, 0.01298792939633131 
0.2610345482826233, 5.418597720563412e-05, 0.017247280105948448 
0.22415991127490997, 1.9197412257199176e-05, 0.01610945351421833 
0.5701578259468079, 1.6057441825978458e-05, 0.010796116665005684 
0.42903319001197815, 1.883355616882909e-05, 0.013623284175992012 
0.36241909861564636, 1.1739955880329944e-05, 0.010107518173754215 
0.210434228181839, 9.348371349915396e-06, 0.010237637907266617 
0.32326433062553406, 5.581804998655571e-06, 0.008069368079304695 
0.29783523082733154, 6.047333499736851e-06, 0.005311331711709499 
0.19919614493846893, 6.16746501691523e-06, 0.007785364985466003 
0.19463570415973663, 3.7773468193336157e-06, 0.0036297491751611233 
0.26975786685943604, 6.672410563623998e-06, 0.009787513874471188 
0.17052878439426422, 8.993366463982966e-06, 0.009749727323651314 
0.38285255432128906, 5.521562798094237e-06, 0.008183415979146957 
0.23925243318080902, 6.425299488910241e-06, 0.007587078958749771 
0.26164960861206055, 4.179647476121318e-06, 0.008114371448755264 
0.6081638336181641, 5.276725914882263e-06, 0.007611785549670458 
0.24486695230007172, 4.501903276832309e-06, 0.00949724018573761 
0.2797323763370514, 7.788065886416007e-06, 0.012327218428254128 
0.20415139198303223, 8.055198122747242e-06, 0.008034837432205677 
0.4285452663898468, 1.1863677173096221e-05, 0.016078466549515724 
0.48993369936943054, 1.61365660460433e-05, 0.025786856189370155 
0.3375745117664337, 1.723240529827308e-05, 0.018356872722506523 
0.26708853244781494, 4.390164031065069e-05, 0.024728743359446526 
0.2401118129491806, 9.994640277000144e-05, 0.04493113234639168 
0.3481990396976471, 0.00015189308032859117, 0.03928036242723465 
0.652753472328186, 0.00034221529494971037, 0.06579513847827911 
0.37121522426605225, 0.0008115131640806794, 0.08647280931472778 
0.5463127493858337, 0.0014825828839093447, 0.11085710674524307 
0.3835010826587677, 0.0020812531001865864, 0.20061776041984558 
0.6103341579437256, 0.0031708732713013887, 0.13246236741542816 
0.4402656555175781, 0.0038703461177647114, 0.2047349065542221 
0.56196528673172, 0.006557852029800415, 0.359129399061203 
0.5253397226333618, 0.007306859828531742, 0.23544158041477203 
0.4540407955646515, 0.006699496880173683, 0.37233471870422363 
0.38641101121902466, 0.00953951571136713, 0.29446282982826233 
0.5268403887748718, 0.00980270653963089, 0.27220863103866577 
0.6828701496124268, 0.011013992130756378, 0.4015327990055084 
0.4144580066204071, 0.01008615642786026, 0.2594192326068878 
1.2096089124679565, 0.011752588674426079, 0.37627536058425903 
0.6842544078826904, 0.011867789551615715, 0.2873671352863312 
0.514792263507843, 0.014115803875029087, 0.5133076906204224 
2.1629045009613037, 0.013978665694594383, 0.533660888671875 
0.6436921954154968, 0.013197348453104496, 0.5005163550376892 
0.8795538544654846, 0.014771058224141598, 0.3503894805908203 
0.4431895911693573, 0.01277761161327362, 0.5651910901069641 
0.6886059641838074, 0.013668660074472427, 0.3238599896430969 
0.6899637579917908, 0.014314447529613972, 0.42910996079444885 
0.4828888475894928, 0.013848300091922283, 0.30478474497795105 
1.1425331830978394, 0.015800457447767258, 0.44065389037132263 
0.4900941550731659, 0.01477417629212141, 0.4226989150047302 
0.5532442927360535, 0.014045311138033867, 0.45265835523605347 
1.3776525259017944, 0.01631462574005127, 0.5585082173347473 
1.2122920751571655, 0.014849131926894188, 0.3183857202529907 
0.5346722602844238, 0.01576319895684719, 0.4360613524913788 
0.7654945254325867, 0.014409828931093216, 0.5687713027000427 
0.9168562889099121, 0.019916148856282234, 0.4294980466365814 
0.8846145868301392, 0.013821648433804512, 0.5565462708473206 
0.7730498313903809, 0.017724454402923584, 0.5758546590805054 
0.9301902055740356, 0.023373691365122795, 0.7982038259506226 
0.7646678686141968, 0.020001837983727455, 0.5493676662445068 
1.0709362030029297, 0.022716781124472618, 0.8205417394638062 
0.5984197854995728, 0.025593433529138565, 0.49119362235069275 
0.7361394166946411, 0.031351011246442795, 0.7597282528877258 
0.6299358010292053, 0.028574256226420403, 0.5890467762947083 
0.769443154335022, 0.032546266913414, 0.4977596402168274 
0.712145209312439, 0.025115083903074265, 0.8490898013114929 
0.8930803537368774, 0.030486710369586945, 0.9699753522872925 
1.5933020114898682, 0.027123423293232918, 0.7460294961929321 
1.1198985576629639, 0.027994301170110703, 0.9280118942260742 
0.6147748231887817, 0.02902311645448208, 0.8379212021827698 
1.6598479747772217, 0.03804857283830643, 0.703902542591095 
1.0850192308425903, 0.03562179580330849, 0.9601489901542664 
1.003130316734314, 0.03148125112056732, 0.5172014236450195 
1.0485378503799438, 0.045887336134910583, 0.6460176706314087 
1.4018372297286987, 0.0348544679582119, 0.9833794236183167 
1.105891227722168, 0.03904053941369057, 0.7781339883804321 
1.8892360925674438, 0.036040134727954865, 0.8417796492576599 
2.1891567707061768, 0.03491038456559181, 0.9458464980125427 
1.2195128202438354, 0.036112599074840546, 0.655091404914856 
1.1864991188049316, 0.03392895311117172, 0.8971433043479919 
0.8885940313339233, 0.04409961774945259, 0.9109915494918823 
1.4423869848251343, 0.03605674207210541, 1.2433418035507202 
0.5613737106323242, 0.040486954152584076, 1.3313050270080566 
1.4909464120864868, 0.038450635969638824, 1.0302610397338867 
1.649533748626709, 0.033915311098098755, 1.3545103073120117 
1.4249712228775024, 0.04486759006977081, 0.7189248204231262 
1.456215500831604, 0.0482901968061924, 0.9399638772010803 
1.0661290884017944, 0.04621513560414314, 0.8260068893432617 
1.4341151714324951, 0.04601391777396202, 0.7574237585067749 
1.6256808042526245, 0.05895526334643364, 0.9830361008644104 
1.8638172149658203, 0.054581232368946075, 0.7288379669189453 
1.3855360746383667, 0.05659252032637596, 0.971657395362854 
1.3305350542068481, 0.060652222484350204, 1.7141462564468384 
1.1666879653930664, 0.07843243330717087, 1.1846885681152344 
2.3542709350585938, 0.07288481295108795, 0.8173199892044067 
1.735598087310791, 0.07584947347640991, 1.7079845666885376 
2.915017604827881, 0.06800629943609238, 2.347519874572754 
1.4806846380233765, 0.051872920244932175, 1.0005980730056763 
2.054445266723633, 0.07414169609546661, 1.823742389678955 
1.5332130193710327, 0.0700618177652359, 1.4776387214660645 
2.4704318046569824, 0.06622873991727829, 1.6931926012039185 
2.10278582572937, 0.08243625611066818, 1.2166680097579956 
2.6990573406219482, 0.07655971497297287, 1.3814427852630615 
1.3393239974975586, 0.06577342748641968, 1.6915234327316284 
1.5396109819412231, 0.07655482739210129, 1.413818597793579 
1.821200966835022, 0.06179240718483925, 1.4890366792678833 
1.502063512802124, 0.08191702514886856, 1.3705546855926514 
1.3720910549163818, 0.0883605033159256, 1.0983262062072754 
2.817465305328369, 0.08678698539733887, 2.601257801055908 
1.9141336679458618, 0.07876212894916534, 1.7259403467178345 
2.91595721244812, 0.11372900009155273, 2.0372679233551025 
2.3176817893981934, 0.08610855042934418, 1.5103187561035156 
2.0297703742980957, 0.10032036900520325, 1.1144126653671265 
1.7456506490707397, 0.08598901331424713, 2.2084338665008545 
4.278273105621338, 0.08619782328605652, 1.4320894479751587 
2.8351690769195557, 0.08158733695745468, 1.1178479194641113 
2.2741129398345947, 0.09144910424947739, 2.0498175621032715 
2.488156795501709, 0.11031346768140793, 2.4354445934295654 
2.909888982772827, 0.08793146163225174, 1.3696163892745972 
2.5021111965179443, 0.09470817446708679, 1.3419065475463867 
2.065183401107788, 0.07991130650043488, 1.6158198118209839 
2.944862127304077, 0.09230922907590866, 1.7881462574005127 
1.8180955648422241, 0.12603847682476044, 1.4110488891601562 
1.205096960067749, 0.12348286062479019, 1.739424467086792 
1.6679959297180176, 0.111786849796772, 1.515586256980896 
3.48868989944458, 0.09047038108110428, 3.10958194732666 
6.759861946105957, 0.08311786502599716, 1.230588436126709 
3.172093152999878, 0.11270102113485336, 1.8642429113388062 
5.2044806480407715, 0.12101486325263977, 1.7608829736709595 
4.6703338623046875, 0.09696312993764877, 2.1859290599823 
3.5003557205200195, 0.1525082290172577, 1.692501425743103 
2.2395641803741455, 0.1116049736738205, 1.5021225214004517 
6.546939849853516, 0.11012105643749237, 2.7219595909118652 
5.427899360656738, 0.08895326405763626, 1.5181548595428467 
2.528752326965332, 0.10760536044836044, 3.8755173683166504 
4.06458854675293, 0.12018844485282898, 1.9718815088272095 
2.589962959289551, 0.1107463538646698, 1.9261029958724976 
6.123788356781006, 0.11798831820487976, 2.439621686935425 
2.0169618129730225, 0.130578875541687, 1.7597768306732178 
3.6078732013702393, 0.13354432582855225, 2.8204948902130127 
1.9915766716003418, 0.14934299886226654, 2.8191287517547607 
8.726753234863281, 0.1440485119819641, 2.2325687408447266 
5.132699012756348, 0.1515118032693863, 2.1565167903900146 
3.324514627456665, 0.14743627607822418, 1.8705451488494873 
5.2067108154296875, 0.16391223669052124, 2.1791539192199707 
3.905996799468994, 0.11741562932729721, 2.773189067840576 
2.0814101696014404, 0.11468467861413956, 1.7867302894592285 
6.743019104003906, 0.10944689810276031, 2.1444458961486816 
4.1354169845581055, 0.1579810380935669, 2.3911173343658447 
7.931022644042969, 0.12397826462984085, 1.8418468236923218 
10.071735382080078, 0.1250569075345993, 1.2942434549331665 
4.978909492492676, 0.13327327370643616, 1.8987692594528198 
9.506217002868652, 0.11930809915065765, 2.3695180416107178 
6.151017189025879, 0.12614186108112335, 2.1223530769348145 
5.425510406494141, 0.1167246550321579, 2.343698740005493 
4.568027496337891, 0.15205559134483337, 2.184030294418335 
9.095137596130371, 0.14036698639392853, 2.6303231716156006 
3.734355926513672, 0.11880475282669067, 1.4060931205749512 
18.842994689941406, 0.15873977541923523, 4.558995723724365 
2.2149243354797363, 0.12064138799905777, 2.3971333503723145 
5.398565292358398, 0.16008985042572021, 2.4692277908325195 
14.335132598876953, 0.16433054208755493, 2.21808123588562 
2.662123918533325, 0.14206114411354065, 1.438305377960205 
13.570545196533203, 0.20690441131591797, 3.8015925884246826 
4.11838960647583, 0.1230214387178421, 2.0596227645874023 
6.833127498626709, 0.14368925988674164, 2.1106576919555664 
8.498924255371094, 0.11858554184436798, 2.324641704559326 
6.723760604858398, 0.11294496059417725, 1.496042013168335 
4.760302543640137, 0.1509794145822525, 2.188988208770752 
5.363641738891602, 0.13195359706878662, 2.084143877029419 
6.441150188446045, 0.15111613273620605, 2.041430711746216 
7.423866271972656, 0.15024255216121674, 2.0452635288238525 
4.837408065795898, 0.12880545854568481, 2.627741813659668 
6.020552635192871, 0.11668796092271805, 2.5459508895874023 
6.200521945953369, 0.14805209636688232, 2.6075165271759033 
5.570479393005371, 0.1332426816225052, 1.839967131614685 
14.467206954956055, 0.1977567821741104, 1.6241744756698608 
6.6563849449157715, 0.14904893934726715, 3.309323310852051 
7.633746147155762, 0.14837126433849335, 3.4082958698272705 
11.514004707336426, 0.13318225741386414, 1.8746545314788818 
6.8974714279174805, 0.11494549363851547, 2.505335807800293 
2.8630764484405518, 0.17062216997146606, 3.816131114959717 
20.469484329223633, 0.16354869306087494, 1.8258825540542603 
7.76147985458374, 0.15471388399600983, 3.6998722553253174 
12.828045845031738, 0.14848679304122925, 3.883763313293457 
9.5215482711792, 0.16247469186782837, 1.5078632831573486 
15.559391975402832, 0.14011327922344208, 2.661881446838379 
6.405269145965576, 0.14605927467346191, 2.0770766735076904 
13.658713340759277, 0.1758272498846054, 3.4239776134490967 
6.251710414886475, 0.1490679383277893, 1.9163312911987305 
6.805356025695801, 0.1273084580898285, 3.368137836456299 
7.7098212242126465, 0.13932940363883972, 1.7302641868591309 
8.000770568847656, 0.15882448852062225, 4.004520416259766 
16.76650047302246, 0.17110630869865417, 3.112624406814575 
7.318943977355957, 0.15042805671691895, 2.0950469970703125 
18.022615432739258, 0.15919280052185059, 2.119356632232666 
8.938894271850586, 0.1767529994249344, 1.9365003108978271 
12.322713851928711, 0.2275976836681366, 1.8660566806793213 
25.061813354492188, 0.13271799683570862, 4.275111198425293 
5.5350189208984375, 0.15896351635456085, 2.105018377304077 
6.8097825050354, 0.17283831536769867, 2.053046703338623 
8.940155982971191, 0.13672466576099396, 3.9797849655151367 
7.128554821014404, 0.16128170490264893, 2.523233413696289 
12.201258659362793, 0.10911001265048981, 2.3539936542510986 
6.888306617736816, 0.1743461787700653, 2.1329314708709717 
8.431507110595703, 0.13573379814624786, 2.757943630218506 
6.973653793334961, 0.14517195522785187, 2.6832315921783447 
24.154010772705078, 0.19872131943702698, 4.264012336730957 
15.62777042388916, 0.326387494802475, 2.3978312015533447 
30.305999755859375, 0.14168433845043182, 3.4605906009674072 
24.180652618408203, 0.20347940921783447, 2.489372730255127 
9.786294937133789, 0.1775895357131958, 2.805259943008423 
13.40241813659668, 0.18720504641532898, 2.744511365890503 
11.528931617736816, 0.16901683807373047, 2.830463171005249 
6.578130722045898, 0.20875349640846252, 2.0651490688323975 
15.296283721923828, 0.16844472289085388, 1.7993204593658447 
21.728723526000977, 0.14976567029953003, 3.672105312347412 
23.44617462158203, 0.14263130724430084, 2.308013916015625 
10.134029388427734, 0.16078856587409973, 2.88124942779541 
15.416326522827148, 0.20815928280353546, 4.534010887145996 
18.854833602905273, 0.1756466031074524, 2.5909738540649414 
11.968931198120117, 0.1395689845085144, 2.7050583362579346 
11.087662696838379, 0.15524010360240936, 3.325352191925049 
20.721906661987305, 0.2642768323421478, 2.143739700317383 
36.21615219116211, 0.16090375185012817, 2.5258350372314453 
8.62429141998291, 0.16487812995910645, 2.4827945232391357 
13.409209251403809, 0.1484079509973526, 1.8705486059188843 
11.732172012329102, 0.14271824061870575, 2.206731081008911 
10.478055000305176, 0.18868781626224518, 2.3414578437805176 
30.0942440032959, 0.15481199324131012, 2.039381504058838 
11.389546394348145, 0.17596709728240967, 2.6166553497314453 
39.185123443603516, 0.19605517387390137, 2.9624500274658203 
9.517333984375, 0.1797153651714325, 3.1330106258392334 
25.207794189453125, 0.2094656080007553, 3.800842761993408 
15.942099571228027, 0.22569727897644043, 4.493792533874512 
14.148863792419434, 0.17843639850616455, 2.3956665992736816 
18.912353515625, 0.15805360674858093, 2.706069231033325 
13.232251167297363, 0.23259297013282776, 3.6645748615264893 
50.367881774902344, 0.18036071956157684, 3.8077127933502197 
25.849727630615234, 0.16750755906105042, 2.5287129878997803 
10.871621131896973, 0.19954003393650055, 2.6510186195373535 
19.966598510742188, 0.1522730141878128, 3.193575143814087 
15.682372093200684, 0.1540348082780838, 2.6798102855682373 
75.91429138183594, 0.21891216933727264, 3.0275042057037354 
30.864404678344727, 0.1698078066110611, 2.326071262359619 
31.506031036376953, 0.15688952803611755, 2.8062655925750732 
31.025774002075195, 0.16393214464187622, 2.6002495288848877 
17.69971466064453, 0.21355359256267548, 3.5606894493103027 
10.979231834411621, 0.18218141794204712, 3.526933193206787 
32.605552673339844, 0.2193397879600525, 2.2561333179473877 
14.109249114990234, 0.19417822360992432, 3.22644305229187 
15.517430305480957, 0.12484113872051239, 3.281447410583496 
24.662954330444336, 0.1640949547290802, 3.121149778366089 
46.26270294189453, 0.1729280799627304, 3.1071314811706543 
15.612576484680176, 0.19377411901950836, 2.3671798706054688 
20.306949615478516, 0.17064809799194336, 3.8488433361053467 
25.092050552368164, 0.15986227989196777, 3.612888813018799 
35.37908172607422, 0.19040584564208984, 3.4161217212677 
14.5775146484375, 0.1690220683813095, 2.319532632827759 
35.75880813598633, 0.1963651031255722, 2.6287271976470947 
19.551694869995117, 0.19914184510707855, 3.3685853481292725 
34.578365325927734, 0.22216325998306274, 2.9709081649780273 
35.33012390136719, 0.21991072595119476, 2.5340940952301025 
17.303647994995117, 0.1867646425962448, 3.558143138885498 
43.43101501464844, 0.16303803026676178, 2.7890918254852295 
20.42133903503418, 0.21154893934726715, 1.752947449684143 
8.567317962646484, 0.2245698869228363, 5.017818927764893 
14.124898910522461, 0.15411964058876038, 2.4423582553863525 
42.899452209472656, 0.19590020179748535, 3.130378007888794 
19.98884391784668, 0.19903774559497833, 3.8811395168304443 
11.680782318115234, 0.20143933594226837, 1.758211374282837 
106.08551025390625, 0.22277823090553284, 2.969193458557129 
19.815448760986328, 0.25045567750930786, 3.0955703258514404 
18.401771545410156, 0.18893957138061523, 2.0044076442718506 
46.06316375732422, 0.2153814733028412, 3.03249454498291 
19.084224700927734, 0.26374903321266174, 2.9799089431762695 
18.538864135742188, 0.18926578760147095, 2.423398733139038 
41.51652145385742, 0.18716385960578918, 2.320808172225952 
17.549779891967773, 0.1989038586616516, 6.8300909996032715 
15.406396865844727, 0.1736057996749878, 3.098054885864258 
18.0264949798584, 0.18872560560703278, 4.719944477081299 
16.744178771972656, 0.17601214349269867, 2.428981304168701 
38.756343841552734, 0.1683509200811386, 4.632164001464844 
39.380592346191406, 0.2077423483133316, 3.547065019607544 
24.013105392456055, 0.18814261257648468, 2.621565818786621 
50.578975677490234, 0.2409416139125824, 2.694119453430176 
31.23796272277832, 0.21719634532928467, 2.7302186489105225 
80.7398452758789, 0.2285466492176056, 4.730581283569336 
17.405057907104492, 0.23041556775569916, 3.3192012310028076 
28.662912368774414, 0.2011660933494568, 3.5412685871124268 
14.269257545471191, 0.22064197063446045, 2.941983699798584 
40.315521240234375, 0.24894464015960693, 2.1397106647491455 
27.312620162963867, 0.24769845604896545, 3.0351526737213135 
19.353498458862305, 0.23760175704956055, 5.499209880828857 
29.266803741455078, 0.23927858471870422, 2.3243284225463867 
29.221315383911133, 0.21375992894172668, 5.492698669433594 
47.0196647644043, 0.194240003824234, 3.030729055404663 
48.74798583984375, 0.2332633137702942, 3.9191782474517822 
23.780303955078125, 0.19839830696582794, 2.9785120487213135 
23.67635154724121, 0.1939757615327835, 6.255779266357422 
76.9659652709961, 0.2372305989265442, 2.163972854614258 
18.12833595275879, 0.2264781892299652, 1.966310739517212 
60.181610107421875, 0.2420976459980011, 2.9428629875183105 
66.55309295654297, 0.22488181293010712, 2.7341980934143066 
12.563582420349121, 0.20356790721416473, 2.2231202125549316 
23.07649040222168, 0.2483169436454773, 3.6194841861724854 
39.324825286865234, 0.22587120532989502, 3.0319759845733643 
26.157594680786133, 0.2125108242034912, 3.422299385070801 
44.512359619140625, 0.2530252933502197, 2.4533636569976807 
44.76251220703125, 0.20816920697689056, 3.1422998905181885 
68.57942962646484, 0.1807868778705597, 3.3914480209350586 
32.69647979736328, 0.19905483722686768, 2.106654405593872 
115.83460235595703, 0.252179354429245, 2.229543447494507 
27.074594497680664, 0.25259554386138916, 3.39725661277771 
113.3042984008789, 0.27435335516929626, 2.924070358276367 
41.07241439819336, 0.21640457212924957, 3.4971930980682373 
35.77427291870117, 0.21533280611038208, 4.126122951507568 
41.50163269042969, 0.2163979858160019, 3.752481698989868 
33.517032623291016, 0.23494812846183777, 3.050377368927002 
71.88155364990234, 0.18357253074645996, 4.861756801605225 
31.549991607666016, 0.21156209707260132, 3.661255121231079 
45.96614074707031, 0.2977195680141449, 1.791076898574829 
28.378398895263672, 0.27726081013679504, 5.6680755615234375 
36.965118408203125, 0.21191689372062683, 1.7645827531814575 
38.088134765625, 0.28280124068260193, 1.6752798557281494 
27.272090911865234, 0.20344948768615723, 3.8815324306488037 
27.274810791015625, 0.23333795368671417, 1.9705889225006104 
36.46214294433594, 0.19806383550167084, 3.663740396499634 
34.36310577392578, 0.2388603687286377, 2.7477402687072754 
70.38790130615234, 0.20876184105873108, 3.4650533199310303 
27.760889053344727, 0.24711674451828003, 1.4472506046295166 
38.40951156616211, 0.19828321039676666, 4.078459739685059 
25.285688400268555, 0.22605028748512268, 4.295225620269775 
94.76641845703125, 0.21824884414672852, 2.3086800575256348 
49.539405822753906, 0.24657611548900604, 2.309152603149414 
93.27762603759766, 0.23004356026649475, 2.742870807647705 
30.395009994506836, 0.24708861112594604, 2.159179210662842 
67.58963775634766, 0.28331562876701355, 4.964509010314941 
22.635318756103516, 0.2493394911289215, 3.748044729232788 
118.61800384521484, 0.23711474239826202, 3.52482271194458 
20.04353904724121, 0.20730774104595184, 3.2832484245300293 
34.683292388916016, 0.24341410398483276, 2.9538819789886475 
78.28121948242188, 0.2205522656440735, 4.105092525482178 
32.831459045410156, 0.2514550983905792, 1.6081569194793701 
45.60528564453125, 0.27952247858047485, 3.4454517364501953 
34.09750747680664, 0.2239551693201065, 2.0866568088531494 
39.355735778808594, 0.21269430220127106, 2.5905978679656982 
118.41460418701172, 0.20800255239009857, 2.4349865913391113 
28.54656219482422, 0.21306048333644867, 3.290472984313965 
85.27351379394531, 0.25060006976127625, 3.14469051361084 
73.46239471435547, 0.2504151463508606, 4.487737655639648 
117.96832275390625, 0.23949414491653442, 2.248311996459961 
49.2131462097168, 0.2873922884464264, 2.1805360317230225 
33.949886322021484, 0.20157290995121002, 2.32840895652771 
22.490785598754883, 0.21994969248771667, 2.881263494491577 
127.10859680175781, 0.3035513162612915, 5.184784412384033 
67.08963775634766, 0.2513553500175476, 2.709190607070923 
54.466373443603516, 0.27250611782073975, 2.950201988220215 
28.373573303222656, 0.2966866195201874, 3.6788227558135986 
67.8682632446289, 0.29765182733535767, 2.6503467559814453 
22.76525115966797, 0.23848320543766022, 3.019727945327759 
35.37086868286133, 0.19551244378089905, 2.326991558074951 
37.02216720581055, 0.2463238686323166, 2.0283076763153076 
75.744384765625, 0.22355306148529053, 1.5448095798492432 
124.55842590332031, 0.3128880560398102, 3.8210818767547607 
121.7433853149414, 0.22985249757766724, 4.11023473739624 
28.12453269958496, 0.21652905642986298, 3.2914557456970215 
89.9012451171875, 0.22531764209270477, 3.422536849975586 
27.11326789855957, 0.2563222050666809, 1.5988847017288208 
26.12529945373535, 0.24669891595840454, 2.6556544303894043 
77.1397476196289, 0.1793084591627121, 3.829054832458496 
38.63475036621094, 0.2525175213813782, 2.6886188983917236 
50.52433395385742, 0.22786520421504974, 2.6967108249664307 
51.32033157348633, 0.2619220018386841, 3.7410125732421875 
153.7978515625, 0.22464106976985931, 2.6350557804107666 
51.66453170776367, 0.3049668073654175, 4.034758567810059 
32.87726974487305, 0.21079544723033905, 2.517777681350708 
39.03950881958008, 0.23369573056697845, 1.966550350189209 
48.497283935546875, 0.2482014298439026, 2.6599464416503906 
46.07551193237305, 0.22663241624832153, 5.0219807624816895 
50.133487701416016, 0.22030487656593323, 3.996577024459839 
64.4552993774414, 0.2076020985841751, 3.024916887283325 
57.28981018066406, 0.22469887137413025, 1.3091856241226196 
167.38134765625, 0.255831778049469, 2.918273687362671 
33.4272346496582, 0.2743687033653259, 4.335294723510742 
25.59047508239746, 0.23824582993984222, 2.1784913539886475 
52.913169860839844, 0.24153085052967072, 4.883419513702393 
74.97162628173828, 0.24672476947307587, 3.7848730087280273 
75.60554504394531, 0.16564208269119263, 2.466691732406616 
29.774433135986328, 0.27938657999038696, 4.46920108795166 
51.771766662597656, 0.24594144523143768, 1.827359676361084 
29.9647159576416, 0.20841914415359497, 2.009169101715088 
78.35441589355469, 0.25187578797340393, 2.0549745559692383 
43.060184478759766, 0.22349312901496887, 2.1979517936706543 
162.99642944335938, 0.22992753982543945, 3.4871342182159424 
23.809764862060547, 0.2302016168832779, 3.425497531890869 
32.24650573730469, 0.2610727548599243, 2.8099517822265625 
52.18574905395508, 0.25193461775779724, 3.8493573665618896 
58.59958267211914, 0.22078178822994232, 2.4913225173950195 
91.06953430175781, 0.2319931983947754, 1.5621193647384644 
94.26841735839844, 0.2601903975009918, 2.126720905303955 
38.05022048950195, 0.22843670845031738, 2.7685885429382324 
51.27848815917969, 0.25844135880470276, 1.2695788145065308 
70.7850570678711, 0.307256817817688, 2.498565196990967 
37.47785949707031, 0.26288095116615295, 3.099893093109131 
50.0522346496582, 0.21636337041854858, 3.186173915863037 
45.68500518798828, 0.2285306453704834, 3.4019575119018555 
47.6513786315918, 0.26408472657203674, 2.181100606918335 
109.26934051513672, 0.2770076096057892, 3.1181066036224365 
52.56744384765625, 0.21098309755325317, 3.3702688217163086 
61.65134811401367, 0.27099645137786865, 6.377179145812988 
66.55154418945312, 0.20737336575984955, 3.974945306777954 
61.22312927246094, 0.21083670854568481, 2.6411290168762207 
65.77790832519531, 0.22983220219612122, 1.8950107097625732 
86.26224517822266, 0.20807267725467682, 3.783416509628296 
28.315567016601562, 0.23604969680309296, 3.3590221405029297 
108.502685546875, 0.29747676849365234, 4.962050437927246 
102.74191284179688, 0.243697389960289, 2.154888153076172 
126.69954681396484, 0.31119686365127563, 4.84257173538208 
119.76737213134766, 0.24576710164546967, 3.2936618328094482 
99.23509979248047, 0.22188308835029602, 2.9710745811462402 
55.67133712768555, 0.24688395857810974, 2.213205099105835 
31.096696853637695, 0.26113083958625793, 3.912421941757202 
74.76396179199219, 0.2325555682182312, 2.643731117248535 
46.02457809448242, 0.2092917263507843, 3.396599292755127 
52.691402435302734, 0.2247350811958313, 2.1208174228668213 
83.8958969116211, 0.20118936896324158, 2.151085376739502 
174.6372833251953, 0.1959720104932785, 3.121295928955078 
55.96862030029297, 0.24667836725711823, 4.42406702041626 
36.7768669128418, 0.2195284515619278, 2.5711288452148438 
68.54874420166016, 0.2315303236246109, 2.272017240524292 
62.528682708740234, 0.2938688397407532, 4.508685111999512 
205.06527709960938, 0.2097332626581192, 3.2306935787200928 
83.28915405273438, 0.25040411949157715, 2.905081033706665 
53.31092834472656, 0.28902286291122437, 2.290497303009033 
43.903682708740234, 0.20525987446308136, 3.5660836696624756 
86.98003387451172, 0.17391271889209747, 3.7555558681488037 
91.56151580810547, 0.19647279381752014, 1.7846555709838867 
69.45774841308594, 0.21050897240638733, 2.158846616744995 
98.39198303222656, 0.2825466990470886, 1.7741094827651978 
183.96182250976562, 0.20565134286880493, 1.2166355848312378 
20.155813217163086, 0.24667814373970032, 3.5051205158233643 
139.4949188232422, 0.28814372420310974, 2.5577895641326904 
30.63658332824707, 0.19247391819953918, 2.389927387237549 
32.92351150512695, 0.22553367912769318, 1.6279188394546509 
155.39041137695312, 0.2253778576850891, 3.4097683429718018 
69.84664916992188, 0.25040385127067566, 3.228661298751831 
40.287601470947266, 0.19780093431472778, 2.140110969543457 
94.8390884399414, 0.30691826343536377, 1.3895776271820068 
40.438289642333984, 0.20493543148040771, 4.180876731872559 
58.21445846557617, 0.23205451667308807, 4.500144958496094 
103.25658416748047, 0.2603762745857239, 2.008347988128662 
41.3421516418457, 0.17883683741092682, 1.60850191116333 
114.02242279052734, 0.23637406527996063, 2.4088377952575684 
50.35673522949219, 0.27155470848083496, 3.193533182144165 
39.50381088256836, 0.29177215695381165, 1.3372222185134888 
62.305274963378906, 0.26011013984680176, 3.561917543411255 
84.3962631225586, 0.20784689486026764, 2.703165054321289 
190.9102783203125, 0.22342197597026825, 3.333094835281372 
78.87870025634766, 0.23155342042446136, 2.190176486968994 
66.96461486816406, 0.2283124178647995, 2.491157054901123 
86.0686264038086, 0.2716948390007019, 2.5697078704833984 
45.0037727355957, 0.23531191051006317, 2.3803293704986572 
58.9022331237793, 0.27493515610694885, 1.7734135389328003 
47.70421600341797, 0.23340684175491333, 3.7561519145965576 
77.22654724121094, 0.19384369254112244, 6.300844192504883 
86.91627502441406, 0.3096550405025482, 2.544931173324585 
56.86857604980469, 0.26054489612579346, 1.8473657369613647 
34.496734619140625, 0.23164397478103638, 2.9034993648529053 
21.63134765625, 0.20582641661167145, 3.983774185180664 
31.572786331176758, 0.21753840148448944, 4.077355861663818 
85.22582244873047, 0.24963060021400452, 3.3857967853546143 
95.16382598876953, 0.22872115671634674, 4.220157623291016 
87.5229721069336, 0.24230711162090302, 1.5714141130447388 
89.82711029052734, 0.2596462666988373, 2.367692708969116 
183.505615234375, 0.2774377465248108, 3.4928181171417236 
73.27760314941406, 0.23818324506282806, 3.091639518737793 
38.9859733581543, 0.28144073486328125, 3.5672922134399414 
67.2289047241211, 0.2640435993671417, 3.1974096298217773 
19.538494110107422, 0.222371444106102, 2.427962303161621 
52.84080505371094, 0.19233438372612, 3.1707923412323 
91.21446990966797, 0.2110062688589096, 1.8574073314666748 
39.406185150146484, 0.23454894125461578, 1.8836572170257568 
53.64691162109375, 0.2433924674987793, 1.886651635169983 
70.59691619873047, 0.2812980115413666, 2.1939291954040527 
87.7372055053711, 0.2466568648815155, 3.2332961559295654 
59.42085647583008, 0.2692464590072632, 3.846604347229004 
117.80455780029297, 0.2127263844013214, 2.8548991680145264 
74.29170989990234, 0.2176980823278427, 3.7292747497558594 
63.397789001464844, 0.2882971465587616, 5.957214832305908 
90.02623748779297, 0.18772464990615845, 4.736086845397949 
66.84748840332031, 0.21677710115909576, 1.6446800231933594 
98.07998657226562, 0.22041955590248108, 1.7699520587921143 
47.2035026550293, 0.2301228791475296, 3.799217939376831 
55.516693115234375, 0.2522074282169342, 1.9707143306732178 
32.30860137939453, 0.23860768973827362, 3.8034141063690186 
63.16577911376953, 0.32404235005378723, 3.344330310821533 
42.75354766845703, 0.26320213079452515, 4.739164352416992 
167.02188110351562, 0.2568165361881256, 4.241114139556885 
45.772125244140625, 0.24817685782909393, 3.2204816341400146 
56.757965087890625, 0.22346580028533936, 2.30362868309021 
103.23194122314453, 0.2307835966348648, 3.6593964099884033 
185.45555114746094, 0.2358701080083847, 3.4249486923217773 
169.72164916992188, 0.2660796046257019, 3.660876750946045 
39.88096618652344, 0.21891741454601288, 2.545700788497925 
83.528564453125, 0.3156813383102417, 3.8701229095458984 
73.38973999023438, 0.28876930475234985, 3.656961441040039 
72.09251403808594, 0.34974831342697144, 1.651023507118225 
46.54972457885742, 0.21509972214698792, 2.079547166824341 
70.01840209960938, 0.2700539529323578, 1.7329515218734741 
89.16984558105469, 0.28040891885757446, 2.885479688644409 
46.94114685058594, 0.24179396033287048, 1.9351860284805298 
118.0472412109375, 0.3011816442012787, 1.9572199583053589 
87.51727294921875, 0.2605512738227844, 3.6953284740448 
62.53955841064453, 0.26959696412086487, 3.104356288909912 
648.88623046875, 0.23843885958194733, 3.470249652862549 
29.680204391479492, 0.2637905478477478, 5.9242143630981445 
64.1192626953125, 0.2263946533203125, 3.0850181579589844 
32.54423522949219, 0.25948724150657654, 3.06365704536438 
111.09904479980469, 0.2641989290714264, 2.10437273979187 
66.70125579833984, 0.20970270037651062, 2.17326021194458 
87.80469512939453, 0.2952114939689636, 1.276294231414795 
77.14659881591797, 0.23487034440040588, 1.477952480316162 
54.593143463134766, 0.3242305517196655, 2.1136300563812256 
88.37863159179688, 0.2687658965587616, 2.635638952255249 
50.84918975830078, 0.28677237033843994, 4.42765998840332 
79.81979370117188, 0.24978132545948029, 1.5573463439941406 
105.77565002441406, 0.21846289932727814, 3.5265934467315674 
225.0308074951172, 0.25477007031440735, 2.9128501415252686 
176.68597412109375, 0.21236208081245422, 3.562021493911743 
100.72406768798828, 0.2127239853143692, 1.4945247173309326 
71.82621002197266, 0.2537655830383301, 4.192002296447754 
47.915077209472656, 0.28000906109809875, 4.0261759757995605 
159.99513244628906, 0.25619396567344666, 3.5140576362609863 
135.81642150878906, 0.2013430893421173, 2.1121580600738525 
90.44412994384766, 0.1599448323249817, 3.754070520401001 
82.62053680419922, 0.19515638053417206, 3.2474868297576904 
67.51431274414062, 0.2654414176940918, 2.2270853519439697 
99.2933120727539, 0.26564183831214905, 4.158638954162598 
85.90845489501953, 0.2572419047355652, 2.543333053588867 
55.74540710449219, 0.20720557868480682, 2.5454938411712646 
50.12356185913086, 0.2632519006729126, 1.604310393333435 
55.53653335571289, 0.2595154643058777, 4.655529022216797 
302.2942199707031, 0.19182933866977692, 5.789489269256592 
66.75659942626953, 0.20284415781497955, 2.7906436920166016 
107.13190460205078, 0.22323857247829437, 2.7304000854492188 
36.58726119995117, 0.26998287439346313, 4.945854187011719 
46.67054748535156, 0.2267819344997406, 1.3286404609680176 
86.86553192138672, 0.3071756362915039, 2.3357269763946533 
109.79442596435547, 0.22954504191875458, 2.072765588760376 
50.27613067626953, 0.2800962030887604, 2.0920372009277344 
70.07442474365234, 0.23227691650390625, 2.769164562225342 
44.55919647216797, 0.2532958388328552, 2.0956454277038574 
108.48554229736328, 0.258137583732605, 2.6456501483917236 
88.29833984375, 0.23099102079868317, 2.5215277671813965 
80.59730529785156, 0.34122234582901, 2.1592864990234375 
62.72406005859375, 0.2019786834716797, 2.4459967613220215 
62.951942443847656, 0.2058967798948288, 3.0192222595214844 
55.135005950927734, 0.21428582072257996, 2.9314610958099365 
75.90837860107422, 0.20282961428165436, 2.6500473022460938 
117.206787109375, 0.2738911807537079, 2.9371583461761475 
125.00340270996094, 0.3109382688999176, 1.6780444383621216 
80.12794494628906, 0.17811357975006104, 2.766906976699829 
110.32585906982422, 0.2597683370113373, 2.392221689224243 
257.2245788574219, 0.2297564148902893, 3.5384514331817627 
38.54024124145508, 0.16599023342132568, 1.697189450263977 
102.41805267333984, 0.23840999603271484, 2.0961191654205322 
82.13285064697266, 0.19886183738708496, 0.7812166810035706 
42.2088737487793, 0.21561186015605927, 1.7896490097045898 
104.14424133300781, 0.2284412384033203, 3.41888689994812 
67.9034652709961, 0.2788356840610504, 1.931238055229187 
68.50260925292969, 0.21101073920726776, 2.980905532836914 
67.99754333496094, 0.24335968494415283, 3.121959686279297 
124.9785385131836, 0.2844088673591614, 3.2387752532958984 
230.17530822753906, 0.2286256104707718, 1.9695287942886353 
96.20220184326172, 0.3628539741039276, 3.4927523136138916 
79.3660659790039, 0.339582234621048, 2.923743486404419 
63.05097961425781, 0.2523382604122162, 3.9727580547332764 
197.9662628173828, 0.25775930285453796, 1.588822364807129 
38.2761116027832, 0.22359611093997955, 1.6329947710037231 
135.12066650390625, 0.23332984745502472, 2.6088881492614746 
62.89408874511719, 0.2683131694793701, 3.40838623046875 
80.51356506347656, 0.256496399641037, 2.062422513961792 
60.59319305419922, 0.22228103876113892, 2.185535430908203 
75.22630310058594, 0.31622692942619324, 2.11603045463562 
165.2036590576172, 0.29945990443229675, 5.34414529800415 
112.53544616699219, 0.2766019105911255, 2.0591890811920166 
59.62826919555664, 0.31199711561203003, 3.900315761566162 
64.2926025390625, 0.2623184025287628, 4.680373191833496 
75.3952407836914, 0.2873811721801758, 1.5212162733078003 
74.59293365478516, 0.2524869740009308, 1.6824522018432617 
59.33252716064453, 0.27290573716163635, 4.9009575843811035 
182.93167114257812, 0.24058473110198975, 1.3426733016967773 
28.07691192626953, 0.24940520524978638, 2.1856625080108643 
97.2099609375, 0.24127426743507385, 2.160705327987671 
61.4542121887207, 0.2827824354171753, 1.267090082168579 
91.9716567993164, 0.245989590883255, 1.9787437915802002 
41.41322708129883, 0.28709667921066284, 2.5461153984069824 
31.58431053161621, 0.1986686885356903, 1.31963050365448 
105.36888885498047, 0.23843415081501007, 1.1576247215270996 
95.00676727294922, 0.28064823150634766, 2.4175682067871094 
75.94834899902344, 0.3159671127796173, 1.4004162549972534 
303.30810546875, 0.2914479672908783, 3.4625794887542725 
114.1490478515625, 0.2498248666524887, 1.756644368171692 
120.82479095458984, 0.21456266939640045, 3.1715869903564453 
36.83164978027344, 0.28724443912506104, 1.4130693674087524 
215.5614471435547, 0.2490382194519043, 1.6336688995361328 
117.8923568725586, 0.2880537509918213, 1.7938205003738403 
58.122718811035156, 0.31278547644615173, 5.085862636566162 
63.27182388305664, 0.26240062713623047, 1.4061170816421509 
75.00712585449219, 0.2625652551651001, 4.353008270263672 
72.07275390625, 0.1862686723470688, 2.5700814723968506 
60.6570930480957, 0.2321051061153412, 0.7691644430160522 
218.2455596923828, 0.27029848098754883, 2.3856441974639893 
109.4185562133789, 0.33469414710998535, 2.1973752975463867 
102.26393127441406, 0.2699010670185089, 2.985992193222046 
145.99961853027344, 0.32041528820991516, 3.827566385269165 
102.42992401123047, 0.34944137930870056, 0.857890784740448 
44.95724868774414, 0.32715538144111633, 3.2042837142944336 
88.5814208984375, 0.25807783007621765, 3.159548044204712 
93.93159484863281, 0.2345302253961563, 0.9351869821548462 
59.15879821777344, 0.29751741886138916, 4.708652019500732 
64.41371154785156, 0.2791878581047058, 3.0506811141967773 
68.7304458618164, 0.24138584733009338, 3.8667984008789062 
84.02447509765625, 0.23734208941459656, 2.2929847240448 
87.0892562866211, 0.31307339668273926, 3.1836752891540527 
88.59905242919922, 0.24398574233055115, 2.153888702392578 
157.05589294433594, 0.24987034499645233, 4.329130172729492 
173.92823791503906, 0.2938173711299896, 2.7819864749908447 
44.72077178955078, 0.21792913973331451, 1.234863042831421 
90.36748504638672, 0.18377529084682465, 1.8784973621368408 
118.50823974609375, 0.32083645462989807, 3.6338281631469727 
98.00955963134766, 0.23135840892791748, 4.007133483886719 
59.50455093383789, 0.3371322453022003, 1.4883546829223633 
132.37530517578125, 0.26673585176467896, 4.473106384277344 
181.3400115966797, 0.2222670465707779, 3.045846700668335 
57.087791442871094, 0.22482909262180328, 2.6014645099639893 
194.7318572998047, 0.2574464678764343, 2.3770251274108887 
139.8717498779297, 0.21522708237171173, 2.1263794898986816 
52.4246826171875, 0.2988576591014862, 2.9802358150482178 
315.67816162109375, 0.24779605865478516, 3.996469259262085 
90.48401641845703, 0.2969711422920227, 3.239321231842041 
105.45684814453125, 0.21107719838619232, 2.447946548461914 
217.42587280273438, 0.20453546941280365, 4.746501922607422 
81.77893829345703, 0.3030357360839844, 1.9508845806121826 
160.0106201171875, 0.37355777621269226, 2.8981449604034424 
57.09796142578125, 0.2544691860675812, 4.3353142738342285 
92.37779998779297, 0.26712122559547424, 4.510730266571045 
162.1962890625, 0.25915205478668213, 5.011469841003418 
59.27721405029297, 0.24396216869354248, 3.2159152030944824 
45.43023681640625, 0.21499769389629364, 1.7613532543182373 
37.889488220214844, 0.24287575483322144, 1.826673984527588 
58.94373321533203, 0.3779923617839813, 3.3454861640930176 
80.34081268310547, 0.3111102283000946, 1.4108511209487915 
70.3928451538086, 0.24743416905403137, 1.6852121353149414 
101.64756774902344, 0.2244046926498413, 1.423386812210083 
61.858890533447266, 0.23403264582157135, 2.295501708984375 
94.2346420288086, 0.25843262672424316, 1.866314172744751 
120.90274047851562, 0.22527965903282166, 1.906357765197754 
109.01612854003906, 0.23427100479602814, 5.227511882781982 
85.1729736328125, 0.22322317957878113, 4.580987453460693 
92.71175384521484, 0.24733977019786835, 2.1278061866760254 
166.33956909179688, 0.19422774016857147, 2.5718390941619873 
88.9906997680664, 0.21383197605609894, 1.8255876302719116 
28.46289825439453, 0.27209752798080444, 4.699827671051025 
107.43899536132812, 0.264753133058548, 0.9909321069717407 
130.92974853515625, 0.25804346799850464, 3.7968196868896484 
108.60682678222656, 0.2543511986732483, 1.8788436651229858 
26.04182243347168, 0.19587601721286774, 2.125126600265503 
148.59671020507812, 0.23729634284973145, 1.0158624649047852 
79.89685821533203, 0.23984214663505554, 2.3654823303222656 
230.08506774902344, 0.275943398475647, 1.3764317035675049 
263.7193908691406, 0.28048446774482727, 4.257136344909668 
324.2513122558594, 0.22337912023067474, 1.519493818283081 
49.375492095947266, 0.29292088747024536, 2.5267555713653564 
157.69703674316406, 0.24713638424873352, 4.682387351989746 
64.1504898071289, 0.2924414277076721, 3.983302593231201 
86.36283111572266, 0.23347122967243195, 1.511380910873413 
134.14903259277344, 0.22278614342212677, 1.737122893333435 
249.203125, 0.31196486949920654, 2.2836759090423584 
171.63958740234375, 0.25288453698158264, 2.1088855266571045 
107.15385437011719, 0.29059675335884094, 4.514743804931641 
126.77143859863281, 0.2534310519695282, 3.686366558074951 
102.8330078125, 0.22924816608428955, 2.091165065765381 
123.02446746826172, 0.22821947932243347, 6.330550193786621 
75.68547058105469, 0.21804285049438477, 2.069777727127075 
69.88106536865234, 0.22490915656089783, 1.4709625244140625 
62.30840301513672, 0.3475716710090637, 2.4718241691589355 
382.0342102050781, 0.3421628773212433, 2.402306318283081 
46.84733963012695, 0.26636847853660583, 2.09902286529541 
97.30552673339844, 0.20801615715026855, 2.6734769344329834 
91.26337432861328, 0.2879015803337097, 4.56112003326416 
198.4516143798828, 0.30754554271698, 3.3615617752075195 
100.83500671386719, 0.21842798590660095, 1.8779466152191162 
169.23446655273438, 0.29829666018486023, 5.641127586364746 
51.9039421081543, 0.20535670220851898, 1.971629023551941 
72.25386810302734, 0.30910009145736694, 1.0025861263275146 
123.67581939697266, 0.2713061273097992, 2.344918727874756 
21.37422752380371, 0.3188883662223816, 1.8576210737228394 
67.32288360595703, 0.2547782361507416, 2.193908929824829 
45.69721221923828, 0.26594266295433044, 3.413705825805664 
100.06336212158203, 0.31245169043540955, 2.0999534130096436 
106.60950469970703, 0.24364013969898224, 0.9472346901893616 
45.36695861816406, 0.2411489337682724, 3.4878413677215576 
118.23554992675781, 0.20170113444328308, 1.7205452919006348 
202.01556396484375, 0.25220787525177, 4.35607385635376 
52.55155944824219, 0.2140902578830719, 1.4077210426330566 
61.789588928222656, 0.21100127696990967, 3.1428282260894775 
61.042503356933594, 0.25172945857048035, 1.5189553499221802 
41.52585983276367, 0.27713218331336975, 1.2894558906555176 
127.95558166503906, 0.3979448676109314, 2.1797444820404053 
114.77288055419922, 0.2501339614391327, 1.052890658378601 
271.3963623046875, 0.2417173832654953, 3.3321473598480225 
30.017745971679688, 0.2939568758010864, 5.649599552154541 
93.83909606933594, 0.3191697895526886, 1.8068363666534424 
58.97506332397461, 0.278936505317688, 2.125075101852417 
149.11695861816406, 0.26053494215011597, 4.866893768310547 
90.45955657958984, 0.23401430249214172, 3.421337127685547 
93.49124145507812, 0.2755306661128998, 2.9515771865844727 
208.0164337158203, 0.24653173983097076, 4.953268527984619 
109.59331512451172, 0.3873951733112335, 1.5178155899047852 
104.4360580444336, 0.35024169087409973, 1.998599648475647 
114.71017456054688, 0.30170372128486633, 2.1482503414154053 
98.1362533569336, 0.30053049325942993, 3.050900459289551 
105.50252532958984, 0.24157832562923431, 1.6467777490615845 
104.97418975830078, 0.2647700905799866, 4.076416015625 
139.64141845703125, 0.2486581653356552, 1.6425440311431885 
107.65477752685547, 0.3602638244628906, 2.160456418991089 
126.08755493164062, 0.26648959517478943, 1.6121325492858887 
81.4981460571289, 0.3583524227142334, 3.654930591583252 
95.43439483642578, 0.2878873348236084, 1.5787711143493652 
467.9881896972656, 0.21218988299369812, 2.041041374206543 
61.25437545776367, 0.2938011884689331, 6.55626106262207 
57.9548225402832, 0.26136118173599243, 4.439060211181641 
57.15901565551758, 0.3141523003578186, 2.047410011291504 
66.64405822753906, 0.3410998284816742, 3.3394038677215576 
84.36651611328125, 0.24961139261722565, 2.6966896057128906 
90.41162872314453, 0.2526223659515381, 2.238698959350586 
105.51530456542969, 0.23963651061058044, 3.092597723007202 
173.60433959960938, 0.29112836718559265, 2.1171088218688965 
34.43069839477539, 0.23189470171928406, 2.04358172416687 
131.1342315673828, 0.27307334542274475, 0.684382975101471 
75.0471420288086, 0.25879427790641785, 2.892031669616699 
74.23989868164062, 0.30115005373954773, 1.3522416353225708 
108.54899597167969, 0.1890004575252533, 3.581892967224121 
96.3144760131836, 0.22867119312286377, 1.3580825328826904 
40.488346099853516, 0.24886828660964966, 1.8862534761428833 
130.39207458496094, 0.31688112020492554, 2.0229978561401367 
84.30665588378906, 0.3051541745662689, 3.3724963665008545 
80.15475463867188, 0.2826314866542816, 5.006793022155762 
117.94658660888672, 0.2650166451931, 1.1505894660949707 
107.65763854980469, 0.2371469885110855, 4.379245281219482 
190.93019104003906, 0.293932169675827, 3.776643753051758 
100.46150207519531, 0.24852940440177917, 3.5896010398864746 
64.2410659790039, 0.2942325472831726, 2.1820218563079834 
142.612060546875, 0.2635763883590698, 2.2973060607910156 
369.92486572265625, 0.18531028926372528, 2.412853717803955 
55.90487289428711, 0.1980518251657486, 0.9246102571487427 
164.39671325683594, 0.19282937049865723, 4.297905445098877 
90.17964935302734, 0.3314754068851471, 7.154112815856934 
82.64725494384766, 0.25502249598503113, 3.1373019218444824 
75.45979309082031, 0.22057323157787323, 1.513767123222351 
97.47319030761719, 0.2743681073188782, 2.2508625984191895 
86.07017517089844, 0.19552116096019745, 2.694824457168579 
118.22985076904297, 0.2642044126987457, 2.1378440856933594 
143.16281127929688, 0.1994483470916748, 6.724410057067871 
67.27854919433594, 0.25003117322921753, 3.298525810241699 
91.46171569824219, 0.3376670181751251, 1.4586246013641357 
124.6804428100586, 0.22751402854919434, 1.833968162536621 
185.3460693359375, 0.30279967188835144, 2.5344078540802 
74.37979888916016, 0.2641200125217438, 1.2351926565170288 
142.7898712158203, 0.21293078362941742, 3.2268316745758057 
204.50616455078125, 0.24572637677192688, 2.5292930603027344 
39.12409210205078, 0.26102107763290405, 2.342031240463257 
300.2872314453125, 0.22135500609874725, 3.582207202911377 
103.4072036743164, 0.29647576808929443, 1.7680519819259644 
67.52562713623047, 0.2189590036869049, 1.479474425315857 
391.49920654296875, 0.3021448850631714, 2.4427525997161865 
141.6419677734375, 0.3493279218673706, 0.8581693172454834 
56.0986213684082, 0.27132949233055115, 2.162938117980957 
106.07942199707031, 0.20264793932437897, 3.4982266426086426 
120.40377807617188, 0.33917996287345886, 2.4488577842712402 
66.78339385986328, 0.2325829565525055, 2.6919031143188477 
80.37156677246094, 0.23219811916351318, 1.3044339418411255 
222.56201171875, 0.29491275548934937, 1.6560229063034058 
216.4086456298828, 0.25767967104911804, 2.656555414199829 
85.31929016113281, 0.30029886960983276, 2.891444683074951 
137.42440795898438, 0.22919264435768127, 3.723987579345703 
80.42528533935547, 0.2923513650894165, 2.7632670402526855 
195.13951110839844, 0.25565794110298157, 3.175118923187256 
204.95484924316406, 0.2390865683555603, 3.6440329551696777 
54.57521438598633, 0.2260768860578537, 0.8232058882713318 
93.17400360107422, 0.187491774559021, 2.9018256664276123 
247.97023010253906, 0.3723994791507721, 2.1829981803894043 
156.984619140625, 0.23715215921401978, 1.4410927295684814 
96.41709899902344, 0.23397918045520782, 3.1407976150512695 
60.618019104003906, 0.3001790940761566, 2.0500717163085938 
566.978515625, 0.24223332107067108, 5.5903472900390625 
146.3681640625, 0.24896368384361267, 1.776100516319275 
108.94267272949219, 0.21485695242881775, 2.033799171447754 
91.23149871826172, 0.3066135346889496, 3.079901695251465 
94.16199493408203, 0.28244882822036743, 1.8550655841827393 
119.7804946899414, 0.2953900098800659, 3.074296712875366 
83.21047973632812, 0.22646565735340118, 1.5287933349609375 
56.618507385253906, 0.23735518753528595, 4.658654689788818 
188.69985961914062, 0.3059232532978058, 1.8297579288482666 
212.57568359375, 0.2844885289669037, 2.3447160720825195 
80.06101989746094, 0.23737983405590057, 2.2648673057556152 
173.3214874267578, 0.21248668432235718, 1.6426270008087158 
28.93106460571289, 0.20053943991661072, 1.3256886005401611 
66.29747772216797, 0.21851474046707153, 5.306873798370361 
106.06006622314453, 0.2687734365463257, 2.300812005996704 
850.4089965820312, 0.19557245075702667, 4.936728477478027 
284.8724365234375, 0.1993209421634674, 1.999596118927002 
41.942874908447266, 0.23843781650066376, 2.2382419109344482 
176.04676818847656, 0.20809002220630646, 2.756883382797241 
129.3915557861328, 0.26458320021629333, 1.426690936088562 
66.1357421875, 0.23934406042099, 2.536655902862549 
76.96480560302734, 0.25779202580451965, 3.3146679401397705 
78.82695007324219, 0.21761494874954224, 3.1416335105895996 
188.70045471191406, 0.22146686911582947, 1.7781790494918823 
62.868350982666016, 0.2695000171661377, 6.687153339385986 
121.72465515136719, 0.1906697303056717, 1.9004223346710205 
42.64985275268555, 0.17413413524627686, 1.075371265411377 
92.83338165283203, 0.309768944978714, 2.38922119140625 
109.19963073730469, 0.22032608091831207, 1.4327943325042725 
187.3535614013672, 0.27541664242744446, 1.1872916221618652 
279.43035888671875, 0.18073877692222595, 2.082583427429199 
146.95286560058594, 0.28965118527412415, 2.471776247024536 
132.96217346191406, 0.30887776613235474, 1.6456661224365234 
46.680809020996094, 0.27088025212287903, 1.9343794584274292 
122.06195068359375, 0.24425363540649414, 2.7920446395874023 
49.2807731628418, 0.18372415006160736, 1.887312412261963 
183.1451873779297, 0.26851409673690796, 2.4052579402923584 
341.606689453125, 0.2388107180595398, 1.9041330814361572 
148.7162628173828, 0.2383018583059311, 1.5238444805145264 
107.89629364013672, 0.19946889579296112, 1.9822685718536377 
74.2555923461914, 0.23626483976840973, 1.7642749547958374 
175.56402587890625, 0.23112817108631134, 2.8334059715270996 
131.65753173828125, 0.2591994106769562, 2.295128345489502 
104.58397674560547, 0.315215140581131, 1.560684323310852 
208.6502227783203, 0.2913133502006531, 4.773259162902832 
114.50797271728516, 0.19530707597732544, 8.204341888427734 
189.93603515625, 0.2554604113101959, 8.904925346374512 
69.19081115722656, 0.294672429561615, 4.512078285217285 
72.8297348022461, 0.21777425706386566, 2.1211965084075928 
178.0247344970703, 0.22794711589813232, 2.4112725257873535 
67.0856704711914, 0.2691952586174011, 2.788970947265625 
53.30308151245117, 0.28791141510009766, 2.503671884536743 
264.4768371582031, 0.2264632284641266, 2.5807197093963623 
98.92079162597656, 0.2398131638765335, 2.316737651824951 
196.48147583007812, 0.41333040595054626, 1.890796184539795 
53.627777099609375, 0.3311452567577362, 1.6850775480270386 
101.77699279785156, 0.2473142445087433, 3.2830700874328613 
97.48234558105469, 0.26975303888320923, 2.236558675765991 
65.3390884399414, 0.23263955116271973, 2.605334520339966 
52.69776153564453, 0.23321229219436646, 1.7733103036880493 
95.18421936035156, 0.2538118064403534, 2.320666551589966 
1129.598388671875, 0.2477206587791443, 2.8334317207336426 
40.43010711669922, 0.2967328429222107, 3.216426372528076 
125.09630584716797, 0.27439677715301514, 2.000990390777588 
92.03382110595703, 0.2259887009859085, 1.332597017288208 
57.10280990600586, 0.24897116422653198, 3.5760340690612793 
200.14869689941406, 0.31242865324020386, 2.239156723022461 
149.65652465820312, 0.22817140817642212, 4.87540340423584 
96.37081909179688, 0.24075639247894287, 3.5720129013061523 
127.42041778564453, 0.310133159160614, 2.3991923332214355 
208.481689453125, 0.3667837977409363, 1.4775545597076416 
124.84690856933594, 0.251827210187912, 6.264776706695557 
65.02665710449219, 0.25833556056022644, 3.2041263580322266 
175.81651306152344, 0.23888827860355377, 3.624809741973877 
95.3837661743164, 0.3631923198699951, 2.2826011180877686 
203.68716430664062, 0.28648295998573303, 3.345888614654541 
83.4636001586914, 0.2547396719455719, 0.9197036027908325 
48.42049789428711, 0.2483026534318924, 2.184119462966919 
111.6175308227539, 0.30188509821891785, 3.984306812286377 
117.5522232055664, 0.29686254262924194, 4.580885887145996 
167.7906951904297, 0.28533682227134705, 7.412548542022705 
115.52418518066406, 0.22068186104297638, 3.655773878097534 
91.06654357910156, 0.2590685188770294, 2.1930618286132812 
93.03148651123047, 0.20985527336597443, 4.460499286651611 
1156.58642578125, 0.21331970393657684, 5.32119607925415 
69.29325866699219, 0.29567059874534607, 3.313202142715454 
142.36428833007812, 0.3098057210445404, 0.7937816977500916 
148.23748779296875, 0.2550128400325775, 2.0452139377593994 
63.469627380371094, 0.19191035628318787, 3.302126884460449 
213.31939697265625, 0.29466530680656433, 3.080998659133911 
111.78722381591797, 0.3042169511318207, 2.254782199859619 
64.09452056884766, 0.21257366240024567, 2.3220717906951904 
40.944759368896484, 0.2203216701745987, 1.280483365058899 
63.290863037109375, 0.220361590385437, 1.876746654510498 
94.96311950683594, 0.21641643345355988, 1.0999375581741333 
565.7838134765625, 0.2903384566307068, 2.5178420543670654 
246.0271453857422, 0.25178155303001404, 1.0162454843521118 
79.16410827636719, 0.2616652250289917, 2.013370990753174 
88.61557006835938, 0.49364542961120605, 1.5259846448898315 
46.86927795410156, 0.3500693738460541, 1.5043022632598877 
125.683349609375, 0.2242736667394638, 1.9979826211929321 
97.96430969238281, 0.2337801605463028, 2.015537738800049 
249.59429931640625, 0.21890513598918915, 2.94893741607666 
104.26089477539062, 0.282230943441391, 3.508763313293457 
152.7210693359375, 0.23040272295475006, 3.276937246322632 
137.3144073486328, 0.3146708309650421, 2.040480136871338 
205.333251953125, 0.26014676690101624, 3.048835277557373 
182.54025268554688, 0.331179678440094, 0.9701116681098938 
189.37548828125, 0.27730923891067505, 5.077676773071289 
291.5374450683594, 0.19595646858215332, 1.4999033212661743 
63.64548873901367, 0.23708651959896088, 1.8588989973068237 
182.72537231445312, 0.22580699622631073, 3.2813565731048584 
125.24837493896484, 0.2566089332103729, 3.663731813430786 
63.63157653808594, 0.24898026883602142, 1.84735906124115 
96.69624328613281, 0.3005255460739136, 3.856600046157837 
181.02099609375, 0.22511780261993408, 2.5988783836364746 
107.63478088378906, 0.2501393258571625, 3.5688934326171875 
211.16494750976562, 0.23736360669136047, 2.881223440170288 
106.5078125, 0.25965479016304016, 2.0037343502044678 
166.83795166015625, 0.2709396183490753, 2.8854761123657227 
102.9131088256836, 0.23668234050273895, 3.229578971862793 
91.80824279785156, 0.3838917911052704, 3.5678188800811768 
233.4781494140625, 0.27919241786003113, 2.8882389068603516 
36.93818664550781, 0.18166722357273102, 1.8764303922653198 
222.30191040039062, 0.22268278896808624, 5.024949073791504 
168.46498107910156, 0.24740898609161377, 1.7440990209579468 
65.42059326171875, 0.185963973402977, 2.1305906772613525 
304.3494873046875, 0.20099087059497833, 1.3819578886032104 
127.5744857788086, 0.25615406036376953, 1.689589500427246 
499.73895263671875, 0.30400311946868896, 3.1686806678771973 
75.40220642089844, 0.2768910527229309, 3.0855634212493896 
74.87846374511719, 0.2565856873989105, 2.727699041366577 
91.20621490478516, 0.38149940967559814, 3.109802484512329 
98.41792297363281, 0.27516642212867737, 2.9081766605377197 
105.07086944580078, 0.24182115495204926, 1.5949358940124512 
65.12991333007812, 0.30302518606185913, 0.7012158632278442 
93.86659240722656, 0.24167989194393158, 2.971104621887207 
99.4083023071289, 0.3080407977104187, 2.734081506729126 
98.68266296386719, 0.3331996202468872, 2.171187400817871 
54.73869323730469, 0.23781397938728333, 3.122922658920288 
151.838623046875, 0.19849979877471924, 2.039870262145996 
380.1783447265625, 0.5528602600097656, 4.110424518585205 
104.70423126220703, 0.22783584892749786, 2.89459490776062 
350.88006591796875, 0.23531363904476166, 2.328406572341919 
120.66165161132812, 0.21456784009933472, 6.708340167999268 
457.56201171875, 0.23394639790058136, 2.6593873500823975 
219.88389587402344, 0.22158291935920715, 4.042548656463623 
64.6399917602539, 0.2415693998336792, 2.165147304534912 
330.1734619140625, 0.30232787132263184, 2.700183629989624 
95.9561538696289, 0.21845029294490814, 2.2724735736846924 
36.46506881713867, 0.2190408855676651, 2.044692277908325 
142.85775756835938, 0.24136297404766083, 2.8560476303100586 
70.93214416503906, 0.27528390288352966, 2.2078311443328857 
182.09852600097656, 0.242625892162323, 3.0920352935791016 
116.49667358398438, 0.2249421328306198, 1.8441282510757446 
48.954986572265625, 0.300534188747406, 1.8932913541793823 
273.4605712890625, 0.3465190529823303, 6.9285078048706055 
44.55342483520508, 0.30179911851882935, 2.1825385093688965 
62.47342300415039, 0.28894391655921936, 3.5292203426361084 
114.69853973388672, 0.2870602309703827, 3.375274419784546 
169.64801025390625, 0.7031938433647156, 3.0928385257720947 
84.44878387451172, 0.3185921013355255, 2.1006057262420654 
50.08635711669922, 0.2576524019241333, 2.362813949584961 
123.1982421875, 0.28725332021713257, 1.6681935787200928 
128.6583709716797, 0.28740155696868896, 2.350667953491211 
124.85095977783203, 0.2727680206298828, 2.2263975143432617 
43.00076675415039, 0.26828533411026, 3.08316969871521 
68.02645111083984, 0.23117844760417938, 2.361060380935669 
165.8499298095703, 0.3498379588127136, 4.878538131713867 
213.06158447265625, 0.2040674090385437, 3.274109125137329 
275.0496826171875, 0.3344357907772064, 2.2164435386657715 
92.43815612792969, 0.22666780650615692, 2.3102097511291504 
119.39763641357422, 0.2618181109428406, 3.2491698265075684 
176.21067810058594, 0.2757147252559662, 2.3038883209228516 
100.43324279785156, 0.23598435521125793, 1.3655577898025513 
167.43240356445312, 0.26322492957115173, 2.001697063446045 
136.38014221191406, 0.2106979638338089, 0.9840884208679199 
69.46516418457031, 0.25029560923576355, 5.6599578857421875 
140.17276000976562, 0.2985151410102844, 2.5446221828460693 
302.34466552734375, 0.29810765385627747, 1.679162859916687 
98.17361450195312, 0.27796411514282227, 2.9203221797943115 
116.29256439208984, 0.4021168053150177, 4.026576519012451 
182.45416259765625, 0.23766739666461945, 5.022324085235596 
156.15777587890625, 0.2355162501335144, 1.9860464334487915 
94.25089263916016, 0.44359156489372253, 1.4900141954421997 
94.68319702148438, 0.22600074112415314, 3.6921091079711914 
148.3328857421875, 0.3318418562412262, 2.464123249053955 
200.76190185546875, 0.23797906935214996, 0.91776442527771 
