26.761391992934726
-435.87510072304445
-570.313570109958
-623.1679203578017
-695.2687722204083
-743.9033826545558
-785.0515757113991
-803.1977863962001
-916.8953440514478
-1003.2905429144474
-1113.248507010327
-1115.013675684956
-1186.763543338261
-1195.914003690874
-1253.792793571949
-1261.504856624725
-1333.6088806698945
-1351.1853469298644
-1407.1391359472816
-1429.0317267811095
-1426.0290647640147
-1440.7488285313275
-1448.989597265524
-1434.1773995323615
-1525.7426402822814
-1551.9948299434036
-1563.770205614411
-1631.4710084855217
-1624.4320893975143
-1693.2686736714095
-1692.4709493802352
-1723.91196648404
-1710.5549723722718
-1695.419930281795
-1763.5871123835784
-1710.5685709088364
-1789.6677604359998
-1844.4083351597867
-1842.566576929763
-1771.1915703918785
-1917.828229191459
-1932.5649112120948
-1913.6356345537033
-1954.9785753649405
-2003.6048587989062
-2052.576256967065
-2034.376930346543
-2075.9836163718933
-2098.680954678323
-2135.423381765119
-2078.3157319680536
-2219.339092894542
-2094.8588076240635
-2088.817214388231
-2193.3898448044943
-2255.685440650379
-2202.4052489345722
-2265.51963480308
-2234.628230209208
-2283.2889439781957
-2200.6435254263606
-2327.4969157385217
-2289.8341591813687
-2300.9289071600547
-2362.5761200699276
-2327.547360882502
-2356.0758810165253
-2392.513619073921
-2395.3533325647427
-2403.7444789108226
-2372.3751532633537
-2410.5462867731057
-2440.1688197734343
-2379.1060919670217
-2480.7307829965243
-2402.0564208790997
-2523.871185335754
-2513.952211720022
-2490.1384322374042
-2476.6579869579186
-2423.218169786375
-2379.7672595474023
-2499.755863337693
-2505.6750479167836
-2534.5455987793816
-2525.3149291878904
-2500.9034349371427
-2581.423748344183
-2523.217796475542
-2542.0941403101792
-2538.8759489884937
-2510.282912728631
-2615.460584279404
-2458.123860934072
-2464.8601543510504
-2577.367822971703
-2594.917204081335
-2574.280148881911
-2511.897050209428
-2375.328837407033
-2444.4611654716796
-2518.9357989366927
-2590.8732517239723
-2651.340846684338
-2701.806306743232
-2571.698180416853
-2665.3516292821787
-2655.2508545058186
-2668.3267385263675
-2643.9700182114134
-2697.4093954486093
-2564.197396164421
-2647.567050586539
-2635.7051965995606
-2633.5028300640934
-2558.0930530656638
-2569.808546534655
-2576.9647159899837
-2594.1889411599627
-2630.9359030456876
-2682.5071925108573
-2654.0822712978857
-2655.183467230336
-2571.772032430861
-2597.5152305848897
-2635.4103868372567
-2569.9974680257624
-2600.9231863033706
-2633.7496642261235
-2585.9282069146125
-2656.2683615628207
-2606.383964069272
-2655.6106379389425
-2652.6029035182332
-2637.6440237778747
-2633.2476575579494
-2682.4034159007397
-2652.162582607432
-2696.7148360935125
-2647.548603313213
-2665.84567935714
-2593.1193451217628
-2634.030868229202
-2599.5848341211677
-2611.604294413743
-2676.4962816344023
-2725.0553722039754
-2675.7576310754416
-2578.453681792429
-2709.3457878923723
-2690.2257576267743
-2650.1671652999303
-2640.5243292635055
-2725.1603263490833
-2651.8144442264456
-2649.0158931699752
-2663.1955689221663
-2691.4363162671216
-2650.3136148301496
-2654.950202548728
-2656.964416710078
-2711.3208006590353
-2705.537494094619
-2690.520063169311
-2636.43677699223
-2652.1567699984776
-2758.3224068030463
-2620.4127139273546
-2648.304900131019
-2686.1899108312737
-2708.4847474713724
-2626.740624435521
-2609.554476743331
-2735.5224987191536
-2724.877938128881
-2638.3082147261807
-2727.4064091007563
-2703.2258533045606
-2641.989601927788
-2689.1166668732
-2734.4137556048067
-2654.550780023279
-2748.2372483089116
-2706.593122713231
-2714.7898596439945
-2732.9750407905403
-2772.807645342757
-2688.08260201231
-2710.205243190253
-2623.526673497526
-2693.393930226882
-2748.032648496203
-2710.920981074282
-2721.149183286105
-2711.5418989202535
-2719.6243401084985
-2741.744365721814
-2740.9603492397687
-2499.560818062577
-2698.534105096356
-2815.489619594353
-2750.671878693181
-2831.0773700228838
-2734.6433599079583
-2790.3404404486064
-2764.5405820350597
-2799.7910564415374
-2760.338265340503
-2687.761517422242
-2760.1666581266113
-2768.2316995229075
-2758.170145825007
-2695.813834350027
-2840.400890804864
-2728.5680890143876
-2770.2731867300727
-2744.5029392948068
-2825.511322477118
-2723.2227422784254
-2824.5472765231757
-2782.7070411662226
-2717.3057890627956
-2825.620747307707
-2761.2867187001875
-2784.0037669430235
-2739.4792683884893
-2748.2743197034474
-2746.9262650509004
-2742.6318417798498
-2794.990843909877
-2798.3310612768823
-2733.146697187427
-2760.4901698950957
-2771.7092641477634
-2782.131826447434
-2728.555839423883
-2730.7051805006586
-2814.5984505186075
-2803.5101219344083
-2771.429008870293
-2761.927058799051
-2831.2720617106456
-2782.560355971152
-2831.2269373303
-2856.878271344274
-2795.554213093057
-2772.4365127390297
-2777.7068722610593
-2768.787793787257
-2776.2684319875643
-2821.5744303791025
-2755.8005457396634
-2757.9239574138987
-2793.7154364725857
-2790.0313321126505
-2710.283726048733
-2718.715709676773
-2820.4346831235557
-2755.1616832242667
-2853.164737616322
-2882.301691578564
-2840.7713341978906
-2789.818323099295
-2815.629426983865
-2825.7475051372617
-2802.7309858377052
-2801.064089921745
-2835.4827075818507
-2808.6351025148747
-2852.4075571082144
-2900.8417297330107
-2761.687220734417
-2749.158897474005
-2831.6265568646063
-2843.118192949498
-2866.9224729001307
-2768.532644737793
-2818.2946413216964
-2733.054686110177
-2788.8484661726234
-2746.8207804212475
-2738.3379450669786
-2892.3425499737127
-2824.432542765049
-2782.149777981799
-2795.3946677972376
-2778.3315134988084
-2864.977528115308
-2761.0991482903423
-2768.61820907782
-2778.563411541778
-2826.2753053152683
-2767.452351375805
-2819.7562320661755
-2751.013769110604
-2812.2527499888324
-2786.854710909651
-2734.80422522216
-2843.2625908624495
-2815.704426655058
-2762.2538252577415
-2790.7947243538656
-2897.0115841348556
-2744.416742885844
-2846.157404429128
-2849.1406213856894
-2802.674742213938
-2790.980144139386
-2789.3913177552454
-2882.5292402304053
-2792.4170723575594
-2809.2391148951315
-2765.793229800082
-2822.3021654168074
-2748.2573700666235
-2892.1213564916143
-2750.3582557157715
-2809.5985707582386
-2788.0025386999496
-2789.569663892604
-2843.484022867294
-2816.243004325482
-2885.2195393481384
-2749.241833980837
-2808.4881748899215
-2872.844575708272
-2799.4983326905376
-2854.4840652417515
-2799.421890513155
-2874.923150928179
-2647.440769564782
-2861.069143096624
-2755.441250442328
-2873.300301185368
-2900.716754336882
-2802.577960288187
-2860.556688877037
-2830.0104244052172
-2829.8217829376995
-2875.1039024792667
-2794.8343058664886
-2808.6739513884795
-2841.068194997817
-2896.7070400152747
-2818.74785666574
-2842.535944506049
-2795.871650938768
-2853.530893942257
-2820.468563734296
-2885.756544381696
-2754.601409461138
-2843.2621344230224
-2869.415649374957
-2806.058106162038
-2740.6305478721383
-2825.778272191394
-2894.352450199601
-2797.129546282996
-2893.531371158413
-2812.071821238829
-2879.2747806832554
-2866.6305292241823
-2872.7661030613167
-2869.948052315123
-2839.9441770529356
-2834.340579900742
-2846.0212518555268
-2937.9477989015013
-2836.057276290077
-2754.827712290767
-2811.024314644028
-2802.1648724391675
-2848.753951974831
-2811.916120058128
-2792.448709562516
-2783.48852976331
-2816.265106599952
-2820.346425130267
-2855.5473091200092
-2900.9708137297644
-2835.4839380203466
-2773.4349511901696
-2910.8972666156865
-2818.8809631598515
-2883.3643593970596
-2943.8477339477013
-2799.7015496929967
-2761.269046576628
-2814.2240148828296
-2885.5210417903754
-2855.5802781318466
-2790.8470156177823
-2828.773447286101
-2898.0498185867327
-2862.934124574427
-2850.234367581627
-2880.3969187038783
-2877.365809628769
-2856.0552515082886
-2829.441663033518
-2861.5452642802416
-2840.268896028971
-2810.8939350435944
-2860.3486704613183
-2874.012475975668
-2776.064915158003
-2751.2526516541784
-2819.948789299017
-2889.7341615222595
-2826.213027628999
-2781.6911175786518
-2848.825272862552
-2865.0888841986443
-2812.67035722334
-2859.1704994493575
-2855.649326914778
-2916.685751961293
-2806.0236126764366
-2815.308706767048
-2822.90054406415
-2783.913535967453
-2910.690784748536
-2849.980683336987
-2862.46872833932
-2816.790274617582
-2799.657411302783
-2864.7824262581007
-2881.6108670453423
-2827.100815475095
-2892.708675211137
-2751.3512360219056
-2821.802169736377
-2858.7913984163674
-2857.6922352650818
-2931.424163027135
-2789.067832918283
-2822.145456134334
-2892.8079454197377
-2853.0453261413963
-2827.1059954697735
-2823.1140633368104
-2880.930690040627
-2882.3187978763594
-2852.6928975986375
-2848.9345114463476
-2878.2155407743103
-2728.255518929544
-2810.0070871251205
-2776.4003584162497
-2863.405462171808
-2923.4814531719235
-2802.5223423098455
-2861.211765497551
-2846.8048469236137
-2852.8535965031388
-2856.9968481074343
-2824.738807923734
-2836.0203133383548
-2884.6554402602414
-2869.558468848054
-2846.8402738288682
-2901.2228674617613
-2834.9656215173836
-2856.8849628619496
-2843.661474617534
-2850.395159195458
-2850.6965234244285
-2819.506203314919
-2902.362383530864
-2791.030338797692
-2847.4271763913257
-2863.7132081689338
-2848.3010119670653
-2851.669946397602
-2867.7907364996095
-2877.434607202288
-2896.8592386443097
-2896.9727989317826
-2819.263977603365
-2860.709851649657
