-62.49375061340596
-297.56580370801936
-298.0482142632183
-439.685529750613
-419.1111961246086
-488.5464967648555
-535.429801308065
-501.6825498941307
-478.1982066774149
-611.1044344572427
-612.0133581644928
-652.1756358959708
-670.3171458705779
-635.4193435704104
-686.558956713171
-643.488293300576
-667.6408821141116
-694.0650570777154
-749.487709462368
-733.1648546385875
-815.3662576411726
-697.833995933357
-764.9458246714509
-756.7020845193467
-814.8555839995635
-815.2263766521683
-780.9108544978128
-873.3997046299245
-814.7924148278303
-815.0256817373812
-775.7803632762575
-826.015876383276
-870.0637772028348
-840.4514387895434
-822.8953980476625
-904.3207969489735
-841.5256019100066
-824.7728446397913
-868.2454670673142
-902.2894550798126
-787.4955768431387
-925.2060747102659
-942.9962868053243
-896.9923561641148
-954.0928725449171
-852.3229525517759
-793.3530084812147
-953.8896984680457
-863.0022259637508
-919.2901793624948
-906.2145951354559
-986.8837969819522
-940.6298511522706
-880.5424359932473
-954.8850049664898
-887.3794909710159
-969.9991726941228
-958.3287510762017
-866.4778215258901
-979.7131288776749
-851.9989946690573
-964.2535774828651
-929.639805683892
-909.8409560023365
-928.7837394657223
-973.0474753665485
-896.2882801882133
-929.1261338616297
-883.2924416537659
-953.7429502636606
-898.1566029386037
-986.8154692891555
-931.5341842405257
-948.5105228687761
-939.5127444025559
-896.8692928766875
-993.111634197323
-913.3957778045109
-921.2278837564354
-958.392590500792
-987.5218870804606
-924.9643478129866
-903.417202090338
-893.5688095444358
-906.870965737901
-920.1262260208481
-878.9536412498369
-889.886680774425
-992.3567944364064
-903.2043530688308
-929.6848036770447
-896.90313043902
-947.5679306874077
-922.8858816085324
-941.3065847229848
-889.0095785685947
-904.0067959073501
-944.392065795336
-963.6175336530132
-958.3959364913027
-912.1960502308085
-981.1042405229559
-906.8235144900837
-968.0992462580106
-968.971792695709
-922.774966055347
-884.1465328585717
-893.6917307277978
-919.1491663444976
-933.6654455738683
-911.0785349305324
-904.2379121033277
-955.4340767662646
-991.6879647074757
-967.3907605799661
-960.882012802335
-973.8181210618964
-985.1804388019896
-949.2881139939831
-926.7786529470699
-949.8298033239655
-964.7511020256078
-996.6747245964367
-950.0511200373074
-1002.2977895429058
-991.7111502407882
-973.3278597818542
-997.6064545943441
-876.8507324078116
-976.163394470918
-977.7243045156453
-977.5728123242953
-957.4519116537912
-951.9122440836946
-927.6262985879924
-1035.3234783471455
-992.2849501245033
-1030.159632247714
-956.158765177573
-995.5025940996161
-931.0162627751926
-952.2729727749451
-905.9872397936983
-981.8770605517972
-1021.398927398541
-986.4864908605127
-896.9632028500605
-1004.0086332971599
-1007.1605793825493
-996.7003951665993
-1008.2177997712166
-921.6737394728419
-966.8713373456683
-970.188979777323
-999.0367203461959
-954.428340050482
-997.986372029177
-958.1543117646248
-942.3472216601746
-941.1557332403648
-985.2002453727107
-960.0679826868295
-937.0590376293604
-1000.9259375734813
-1070.8844294745802
-995.154051046767
-974.7399460752988
-975.4472984103014
-951.9342353300016
-940.1816174994965
-990.5296271978984
-977.2112893662694
-1045.8908401524416
-922.51115475492
-971.2138939431186
-1020.1577542564287
-968.0139733789154
-982.9895836482949
-1025.390142766012
-1020.828024789485
-975.3041969708034
-1021.5804104079849
-942.3956119695566
-1031.5776247824392
-996.6536861147199
-1047.0531559781546
-1040.7122162827698
-915.5389471098025
-985.3306910387382
-978.608024034632
-991.6257415103473
-970.4848529534406
-1057.3602215991043
-994.8121427182228
-991.2536902317803
-953.5262969935544
-957.3460832543087
-1022.1426367693782
-973.5936287031745
-975.3250883955011
-1039.2687360328464
-1025.8342867710624
-982.3962401816373
-1016.8993205672585
-1005.8056299587548
-1015.8667951487176
-986.6822681163313
-995.9329446361911
-1003.4278028637583
-1002.6006974338936
-980.0629615102496
-980.7360672840874
-1031.0605256480555
-962.1574502936156
-1068.0694915490217
-1060.640459579257
-1001.5614242905295
-1020.253173335906
-1028.514956090857
-999.0930271588163
-1059.0195382817
-1084.8909455752043
-986.10985835906
-1068.4840617201844
-1010.5765416105771
-1039.369852162726
-963.6795552688809
-956.5480068488055
-1066.5928802314443
-1030.1345282523862
-966.553427182035
-938.4434299205305
-1104.6559760273876
-1036.3942169593777
-1029.440772307084
-1048.1523656976938
-1048.7280776204052
-998.8636507658365
-1014.5054771109111
-1020.2478416372554
-995.8468813654465
-1008.8518063945155
-998.0453305925641
-1017.8281315131121
-1036.7848736327915
-1024.92297814189
-1031.12836252819
-1002.5235346605151
-1057.8249844318161
-1045.5553372993998
-1041.8887042911372
-1052.0821064188733
-1036.8867254960371
-1081.2267895887524
-1041.8091600128034
-971.0296188993938
-1036.580967837215
-1053.44165988342
-1103.2065928718462
-1071.1666617679157
-1021.1559430487144
-968.62135101793
-1039.393426394133
-1080.1461658741473
-1063.0710466973792
-1064.3290680740286
-1072.218972641202
-1069.363012450082
-1019.1168237369731
-1035.3238353289767
-1115.3262960724016
-1091.414678468133
-1064.1430952779708
-1035.5556566605371
-1018.7544163492968
-1038.800566339273
-1074.716281099803
-1088.221383811142
-1075.2956913660198
-1082.9073716836042
-1047.5760331263739
-1165.7967792282457
-1046.7589774417438
-1013.6045813318772
-1086.0730760767713
-1109.0910925711355
-1113.5222726637317
-1111.3468888981552
-1076.8120944818593
-1108.7368100952992
-1096.4005603834232
-1058.738430550571
-1049.7363923947382
-1073.0525592680901
-1060.9373927489953
-1099.321510723659
-1060.8851651661957
-1046.9959534104519
-1074.642827680034
-1035.1931803830757
-1079.91080979378
-1018.9060986602361
-1022.3066716699557
-1150.5214804548273
-995.8910984883111
-1017.9974530655118
-1052.0361121744604
-1083.3149181137437
-1035.7105865830101
-1055.727548722298
-1076.2195789506359
-1081.0790126818117
-1070.1693497681947
-1071.1210732701736
-1074.9313467526765
-1048.9047427550988
-1097.5120643756356
-1024.964868993803
-1013.9153044037006
-1058.226406686317
-1090.3738133654617
-1051.617262958931
-1108.8019740724344
-1119.7077123756233
-1102.516608897442
-1140.020529804142
-1099.3453315062457
-1144.1476450274067
-1086.2778796094904
-1042.8628176851755
-1105.1815483339371
-1062.2496823781098
-916.797933912497
-1098.246815343057
-1069.0157973997054
-1064.609464829968
-1144.716159064649
-948.1170745796871
-1047.403850485103
-1037.695236030262
-1069.3464980235296
-1134.9202157912716
-1092.0987078407393
-1064.0378129229568
-1113.4006850071216
-1082.6863495083999
-1118.0591151681365
-1103.9344459964384
-1086.6885259601927
-1108.4480653314547
-1057.0066453784293
-1067.3005656756563
-1090.7871345133276
-1155.1525252909155
-1107.2851139191657
-1144.7997500160322
-1142.834534658265
-1104.455340807339
-1126.5359899283553
-1121.1752921776838
-1099.6123047402377
-1095.9169776143017
-1070.6342839403635
-1133.1835106397004
-1092.392646666496
-966.7042644144752
-1053.7045263123402
-1084.093227166734
-1107.1606111438593
-1037.2567104040752
-1146.7976699238
-1067.4973637805008
-1217.6250891267978
-1042.211654663086
-1100.930437501125
-1121.5195946583551
-1093.160493591414
-996.9804866596851
-1075.19436430162
-1090.0974010344476
-1111.6768370949178
-1101.5416578169793
-1067.0570964461647
-1049.7151790478263
-1036.0867552163963
-1057.8252625267626
-1133.3872168228922
-1019.483750009317
-1119.006022457703
-1109.3262292888307
-1072.0982436122981
-1035.3896388743879
-1056.4696704143753
-1153.9445796386437
-1013.1388472807572
-1071.4168361804452
-1101.1341526057863
-1046.4561231938376
-1057.1632224931145
-1103.4135053190766
