1.467092246890068
0.6158080576509237
0.4278824037238956
0.3121708692458924
0.25766922629252076
0.1830526452070335
0.18089712996565505
0.12113080346549396
0.09919127295701764
0.0898581430176564
0.0744383107894464
0.05470274237039848
0.09111918457505817
0.03170935619448755
0.030427421301065353
0.026324305212101308
0.02884307180141829
0.025511587189199075
0.005855884843981727
0.07061476881356066
0.05416836808352309
0.040788509613554624
0.017554663020641285
0.005757240914150138
0.0009981538595133018
0.0005164843950404574
0.0003930429457845008
0.00030813290203973763
0.00025834716105768506
0.00020415067663815024
0.00024381322040163412
0.00013541134150793965
0.00010877535758881152
8.905286526955081e-05
7.378228346816229e-05
6.044556792741673e-05
5.744663075337542e-05
5.403063538649633e-05
5.201195467171971e-05
5.2206382834270925e-05
4.675049897521433e-05
3.0268635515774634e-05
2.543549052003158e-05
2.3849024570914424e-05
2.2150119763665544e-05
2.0549645464392085e-05
1.9203601467715713e-05
1.9000087700739243e-05
1.7043925590328967e-05
2.1625459468872065e-05
0.2481170366599468
0.058273322385381104
0.042078704468272346
0.006728481364812722
0.0022096021627378377
0.0021367441734691257
0.004839360395468965
0.0006733053199356007
0.00020039003104907493
0.000131457708359882
0.00010415292126068466
9.312159605512704e-05
7.302342281688113e-05
6.554114246193876e-05
5.51548212682178e-05
4.7879357330437246e-05
4.306060608189455e-05
3.895697612156113e-05
3.367329719466738e-05
2.972383036518522e-05
2.727006915686303e-05
2.497503052739347e-05
2.3777007533595905e-05
2.0903263965657004e-05
1.918192800972207e-05
1.8257454080277568e-05
1.8451463002122637e-05
1.6857689490741734e-05
1.7187341809560053e-05
1.5844800788869405e-05
1.5548458629723426e-05
1.8939728963061954e-05
1.659821950773477e-05
0.17880279118519948
0.018115251718722077
0.031590566174200946
0.013951716092186615
0.0020541454069734756
0.0005605984542617861
0.00028428284896298093
0.0001706944720602266
0.00012105822371496088
9.272992958688774e-05
7.682212959635137e-05
6.667958735595648e-05
5.753246226612419e-05
4.9291967193916265e-05
4.341527716449889e-05
3.81630591167621e-05
3.417909479674819e-05
