2.300426945090294
2.258582264184952
2.007746823132038
1.3284211941063404
0.8918179646134377
0.7779125794768333
0.6790709644556046
0.642831239849329
0.5842660702764988
0.5439859237521887
0.5038378573954105
0.4873205525800586
0.45023711770772934
0.4420661982148886
0.40147892385721207
0.37531736865639687
0.3739850679412484
0.3429293008521199
0.33630198892205954
0.32176289707422256
0.32407159358263016
0.3078805711120367
0.29464224353432655
0.28249555360525846
0.274072696454823
0.26185861229896545
0.2513629123568535
0.24173538107424974
0.2152875429019332
0.21567120496183634
0.2141303112730384
0.2156164674088359
0.20494075026363134
0.19007874187082052
0.18590528704226017
0.1797872819006443
0.17695172829553485
0.16618744283914566
0.16818519704975188
0.15666516358032823
0.14592292718589306
0.13967212894931436
0.13214681297540665
0.12690963689237833
0.12586169922724366
0.12248092261143029
0.11545105115510523
0.10865957196801901
0.1021822418551892
0.10540458920877427
0.11067339521832764
0.09776631859131157
0.09774309117347002
0.0896488893777132
0.09613410802558064
0.0987537857145071
0.09709828463383019
0.08570225047878921
0.08408262766897678
0.08389836153946817
0.08755555772222579
0.07284873374737799
0.08409316162578762
0.07753256394062191
0.07291178265586495
0.07592721306718886
0.07968531921505928
0.06680217629764229
0.0554255839670077
0.05535734136356041
0.05910531309200451
0.05299182276939973
0.054516126576345414
0.047639988479204476
0.04437737195985392
0.05179164482979104
0.05718971410533413
0.05094131198711693
0.04076311265816912
0.045351478562224656
0.038868686882779
0.03811644349480048
0.03485676372656599
0.041264909552410245
0.030057519965339452
0.036895944067509845
0.03898621938424185
0.03119595773750916
0.021470635780133307
0.019047895970288664
0.01988102903123945
0.020963746545021422
0.021665725449565798
0.014151659765047953
0.013298367121024057
0.012713969452306628
0.014252065477194265
0.011981104682490695
0.010876234053284861
0.01028490046155639
0.013435504675726406
0.009939743933500722
0.01054340839618817
0.0083584958629217
0.008457982374238782
0.006961333885556087
0.006864864313683938
0.00787365814903751
0.006235883352928795
0.005866140672878828
0.006285372575803194
0.0062179458036553115
0.006438177631935105
0.005738206833484583
0.006444585334975272
0.005185412304854253
0.004784413147717714
0.004362794308690354
0.003809716596151702
0.007196265289167059
0.007188125302491244
0.0041047260237974115
0.0036941219004802406
0.0034755544729705434
0.0035145316724083386
0.005387159042584244
0.006314824735454749
0.006478961768152658
0.003696430863783462
0.002720794134802418
0.0025177634961437434
0.0024628267783555202
0.002719330044783419
0.0028845915221609175
0.009182490699458867
0.007097557383531239
0.0065556586341699585
0.005019053503929172
0.009959563671145588
0.06724487723840866
0.12396521310438402
0.1052538612857461
0.08514750355971046
0.0604713469510898
0.023216302128275856
0.01607328187674284
0.007498922990635037
0.0049941301040234976
0.0040057706164589035
0.0035782151026069187
0.0031729368565720506
0.003095798754657153
0.002705390470509883
0.0026753382917377166
0.0023578417149110464
0.0022179580519150477
0.0021198254653427284
0.0020083253912162036
0.001799066347302869
0.0018264103709952906
0.0017513157308712834
0.0016430344367108773
0.0015133498891373165
0.0014821308286627755
0.00141418208295363
0.001374014394968981
0.001339918697340181
0.0013161406386643648
0.001267642774109845
0.0012334007351455512
0.0011781002322095446
0.0011019314861187013
0.0010598729586490663
0.0010849498121388024
0.0010376670488767559
0.001018212737108115
0.0010180697863688692
0.0009496589227637742
0.0008962505071394844
0.0009046586674230639
0.0008728210068511544
0.0008683202422616887
0.0009060746506293071
0.0008328141520905774
0.0008313823309435975
0.0007798098631610628
0.0007764424935885472
0.0007281591115315678
0.0007331597007578239
0.0007144127121136989
0.0006870683282613754
0.000691206789269927
0.0006502326850750251
0.0006399875728675397
0.0006323200495899073
0.0006236312601686222
0.0005959605150565039
0.0005994753282720922
0.0005976706477213156
0.0005729030199290719
