1.209198511812292
1.1074394388032842
1.1574296290453456
1.1660487904309995
1.1927966345782561
1.18129346002713
1.16728181994716
1.1724715158182741
1.143974852032457
1.1648300734133674
1.174398079762991
1.1243276844691972
1.1541433966399361
1.1513594576781923
1.14456315214268
1.1518139969052468
1.1426933178300756
1.1539726075766823
1.173745541750151
1.1279386395487287
1.1754042530059814
1.1604596316297247
1.1461318194774834
1.1565637990438076
1.1381240293635746
1.1756958287870471
1.1531919558536603
1.1493174812499911
1.1586753973019084
1.0985060683472108
1.1745566745016691
1.178111047905152
1.1613067546817992
1.1582473091626933
1.149624316364081
1.1329207422568444
1.221935186969055
1.1210511942870802
1.1492124385641593
1.166280398964063
1.1680465426650786
1.1173582726329012
1.1720855711628166
1.2002253728951195
1.2085425076474607
1.1774873356045077
1.1608024264752477
1.157258239566719
1.1853683005255662
1.130386544812044
1.1059018386834925
1.1739282264525333
1.1810889163277234
1.1353270376072606
1.1896535192717514
1.164928759328778
1.144012065620704
1.1339624839973144
1.1482343784585967
1.1259176407510378
1.1603200504303044
1.1173559344765456
1.1585617416460345
1.1231591713700149
1.1198492047391133
1.132499207443012
1.099272413923523
1.137152306930826
1.1207753574197883
1.1236136631951934
1.1509512697281152
1.1474172729252128
1.1050199766708702
1.1008789070733784
1.1075844471973233
1.1332033431372546
1.153369236853905
1.1431501237427746
1.1444122031667257
1.1110301737814197
1.1189976422975048
1.1454333798855028
1.1003158775081436
1.0977396030813258
1.0759186544496435
1.0846730461138534
1.0997303082603656
1.0838942131023421
1.0859529016160474
1.0983903999490017
1.1215861039094157
1.0894729117996513
1.0703671545660032
1.0909589515564748
1.0950734873321202
1.1111339721361089
1.0829951017442887
1.0747270591142648
1.0811369515344846
1.1110255558739697
1.0943847581022519
1.0895067431586634
1.1039764659770424
1.0850256743864959
1.0693954812288204
1.0353140082605101
1.073773844318395
1.069089942753347
1.0528991179921927
1.0554477991556288
1.0421362679349362
1.0664860479244922
1.0996119947007177
1.119970483940802
1.0815906254055034
1.1120086942652339
1.0467741603824283
1.0947261852475536
1.0494835395549365
1.0504144761687428
1.057462540792716
1.0327793472523616
1.0131528401823415
1.0407816841209356
1.0182200580098473
0.9842641897741788
1.0152324973774363
0.9666608117025425
0.9550871826258007
1.0024225859203797
0.9733954998734508
0.9676756910622809
0.9439472434025186
0.9749954683694043
0.9123745064547174
0.9394218285138217
0.9428761493729795
0.9549092739422514
0.9305706542585864
0.9195297077528425
0.8620233730185273
0.9051546182258633
0.8978717111829861
0.8646580813926222
0.8873577369910374
0.8251050561831325
0.8768726092186051
0.8443067910789596
0.8298975109149186
0.8198168698201034
0.8232256578686519
0.8088975497264472
0.8015728439521659
0.8138787795470345
0.7678680876635161
0.782258376643211
0.7621444584940796
0.7627792133845644
0.7199410445220736
0.7328394651578165
0.6778007677384132
0.7115516889199455
0.7200249342941868
0.7426110442158101
0.6902797814478544
0.6653738318662009
0.6872845868311935
0.6813703428054193
0.6152742726014457
0.6492504864806321
0.6068016386586577
0.6460064404060744
0.6406679541803377
0.6230589735965575
0.6122803937507241
0.6165317400838926
0.618874325686048
0.6121414951677184
0.5902810363663973
0.5943663474365631
0.5729289267467741
0.5763785142830627
0.5697866956554782
0.5736822868512921
0.584743103709512
0.5615369516252089
0.5277142358473235
0.5500493551153028
0.522317872083679
0.5387777552102752
0.5010713445698572
0.4980657834660843
0.47213185081146886
0.5197281473440616
0.506123858534355
0.5048961701153618
0.49182972234600447
0.47989924864874045
0.5077719178028893
0.47464857707028685
0.4953403341967321
0.49845740670603056
0.4544960308305987
0.468308843180494
0.5012498202947004
0.4663768552870881
0.4327353856946187
0.41947276372822323
0.4898838778845305
0.45009377137717893
0.4635275109579733
0.423902602077074
0.41099786888596496
0.45723899342575275
0.4415859138789688
0.4323190537664226
0.37081939757803173
0.4195095198115409
0.44157619389932085
0.38877880316273533
0.3935914813905938
0.3680940128091193
0.43394161938804543
0.4085135674014968
0.3903637846192622
0.38028562395780835
0.37735798940925874
0.39062132119717907
0.3943333808233423
0.3575117665232741
0.37270783506797983
0.3641778041975299
0.36270696587719115
0.3878679634494902
0.3406269415573913
0.36494695527302073
0.3861980218553111
0.3774874713664885
0.36185399184702777
0.35662753640660494
0.3291922443369917
0.3792147944259341
0.33750725916070734
0.3677918848630241
0.3460587587211865
0.3172014680577451
0.3394307270240628
0.3567494851741949
0.33045774723330046
0.3501479296436221
0.3448905396503269
0.3423061516494214
0.3202439263465132
0.32794230819813885
0.3351204181791917
0.3509161199167041
0.3372684980038376
0.3059311896268048
0.33481899247019964
0.3108318597057124
0.3245224405513579
0.3126459143035867
0.29833177694585633
0.30573238478030124
0.3285966437698605
0.2883483756783096
0.3014840691133689
0.31457123591370245
0.29596939062112365
0.2931382671431917
0.3048394738551242
0.3477504550376408
0.2981460055068424
0.3020765229232382
0.31280709715591554
0.2898533228170998
0.31808333619593093
0.2676964763453367
0.3071272674054845
0.3089018992597549
0.28533046006635826
0.27323037482386825
0.3133731112852496
0.3113828712905605
0.28920314363281996
0.2897913050192761
0.28099170476856894
0.2691103004508574
0.28816475990366924
0.25217765000793013
0.2206773206990723
0.2717084536999682
0.30455252663721416
0.28130584325502217
0.2614100107006246
0.3040080891795277
0.2914753566553859
0.2562319998883259
0.28225842312220134
0.25813146394583525
0.27481143789153434
0.2875954288888143
0.25778043734834116
0.2875836113050973
0.28177703808454846
0.2719041722141846
0.24913740663053796
0.26790700539833234
0.24464747187836766
0.2651587421232761
0.2502057191193716
0.25027724103404053
0.24459160142765446
0.24462997596279057
0.26195337791921075
0.24265809550525894
0.23260566040815497
0.2588395751650076
0.22460489898940156
0.21992774286608827
0.24083500717042203
0.23934560364335622
0.246319770395009
0.25391971143630293
0.2511243112258851
0.23717637641184425
0.2316036055603517
0.25590693836783684
0.20846595804243598
0.2232912050689634
0.24413442691798204
0.24619567346520785
0.23754916586225966
0.24648286357412091
0.23330984933984594
0.24881504200515822
0.2548866209005075
0.24058074687446568
0.21651383646326922
0.22770094707784624
0.2277840435900037
0.2341091842933786
0.1982967681260735
0.22036077793782183
0.1992133265456959
0.21496649395286982
0.25143705501903457
0.22703686326143402
0.18910034893734565
0.21688532598702245
0.2066620002661422
0.2552519401093181
0.21024142818943634
0.22692914541166578
0.19960850567597868
0.21024239880192255
0.23005885291038233
0.25007713212467153
0.21664622330123062
0.2190824036375741
0.179433158518712
0.1998294111494518
0.22093829499729725
0.19606276332392567
0.21080575164943116
0.18567420042325036
0.22457876968090984
0.1891110528950013
0.204103493683524
0.1977010646113937
0.20621481642973133
0.2015680082461831
0.1996957890013079
0.20805208744711046
0.19518749296815843
0.21935615837584857
0.20282810302804413
0.18708274631718874
0.1904342192449857
0.18681423390689958
0.18835256961681926
0.18725596641846912
0.22266021535281477
0.25938826161154155
0.20183270890565028
0.1859058137550631
0.18430542249405746
0.2240987618591887
0.1993062054284228
0.17507189967620265
0.2016753855203435
0.2136235672784778
0.19246842395085778
0.19317683334409746
0.1884228096544854
0.16412710624891952
0.17453893227062062
0.19480491002775127
0.20737312097164246
0.20208482692576044
0.18833508610939398
0.1814643051898962
0.1959841623342206
0.1654449473007259
0.21427664585561287
0.1687816279837739
0.188936713734973
0.191220162588429
0.15484505943293012
0.18362200871408899
0.19579516061675006
0.17561135521921115
0.1726916608792038
0.1722704956296339
0.1917679889610686
0.1988551236792148
0.16690747497658612
0.21669224787780525
0.1759276053944721
0.17117812415229744
0.18011182603367024
0.18433281471101107
0.17310588519936962
0.19437708967118894
0.17029907346891002
0.19853737581669234
0.1651890207205458
0.15234274300322584
0.17814352709903972
0.19230546273798252
0.17849358673639035
0.19021213929040004
0.19509593905573672
0.157674052600505
0.18031938938774378
0.13840181980458044
0.14640661242789288
0.17998748258903602
0.1907260210748674
0.20192649220496847
0.16710281081140868
0.17492704682902474
0.15658264240700556
0.1723582228091935
0.18275464787116066
0.19857350082989922
0.15557109271404548
0.17427138464882175
0.17795264005385097
0.17127696567380565
0.1817472779069838
0.15130821462768324
0.15199703559090527
0.15751959112583278
0.16307309405145198
0.16155845680174688
0.16055453106950987
0.18103964058517374
0.15713849499497842
0.15500882193712967
0.1752930687795745
0.18373939824848773
0.19031719622265358
0.17237709209005228
0.14890035248275757
0.17221085796606403
0.176080640382098
0.16224673413938331
0.15746921614184373
0.13935491034348854
0.1606766187104062
0.17716108875601846
0.16298200219282563
0.15325850142377465
0.17476307394341653
0.1871866631577952
0.1538695823575026
0.17341770143319535
0.16810435662964443
0.149984532471076
0.15958539211243086
0.19181659711003943
0.13357469354574547
0.15983613096227922
0.1422976522362868
0.1616587729456155
0.1570057054857866
0.15392663443248508
0.15078668386479419
0.1714594851238442
0.16174480920827777
0.1631111021106231
0.16191113136558993
0.17175391649828778
0.16201820669109576
0.15130764011120554
0.15531148289530494
0.15394625438188989
0.1710806878867241
0.16023905456383852
0.16953754199912915
0.13807028823177633
0.11111299992674942
0.16290091024605569
0.15315371206343883
0.12180123853065698
0.15471804761855315
0.1536296879878901
0.1573909728375004
0.15901012267018327
0.15181607749170214
0.1645401471707425
0.15396816265398408
0.1335427439151707
0.1662724347451936
0.16393515960459468
0.16541900895610187
0.1342778154189175
0.1698804955397885
0.16231169236945814
0.1475501202420616
0.16412938443340827
0.1528869580378922
0.15479026834383278
0.136036246642999
0.14590423127667257
0.14350172956473012
0.1484567094381673
0.15663917849047135
0.12849423441116908
0.15965066403464495
0.13856189443863937
0.14904274741651513
0.1612908393164847
0.16824539442147218
0.13369284782447502
0.15238649938441237
0.1331459287759344
0.13695327506375954
0.1378914632207732
0.15440534909333506
0.14418605247450147
0.1428181927902481
0.17170716205658068
0.15336567272058674
0.1390117383034034
0.1530122432709363
0.1440640505683681
0.12468228640258752
0.13535978309728275
0.1360014194108663
0.1424532178935474
0.1494253953872346
0.13612793160811593
0.12394038607747254
0.16238418666992974
0.16378261370117012
0.1397500253549371
0.13411254886829893
0.13085507228782695
0.146636853279782
0.13670302633743814
0.12678285860719965
0.130701268323886
0.14960430531548005
0.12298118002226023
0.12600591386607532
0.15804287956519406
0.1413605194702319
0.13980026300727866
0.13452555029053914
0.12742316399787793
0.13213457931058148
0.12659818853323312
0.13425078593898265
0.13610608987831443
0.12892520114507772
0.14574201549178395
0.15357548261088733
0.12239009461937479
0.12773201310373392
0.11990706888886844
0.13666547799338713
0.14834435643690372
0.1256190670143323
0.11817458509085862
0.1430985805331713
0.15127031888200668
0.14054851015383268
0.14897376672433904
0.1117179072827417
0.14937216173117254
0.1209730395870869
0.136042211765916
0.16143502741932475
0.14642548354193635
0.13932351659601638
0.1316828723764627
0.14031318512925578
0.143524221293983
0.16001561032894998
0.13849603114700315
0.12329958268191396
0.13775076480243972
0.1280300693214714
0.1570150798581411
0.12182230457300557
0.1501623936809503
0.14390124855779254
0.1355441150109176
0.10851977257208135
0.1457622061492199
0.12226281389682578
0.11604030306212192
0.13028556073125044
0.11718159978337646
0.13446000562162524
0.12982450503266127
0.12486497059547692
0.1301860879342364
0.11615162866826087
0.1442722573398361
0.12968836056520464
0.1252509585412256
0.1276046900027994
0.12382401324821572
0.11709376180261895
0.1350491079692728
0.14295831816448948
0.13445885823751272
0.13283592728473426
0.13025134675369635
0.11999878463571446
0.15508315806426234
0.12506910180618225
0.1263340513961674
0.15146847866177532
0.11962633301130009
0.12022096911300077
0.13220397218665475
0.12290152426906112
0.139594747279409
0.13258754371128534
0.15237497880975712
0.14333782462346306
0.14471804846570158
0.15396079197170087
0.1330052783533501
0.12438479573946931
0.1157174414746303
0.13503360261268832
0.14342859230904784
0.13276855095018722
0.11064649516009584
0.10600651771277982
0.12614541760780035
0.1324309932242734
0.13453517143674776
0.1170252072232338
0.14951126825297376
0.12091436623409006
0.13815858359538685
0.10582528517754922
0.12858702635568117
0.13113107547277061
0.1015392387528087
0.11394029711121481
0.126246291089809
0.11593523219579678
0.1256219868248463
0.11490604184687894
0.1101096677281752
0.13960901086835967
0.1360720897078402
0.11459685220484891
0.13136598226221416
0.12593706263244325
0.12853383798598753
0.11884671318978382
0.15903304700005033
0.1442422853221177
0.13394268060433276
0.12390276619254374
0.11392627630695461
0.13443167116182414
0.11448868274491811
0.13940476231028853
0.13527227798320893
0.10870427588376494
0.12165889642240903
0.11992415867308173
0.11896734129118891
0.13484208095882455
0.12922172222144093
0.11267416449678222
0.12646893765018058
0.13721080792810322
0.12831410848488398
0.1177520951992895
0.1348744567882224
