-221.30209740990833
-1093.1749260288443
-1270.702159513569
-1399.4495384768343
-1415.3773348530501
-1512.7318924619005
-1608.9445473028688
-1644.2138002356705
-1778.1889578575106
-1823.412724822262
-1850.1593850017257
-1974.33605260619
-1977.5848812534991
-1997.0739238505462
-2038.1085610610878
-2095.0643312103894
-2162.732774366474
-2154.65804986476
-2157.2513973540413
-2251.6295092127984
-2219.96504149145
-2257.6158380773823
-2292.027009868445
-2279.741056651043
-2360.7739108055553
-2347.6940723624434
-2403.8765767792825
-2400.754374601403
-2413.4047129813284
-2494.2586927962434
-2438.9854721607217
-2427.744695999627
-2447.4649184019977
-2509.435402716246
-2576.069520090418
-2596.8882315216347
-2445.586170798109
-2621.6920375080854
-2619.79561806079
-2570.0870877789653
-2644.9960049291267
-2642.1412776458683
-2620.20668443103
-2625.5188301949865
-2595.0018126323184
-2643.727094094696
-2698.0496196782215
-2676.9318595985314
-2681.830472871855
-2804.697602153488
-2823.715573018911
-2761.0986905354516
-2734.662250780661
-2793.905462459642
-2720.1356041170447
-2817.368446930441
-2851.746087861636
-2871.963910897278
-2868.5735240363015
-2871.729777037102
-2846.3508580620082
-2928.5495434338177
-2882.6351303107663
-2917.1524302565763
-2931.286164628774
-2834.6571132468825
-2922.354765976957
-2911.8262337948263
-2957.590817920352
-2966.5248243795477
-2894.1203863395167
-2924.607040341577
-2997.3560451302324
-3071.3058106983303
-3012.206124413655
-2989.9752640591482
-2929.012736488583
-2960.390902036196
-2963.835852062105
-3028.9295899385866
-3001.821228912014
-2991.808910720202
-2993.135564064493
-3032.6453338792903
-3091.323680318574
-3070.446088589189
-2999.9692937819104
-3091.3810168038053
-3035.813395172855
-3051.8952288654164
-3051.3397279360743
-3089.721759314882
-3081.66958755111
-3085.967979388688
-3053.7727961779083
-3078.1891071411587
-3160.508454614756
-3133.501854296739
-3160.542251289665
-3094.28568598335
-3022.517405954053
-2390.7770588579338
-3126.4127638326727
-3165.8152527534894
-3185.1657264298988
-3270.9363774174
-3203.099967149724
-3317.5625539719504
-3221.637879309716
-3270.464831732642
-3249.0666948789126
-3239.5457618302894
-3199.4777121004236
-3153.311216987794
-3179.3673040216618
-3224.533448596169
-3244.979037934199
-3124.9187027855132
-3195.8008310746172
-3223.937753935692
-3228.3854075132804
-3231.933342815109
-3282.147710796632
-3124.7958207422375
-3131.8553383779436
-3254.880343322188
-3146.792322218971
-3237.8145407144125
-3216.5349361564763
-3111.5301980069926
-3131.136421005447
-3242.3967784534802
-3220.2597631833105
-3187.4742646916234
-3309.4389764223115
-3138.9837283132692
-3255.6337374260784
-3204.379123935452
-3172.059562385856
-3251.7611182784326
-3193.149561882019
-3328.963449715241
-3353.754197087049
-3306.3889049749428
-3311.962143142502
-3269.9644652456873
-3222.814447505576
-3202.7480053167396
-3358.446275219183
-3316.159842991873
-3202.569591522217
-3325.443614216594
-3443.4339608385303
-3173.0479931645577
-3433.987721006149
-3344.301755632673
-3366.8695421908915
-3370.862030326546
-3428.6367354525705
-3358.948189701795
-3450.291023551644
-3374.8318332254553
-3307.0215231447805
-3293.5116631184083
-3424.520089873135
-3418.269138951912
-3317.892286976547
-3288.502740951991
-3570.3264280365215
-3402.299713955739
-3449.3069938702133
-3401.43886697801
-3433.009738992893
-3466.373439130624
-3336.6022182457523
-3363.764370336161
-3223.883545891473
-3432.7889555327747
-3375.8475811096646
-3423.276626049035
-3488.1366903060884
-3544.0167471721134
-3389.3074626285643
-3394.507661497438
-3476.897903194675
-3435.6346937190183
-3565.078223771642
-3462.482689993722
-3515.112847535199
-3334.2532231431724
-3507.3971616288504
-3435.949515443565
-3394.0220774401096
-3472.706169680452
-3421.741865848124
-3499.7678734172473
-3411.611633159234
-3483.531921938753
-3618.0704275920352
-3524.5665424042595
-3488.152690689285
-3435.832679394667
-3578.7513597024836
-3395.555413042681
-3454.9876469769592
-3545.8928633992437
-3668.7609032116043
-3461.0315648859196
-3423.995373387947
-3482.5171771783776
-3481.4824575590515
-3474.8329624147714
-3558.819651927488
-3379.1987777455174
-3670.965247414329
-3319.49137830115
-3502.2163074967593
-3418.00398636572
-3501.4938181238404
-3540.4863193632277
-3544.348828996931
-3437.8950746780424
-3328.090117261671
-3516.3797685839027
-3533.7033977614706
-3434.087725991442
-3587.5966525953645
-3584.4579874863207
-3522.653436246741
-3651.0263404492325
-3471.0678030236977
-3489.6131442889214
-3556.1692339555675
-3459.272907773727
-3529.731693812779
-3494.2698552161733
-3486.8714356714368
-3639.8585748619407
-3424.534151569147
-3452.7857399340683
-3584.6255810212115
-3514.233863689019
-3611.574911170634
-3579.967267264683
-3587.0136766628343
-3603.640426437576
-3442.0683421062404
-3695.890823562424
-3587.109699542978
-3562.637585528485
-3531.0682884633875
-3582.878665053557
-3501.38544658031
-3577.0307081572864
-3565.134796729999
-3513.7356873407875
-3554.398283553256
-3596.8480761073297
-3561.5464648811185
-3531.27199021872
-3503.9123902612805
-3579.2447333397804
-3576.1319125286946
-3645.682493461085
-3507.4485674346756
-3512.0271109897703
-3677.7711157719145
-3536.276764510514
-3669.312295209499
-3530.446206200764
-3622.890883182108
-3676.8833128127626
-3631.7823624195107
-3611.127878617267
-3620.0454241269595
-3524.9865626970336
-3671.422830330419
-3468.598061131635
-3675.525778563434
-3517.67905365514
-3644.741571628096
-3591.2521150408515
-3615.9158598699905
-3629.8008045769798
-3549.346296207803
-3525.2336689625245
-3520.85720791224
-3578.761823353387
-3674.0229097553884
-3409.417246377977
-3668.5165246528245
-3577.458457945008
-3693.4234567051253
-3453.0066263910126
-3646.6464538291125
-3595.9257401022264
-3576.1856412020597
-3562.1378546663473
-3606.241282963797
-3531.7549691846066
-3628.881168400865
-3626.437593368077
-3727.4159982146934
-3621.249234356995
-3660.73758254467
-3623.866565258472
-3603.791535499587
-3506.946636702444
-3640.687009793708
-3587.0638739138235
-3549.4441534831485
-3558.696084767414
-3594.006163135309
-3834.944831635824
-3651.2820816960098
-3588.455221823726
-3640.7236602620424
-3515.436163628035
-3536.810610358923
-3691.1574986728533
-3629.47422807513
-3629.6190548049276
-3711.3319134119492
-3679.8440301502346
-3735.8957253564045
-3695.7137740352823
-3608.5375298409826
-3757.776538042058
-3609.847787188245
-3606.1664087015974
-3557.9588535853795
-3612.362277616596
-3806.2089818554596
-3588.111023090766
-3682.338186934618
-3647.868423277903
-3657.011528199148
-3749.3578312295267
-3645.4551817375564
-3663.2777904871446
-3682.4107781518146
-3606.27198078106
-3627.3731138834482
-3520.281820973129
-3605.1512233189173
-3628.806763445513
-3666.252442460777
-3569.3048821840302
-3622.6598651298564
-3740.44078004515
-3678.9810712244603
-3706.576856892715
-3672.353716820202
-3611.1643472151322
-3580.9710481038564
-3683.305823840989
-3629.577986028951
-3671.7039141539963
-3734.5677392283706
-3570.438860470377
-3711.151834236669
-3765.023191774046
-3582.9047031296427
-3684.4474644563634
-3729.834912018785
-3620.533938731687
-3646.4290120933406
-3582.15466187217
-3659.136950264614
-3663.873199349653
-3726.3232752476197
-3666.468959946358
-3699.1064865027374
-3573.2356006997416
-3664.223623994109
-3631.203104808291
-3715.1641826558866
-3623.214182936858
-3675.5676609863817
-3706.297193481219
-3750.081999260331
-3607.4952586780896
-3680.8666031205807
-3755.6613828202567
-3608.124725738129
-3667.887749893104
-3659.1460261123743
-3613.8555814410406
-3737.909357499103
-3710.5308584167256
-3665.7368473201605
-3586.2128489535016
-3766.9811547727
-3670.6749900435693
-3719.480324771718
-3827.8644958524405
-3688.484193196766
-3768.742718457733
-3623.6653522781626
-3630.6043636767895
-3716.701169482852
-3522.997648072818
-3607.8116926005687
-3650.637820411923
-3725.3930961488572
-3707.8843702978015
-3733.4665874417506
-3657.561825562939
-3705.935409687446
-3741.0398878051533
-3682.6164771594895
-3555.8425874444683
-3679.9600181084174
-3656.62760289746
-3638.0207962574013
-3745.528518676758
-3750.3360793019933
-3594.5815330250584
-3714.95424911131
-3781.8114790482955
-3800.795615081221
-3641.7881453307086
-3703.054247861448
-3714.9964827783474
-3733.576670165407
-3705.041658362564
-3756.165860064618
-3771.4837955906573
-3744.337103381891
-3679.107508275416
-3767.930927623402
-3588.916922277334
-3665.52403707982
-3739.3782142540076
-3665.684893040135
-3704.1720225346553
-3746.9221466007834
-3660.4933217460903
-3714.440712810226
-3707.530970120474
-3727.6257932022463
-3560.9358745567874
-3566.208630733455
-3598.65840494301
-3687.832130729378
-3768.600016974341
-3648.3894554237268
-3681.877595197292
-3618.130319439635
-3683.897628278148
-3692.0405543509573
-3785.6508728267972
-3769.6415370594373
-3691.088702653025
-3759.626061037874
-3728.5134371331096
-3657.988807465902
-3863.865027560374
-3652.070210784176
-3718.7922047206334
-3771.0359718591694
-3778.4237268904367
-3715.4585059454357
-3818.072513990809
-3667.5295337400985
-3828.054756879364
-3772.378409150359
-3588.3581855911934
-3563.3325572093477
-3673.860656819671
-3770.491826101668
-3742.205997700594
-3745.7731303496353
-3768.9292155462203
-3710.068205937826
-3801.59541057523
-3726.8976189608034
-3724.839840197165
-3678.1710630002844
-3701.817478838126
-3758.1167609368717
-3674.1733881608898
-3680.055475394226
-3635.3322122888794
-3724.8184040189894
-3739.0513018040133
-3738.02449720733
-3852.813494114354
-3740.488922777335
-3727.2431351868695
-3866.7555930397725
-3748.4259700916696
-3738.821832150829
-3697.983738708142
-3723.7526518126365
-3802.6462828967037
-3693.3327694593863
-3732.0001188147266
-3813.917569756729
-3656.465781558644
-3735.131730739615
-3689.9604123315476
-3742.8956476045228
-3739.538311036487
-3692.808830473551
-3801.0373700766486
-3752.804882686523
-3732.6399147161083
-3780.3672343804355
-3665.663398417117
-3790.5036474875483
-3717.884075727445
-3620.1019372886985
-3785.2841333732536
-3765.613236181369
-3902.6293479055994
-3788.0400392040474
-3725.744208822445
-3785.521224970278
-3785.5169942993844
-3674.3993971829955
-3749.7032855145344
-3778.8348703048223
-3705.1413053325023
-3865.6072002686906
-3681.208015314502
-3608.5529794286044
-3877.6672695351
-3779.317244634115
-3577.446912717731
-3776.1722164260214
-3660.0479423367246
-3778.831890760857
-3586.934814354042
-3818.352331441055
-3794.493586212894
-3838.8411922419446
-3727.8741079836477
-3718.6683248261575
-3740.7646602708464
-3622.3499003394413
-3743.846737070738
-3743.28438415952
-3777.0971643451417
-3780.364807850797
-3784.8154246484196
-3743.0286755729917
-3894.4052298409597
-3757.7345915070714
-3713.6618629837744
-3749.6962364494025
-3563.62886683618
-3654.2675081582147
-3660.547222349772
-3688.0562234429126
-3815.4107492620296
-3645.0086635384355
-3785.173608748059
-3770.1637630285713
-3793.4594598320728
-3740.0689055490584
-3698.2416358056007
-3740.2202845415954
-3752.041245476434
-3805.5219530006507
-3837.22360093253
-3664.419056710153
-3711.179152225077
-3779.52961897275
-3666.8260137101493
-3683.3935182249393
-3752.5556736169365
-3671.935708521912
-3684.500668499156
-3738.2475721256633
-3719.8053302517187
-3795.4439287167975
-3788.6071021198563
-3645.068695811482
-3744.1795859823424
-3763.499709184183
-3790.6339236455856
-3870.155684306582
-3761.768719221975
-3781.297864598998
-3742.665258929548
-3731.0308136948847
-3859.756425133884
-3816.97903369486
-3736.9910086523846
-3755.4598056177483
-3780.8825200068486
-3685.687455810731
-3824.473139605407
-3708.1406254706444
-3804.449860553352
-3641.064043147666
-3755.1688561377587
-3772.085487570966
-3775.811344012259
-3723.2280707492014
-3786.0717147197265
-3750.1249722885955
-3835.275008858024
-3847.4605137076583
-3833.833611935985
-3704.730968924754
-3764.749802343478
-3770.2901765897677
-3824.819799179049
-3775.2335324685514
-3769.2431305158116
-3798.258687580229
-3717.602367733759
-3802.1359750680444
-3663.614600866314
-3718.61850163136
-3839.2815321035864
-3746.987959537966
-3782.812674872729
-3839.608266798596
-3681.4410213265214
-3830.6676227413877
-3775.1697788450847
-3704.8615865902025
-3743.8664097458623
-3762.425986019269
-3795.0450746185925
-3764.808936994903
-3867.8532056932327
-3785.014734229263
-3843.9772011610044
-3720.5243000886876
-3781.6517187483014
-3817.7472314639967
-3756.1555410749615
-3715.749491102399
-3827.8205820058847
-3742.336674692016
-3824.386523641328
-3727.8960471073638
-3763.687820712357
-3721.491358089978
-3832.206160508193
-3816.5775910556204
-3717.077512836633
-3765.7185819268448
-3909.6980338052385
-3686.5899031007443
-3850.3852096373607
-3771.8369292788248
-3879.4308185754326
-3850.074316700668
-3840.0101210783496
-3665.8276199489446
-3795.6832828132474
-3706.5027465820312
-3751.5689682969355
-3811.5121072687775
-3767.3184581961837
-3839.806776963271
-3763.3943127294197
-3747.836522217363
-3807.140839415711
-3761.672570478054
-3765.1501882620337
-3716.7223779752658
-3685.9044731012746
-3855.866187752067
-3906.0282992502753
-3797.125031140386
-3667.5919001478433
-3739.969023596599
-3659.33464149376
-3826.177842573686
-3858.2907268156146
-3900.3454949090565
-3790.1558965849304
-3669.604584929231
-3715.743536908463
-3815.8117624824254
-3730.2570769216222
-3820.1289456284335
-3634.075537403793
-3858.9658029021934
-3852.538944506247
-3714.8839595419577
-3989.2135648992817
-3648.687504614439
-3723.980369666954
-3785.0524892152353
-3820.091982438082
-3719.092440773251
-3806.139162647481
-3637.029511035926
-3892.6187657513733
-3708.598293693698
-3745.9372881321383
-3797.802165525079
-3823.758971799946
