3.0250043552241962e-05
3.0815504481943594e-06
-1.0555404927768611e-08
2.812442715310964e-07
8.42523927621316e-07
1.0120956937013531e-07
1.0359246731424081e-07
-1.7371155494845404e-06
-2.7475137230503043e-06
-6.136678080598493e-06
-1.773213763383522e-05
-1.6742123505164676e-05
-3.631550343469892e-05
-2.660104651742817e-05
-2.4727038149197365e-05
-2.826764665840141e-05
-2.9670361752099093e-05
-5.1947782853980706e-05
-4.069528320005297e-05
-7.152369525184358e-05
-8.846486495185031e-05
-0.0001446520653896941
-0.0001927308275527073
-0.0001613239472640266
-0.00017754671269759964
-0.0001727784211983486
-0.00018202051618225424
-0.000140717035994443
-0.00024535050938193006
-0.00018180075314328908
-0.00021318881450507553
-0.00020428040733892408
-0.00028550870600811185
-0.0003467817178391118
-0.0003287984998379774
-0.0005234159755891411
-0.00042947181186626005
-0.0006726747190497212
-0.000413213431694812
-0.0005398042177373719
-0.00044617774652319246
-0.0005180257687820366
-0.0007045162946976567
-0.00043735312412641203
-0.00048469002065737855
-0.0006867391463176608
-0.0005670098632194544
-0.0006014278662645166
-0.0005772620077310921
-0.0006026924065187842
-0.0005758192928421855
-0.0005597688967518581
-0.0005318222544916008
-0.0006705984754587981
-0.0007597226726212885
-0.0005803261011049384
-0.001045193357026324
-0.001066981006792426
-0.0010896104022980182
-0.0010773046142107407
-0.0010278474980921952
-0.0013561822922074937
-0.0012507531930914444
-0.0015142076856308668
-0.0011511216044120833
-0.0012150712377804393
-0.001335882194590173
-0.0014799824782699244
-0.001644276012752917
-0.0015025399609507539
-0.001622172345931662
-0.0017220651009637058
-0.001954019501031975
-0.002474374340479206
-0.0023868158276954513
-0.0024050767995146705
-0.003049475376211074
-0.003071065133439188
-0.0029440958901879324
-0.0032003595887205925
-0.003587262778902441
-0.003697905292808303
-0.004118472845109455
-0.004882078383671157
-0.004987944190030579
-0.005625991988592351
-0.004803041851334889
-0.005151904842595234
-0.005585865835917954
-0.006517289878446513
-0.005948448097874352
-0.006204270027587704
-0.005650061493107355
-0.006544827315990912
-0.006572240744138582
-0.006775365610288824
-0.007489213940051621
-0.007185881470644802
-0.007612400745844697
-0.007077617412009699
-0.007659750601812071
-0.009007620093553518
-0.009309463548959545
-0.009721888962516247
-0.011386683826763881
-0.012211904192589792
-0.011789036040943364
-0.01385843819711385
-0.013214694123852528
-0.01518366282960445
-0.01553005544690792
-0.01539267272788233
-0.015371673265470974
-0.015097360270465456
-0.01682561501251112
-0.015468349741589959
-0.019235259588993137
-0.017441285033070988
-0.01933035034822829
-0.020445320480349794
-0.021073769335030253
-0.019483285128299437
-0.023110645065509156
-0.02509840053097122
-0.02447080185166249
-0.02576503819560417
-0.026187930994685256
-0.028418764876545596
-0.028713354338739103
-0.02890352996611356
-0.029727157160148617
-0.03111538464110172
-0.03146640286144389
-0.030009510645070302
-0.03445287907719854
-0.03347773119916963
-0.033258304157569064
-0.033170154046775695
-0.0328270630275568
-0.03360953569289769
-0.03826847746137271
-0.03774189889634673
-0.036165440794065806
-0.040082910248460266
-0.038600278865798254
-0.03956665186518596
-0.03896747227820373
-0.04281509483659878
-0.04276425240549271
-0.044613254575284735
-0.043988644513033734
-0.042848944532359275
-0.0480481480012418
-0.04198993368257668
-0.04891228892646923
-0.04672229914849966
-0.0470122084227185
-0.048681487601011965
-0.05154275141806724
-0.04976072198826239
-0.05134887304843847
-0.05534469937494868
-0.05104384789597986
-0.05029605008111636
-0.05110116647428994
-0.051721462550320785
-0.05455543443659737
-0.05448123439309509
-0.059184730726817764
-0.05508239311468485
-0.06055015487059025
-0.05814777327794755
-0.0576591884170042
-0.05957253196912581
-0.05767541520216749
-0.05774521259284826
-0.05832282190512631
-0.061219717101958546
-0.05987261969767639
-0.06140977335927044
-0.06359910277769848
-0.06294085592694981
-0.06027131306154589
-0.06303625959291335
-0.06415166324608206
-0.06366955641145663
-0.06498466946384636
-0.0646088356847645
-0.06983033449804593
-0.06237238787757388
-0.06666037349403163
-0.06829753972610272
-0.06662954224292138
-0.06304554023360057
-0.06834291052142355
-0.06728415234910293
-0.06694160145318657
-0.06809101262927256
-0.07255169422476308
-0.06900569797080557
-0.06686753395238891
-0.06791101015995366
-0.07218429926654985
-0.0671988862699696
-0.06747104903961254
-0.07065640022185093
-0.07575791252773524
-0.0723416901933088
-0.06657614614227043
-0.07155243698758089
-0.0712930546945621
-0.0711861512118217
-0.07328822044698878
-0.07199259987705714
-0.07319205465375797
-0.06806694771963277
-0.07263903974958026
-0.07201260356889115
-0.0720420529235868
-0.07495494455302995
-0.07579094873039753
-0.07306720273904434
-0.07030950333937788
-0.07518429508785232
-0.07705775203990209
-0.07224653518723292
-0.07504820267208515
-0.07645580298759748
-0.07376956366778374
-0.08071208622303129
-0.07377854355305073
-0.07798149041893697
-0.0786626243770316
-0.07535216014820163
-0.07623665294480805
-0.07727153599121848
-0.07347691655055325
-0.07750181147719842
-0.0713572966653883
-0.07512312658055097
-0.0806578408635903
-0.07756508561812345
-0.07845988298908001
-0.07553146244069918
-0.08155273646332241
-0.080027713757423
-0.07762629499638207
-0.08207512185571919
-0.07829990395489934
-0.08034291829661586
-0.07964225238608542
-0.07632530197965116
-0.07796732976459009
-0.08077766526842936
-0.08007348821056119
-0.0792489028674013
-0.07742479174866139
-0.07810707157520934
-0.08111855603002033
-0.08161672392973662
-0.07903387634937196
-0.08063554832196046
-0.08084517226602833
-0.07846419100177945
-0.08127034433453442
-0.07798969128008428
-0.08457223066700716
-0.07828831903166475
-0.08116801238639526
-0.08037504794573712
-0.0826581288923912
-0.08223836520424974
-0.08275133692564404
-0.08170841832849127
-0.08060367153728543
-0.07921549483463307
-0.08184431620540032
-0.07894103616261804
-0.08417591578031221
-0.07909437486543779
-0.08317861190032912
-0.08116216451130075
-0.07953848287600122
-0.08371546046535358
-0.08316636045272453
-0.07877742799849065
-0.081615534883618
-0.08297875086329394
-0.08518602533208929
-0.08032991654297479
-0.08818523307889872
-0.08540082374733553
-0.08576614517158723
-0.07954818718930178
-0.08671211796275022
-0.08336122286530187
-0.0804640300203018
-0.0821848981892811
-0.08537401490652992
-0.08434198673076734
-0.08444650486674928
-0.08435083121950747
-0.08484814507266461
-0.08682656051579808
-0.08316448288028006
-0.08592979107414941
-0.08516664649679538
-0.08180835195480118
-0.08667103165815929
-0.08320363491457405
-0.0839560832106897
-0.08103553909447272
-0.08240826270268307
-0.08995198474502353
-0.08604646106086436
-0.08562700007221417
-0.08532069050324631
-0.08322335992281452
-0.08227511653344013
-0.0886132189924509
-0.08808445896571485
-0.08615923997592302
-0.08857463925587901
-0.08753546472320917
-0.08982310623793599
-0.08825180057158905
-0.08379736912595748
-0.08786808913517467
-0.08746896321619195
-0.0845445224191088
-0.08317173373106183
-0.08725798268697064
-0.08916535108749356
-0.08392511880896114
-0.09028183160576941
-0.0848612720604661
-0.0887754847527117
-0.08685736184773866
-0.08779889396400449
-0.08772780137665308
-0.09135860085473543
-0.08389686216109524
-0.0878437645443938
-0.08421609795726628
-0.08823136128709826
-0.0871426256743721
-0.08758629834130821
-0.08399738771288011
-0.08682608669355912
-0.09029737393514742
-0.08998162072892292
-0.08920055573222146
-0.08703261606588766
-0.08558691564946502
-0.08552648967126789
-0.08860679357770505
-0.08770452993222148
-0.08826918071714715
-0.09270631221938595
-0.08622427340776181
-0.09104141595744025
-0.09368853838613225
-0.08408862307187384
-0.08961416058439298
-0.09008434389377486
-0.08774166406717165
-0.08954024247666181
-0.08788963534843551
-0.08812856498988196
-0.0899353430710961
-0.09186735484686011
-0.08824734225040233
-0.0927747355571884
-0.08844284856767982
-0.08839710137106181
-0.08751981115769526
-0.09274027536662921
-0.08955913466869651
-0.09230958377276781
-0.09210631998250665
-0.09432210468087546
-0.08940022309865381
-0.09335862594236126
-0.08899054274953044
-0.08828719132640339
-0.09031771481251395
-0.08997521956274346
-0.09066201138226117
-0.09124610394693856
-0.09462984089358625
-0.08944252614970345
-0.08610939653158353
-0.09389476301489788
-0.08745175261907487
-0.09114966296446371
-0.09383222295951049
-0.08959146647961164
-0.09456768050571257
-0.09006267806242094
-0.08711921749053374
-0.09156842694353444
-0.0860814240724168
-0.08865142622569504
-0.08885186892594617
-0.09223372143974479
-0.09281462141751538
-0.0937726429952153
-0.08957925586570711
-0.09263743742685315
-0.09562584629596828
-0.09061769957322427
-0.08674123484713885
-0.09055042444341271
-0.08986401013902118
-0.0926725761014588
-0.0944950192318348
-0.09560715724629434
-0.08812055845916832
-0.08980385774784551
-0.09497271539774725
-0.09779946271443293
-0.09147169310876024
-0.09355790540252006
-0.0950591531832718
-0.09165913953909353
-0.09222877066641189
-0.09377632152240772
-0.09566611553851605
-0.09441108981204428
-0.08920743893348164
-0.09657680815351861
-0.09128486923052685
-0.0930368163472159
-0.09575324065392364
-0.09165639612294132
-0.09364128687374937
-0.09383751622769214
-0.09351269430558652
-0.0921436535813958
-0.09483341780342792
-0.09369227093521762
-0.0889266199546353
-0.08903537570293267
-0.08979155379909061
-0.09034464790067655
-0.09370383798232879
-0.09193888350246485
-0.09401104476213012
-0.09430109839744957
-0.09038171796756667
-0.09247701035091975
-0.09653819715133341
-0.09429767400873842
-0.09224850820171852
-0.09549660609295534
-0.09368239362518509
-0.09495550607104745
-0.09806590603327799
-0.09331568361368853
-0.09196205337657999
-0.09414999600385829
-0.09490392057325325
-0.09410729120158917
-0.09611920350032957
-0.09141467975328135
-0.0979578263458497
-0.0940360880186021
-0.08882475739064391
-0.0899556875710256
-0.09517354186866622
-0.09707746534489081
-0.09517771908270406
-0.09618455685065205
-0.09388248632568694
-0.09543528009192234
-0.09434570329469423
-0.09508355819868142
-0.0949867237577429
-0.08945778178928873
-0.09466906992808427
-0.09553365740563949
-0.0925093106381208
-0.09419425089924781
-0.09177932730925153
-0.09552105815594879
-0.09568803510948297
-0.09630767081117737
-0.0985369501464373
-0.09411723906827005
-0.09433450472000329
-0.09851486029635582
-0.09540177373966532
-0.09461317772774894
-0.09415799921176764
-0.09443303865098943
-0.09876247907917776
-0.09588343615253613
-0.09577940739362963
-0.09823402299689118
-0.09151998874168724
-0.09607929377496961
-0.09228560373797004
-0.09546645282610476
-0.09723461421638778
-0.09351447634640839
-0.09954945554745993
-0.09809931759651905
-0.09530392602770305
-0.09869410782440778
-0.0940833486139719
-0.09792984807639209
-0.09393710476723854
-0.09276351378971438
-0.09729968461316901
-0.09779691749579811
-0.10198238774950932
-0.09649024145497988
-0.09671865961365816
-0.09826573201277854
-0.09701544442732433
-0.09164616768809937
-0.09613920744648462
-0.09864432775568396
-0.09551300254713266
-0.10181799891071329
-0.09513104382303245
-0.09031064291281629
-0.10053961920674634
-0.09637201823992222
-0.09265570758028968
-0.09756509654469277
-0.0963015838194438
-0.09637455880804573
-0.0920378963107931
-0.0990740003302721
-0.0996877412831822
-0.09938715852763338
-0.09660334690173324
-0.09770529716451011
-0.09583180811919673
-0.09414118775322079
-0.09503281904913223
-0.09846856596986357
-0.0973652338882103
-0.09447024240467787
-0.09699116710440389
-0.09542478220588062
-0.10169114227210567
-0.09337346767574714
-0.09741399860560741
-0.09671380105108741
-0.09268654181608146
-0.09472804953165331
-0.09356970986096942
-0.09372797263060491
-0.09876105391268371
-0.09110629030612188
-0.09663079082680752
-0.098130969886611
-0.09960120866431099
-0.09911041139475552
-0.0937713254329529
-0.09941080330261107
-0.0992704242712374
-0.09881687980050831
-0.10033810381209116
-0.09613324514484804
-0.09669088905397284
-0.09710096711455282
-0.09277974261257776
-0.09473465394111201
-0.09756159041196122
-0.09456832222087595
-0.09585994684374122
-0.09792793364348737
-0.09863111779529166
-0.09877842508664861
-0.10344486390128178
-0.09346603993425778
-0.09715611042354622
-0.09831079659805977
-0.10080892843987399
-0.10402445183291077
-0.09795338700133235
-0.09853225034844745
-0.09942427601130482
-0.10152290008637314
-0.1014850947478698
-0.09980183855176027
-0.09634610148257332
-0.09973171299743744
-0.0994049112912067
-0.09522742662997398
-0.10183057207475954
-0.09892770737031188
-0.09949143852775913
-0.09203947242090206
-0.10079297731960528
-0.09685775973179234
-0.09785257954088235
-0.09496363240155065
-0.10262787574642997
-0.09911616303714368
-0.10208355524388862
-0.10057217189057252
-0.10238988644828767
-0.10015769377489037
-0.09704032401918868
-0.09931595236104472
-0.10210646595395514
-0.1016897087498155
-0.10066850834736922
-0.10072970020361002
-0.09903048174689025
-0.10184082437387852
-0.09752766317160928
-0.10040202098838114
-0.10352264246700335
-0.09779615907913423
-0.10158023855744831
-0.101822809381877
-0.09762463940943354
-0.10313119260900513
-0.10448648742765554
-0.09739958746998065
-0.10101829404068605
-0.0988550264386595
-0.1024143493601254
-0.09818806967830651
-0.10266107648821869
-0.10177421501486913
-0.1027561705922345
-0.0988086899341834
-0.10104806268950993
-0.10224560374594492
-0.09982441605093798
-0.09961667805301036
-0.10109962277971415
-0.09926103663774197
-0.10281873314601675
-0.09739712152823612
-0.09941159156932977
-0.09732711364701736
-0.10100876961546174
-0.10166681450420165
-0.09865609381921547
-0.09894509056102699
-0.10513597352797181
-0.09859460807649043
-0.101624843293191
-0.10159622395846557
-0.10509165790681908
-0.10369868225941577
-0.10174447130791996
-0.09774216550395
-0.10128704498734512
-0.09967334113141664
-0.09921412676242776
-0.10152670296283996
-0.09987608291764255
-0.102397943623986
-0.10128982004978226
-0.09814918191078878
-0.10178067890541881
-0.09729643181788844
-0.10116889437203554
-0.09888298393132991
-0.10005361895061379
-0.10318876588708463
-0.10399187515867298
-0.10042315446996304
-0.0982684962665714
-0.10216858145961856
-0.0962513983079037
-0.10112495430104144
-0.10363207716085077
-0.1081005362690131
-0.09906280969730916
-0.0973501848748061
-0.0974769734350186
-0.10239792853448686
-0.09969532043705064
-0.09971869368441334
-0.09844658062542773
-0.10308443943378974
-0.10386403351642039
-0.09845290933640635
-0.10737375535437205
-0.09790617088806264
-0.09984025535914971
-0.10282682271022868
-0.10407128615781289
-0.10055866484832215
-0.10235902515511289
-0.09902183080251037
-0.10521725215560347
-0.09973819673993126
-0.1008193024463523
-0.10425143050814327
-0.10269681484363316
