-89.40637888391996
-302.28226642125213
-381.71603495514336
-426.0565547503634
-478.91009181985106
-511.6836922289589
-569.8926147249987
-589.9378993478239
-660.3833975901802
-650.1163274901254
-496.18502651848553
-696.9723590727775
-733.3393417569349
-629.1697979962222
-705.4411120436708
-756.7921577137187
-715.9532217386131
-789.8176830309327
-765.1509405215215
-807.4528397942469
-839.0979802707374
-783.3143803996425
-839.2572856581156
-788.5114479768112
-824.9288913709228
-795.1082123787172
-909.0681598153532
-839.3907741775162
-841.4751221265661
-833.993038300545
-829.0300123900313
-879.5439566862748
-894.909948419316
-866.8271112551887
-842.5721189569218
-879.517555201658
-816.6026141610563
-934.3122217028921
-871.6239705239573
-757.6424063405683
-933.8911306231802
-881.945320867723
-895.1446461435837
-969.334692185925
-906.6815308337937
-905.4651061730451
-921.7377084784794
-913.0389975095125
-919.7663416357084
-910.1320653511083
-933.4547762892763
-955.3032638532226
-985.9225260914745
-922.5961101505613
-906.2250086766784
-938.8965097198837
-924.1732642529747
-920.6395916653119
-984.4522976853331
-941.1069907614713
-932.0539676121304
-923.3480040159094
-938.7538493899157
-903.2309720966673
-922.9905670710972
-973.5886135189214
-968.3976262967158
-906.755019614224
-941.9548857728457
-887.154768605386
-921.1994952012866
-959.3284400289509
-963.5016609930223
-961.0255449356571
-948.1263964758491
-968.3470836586666
-954.3907535394766
-979.0561699933171
-954.4611409973988
-943.0575162122876
-951.4712915991857
-1002.657457342895
-901.1379813203065
-945.3450257393622
-1001.3368334967969
-972.9755519919681
-950.3020200004227
-980.6958287674161
-1002.4934549990887
-986.0504488615396
-1021.7689762730753
-940.0531226698704
-1001.6531210297263
-988.3591559449649
-971.9833708732359
-993.2814127223282
-974.194751950453
-1006.7608464720063
-927.3894763190625
-1000.7654068063481
-939.3432292674544
-969.1231399571292
-952.7658005903394
-984.8649793352399
-1003.4295103802659
-969.968148895123
-982.5656011203467
-983.1104154454947
-1018.7813278057608
-952.387660690167
-994.0081416011406
-1037.3855993912516
-962.9384233676893
-991.2249666666655
-1030.6241794533444
-1055.901048080163
-1050.9696283999676
-1040.0939813077725
-1020.8618317089872
-1005.581672305885
-953.3731981444469
-1036.3206839143954
-957.5439464024136
-1039.1863508795814
-997.1210792998564
-1031.81577357279
-953.6676970099523
-1025.7297674499898
-1020.0827511554489
-1019.7756085725424
-989.0101228529408
-1027.475095243498
-975.1710708459951
-1024.3545342678299
-1021.3280693792527
-1003.776294708252
-1020.2129065298265
-1043.1177432855702
-1026.5218264320479
-1064.7264819958243
-1041.4538683429842
-1030.897125613305
-1039.6863341441351
-1077.647182552496
-1039.614529165804
-1023.0565211827853
-1017.4078822333692
-1068.6852195493636
-1017.1334670106387
-1105.9394886262955
-1098.2850950038928
-1038.9192054315647
-1076.6962334065943
-1106.672890922441
-1090.0367498441776
-1061.890724463397
-1010.4599299101236
-1031.195212148851
-986.9502875508251
-1047.22722659133
-1020.0222768124347
-998.382577922487
-1051.5841008990592
-1094.5203465053014
-1041.2070098164993
-1043.967345573935
-1064.6366235935193
-1071.4131329795732
-1065.1804919352728
-1033.9252042221035
-1026.7180368977208
-1064.9520595656013
-1058.0512130864754
-1016.8095580136172
-1048.932604952342
-1101.1957277218867
-1061.232797191989
-1034.5646227515788
-1050.1363749701857
-1014.4609950105166
-1061.928936211195
-1061.9983143520794
-1035.1775614654962
-1014.3269979415402
-1122.190122094572
-1033.46489133703
-987.8081849269603
-1092.5330831191507
-1103.334999049314
-1142.6758755626765
-1030.5227748831296
-1099.542427871634
-1092.7993259342036
-1104.4248498310142
-1048.9700283806444
-1136.0281376465125
-1058.4760700348884
-987.4529424966206
-1080.4193680209498
-1095.7295687627134
-1090.5727166206607
-1070.258286577216
-1080.854448046003
-1122.753966819306
-1089.472252006355
-1051.8312847691197
-1069.8054866307343
-1108.8792825250582
-988.0157937608006
-1083.672499450121
-1104.4887580278282
-1080.7483687334895
-1060.7538889168595
-1107.355801876789
-1062.9650356066393
-1033.2904643397178
-1053.4299267535935
-1081.8980567070746
-1005.747175071646
-1043.6476597588182
-1061.6401962333011
-1080.364915926885
-1067.0655675527687
-1014.5578233217864
-1090.508126658778
-1137.9821130778932
-1085.7226269453902
-1047.6782506863642
-1080.9206676439205
-1049.5859054706063
-1109.1719407639746
-1088.0735078802857
-1069.3598965763497
-1103.8090354901854
-1074.8194066412439
-1072.417058808463
-1050.7064577797041
-1117.5250339771746
-1026.1647606071788
-1065.2969272290507
-1116.6124386765441
-1131.4664091404682
-1082.1982423896613
-1068.6815330399895
-1042.215611541326
-1059.2427383633803
-1041.8911497625886
-1004.4693547965195
-1053.1649578815232
-1104.4574162092076
-1058.2902784523326
-1096.7095506257176
-985.374229040014
-1081.029617362308
-1026.3680654604864
-1046.478537845172
-1091.0347396217733
-1042.1363386075068
-1106.1308955179381
-1108.5445197210884
-1085.6471440715175
-964.4386111580282
-1088.1123416017278
-1039.3437685768724
-1096.1726869504023
-1067.1675616277528
-1170.6816873858052
-1124.4068883377286
-1097.7346597256198
-1137.1074631950273
-1066.1158179841284
-1073.1209763645577
-1125.7530117869926
-1086.842324744721
-1027.2492180343047
-1091.607685845019
-1063.8577930081276
-1047.7843291924296
-1046.041086935228
-1105.7919808093304
-1101.644733147687
-1069.6311259115896
-1007.4085139700894
-1039.789189668295
-1104.2356708632087
-1028.7188712352981
-1043.6857070922852
-1054.3239007699324
-1074.671477040937
-1062.606110849688
-1078.130527496338
-1047.8375513938165
-1050.7972733458066
-1039.218173857658
-1085.8793739635273
-1025.072250869417
-1130.589399469613
-1130.4748973582746
-1110.973590314663
-1147.6010701755224
-1099.9028017773605
-1101.3784574165873
-1104.6978722497615
-1050.0101454598564
-1116.7510316207113
-1047.6575277258173
-1085.1777164265857
-1065.7747689787693
-1098.7945610521026
-1067.39195951119
-1094.2385122435433
-1030.8429746847548
-1113.771624270672
-1126.0968954200569
-1029.7627749816613
-1005.818823607836
-1042.9942505480508
-1029.1120754562764
-1064.3413971843806
-1081.206272599884
-962.42163824266
-1056.920698385634
-1082.3331531401604
-1081.5791508547172
-1053.4894153928976
-1078.5365066176735
-1058.043639029226
-1096.7672475823608
-1076.8537684102212
-961.5629671213264
-1035.7704824544317
-1067.1801097272178
-1105.6509041742245
-1104.318474352085
-1085.1712879585232
-1087.8009762445354
-1133.9515684453024
-1117.8840828787895
-1060.7232342030047
-1117.4536488616523
-1073.257714542925
-1170.2186048657113
-1082.0177135028048
-1113.2953241585587
-1080.3461420437159
-1079.2050602996405
-1095.0585579982
-1118.1251747904835
-1117.4799931433893
-1099.4033834923248
-1110.2383941087855
-1127.6546420040218
-1088.1172083314113
-994.7726031184745
-1108.83094545004
-1101.8047811139015
-1092.6758809770856
-1060.53963611093
-1057.9465738463512
-1097.8481819398942
-1095.4553934967462
-1058.3411095263223
-1114.6428565539522
-1093.363309592146
-1033.3972831091023
-1086.9316155569893
-1131.915235831441
-1067.6320343369164
-1018.0064351305983
-1062.675940553164
-1118.455939191827
-1062.4243894601198
-1040.2238652739106
-1093.6473981444187
-1127.7593311274657
-1089.0781336841496
-1037.069692268899
-1092.9136822432417
-1091.4977368121872
-1045.0111963298464
-1047.3760313394432
-1092.959793573151
-1131.5275591133927
-1012.6905928580992
-1116.7392972954956
-1127.7188815806867
-1016.26042971633
-1121.6172254448113
-1078.1724021577616
-1107.7923927834506
-1079.3788491174373
-1133.570546866562
-1094.7961589971446
-1136.3527958338161
-1154.8053629651047
-1005.9080617878294
-1153.7153740983954
-1059.8518528125253
-1113.1759231497065
-1087.480831269295
