-77.95108302028527
-305.82410086040767
-290.06388500374806
-453.1357238662075
-416.6515883683039
-512.466883886588
-352.4368582667319
-559.2155487168003
-559.0072573227502
-578.189691203301
-607.1888518534915
-601.1759768383045
-697.618937783398
-677.3925473746
-691.9429383076413
-761.2505840964161
-733.2277917548524
-814.6145651374064
-622.6155408313017
-761.3059400818157
-805.6987802344308
-766.8543082044717
-792.6656198635907
-815.4105649957074
-847.3520541303035
-851.3028174565991
-822.7689681433736
-839.8427407976607
-883.6778138568144
-827.5817580088764
-891.2531489385685
-788.80736686814
-864.6597206402273
-884.8546947962801
-871.3554634667338
-889.2407148298523
-861.3238911158602
-933.8649445811348
-920.6810700859822
-920.6350749199379
-868.1511858192408
-869.1978520015036
-934.7336835458245
-887.5363401314462
-923.6249294751127
-917.318423996509
-867.6806090807131
-925.0435909217512
-972.8521428746237
-980.2845300665484
-957.1530162963509
-1000.9050444761912
-961.7195941047489
-916.2225679388629
-939.530065536499
-960.7976533437559
-893.9673449735686
-975.7214465656191
-1002.5271432724358
-888.718263241047
-911.6056075118518
-914.995848530335
-902.8525396490321
-910.6369711289384
-979.4238389064449
-908.8410105481394
-946.8485205923448
-973.02498223748
-924.5330543204652
-937.600107159413
-993.8725760733018
-928.8599331815478
-978.175452702482
-954.4202340085742
-908.8805714459486
-931.9202671498759
-964.996182150684
-971.4799514018314
-938.0032175807326
-944.1812262893283
-1031.9050127307014
-966.108815475249
-966.5275334282101
-925.728113136381
-961.7149723035069
-933.0140217794499
-1004.7332844107364
-950.8807072393212
-1022.9862859215535
-1005.8493548111177
-962.1182475470602
-1004.9000750483482
-999.4368670109852
-938.979350710139
-950.1150079288393
-952.4620416668099
-964.9110458087473
-941.3579225853575
-1019.7513804189476
-1039.9710778966196
-1003.4147718545977
-943.8043410431052
-973.2772554567722
-1000.8139793682546
-1025.4272338079174
-987.4674883918583
-1017.7114643580477
-970.9406262675361
-1030.1952051646274
-976.0278479079126
-926.0697422206682
-1011.3840401340539
-998.759273882763
-967.2058987147371
-997.43771956896
-1016.2492020342831
-999.6498709127936
-1051.182551460087
-1040.1398580488465
-1034.7913581261612
-992.9859638124565
-1014.4541096217196
-931.7373918837785
-933.3479274248293
-1005.3257327863308
-936.2409189430201
-986.5694429281172
-1049.4392224790904
-1026.732092767814
-945.5243865536971
-989.0109309881506
-889.2399715090022
-978.2413269029537
-1008.0562207396601
-1006.3668933731849
-1024.712670859037
-997.4144815256898
-1028.5731052882236
-1067.1450958699688
-1001.444641292375
-973.7973669168535
-970.5375760306774
-1040.7902057987983
-944.1282723117882
-1028.331472011799
-1004.3238347584094
-999.7475118144578
-991.8402776404726
-1048.0996617464953
-1017.5695234934489
-1027.2882219413077
-1023.9856387930856
-1073.324543106724
-1049.7784419171687
-1023.4119619091912
-995.8515188358199
-1012.4680405200368
-1040.1659578538276
-986.4938513617001
-983.7629447811646
-1002.1783390671994
-1042.0454785700695
-1065.147225357557
-1038.4172319224183
-1016.6587237864034
-1006.7658560488705
-1003.1596633100734
-1005.2280806420555
-1038.1347289107775
-1038.2795293252793
-1019.9174904800916
-1067.2015142664663
-1009.7808508537184
-956.9418264756181
-969.1910284516957
-1044.597433546899
-1025.723205602225
-1017.0411100969628
-1116.1024813674426
-1066.8256301163508
-1024.2388600094218
-990.3044075406214
-1045.376759909688
-1078.3682883356657
-947.4568475177031
-1038.6669273376465
-1041.4480002945018
-995.1067754763393
-1085.8472700342886
-1033.668477376302
-1028.818398708469
-1034.5882279302034
-1053.0029483848894
-1044.1924984399143
-982.1168874642099
-1046.5659912807841
-1029.0666817678532
-977.2233312633675
-1050.9529061451765
-1038.3711199693278
-1075.7240600541163
-1024.7910590373294
-1043.8230443247048
-1045.1623294812414
-1071.986532578446
-1082.6010760634158
-1097.7341150767368
-1106.221279090559
-1051.4052343055116
-1009.8744757925401
-1014.8144521713257
-1034.9678527223111
-1000.523579530313
-1029.9865529951355
-1081.0903656471503
-1038.9767185623098
-999.7150146054549
-1047.7467100564304
-993.1457844765533
-1052.4216080786478
-1073.8746960957844
-1063.042136572896
-1045.049281612808
-1114.7756629908029
-1064.083308224387
-1059.9515670453998
-1066.336811602955
-1036.2916623325975
-1049.2429702114052
-1117.9966490839568
-1093.187678699762
-1072.716130296949
-1043.2743422817177
-1092.7402701668896
-1107.047310054582
-1048.9534864112245
-1018.9134190877279
-1042.7632013956706
-1021.2987545085065
-1036.5570047763592
-1098.1933930446285
-1081.5173953777187
-1067.6193444784817
-1111.2180518745815
-1049.5612327056313
-986.2764118803499
-1053.1905163957479
-1079.5929352733451
-1029.8903989836645
-1027.854103871914
-1069.0040427015422
-1093.110049498473
-987.1691687297373
-1081.0144340443499
-1107.7819482149653
-1104.6836656068972
-1114.5613475763741
-1158.5872061465268
-1029.4719483639713
-1041.3239231154394
-1063.909239692867
-1102.7395138091324
-1075.2178888097055
-1102.0738968826795
-1077.8258962317811
-1085.656876747597
-1062.890147177826
-1089.3577941572162
-1097.070066174431
-1099.7280612059042
-1094.0498487803857
-1111.9392272161206
-1096.0737546284993
-1107.1940035752848
-1152.025862465442
-1057.937648262776
-1065.023140132707
-1125.9589263844377
-1105.6853206795706
-1043.1735001595366
-1087.466666315643
-1096.4734416858691
-1095.6379153336718
-1105.146101978463
-1088.2806617844274
-1093.232174846488
-1149.4766668758482
-1162.894071930451
-1099.9712298129086
-1082.7528632795306
-1079.341719972136
-1108.050442762778
-1077.2700407046107
-1053.3510517514367
-1080.1508124087338
-1038.0861253514536
-1090.1116952851344
-1088.9646084745166
-1135.1573005282264
-1089.9619824405008
-1157.073051873507
-1155.646718772924
-1081.5692929549955
-1113.1597388898822
-1084.0193964282112
-1084.166767675552
-1043.3712506898692
-1093.3469677240075
-1142.382156873533
-1090.1475602270853
-1106.9244572366347
-1100.0786468344675
-1045.4716190642594
-1061.4955306344189
-1069.2374518846682
-1109.197952807789
-1090.2795414454501
-1082.9721986475124
-1103.6860785058966
-1148.940662222849
-1053.9527382111885
-1093.6201291867824
-1085.049020677665
-1098.1142979653227
-1151.3055862104388
-1105.3445404124373
-1141.5920916991615
-938.6861469040455
-1084.6078071146503
-1078.290821666449
-1087.0860006484627
-1105.2292368356052
-1065.0967870721236
-1140.6235796879155
-1111.2066550635395
-1095.2781347534467
-1119.531148955296
-1029.1907813560235
-1044.0179023205394
-1142.6910359199057
-1130.6208174978624
-1107.2245626315264
-1061.9303172115988
-1022.120140380143
-1203.6368911456614
-1023.3288685615074
-1098.977971838114
-1196.3834061186078
-1075.7112776707036
-1136.701454270054
-1089.7564464801915
-1151.5618403618325
-1086.9425851168207
-1136.2260349255773
-1128.6195818941358
-1101.440167762864
-1046.1091203152293
-1118.4317357058817
-1124.7390630838456
-1119.9806440111618
-1096.231577770251
-1109.6534754838183
-1102.485691321288
-1088.2227541516086
-1075.442129994782
-1091.641477235606
-1120.128256650038
-1089.1675667919462
-1112.9856503379176
-1191.5990103958918
-1161.0081585628886
-1118.6514845118277
-1135.2037983298862
-1055.0629471613208
-1121.551928059036
-1139.6309057289445
-1084.5578281599592
-1118.2968176899942
-1168.8494051006478
-1151.3258148873915
-1088.2758616281787
-1082.5838260919274
-1193.7089988099576
-1113.3415352190045
-1126.406569241358
-1035.9779497245108
-1046.410981012622
-1098.1711916139989
-1114.1633986620836
-927.6371110190807
-1057.9710532891359
-1104.6750162241044
-1066.2931668075598
-1068.1020353970953
-1076.2144329178502
-1080.5507727475233
-1146.0921278761027
-1122.5289830668992
-1148.2515270765957
-1151.5083087733094
