0.35594945047006993
0.32990294790656216
0.3459474870436628
0.339314080289447
0.3471241144926895
0.31661707337097456
0.32574718885403564
0.3182780240255762
0.3659855224686224
0.33900876033902516
0.3434750653296149
0.3371672923873428
0.36143566061143584
0.3569527484362884
0.35172162925553435
0.3448909381404519
0.3487009074355305
0.3412735244710689
0.33033526004532554
0.326082566184617
0.33942437525226477
0.3493249009017933
0.34806722974483395
0.3583804621479251
0.34195950086023047
0.3253485625259963
0.34999459411756534
0.3328038356463674
0.3511033785035353
0.3259909677935738
0.3345370211861503
0.3432797397543707
0.34156329592278867
0.3459791219377881
0.34238574293577617
0.33255525088339977
0.3407740661166084
0.32159939880084965
0.3261844146069786
0.32863693077886746
0.3314014473851298
0.34033573590254
0.3337953671673094
0.3392487844679627
0.32728294266536484
0.32826973944290283
0.327026316304713
0.34194446748621027
0.31641634530059887
0.3211362647863341
0.3191057562023541
0.31894197841415384
0.3225315083430407
0.3255067375388014
0.3074427471176979
0.3177064684320224
0.3073881805520242
0.3227136274493636
0.32081467894773863
0.3108285716210138
0.3249007459520034
0.32068547982495155
0.3196637411339497
0.3365900177910854
0.3301822711044634
0.32618112634745
0.33796905895843754
0.2972515383341783
0.32732773841983975
0.334242690197179
0.3244931262616121
0.3056938329125654
0.332988699944034
0.3136998138263682
0.32533727463842
0.3155124702899686
0.3283627593076565
0.3186547915088319
0.338456576327168
0.32713791410692317
0.3312506664526854
0.31946887938795443
0.3182704868002799
0.3327442474440265
0.3035083267872742
0.31826071426307373
0.3029619627960131
0.3225050760726029
0.2994487107722657
0.3209380718301151
0.32776409374034043
0.3029260841053976
0.32785947385988473
0.30012170216801004
0.3150697897227717
0.3299968717969569
0.33627060583919427
0.30885280744378135
0.3213705973035083
0.32949600545383395
0.33536195329132495
0.32554092416496067
0.3104945186333197
0.33390661454956294
0.3163777600903886
0.3103531467741434
0.32637425654725183
0.3205882236131952
0.3251411789774615
0.33079046434220016
0.3408777722695344
0.3356226243192391
0.33541217471031304
0.32238251187711814
0.3486597408735119
0.3333389860634723
0.31279973685741425
0.337633617134861
0.32653870290154025
0.32189038695828737
0.31239502428388094
0.31384433565897424
0.3427301202266709
0.335329953427514
0.3343725817971054
0.32135497631741244
0.30487354763263197
0.3211298337984533
0.3309596523745292
0.3055987234354159
0.32427564117305435
0.3395072358874648
0.3290597198469818
0.3424990474128387
0.3228223437154797
0.33766777970841233
0.33015021351231655
0.31764380200962783
0.3460853410755752
0.329271267244741
0.3011715304633349
0.3132290370989713
0.3472804685731029
0.3072615165193456
0.3391168992048208
0.342965885883136
0.3355374510395625
0.32289093751197967
0.30313604562914986
0.3195929397159899
0.328999445148407
0.32482259346285897
0.327542864888067
0.32529823259918345
0.3185702204494409
0.3237576043591813
0.3182113106043336
0.3216485012095299
0.32183253961864494
0.32224956461766235
0.3001266632036704
0.320945950767174
0.306101802609721
0.32961060637127204
0.3148521697498473
0.3175200328554416
0.34060020471087926
0.319089913373472
0.32365465200912785
0.3146871978006033
0.31034295514505794
0.33496239946656664
0.3335874375882843
0.30667007205889785
0.3054315157960488
0.3138110214940539
0.3268815323692952
0.3201146171343001
0.331922273221535
0.3085874624685887
0.3128068914031391
0.3129928823420559
0.33265684372876625
0.328123347332019
0.3076308481570141
0.3157910328585777
0.3185565121856654
0.3280164174595629
0.32391667754297526
0.3307172990635807
0.3066156143278863
0.31576698457935887
0.3005190076997303
0.3120895072330279
0.3167396007158177
0.318705306401555
0.3270542849065133
0.34085438008739355
0.31812720752797774
0.3363630440995587
0.33929373101799143
0.3419209848958212
0.34660879298476194
0.33596852893980456
0.351461781988996
0.3014231473852404
0.33651401959971783
0.314036215282758
0.3188401193580997
0.30871168106899294
0.3024742326834742
0.30291326785079714
0.34351002801856806
0.32357459176908915
0.3245085682501326
0.3256080252481318
0.3148244567512766
0.31765404745210574
0.3246659714851021
0.3354888848890441
0.329987850057687
0.33346262659457787
0.3065004866841323
0.3289710273835021
0.32725152205413494
0.3102235667967181
0.33801613014602394
0.3314566361967107
0.33472295944850033
0.31152619630920353
0.33481589940861917
0.3276570231911722
0.31276012901129296
0.31988826993975283
0.3233016330788148
0.30144493211664153
0.3183718688366279
0.31214413700948856
0.32099746551557046
0.31682888848680846
0.32612494358294447
0.33429082066800114
0.32055076949753114
0.3146663215273703
0.34377152855429327
0.3047592287856928
0.30256695439082576
0.3251881170449472
0.32588660299008443
0.32767969545221803
0.31006544129704366
0.32135137200285574
0.3172962805649764
0.3320846214514453
0.3108325092900247
0.3352416258987407
0.3132852641253474
0.3422449282042577
0.2941377737205213
0.32730200780695523
0.3279558851431723
0.32827539967609126
0.31206140434588064
0.32322358602724593
0.3388884567913595
0.32483522377978186
0.3163212774094072
0.3152021915245224
0.3211611030194821
0.3408249117818797
0.308300896851617
0.3270680956813581
0.3272821509056318
0.34547998290508986
0.3204399642049217
0.3187772400213729
0.30824124938021347
0.3190465497001656
0.32482865627662677
0.29472518490163935
0.3091571146115101
0.3221371725000476
0.32218944813898753
0.31310488784711965
0.32268409146774263
0.3250020248596797
0.34357514961167923
0.3214973914021617
0.31712329996303773
0.3140322942321709
0.3253246974921457
0.33958676712753627
0.3171312040365148
0.3273045958622092
0.31949693764266973
0.32070058293557535
0.3208321936279885
0.3175322275363923
0.3178912575396014
0.30226117175754524
0.3240868176547854
0.33425276907939167
0.318417978411794
0.31779318382884836
0.31999323863378715
0.3126290997035557
0.32428271626012983
0.34357381740611204
0.3369265964840639
0.3440021821144671
0.2883261280602168
0.3188474950541309
0.3374206734681283
0.32064874438971214
0.32010088345153964
0.32217386566067524
0.3269252036413956
0.3313056733371786
0.3151474055733549
0.3164225096482032
0.31625367926669795
0.34288066452447796
0.3259780310584066
0.2889438941440777
0.33875695692523966
0.33150225576065795
0.32067935366922456
0.320174867156106
0.32871905644314947
0.3177470824388271
0.32468560638841887
0.32027547370135223
0.3163119149219437
0.31357520679640477
0.3169929258210558
0.3057515641757475
0.32543248037409755
0.3191051234539266
0.32439855159535796
0.3194013402219031
0.32036317003444886
0.3155257940935102
0.3316879745467868
0.32191637460964384
0.3200524539594919
0.3111641348553865
0.3212436601834398
0.3329881106463956
0.35009249998256564
0.31826186400921275
0.3340527206274545
0.32433916774617744
0.3435359042457047
0.3445519007602488
0.31864698483945336
0.3330123403301996
0.3255521792900954
0.32838921061555193
0.3306667893040628
0.31863731578727006
0.2981495428513386
0.29666159092995203
0.3113599010249119
0.30638656172761475
0.3187236911507909
0.33738861701444683
0.30914576951536776
0.3192675950906366
0.32287510842338485
0.3162810837788761
0.3247775789514237
0.3134866218331834
0.337057789184258
0.315968085884908
0.3419944208395173
0.33150936469890424
0.3328703628949156
0.327658716337799
0.3222922958486097
0.3310880234482493
0.332169820097638
0.3447351052989842
0.32465434282528405
0.3139736838037577
0.31858303139047445
0.3130901051016236
0.32749583706382157
0.3267802648823446
0.33114255614089017
0.34285844114779584
0.3222317137698612
0.33413986094348447
0.31150535193267564
0.29586894145593956
0.2999807538578348
0.321811042673571
0.31988978730908163
0.33227538794908723
0.3248362264425402
0.32243672311043653
