192548.41632968382
191679.2921618251
178531.8874477333
205578.44938380283
171189.62553183685
181474.69379951584
177833.0232907864
179556.41285211267
188292.3614289906
187101.61947990023
208246.3163787412
175910.07086726086
209131.48895980048
191632.02953528462
196370.73970253815
197756.83573576878
176354.86394489987
185701.47403169013
160626.11101177376
195460.4177120012
190193.61256831352
177464.12701731222
187960.4510710094
171257.37458736796
193130.97025381456
192683.9551789906
194661.95204298708
167535.69295591256
182014.5056026262
180242.85288292254
184116.74303110328
185430.072311473
185767.51805494426
199187.9766633656
185326.3701584507
181927.5243911385
201577.3019549589
202118.73842910983
173502.43774299443
195137.47191809712
180722.1532240317
157974.5291960094
174646.42951327757
186376.44329518778
177049.3907350352
172218.67248936326
193353.50146713614
193684.60867811032
158097.1582398034
158881.03276298416
193056.71648510857
193330.64091155003
174550.2098829959
189387.22128997947
208611.95442708334
164714.26937995158
173431.12523840962
192533.48125962808
187565.85787003924
204320.33898180752
192358.49390221538
175339.4540052817
210633.9502640845
206574.45251292913
197054.5868911385
189297.88410999853
184256.4082398034
203342.91059065986
185013.56302266725
168341.3886535358
189826.35378154344
183272.61075960973
191519.47961597712
163881.40880831867
178810.39761108972
202501.37709525382
175468.734375
176854.80786018193
184070.62133215962
177752.5447522374
191625.1280076291
176999.30696156103
183650.3136553697
196465.73309354828
183816.61179577466
192022.6358384683
199448.22766285212
204266.85268119132
194248.0370130942
196148.83274647887
211492.26969630283
193503.5535321303
186153.66741857395
157048.11020026408
177132.66834470365
179354.4794234155
180308.6398455839
175677.46435088394
187446.0714862089
186601.66866563968
192967.07508069248
204532.7880905223
190404.78977772887
152839.64577831572
200150.13987309273
189550.2285775198
172972.19986062206
202817.71607247653
167768.94174552523
188644.21064407277
191397.33344336855
169382.10230982248
171701.97573723592
174789.14573246773
189140.12745745305
167604.9266661165
189618.0165786385
201573.1838504988
168894.06095033744
181046.46813563674
196995.92557951878
190324.71908812903
205440.25322769952
192880.33509389672
187526.47977186032
198877.3545151115
180507.6162063527
208514.97425176058
176676.49177486796
171358.80413732395
208913.73155076292
187375.31129190506
206710.4538975389
185074.5350462148
197340.72038218897
191498.85287375294
174251.32599765257
175728.30598958334
172066.6229460094
176248.75170783818
181781.76127860916
193591.70068588614
199157.9208663439
165518.07443882042
182853.1045334507
173495.96614583334
197577.915923929
178648.08428697183
187353.31096409186
193216.02758215962
188134.5702941608
175832.84306686473
180164.72493948063
193585.64901976965
204332.53825099033
179185.8751467136
206202.66475938968
180718.87808098592
176204.8536164906
207285.15020723297
178019.34164099177
174629.13811252936
165141.35220437206
194271.79071302817
175238.78356990905
178721.9559675763
193807.1916538292
192626.57202721538
186205.60070972712
183775.56018009095
202098.8514341256
185371.84794050764
165772.47537045187
201450.9268174149
184862.13975388792
189503.31190397593
169840.7032350352
194273.10589513645
179245.72740610328
177826.06503080987
187013.56306851527
196674.15876247064
201252.25543069615
191135.7216475939
175699.06564861172
200868.07490647008
186712.2529342723
180092.30393673893
185708.15186693074
171295.12180897887
176809.92398400823
185032.25850480486
165087.464832288
183030.95892018778
161530.06724985328
171919.3164429284
180090.85223188088
176601.3811161238
167199.09102662854
200485.464797902
174570.74382885857
174509.13618232834
174149.1376758271
171064.04919490905
122942.01777985622
155147.60662870453
143032.81697820386
149549.70064003815
154254.75225457564
166517.68709653756
155970.22085900823
172109.40276555164
165048.87999743252
176486.6786513351
161764.08168280518
149579.16237529344
162117.23186252936
156810.32772153756
155207.33848206425
158352.07113776408
