27083
27086
27086
27080
27094
27086
27094
27086
27085
27083
27087
27093
27074
27088
27084
27085
27086
27089
27093
27076
27083
27097
27089
27091
27090
27076
27083
27097
27088
27095
27092
27096
27082
27088
27087
27096
27082
27092
27088
27079
27092
27100
27089
27089
27094
27086
27095
27082
27097
27092
27082
27084
27082
27088
27077
27095
27091
27086
27079
27084
27090
27085
27077
27080
27084
27082
27086
27080
27095
27082
27087
27080
27085
27100
27082
27083
27088
27090
27094
27087
27082
27095
27085
27096
27083
27088
27082
27084
27084
27088
27082
27086
27077
27090
27088
27101
27088
27076
27084
27091
27090
27077
27078
27101
27083
27089
27096
27084
27095
27091
27088
27094
27091
27084
27091
27090
27088
27085
27086
27090
27081
27083
27080
27097
27083
27085
27097
27075
27085
27100
27085
27085
27081
27087
27088
27079
27090
27091
27090
27089
27088
27080
27073
27086
27086
27092
27087
27090
27086
27083
27089
27080
27082
27086
27090
27091
27075
27089
27097
27080
27097
27093
27090
27081
27095
27082
27088
27078
27092
27086
27078
27086
27092
27084
27091
27077
27090
27085
27094
27092
27083
27084
27083
27089
27086
27085
27085
27090
27082
27101
27091
27078
27095
27085
27096
27088
27083
27081
27083
27074
27080
27088
27083
27084
27100
27086
27104
27091
27089
27083
27090
27081
27088
27079
27088
27090
27087
27090
27093
27088
