0.095
0.08
0.1
0.07
0.095
0.11
0.075
0.095
0.09
0.1
0.09
0.095
0.09
0.105
0.1
0.105
0.095
0.105
0.09
0.1
0.1
0.1
0.09
0.09
0.085
0.105
0.12
0.11
0.075
0.125
0.11
0.09
0.095
0.09
0.09
0.095
0.085
0.08
0.09
0.09
0.105
0.09
0.075
0.09
0.085
0.1
0.09
0.075
0.105
0.09
0.08
0.08
0.09
0.11
0.105
0.11
0.085
0.09
0.08
0.075
0.095
0.1
0.095
0.075
0.095
0.095
0.1
0.105
0.11
0.09
0.1
0.125
0.1
0.08
0.115
0.105
0.105
0.06
0.07
0.075
0.13
0.1
0.105
0.09
0.09
0.095
0.105
0.12
0.085
0.12
0.085
0.11
0.095
0.11
0.08
0.1
0.1
0.105
0.09
0.105
0.09
0.115
0.14
0.085
0.1
0.11
0.075
0.12
0.115
0.09
0.1
0.11
0.1
0.08
0.11
0.105
0.1
0.085
0.115
0.11
0.12
0.12
0.12
0.105
0.095
0.085
0.11
0.11
0.1
0.105
0.095
0.095
0.095
0.105
0.125
0.1
0.09
0.07
0.095
0.11
0.08
0.1
0.1
0.085
0.1
0.105
0.1
0.105
0.115
0.115
0.095
0.09
0.11
0.09
0.1
0.1
0.105
0.11
0.11
0.08
0.115
0.095
0.085
0.08
0.12
0.12
0.115
0.13
0.13
0.11
0.095
0.105
0.12
0.085
0.115
0.115
0.115
0.085
0.11
0.08
0.09
0.12
0.105
0.105
0.09
0.09
0.115
0.105
0.11
0.11
0.145
0.135
0.165
0.18
0.185
0.16
0.19
0.18
0.19
0.195
0.175
0.195
0.18
0.17
0.11
0.245
0.215
0.155
0.125
0.15
0.195
0.215
0.17
0.135
0.215
0.205
0.215
0.215
0.205
0.215
