-94.72770113004765
-356.8676978097835
-413.51101711434376
-422.95832852466566
-463.485820235221
-575.2049836440825
-511.51059368742466
-559.0212575796064
-597.30310740941
-599.6451765427568
-647.0459146633954
-603.6990544046034
-679.2562393582483
-687.353824543841
-683.202561391911
-685.7857685178658
-703.1702559744249
-804.8825636492089
-758.6458943058068
-739.0538542125147
-813.9527891275469
-794.8348933676599
-817.4578570513659
-839.6879357261837
-808.6301753487386
-798.616311838929
-813.6320641208703
-878.861278605573
-858.1326439056038
-871.2736918847886
-867.3672430190682
-922.3384368609934
-845.24749077094
-977.6502160085759
-953.5157679526459
-885.249409921852
-911.8975775723167
-948.8892902051899
-910.8419372486957
-919.372856247593
-939.3209574166598
-877.5912264076197
-880.8953330886196
-987.8974655066297
-955.8560070163207
-948.1334636849417
-914.036458841512
-962.67419067347
-895.9630396847434
-901.9580845855212
-946.0602536358184
-968.1638198727173
-944.8306860408873
-915.4527326861457
-965.8106326609151
-934.6520942096979
-937.2447958731316
-869.5107299822597
-969.828718955528
-912.85279789553
-903.582005872413
-976.2011225704856
-973.2504194913336
-1004.9681967614403
-951.431468813632
-924.616713241792
-943.5716350716605
-935.5692279618671
-957.1992923127654
-998.3863552892711
-946.214737959311
-943.7765845043558
-978.6806479037648
-944.3953406463767
-1011.6162225875496
-919.4304511558282
-1005.8893817489695
-915.5228132462837
-910.2890290251361
-900.7321961407371
-908.534089245147
-894.1457726205458
-920.9605083555123
-962.0324922660147
-979.2042074427359
-958.1223392217931
-966.1294241533593
-942.0056535425321
-952.8058512781707
-971.4523964465504
-936.6869140230993
-971.4121253143454
-981.9875516354198
-987.4807159889472
-975.0372288305434
-956.048691154086
-936.1212703364556
-925.6395674624913
-982.040144866621
-906.2007993957806
-1027.285496895302
-1010.960898959021
-913.770761122726
-990.3878687110865
-944.1230988121928
-918.845768852413
-1015.2894299645939
-968.0256431651227
-935.4270990891076
-955.9493449036504
-975.9418784486296
-951.7761042599387
-1008.4476572415078
-949.927908937696
-932.0863414515911
-1009.1973849014497
-1010.9133716916814
-1027.0733311165106
-1005.1962409220951
-1008.3014300350852
-1031.9492635592608
-968.0055577452754
-1067.5179408256997
-953.8451271594411
-957.9786794241605
-973.3896441616363
-1036.019236873573
-1084.1289595124867
-985.9418984534035
-965.6280706611598
-973.7234838064848
-1024.2091587765117
-1019.2036505148444
-919.4796718230269
-1025.9719392122797
-947.1196917681627
-934.4347667246358
-1006.745532490278
-1009.5954380662229
-960.8283889774985
-990.7040637378961
-1017.1925895493915
-976.0068307795995
-1019.9216634230994
-984.342009745853
-953.3052963561296
-924.5851642816839
-990.8929481685442
-995.0824101407763
-932.6066208423024
-986.4775838986249
-980.6526778852436
-1017.487664128693
-993.3234601972249
-1044.4151386028163
-1004.8283012999055
-1024.8752952707766
-1029.395625168169
-1017.9974019404308
-1022.7483148350962
-1049.4845785602158
-1000.5319065890961
-957.1686138233669
-1016.8006240414901
-1038.8037615740243
-1031.6262149363056
-997.99278558252
-967.5776707823848
-985.2886994411128
-997.7441151578662
-1006.7220118348027
-1001.4652103504665
-1060.2617742332495
-1007.616199815777
-1034.3422636067924
-979.4433593212718
-1050.1980831164149
-1049.5938565294507
-1013.7446883821711
-991.4733620764504
-1050.3925841783694
-1058.1560581726646
-1032.8197891611449
-1020.7142025943093
-1005.2362831724641
-1007.7633085564269
-1014.5250356790606
-1021.556549406947
-1068.8225259590597
-972.8405714079807
-1023.4638372430219
-1049.7600194545978
-1026.8076175098688
-1034.0451205616266
-1018.0226203309538
-978.7853729803237
-1044.7225728639414
-1022.3211053839312
-1073.8875522882165
-1028.6566989164396
-1081.690368822483
-1037.4083788697149
-1058.5406877759476
-1022.2928889458168
-1130.2261468591823
-1055.0125515718416
-1011.0255527160537
-1078.0865845836943
-1061.1256636050946
-1052.60720287914
-1027.7109339539434
-1070.8597808622978
-1059.76613224728
-964.064036633487
-1103.7710840466996
-1027.7462626354236
-981.3498313617258
-1026.3553557418322
-1082.7003278239793
-991.3384378907826
-1080.7663937958193
-1023.8077692560187
-992.7787639994017
-1106.4308219851462
-1028.0930921527702
-982.2219862423033
-1014.8625099692546
-999.635701980949
-1037.8285454405307
-1047.2915477484046
-1057.0408973156566
-1009.3363963919626
-1068.1818220469872
-1067.1560866799152
-1093.8035185191552
-1064.6029948919593
-994.1428539294033
-1040.6895047040052
-1033.4006464783574
-1047.2815949323592
-1063.0313135693332
-1064.7981623170522
-1008.0134176547539
-1059.7244635881952
-1066.091984171263
-1056.9591725667317
-1018.7103029528694
-1081.665510616392
-1091.8768678315928
-1073.2003924544429
-1002.1934681207362
-1025.175468910468
-1127.4458565152306
-995.5843063855955
-1126.738345365569
-1120.2437558957668
-1088.5912305805045
-1095.2541402539177
-981.7822270281438
-1019.0487411660208
-1089.5326272848067
-1056.9754949712976
-1095.8677321868324
-1078.1485351419226
-1091.815164306354
-1039.434195576699
-1010.1037973394976
-1054.435622488389
-1095.4155568136296
-1060.3729313237006
-1076.6577131602685
-1037.3197690578693
-1032.45635961255
-1046.5566082269372
-1049.1933400507824
-1105.4189893606124
-1086.8728790462296
-1076.4548728477228
-1056.6638004499982
-1044.598642738772
-1072.767461785688
-1090.8918646333364
-1061.9012548554113
-1070.4272955594488
-1048.1289459192697
-1081.2622288806897
-1045.7910574613043
-1085.5424727229445
-1054.6197468215871
-1063.4990686228577
-1121.158372368611
-1047.3076626056798
-1005.0505161195854
-1079.1836293224997
-1055.0118198036587
-1016.6451370369101
-990.8803232219857
-1090.1107816024564
-1093.8349250112901
-1123.1554567265398
-1139.2584770766782
-1090.76377591057
-1084.0347948387755
-1148.4769350150382
-1045.239835533178
-1046.7583705740915
-1050.485066955638
-1069.832193025401
-1015.7177800281506
-1103.4995764790567
-1027.7453118266073
-986.7704893300231
-1037.4797831521907
-1104.308116590473
-1090.1754543322352
-1087.688913918437
-1058.2486341413758
-1030.9467240454446
-1060.1137159956454
-1102.5281274285114
-1025.2681000534917
-1066.5964246579738
-1048.8746815085972
-1045.8355518394792
-1054.6359565627406
-1062.1549057042655
-1028.7016246240464
-1065.214073163243
-1080.9034289865986
-1107.7191429317277
-1092.2669289459086
-1071.633217493693
-1139.0237574331077
-1106.7482995404885
-1073.5599881382616
-1073.0855812108573
-1113.4053322339842
-1073.4662907649654
-1134.19327649712
-1016.6136232530567
-1044.2680482327098
-1106.7010649560202
-1093.2318411813656
-1131.0882565852062
-1074.9895404403758
-1046.3424648410278
-1071.5967499638948
-1047.9071873230553
-1055.4458799317408
-1134.6694020016093
-1129.8162480206556
-1058.5843655939952
-1116.0122989063532
-1049.902639075624
-1061.124033556298
-1110.4404206656513
-1044.9843767193001
-1086.9493663590838
-1120.207636873487
-1119.6262209717656
-1012.4923621880616
-1052.700294261807
-1047.2083392434276
-1076.3591139529233
-1107.2999917598956
-994.2344322741872
-1075.7425859478158
-1106.1454943446486
-1082.697338507209
-1057.2222196552116
-1120.6384198721585
-1066.469339075223
-1128.0366895433883
-1004.0095624117785
-1113.7256013171773
-1091.5737942126996
-1018.2326236196527
-1120.7968018939237
-1037.3394556179853
-1138.2512068770861
-1123.4975679155807
-1051.7468647844914
-1116.7141828581762
-1066.938819249471
-1067.4178686724022
-1059.8816827406906
-1067.2112037945242
-1073.6306290962327
-1103.5552523617453
-1086.4767392834588
-1149.7727036006015
-1022.1165223815632
-1083.9493629204835
-1068.0908193722578
-1031.6553880575118
-1078.307369250087
-1085.3932037353516
-971.7086919395017
-1005.8263574519627
-1113.8160217132927
