-122.5968357624831
-308.86839970924234
-390.21375262737274
-384.2129567534835
-487.40868335300024
-459.5720511259856
-484.33130935033165
-567.1301531191225
-557.3065107910721
-592.9289139571014
-573.2141894305194
-603.2608851114909
-661.8263385348849
-676.9360425313314
-661.3367990211204
-698.0763953314887
-628.6628130294658
-700.6057180899161
-674.8359387856942
-721.2902288366247
-696.599644668014
-725.6220402885366
-695.0839428089283
-707.6554078384682
-765.8314308943571
-761.706100901851
-733.8558658211319
-747.3149777447736
-709.5473135171113
-777.2341809837907
-765.3290176709493
-749.265010438142
-769.9671620969419
-774.9674391004775
-748.9140762964885
-785.5814656434236
-775.7517479578654
-783.922821550016
-781.7884650053801
-798.9541056950887
-756.258539305793
-794.98609407213
-779.6795058850889
-802.4625494144581
-793.4641809392858
-808.3784802913666
-794.5519812972458
-790.03834433379
-794.3387618841948
-836.8323999616834
-834.441881165681
-807.2494654408208
-826.8508745264124
-793.0323576891864
-834.6086863553082
-803.5425510512458
-811.1184782805266
-847.0219097561306
-818.6508543579666
-837.0851432023225
-845.5040713840061
-826.276399174443
-818.5286642851653
-835.2464359212805
-804.6669737427322
-832.7875709109836
-840.7876618561921
-816.9315566027606
-808.2050462245941
-842.915465842353
-835.5181801689996
-820.0197262516729
-854.0534806428133
-888.120148397375
-878.1857344450774
-869.6737022399902
-834.0029809236527
-858.9107757126843
-882.1491324813278
-864.32075242643
-894.4974506236889
-861.8541549400047
-860.5363976937754
-859.0736701541476
-826.4343654985781
-861.7950364995886
-851.7013557716652
-833.5491563479105
-875.9120487990202
-903.9531749018917
-840.7954567591349
-859.7108366648356
-864.2083245860206
-866.2318607330322
-872.1410374464812
-882.3555461106477
-881.2744057637674
-897.9415427313911
-901.448093979447
-866.9881040785048
-866.5757527527986
-869.6906750149197
-910.2384254738137
-914.137744112368
-877.252653199655
-945.8770288961905
-887.7308453877766
-896.7255692270066
-896.1475482446176
-888.6836956448025
-923.1107868830363
-879.4542124359696
-932.1671404379385
-894.8767650816176
-908.6150856018066
-937.3264889187283
-889.5981476889716
-868.3970877329508
-877.4379727769781
-913.2629126513445
-900.8803356665152
-887.3379462842588
-885.6505453145063
-896.9614042635317
-889.1887595565231
-900.9916485821759
-922.0706403379087
-879.4378765530056
-878.5763523808232
-931.3604387636537
-895.7526489822952
-879.6133479224311
-871.795726606581
-869.4716209694192
-906.730310065658
-893.7240146636963
-893.9385179025155
-865.732696250633
-890.8810820685493
-898.5978970810219
-925.2871002479836
-874.9576849478262
-885.0511349713361
-884.9302643528691
-918.0455048914309
-885.817817179362
-898.1576880419695
-876.7531775721798
-883.8633355811791
-935.0187650044759
-937.6550108944929
-912.4041004322194
-876.1897666366012
-912.12268187205
-908.1876378377278
-932.9192418963821
-945.4258041523121
-906.791093077483
-939.662403177332
-906.9892144521077
-901.1900435129802
-889.0977996826172
-916.6697304902253
-906.3792407998333
-885.052323631004
-895.8581189164408
-907.4878646903568
-946.6094096431026
-940.4769864779931
-944.1560847247089
-925.2864278722692
-918.6713097183792
-938.480293584753
-898.6447654865406
-946.7831932915582
-935.4869316948784
-929.8997998626144
-954.4940342090748
-938.9365004080313
-938.3831802933304
-965.6922338627003
-910.8817402203878
-946.6782522590072
-905.8362929591426
-918.8115325433237
-916.2052054652461
-938.909092232033
-935.7921682287146
-913.9429092477869
-915.6883349383319
-917.4440342090747
-945.2852984958225
-949.9692453357909
-960.5662417376483
-958.7377533064948
-971.5987934607047
-947.5127447905364
-935.2010730743408
-942.6107360257042
-941.9733666879159
-913.7883737634729
-922.9085294087728
-950.1350200087936
-986.1856152923019
-941.2124712272927
-956.9194467191343
-976.5533177693685
-912.679583231608
-964.8838010999891
-875.1453221073857
-929.0727264969437
-985.7599258422852
-958.9056324146412
-959.5679240473994
-955.3893856613724
-943.7243499190719
-936.448419630969
-986.9225190339265
-923.7383429421319
-934.2385350474605
-949.6639868771589
-928.9374538086079
-968.4947058077212
-995.3594213627002
-952.1834174262153
-961.013324716356
-953.9978437070494
-995.3005729957863
-982.3086040920681
-932.5818338323522
-1005.5172328993126
-993.5655860618309
-994.9599911654437
-931.9420360282616
-971.9494626786974
-970.8524484139901
-925.3997125131112
-994.9010066420943
-964.605439486327
-966.876979333383
-967.4291764153375
-944.4356731979935
-975.485964513708
-1000.580530166626
-948.218860912323
-994.1255174990054
-937.6151076140227
-975.1407390170627
-968.1013020903976
-979.1890449735854
-971.2174214680989
-1019.7416640246356
-942.5877355646204
-973.9289642651876
-1024.1041277002405
-964.6140711042616
-963.3535958890561
-950.5936781847919
-992.2524930459482
-966.1362391012686
-978.4519721137153
-977.6347733744868
-990.0163688800953
-970.9054108089871
-1011.2236355675591
-986.9151886622111
-990.7301745379413
-985.4991030657733
-1020.1492963013826
-1013.6426129623695
-983.6190635398582
-974.7417896977178
-1016.9380883958604
-962.0157811058892
-1003.7118683143898
-1032.367313116568
-981.4610147723445
-1022.421831201624
-978.6918585600677
-1018.428297411071
-980.9822375332868
-1001.1050717954282
-987.8569177133065
-939.158777279324
-997.4757420751783
-969.7567629213686
-969.9083570727596
-939.2631255361769
-994.2479839466237
-999.2320163302951
-1036.5357351232458
-976.525790560687
-927.7584504304109
-934.9885747273763
-1025.5107169963696
-997.6022459348043
-960.925425889757
-1003.4478298081292
-986.5911473026982
-994.2920689406218
-978.342665636981
-1026.6206347995335
-1001.1853229699311
-975.6740662186234
-970.2865671511049
-984.5961522702818
-1042.185472728588
-1008.6589382948699
-1035.7305913289388
-978.3479181642886
-989.4286096254984
-998.2078029146901
-876.9728669767027
-966.5695294874686
-910.8028619624951
-924.4771865844726
-956.0045365015666
-967.6563514426903
-980.5691870795356
-1018.1284579524288
-995.625931987056
-999.2313694847954
-975.7208100495515
-958.8879114786783
-999.9779186390065
-991.1274906299732
-1010.6436647485804
-987.3704025339197
-1025.2633561381588
-1005.8473625359712
-958.0968797542431
-996.4691970048127
-981.2605904473198
-987.0863761054145
-986.1622475632914
-1014.8690375928526
-993.0122910393609
-989.1789818799055
-1017.8194999553539
-995.3543185057464
-1004.3921742333306
-1009.0998867352804
-1027.6758462270102
-1004.331876041271
-1018.1804201408669
-949.1107370447229
-1027.8520437169957
-943.2756868150499
-950.1763755939625
-976.1563621203105
-996.917708630032
-1001.9665926933288
-1011.0078390192102
-998.3089504948368
-985.467638595016
-977.5113125836408
-971.3362063655147
-966.195627449177
-1004.7699317649559
-1007.0683755521421
-978.4395001022904
-1043.0122514230234
-984.0676957024468
-959.4518384438974
-1005.4689647533276
-1015.0394057803684
-988.0852118456805
-1031.5391361307215
-985.6930951365719
-1039.7554486151096
-996.8693955032913
-1018.6240906185574
-1018.839968250416
-980.1739160043222
-999.5364735055853
-1059.5135824945237
-992.2613619769061
-999.7474546079283
-1005.4770437169958
-938.7960687284117
-1041.827816659433
-1011.5796983506945
-992.9867152178729
-1018.8186108059354
-1023.6614265724464
-1016.2833337854456
-967.4143172652633
-1051.887774460404
-993.3269243169714
-1036.317577482153
-1019.7989848949292
-1005.6625737649423
-1003.0407365304452
-1022.391443681717
-1004.759273062812
-1031.4423716792353
-996.1984730473271
-978.6235378830521
-1011.9887317233615
-1041.4714622992055
-967.9525459077623
-973.2010297987197
-1001.9262279139625
-972.6865839251766
-1024.9990105523004
-1009.696805939851
-1004.4032319245515
-996.091613345676
-1032.0807710718225
-1070.831180770309
-1056.7508517371284
-863.3969216452705
-966.0888272850601
-986.8389980775339
-998.877476755778
-1003.042424858941
-1024.707334249991
-967.5721468325014
-1019.2259129276982
-973.6518794377645
-994.718702754268
-996.2557119722719
-995.5845377886736
-1004.2486709029587
-997.3366128250404
-1002.232210526643
-1049.0507028085215
-1011.1746357105396
-1044.490049930855
-1027.6366140012387
-984.292003970676
-1031.6591708289252
-977.3839201821221
-983.2347282127098
-1033.9033057883935
-1025.5063802719117
-1026.6745189525464
-1030.9091398874918
-1010.2184272907398
-1032.7531168902362
-992.3635571391494
-969.5575144591155
-976.6286842063621
-1009.659507730272
-1025.878893329479
-1046.8500782154224
-1024.2631136576335
-1044.4389399917038
-1044.5766359117297
-997.8888549663402
-992.9521564907498
-1002.7833158139829
-1013.8925283926504
-1008.6611512502035
-1009.495307441994
-962.483744487056
-997.0593511793348
-1025.5915219907408
-887.896808331101
-1006.620729165607
-992.4441925472684
-1002.7877726802119
-1016.7875241526851
-1043.21033299764
-999.4408187053822
-1053.6034405814278
-1002.8057514614529
-998.0752176514378
-1043.5080993652343
-984.6356701886212
-1031.3513984680176
-1023.1938281094587
-1019.6201533918028
-1036.644330017655
-1007.90109600491
-989.2280047098795
-1014.2218007405598
-1010.8108302151716
-1037.9179969222457
-1025.6847620469553
-1027.5034917336923
-983.6780089484321
-974.6232750292178
-1025.0260448314525
-974.445463597333
-1048.8683511804652
-1017.5377727967722
-1023.4899519178603
-1049.0146474767614
-981.743764700713
-1038.470078422405
-1002.3357399454824
-1032.586432866697
-1037.1080623767994
-1048.943190104873
-1003.499846175865
-999.0039507724621
-1054.818318910952
-1021.5377087487115
-1044.9283936323943
-1012.7741366068523
-1017.5043156376591
-1071.1232822842069
-973.5776887681749
-1012.0287981669109
-1054.8756293261492
-936.8690643027977
-1026.2763180768047
-1001.6640240563287
-995.781416716399
-1009.1097990813079
-993.7230768556948
-810.9942624480636
-955.9794873449538
-1010.5641115541812
-996.8366601838006
-1010.4088661476418
-977.3345832400852
-1001.9305377986695
-1037.0828217965586
-1033.1111082430239
-1036.040835818538
-1027.9778910884152
-988.8771263687698
-1026.6747115523726
-1019.8691505855984
-1013.2024988951506
-1000.6777982058348
-962.8442679723104
-1016.4177445411682
-1004.6026307777122
-1038.8420533356843
-1053.1263429429796
-1050.2415194264165
-1032.6227223537587
-1027.7023325054734
-1000.0243701369674
-1025.345310359531
-1042.3679462009006
-1027.55222336098
-1026.9473789356373
-1022.308487560131
-998.3133952246772
-1008.2608990492644
-986.6108855212176
-1011.75347783124
-1048.1833747978565
-1000.5525040661847
-970.9871352654916
-1044.9395251521357
-1060.5086658972282
-1049.8606434804421
-1029.449824227227
-1057.5319837455397
-1015.7177347607083
-1028.6229773874636
-1084.1217144400985
-1048.5729210323757
-1007.2129957252079
-1000.4718393961589
-1023.9789199829102
-1003.1940920158669
-965.8710477617052
-1022.8846404923333
-981.8119455408167
-1014.3670123135602
-1062.8264988510698
-998.9232353069165
-1045.2937672650373
-985.981719801161
-1052.389879127785
-1055.7410394350688
-1005.9192707768193
-1038.1259671811704
-1015.4134160041809
-1040.156828491776
-1025.8519744025336
-1043.050947076303
-993.4478221398813
-1068.0815923337584
-998.2089367336697
-992.756164932251
-1066.2155771326136
-1016.9560541647452
-1029.7632402773256
-1016.0136175791423
-1025.407187906901
-1013.2643181094417
-995.233021178069
-1003.0513691796197
-993.0533028072781
-1037.2954681396484
-1040.2517780586525
-1028.4765516210484
-1041.2888051633481
-1007.3222868177626
-996.1883304878518
-1018.1211015754276
-1000.0103769867509
-1017.5280984949183
-1042.77152984054
-1035.222232832732
-997.8135892373544
-1034.1021801418729
-1079.1053606881035
-1018.5755729816578
-1026.3877399020726
-1005.1043284946018
-1037.9874981067799
-983.9092631304705
-975.4296772073816
-1017.9041608315927
-1026.98105307685
-1030.5597531636556
-1052.056447285193
-975.1388242368345
-998.8579372406006
-1032.9592682732475
-1025.8383731135616
-1014.8488869561089
-1023.5303788220441
-1028.4540144178602
-998.0739870424624
-1047.2189936602558
-1023.7706959477177
-1057.9860941215798
-985.6555295591002
-1055.3825224099335
-1044.6434974246554
-1018.2422840259693
-1040.150803756714
-1022.604838901096
-1040.9449059733638
-976.1839298107006
-1013.7566344446606
-1023.8568810215703
-1000.2678832301388
-1048.9116127738246
-1043.1736533129656
-998.4227158157913
-990.346820810106
-1027.1414300353438
-1044.9201583014594
-1026.3436545477973
-1044.423591098079
-1009.1198475943671
-1054.1476764890883
-1011.2333871346933
-1020.1752647117332
-931.1086924870809
-1025.2426238448531
-1043.3006573147245
-1035.5365383572048
-1052.470271753382
-1001.9624495824178
-1039.8377822028267
-1017.5275265728986
-1040.4933085900766
-1024.92495036655
-1010.3795563998045
-1009.6890425646747
-1051.9154772440593
-1030.6496712578667
-998.1881831981518
-1055.5748055352105
-1062.0101263540762
-1025.415043950964
-1051.0038367801242
-1022.5407898443716
-1054.3610236132586
-1027.848616084346
-973.0464342470523
-1052.309233601888
-1035.3739667327316
-1062.992509290907
-1034.1138187832303
-1011.3224091671132
-1021.2608926843714
-1003.6850812276205
-974.320827625416
-1008.1492609942401
-1019.7534166406703
-1039.3800944010416
-1059.597033211037
-1075.3171937871862
-1024.5221154389558
-1033.9354023686162
-1022.9076887934297
-971.4157742253057
-1011.81537493953
-1046.4885534992925
-996.4557876869484
-1013.9435907999674
-1028.7256855222913
-1027.315273200141
-1057.2748166967322
-1018.2814912301523
-1012.3236837599013
-1022.5049240960016
-1068.3090629295066
-1028.9135852107295
-1011.9505860787851
-1039.3120896516023
-1034.268756470857
-1031.0375559912789
-1065.0604486536097
-1025.8772164203504
-1071.5234921137492
-1052.3510583665636
-1040.6656982068662
-1001.469468971535
-1029.0126137309603
-1100.8579600016276
-1053.1431113066496
-1049.8930690624095
-1006.4747983579282
-1102.3387040597422
-1085.7231406600388
-1081.9470916748046
-999.5116995917426
-1053.3601539894387
-1041.6002568562826
-1080.9113003695452
-1044.984792779993
-1035.0764462930185
-1054.153087036698
-1041.6919477109557
-1017.5092486063639
-1025.9400568079066
-999.76340069241
-1077.458831250226
-1029.198695006194
-1031.3873166543467
-1026.9434588820845
-1028.16731845008
-1002.9570665571425
-1038.839643464265
-1027.32225112032
-1011.3666077649152
-1034.2881345536973
-1041.6052340401543
-1037.5849173651802
-1027.0022521548801
-1022.4249579111735
-1053.798125655563
-1011.7433220898664
-1058.269687878644
-1050.9913568567347
-1068.899484097516
-1049.8869927300348
-993.173548355809
-1006.6905325924909
-1013.7829167542634
-1019.064506149292
-1014.3351610536929
-1028.4804276784262
-1007.2719595803155
-1026.8348284783187
-991.242930567706
-978.0925447534631
-1029.76579502247
-1019.653229437934
-1005.5914373539113
-1036.3645183245342
-989.1677002906799
-1019.4832137849596
-1042.2012565895363
-1042.2780636540165
-1022.0892140494452
-1036.4649914494266
-999.6434626261394
-1003.8892828482169
-1064.4236015549413
-1063.3596435546874
-996.6782776867902
-1049.411565568712
-1026.9776824951173
-1046.3029552318433
-1018.1787638628924
-1062.6831379078053
-1000.3759452678539
-996.921065153899
-1068.4260234408907
-1031.4927632791025
-1037.8284788944104
-985.0213352344654
-1055.830049860919
-1011.5826455451825
-1028.2018420749241
-1016.8852604486324
-1016.1164580309833
-1070.0711106335675
-1060.0200157165527
-1016.3564128098665
-1019.3028053778189
-1051.3214158799913
-1051.402476981834
-997.1634973596643
-1041.8582796450014
-1018.8966139051649
-1058.9491552635475
-1026.977631632487
-1038.782718010302
-1097.013432128341
-1065.570415299027
-1040.9356836672182
-1033.1979951081453
-1049.985377908636
-1043.894488118313
-1002.0150099295157
-1038.5677950258607
-1040.778353465045
-1030.4726552044904
-1008.6476923448068
-1063.1813927544488
-1006.961464076572
-1018.9683286878798
-1012.977633469193
-1011.2368990015101
-1030.6520261976455
-1039.6180941546404
-996.1972416206643
-1024.0953615683097
-997.4312901249639
-992.6679068953903
-1004.5736623340183
-1010.6629419750637
-1008.689644714638
-1041.5260744659988
-1063.700799977338
-1019.539942682231
-1021.4783959000199
-1017.5131075187966
-971.4262147126375
-1042.1447934327302
-1079.4250629425048
-1013.3204254079748
-1065.78165568599
-1064.7561573116868
-1035.0667410108779
-1054.557161698518
-1039.6990807921798
-996.0244601355658
-1032.2087112426757
-1075.6536915814436
-1009.6858589596219
-1068.6879243780065
-1023.0559649573432
-1019.868588564131
-1042.3958991156685
-1025.0391223130403
-1047.6143809954326
-977.9068052680404
-1018.3097787927699
-1030.1622067115925
-1052.0584367213426
-1023.430464414314
-1027.1220660845438
-1043.9771279511629
-1018.815111178822
-1037.7625448156286
-1071.5445427506058
-990.5235538058811
-1038.8335883246527
-1035.0287265203617
-1019.7238828870985
-1022.9855463098596
-1033.5605647475631
-1050.5581227337873
-1033.6265732094093
-1044.4250766330294
-979.4057630680226
-1033.3992944364195
-1034.6482036767181
-1044.9059965063025
-1044.1156500003956
-1035.6532321223506
-1075.7795083946653
-1033.2588912398726
-1043.1678351790817
-1004.5795785197505
-995.1606742011177
-1046.0059795520924
-980.0828921635946
-1060.6505287382338
-1052.1275399596602
-1034.500550587972
-1016.0126810073853
-1018.0244109118427
-1032.794334072537
-1077.4543416906286
-1022.7523103643347
-1052.2550783510562
-1008.8581746207343
-990.2500307718913
-992.6607263918277
-1015.0291107248377
-1042.5361035876804
-1011.1295751377388
-1041.4924068027071
-1014.9632806283456
-1043.479820421007
-1054.2517171153315
-1046.8939358993812
-1039.6171155717639
-1079.4753602910926
-1023.7802096896702
-1052.2266249621357
-980.8259594387479
-1031.2716246569598
-1017.2708581924438
-1022.1414766099717
-1042.414362448233
-1016.6682599509204
-1027.701540459527
-1026.0401809409814
-1062.9005067613389
-1027.75802320551
-1039.834361662688
-1022.8239432220106
-1000.2890315868236
-1014.8192398353859
-926.5700822194417
-958.8757379037363
-987.1755049864452
-993.0801319122314
-1035.2618392944337
-1066.3689849473813
-1023.1950899795249
-1025.1119287172953
-1032.7894955105253
-1046.7149547576905
-1019.4025123172336
-1020.9623302177147
-1077.3809651975278
-1001.9133930418227
-990.6532935884263
-1057.333335904722
-992.4009659378617
-1040.6942454726607
-1009.5089834389863
-1044.5615133364995
-1042.1532023677119
-1020.759181354664
-995.1599030388726
-1014.820377833755
-1017.9140278851545
-1010.6661933828283
-1045.7339712814048
-1067.2954328183775
-1040.499079075566
-1082.1179532086408
-1039.2489853470413
-1053.8464555528428
-1061.504439912019
-1025.1304912143282
-1021.7498728646173
-1025.0824866965966
-1047.6668275744826
-1028.5595538104021
-1024.6530296926146
-1074.9832848160356
-1039.025823188711
-1062.8011111224139
-1043.9968254371925
-1004.9046967683015
-1001.5553811391195
-1011.1005097000688
-1045.2104439346879
-1020.8078156506574
-1016.7772968998662
-1052.3998074001736
-1040.8914683447945
-1040.742457707723
-1059.5855146761294
-1031.7194215739214
-1038.3604607899983
-1022.9333084671586
-992.9795713530647
-1021.7138744071677
-1012.3529651076706
-961.7073927702727
-996.5189989301894
-1036.2826847641556
-1008.0804101308187
-994.8679904231319
-1020.5047018616287
-1051.874856486144
-1097.0533194365325
-1020.7695485953932
-1042.654869386885
-1081.010317993164
-987.5768276797401
-1022.9889493447763
-1017.4022112811053
-1050.4424051355434
-1019.4915348971332
-1034.2528678470187
-1036.3305315370912
-1035.2829037984213
-1040.642236271611
-1003.7717520325272
-1030.9672043129249
-959.9102220182066
-1026.748350906372
-1038.5759822704174
-991.3714096351906
-1040.7448433204934
-1011.3522869322035
-1050.6306150507044
-1039.3629043861672
-1074.7069595195628
-999.4335451479311
-1070.9290213125723
-1054.5362009896173
-1031.777853428876
-1036.4091702496564
-1049.8735221297652
-1063.5173207600913
-1059.3005097256766
-1032.9301372139541
-1040.6788384331596
-1007.0434270364267
-1015.0846004909939
-1074.9546403558165
-1041.7792818563955
-1062.0722285447298
-1051.576888847351
-1037.3591654079933
-1020.3885153876411
-1029.1810877623382
-1041.786252141882
-1076.0090007075557
-1031.5663685692682
-1032.0251146457813
-1017.9328637582285
-1018.5794120876877
-1013.7311248214156
-1029.387980220936
-1018.0879519197676
-1051.0144030818233
-1027.320324311433
-1018.7240140985559
-1031.7001867223669
-1030.8800708629467
-960.0778863694933
-1014.3652338522452
-987.6594669624611
-1033.0462573439986
-1050.4082025527955
-1065.4522684874357
-1065.3169951262298
-959.9598836474948
-993.6414176305135
-1015.2434464348687
-989.5982177169235
-1018.9003458941424
-1048.6841564319752
-969.7526615425393
-1049.6596832663924
-1053.386309701425
-995.430440153899
-1072.5041295934607
-1049.0631754733897
-984.0054178308558
-1033.235460662842
-1077.301171846743
-1021.2822971626564
-1053.1967012334753
-1018.9895954697221
-1022.0534767998589
-1042.7560105782968
-1035.1681385269871
-996.5521621421532
-1044.7306273283782
-1032.7246906421803
-1060.8769054412842
-986.5984687310678
-1023.0570138719347
-1027.3896743880377
-1024.2182376579003
-1019.7745680632414
-989.801121351454
-1021.7023610432942
-1019.4531920539008
-1100.4465225784868
-1049.7853277135778
-1023.9378810599998
-992.4763978604917
-1026.168024077239
-1053.6173127916124
-1060.4648044162327
-1015.8970565124795
-1025.0437345434118
-1040.2989702860514
-1040.1288744608562
-1025.6695786370171
-1034.817357358226
-993.4256153071368
-1039.5820656105325
-1037.3878365551984
-1039.4309739572032
-957.3298919324521
-1027.4791915964197
-988.7612718652796
-1041.133551590531
-1010.8599037611926
-1049.6588418748643
-1032.0014363271218
-1027.00580495905
-1029.6129409224898
-1025.9846852691085
-1046.429366104691
-1084.0513704794425
-1055.9539159562853
-996.8398422647406
-1043.8756395693179
-1029.150904002013
-1061.7918806853118
-1021.9604182543578
-1011.0003922285857
-1033.1979057877152
-1037.6571763780382
-1033.7954671223958
-1059.601242828369
-1055.7802695309674
-1023.5522542458993
-999.1003796577454
-994.6774780556008
-1058.684470572295
-1025.2130592911333
-1015.5003593232897
-1005.5837248908149
-1039.029837657787
-1061.403274931731
-1064.8278068471839
-1031.3759009749801
-1024.7102195174605
-1057.6495631050182
-1011.866615846422
-998.7723454757974
-1057.2065269470215
-1065.809210148564
-1081.9387859768337
-1009.6245507628829
-1062.8878404687953
-1054.9334645377264
-991.3480677498711
-1044.4858319317852
-971.047360668359
-1052.9273483417653
-1024.8679056520816
-1053.9315035784687
-1042.0078666969582
-1039.2044686564693
-1029.4949930544253
-1013.6539679915817
-1051.884547134682
-1027.0326098406756
-1083.5314465981942
-1032.42329693547
-1045.562282986111
-1067.7311845708775
-1035.1326863677414
-1007.5192698867232
-1078.7026947021484
-1025.216746492739
-998.8435701723452
-1047.0550921404804
-1025.6485442267524
-1023.3342527177599
-1027.9407424926758
-1070.8921669182953
-1024.432184713858
-1063.4911024305557
-1063.1459533973975
-1023.4952004891854
-1035.6374322926556
-1011.0195887494971
-998.1440041347786
-1044.903941210994
-1053.3253167964795
-1023.7752099425704
-1064.5968026585049
-1049.1489893595378
-1081.705664119014
-1010.9731649610732
-1060.2822622299195
-1044.1274535037853
-1081.0280117458767
-1061.3758040887337
-1000.7348542813902
-1070.934063360426
-1033.9626363118489
-988.9052636658704
-1014.9347693831833
-1028.6225399087978
-1049.7491367057519
-1014.7111707943457
-1012.4397236514975
-1001.7742184250443
-1028.144039741269
-1043.4214721326475
-996.721977685999
-999.5126920629431
-1045.216001976861
-1045.1490416880008
-1030.4600819128532
-1093.784458315814
-1037.1648605417322
-1047.4665537233707
-949.7148013644749
-1034.976210481149
-989.1374740812514
-1019.3940482951976
-1064.1028660950838
-1017.3237866401672
-1083.211523465757
-1058.6160888389304
-1050.9495788362292
-1017.5492823989304
-1083.1781738846391
-1025.2524232723094
-1059.184619140625
-1005.6629970691822
-1062.2636604732938
-1009.9350963680832
-1094.4530079170509
-1090.3164393389666
-1024.3666626400418
-1028.1307513908105
-1032.0179165451616
-985.1037246704102
-1034.3541457847314
-1080.8406524658203
-1006.3268210658321
-1023.7040721186885
-1046.600122748481
-1054.5041478474934
-1080.7133413526747
-1051.514785306542
-1059.197144896896
-1052.746999500416
-1050.9311127168162
-1087.6091354016905
-975.3561563588955
-1036.0516161318178
-1014.9845809371383
-1072.4968396363436
-1008.8599362903171
-999.8672762270327
-1003.2504447937011
-1035.8643231427227
-1025.9278973049588
-1043.5226827780405
-1038.0814918164854
-1098.7118053294994
-1072.9596225535429
-1056.736863256384
-977.8489530607507
-1026.100197092692
-1018.0732198556265
-1059.8266526398836
-1026.778806813558
-1020.3389610290527
-1075.082287315086
-1025.990441498933
-1086.5752376485755
-1032.121538843932
-1019.9618068341856
-1065.5315641049986
-1053.8557085107875
-1014.5003113993891
-1044.0020290657326
-943.7214151735659
-993.4323547928421
-1038.128411130552
-1024.3028699733593
-1061.0935785788076
-1034.638563014843
-1003.0262131302445
-1042.1469565073648
-1017.7821149331552
-1036.0382997442175
-1045.892054465965
-1012.9076305530689
-1007.0073455033479
-1055.160630049529
-1062.3893034617106
-1064.7816158859819
-1026.521250350387
-1049.7121518452961
-1034.562612745497
-1016.4826891016077
-1065.0370298880118
-1041.951196967231
-1016.6150414643464
-1022.832497215271
-1030.6133044666715
-1076.7601792794687
-1017.2688243159541
-1034.7569017763492
-997.7976485075774
-1044.5266541869553
-1029.251542409261
-1072.3850339112457
-1097.2104905305084
-1043.5939664487485
-984.6543953083179
-1024.9663287621956
-1001.7771599451701
-1071.5300786336263
-1010.7389418707953
-1029.5676307678223
-1029.959408014792
-1093.89144309715
-1060.3264355977376
-1066.5693183051214
-1025.652059922395
-1048.4633743003562
-1035.0646131868716
-1064.8451787877966
-991.0070671787969
-1012.5984267905907
-1017.3970137914022
-1080.3157036957916
-1044.2248640272353
-1041.7614824930827
-1063.1482836970576
-1042.8226999777335
-1079.2840174639666
-1069.921246931288
-1025.7842639428598
-1055.4492153838828
-1061.9537053355464
-1078.2411547590184
-1032.0176615114565
-1046.6137070956054
-1014.983670646173
-992.3731697824267
-1037.443228672169
-1049.436485755002
-1029.910685050046
-1014.957462112992
-1073.6603618339257
-1010.3158588709655
-1054.2376124329037
-1029.8579861534965
-1070.8722661618833
-1031.9164397204363
-1020.578098155834
-1038.726665185999
-1047.0498283244945
-1031.5242281595865
-1059.0638172432227
-1059.2717785305447
-1045.4491710945413
-1032.4695299077916
-1085.0674601236979
-1032.5195077013086
-1040.124936913561
-1054.9835729810927
-974.4179715898301
-1008.4885120391846
-1050.120600212945
-1067.113949528447
-1027.686295251493
-1045.482574830232
-1017.0627889845107
-1057.5765452349629
-1003.1246742813676
-1069.8815251103154
-1054.3249364782262
-1044.0411204143807
-1043.8506319461046
-1059.229122769391
-1051.212339231703
-1017.2297658001935
-1084.1605681807907
-1030.8212908921419
-1005.7467981974283
-1064.7553281148275
-1032.0962896276403
-1039.5561325073243
-1024.114095212795
-1023.4369220874928
-992.0685686747233
-1015.6553672269539
-1033.5321014404296
-1005.5396641793075
-1047.3318644629585
-1027.9960385711104
-1021.4677381021005
-1011.3038356286509
-1050.519049891719
-1072.8067496970848
-1064.8468332926432
-1056.7879754243074
-1084.2956426408555
-1051.0582596602264
