-8.60450367442772e-05
3.0113456087174536e-05
6.7554070281727475e-06
-3.011647557168881e-06
1.1020595870214755e-06
1.756513445086859e-05
2.0512340941852219e-07
-4.308325220301499e-07
8.209549219655114e-07
6.984125410579044e-07
-6.442641972836537e-08
1.7010673238235137e-07
3.5176655315683336e-07
8.616452504680202e-07
-1.625514470023122e-07
5.5760780325608e-08
2.44725417899274e-07
-1.783488972638157e-07
2.690348167355694e-07
-7.348433025337423e-07
-6.205889395129429e-07
3.166476051951071e-06
-8.981618891323461e-07
-4.01240876691923e-07
-2.8362770673648238e-08
1.954083808239257e-06
-3.4818359625282473e-07
-2.704682786411236e-07
-3.6725201695204573e-07
6.701659900601144e-08
-1.4321208851977132e-06
-4.144038938360108e-06
-3.828645882259075e-05
-0.00044019778639873647
-0.0014531070688260823
-0.004060097596043811
-0.005617974891545061
-0.008935202750392448
-0.009379160921876233
-0.012092842138318466
-0.014163259784928177
-0.01621326815037281
-0.016956436719219373
-0.019402489950772615
-0.022974565202861816
-0.021326752420901793
-0.022817737555359836
-0.023355625773762802
-0.022078115541915865
-0.02771429738440929
-0.030665314584297852
-0.028703585021301277
-0.03219251500170988
-0.03192081682164927
-0.037812244776136206
-0.035813555706301015
-0.04062789784554668
-0.040046702778070334
-0.04040951988685669
-0.04580721086477516
-0.04623969688200978
-0.04461765327076945
-0.04314994927133537
-0.046629877561375634
-0.049669523037866585
-0.047497954147143494
-0.053252985652997506
-0.050374929219725785
-0.058143307959350445
-0.05576332727343672
-0.05765842593240517
-0.0592475843374376
-0.059254702958450825
-0.06797436637441731
-0.06312121699081251
-0.0682129579803182
-0.059954920839044024
-0.07209149512281228
-0.06851992653165427
-0.07300516313062635
-0.07474179096968361
-0.08304802438382197
-0.07358189577202279
-0.07291367944433458
-0.07351132749183173
-0.08248380899205114
-0.0802205993655931
-0.07235371527516421
-0.08717116829939187
-0.08466913284802878
-0.08484780383899945
-0.08265352420405381
-0.08700562805816946
-0.08621755721504558
-0.09462510067969561
-0.08680112398276968
-0.08575426585178961
-0.09812424461296931
-0.09292798454321369
-0.08321260918207743
-0.0928096688007591
-0.10769410930160019
-0.11721527918621345
-0.12506268334885437
-0.11577604049471793
-0.1310915993724915
-0.12493021082202041
-0.12485494543323983
-0.1277147240117537
-0.1276111239032751
-0.13558943475838062
-0.13069987145459486
-0.1330346586562141
-0.1291969594338702
-0.13291585193257088
-0.14303833098599203
-0.1354626086825091
-0.13599790087211186
-0.136435052881414
-0.14841653479746095
-0.14977045528573432
-0.13844718240822354
-0.14225686609365598
-0.15022381765560971
-0.14548491002577874
-0.15223994133993984
-0.16113476122694986
-0.15460792147313004
-0.15201709756489706
-0.16879998291670173
-0.16889746918998383
-0.1544969588552636
-0.1608427830077104
-0.16234881453802463
-0.16354484426168103
-0.1684380823228922
-0.16919122919164323
-0.16794273567006543
-0.17223361545000915
-0.16664664718598404
-0.17963142659239195
-0.15587977891167004
-0.1657167003834965
-0.17152317143045365
-0.17690327881093793
-0.16985000206364526
-0.17100158674573457
-0.16342620614019257
-0.1764884903906258
-0.1830382600357687
-0.1850737859374257
-0.17890232962866623
-0.17286913110012259
-0.1799362018014546
-0.17997767549284077
-0.18455909631922152
-0.1796522412414628
-0.1769701311847678
-0.1913593064924633
-0.18216854871285182
-0.18238217316360938
-0.17774638348017577
-0.18597202769963553
-0.18325967435440463
-0.16685641000254287
-0.18088628405066967
-0.1857359612489947
-0.19554123034769738
-0.18500291560992116
-0.19538479448054677
-0.18756650761459712
-0.1917768379535388
-0.19412487996569663
-0.1840018344387688
-0.1964560869667265
-0.18984480676482673
-0.19215521868490787
-0.20322655741539267
-0.19135208125053732
-0.19752390336383271
-0.2063259843788627
-0.1942994216525996
-0.20853297518721473
-0.18723526786046998
-0.18704917599378085
-0.1906141771245058
-0.19580277027648493
-0.20203701297028198
-0.1930098953889683
-0.19276111933092277
-0.19891123299452443
-0.19990881946006858
-0.20543126631528139
-0.2083420136736499
-0.20889960578901487
-0.20870251883321475
-0.20490714703100146
-0.19329542133405253
-0.20518422629059016
-0.20278339551554786
-0.19741280320686874
-0.1938486407476443
-0.2077887828392839
-0.21786002884963873
-0.20078354706573817
-0.2105002533385737
-0.20967067947645707
-0.19580434063380514
-0.2079813475686091
-0.1844062088333346
-0.20292248150885658
-0.2225680094488241
-0.2018459950539249
-0.20530377392208687
-0.20795991235516137
-0.1997368164912418
-0.19825515980461475
-0.20962046891174935
-0.1898443882819265
-0.19872934417367946
-0.20701599626077546
-0.20069492230519514
-0.21121544009419502
-0.21446787395807743
-0.20768343899399042
-0.20541783536836092
-0.19979335703645593
-0.2154012648285263
-0.21682015928543277
-0.19994303738629376
-0.22089894951420352
-0.216470865463769
-0.2136203101189393
-0.20779301218809215
-0.2156209177510054
-0.20465112382339107
-0.19468284336229166
-0.2186370452400297
-0.20187315150698715
-0.21010591266504317
-0.21096630551058937
-0.20687319854343378
-0.2040604184071223
-0.22308155809166944
-0.20776348485594132
-0.22431449306507906
-0.20331392199214962
-0.20697684022425503
-0.20072984413968192
-0.21246835805510206
-0.20817606544673994
-0.22318752621886906
-0.20364485572402677
-0.2099312337210264
-0.21962480915503368
-0.2164166266305579
-0.21217029490508138
-0.20359217468562915
-0.2166132333860905
-0.21223768602228826
-0.21346291773693843
-0.21748478882256206
-0.21846600123163726
-0.2077150771394372
-0.21880681018552017
-0.21840383176243416
-0.22096010620395343
-0.21175191575592314
-0.2270065972202078
-0.222926074850235
-0.21752101294006462
-0.21309316701221245
-0.22174010368202018
-0.21113429632796735
-0.21927443117731146
-0.23148344567183543
-0.2150129428435186
-0.22845763043948897
-0.21954939503360676
-0.22807004981657006
-0.21771945091378359
-0.21761271335460522
-0.2148092145151976
-0.2094532994967368
-0.2149073889427301
-0.21136769713420006
-0.20605055869953637
-0.22104550384123017
-0.2151869353113903
-0.22195287517927312
-0.22576127098269622
-0.2107929176306007
-0.20904382989155473
-0.20255282287727353
-0.23586805484050677
-0.22184203397180816
-0.21683720326120104
-0.21543761899660308
-0.2211555207527622
-0.21142804071876323
-0.21412800891083425
-0.2263443615011595
-0.2297800921998849
-0.21119519445907187
-0.2118851362279168
-0.2176686935644183
-0.24061620767331784
-0.2203996025973336
-0.22617588533019578
-0.21532469451151512
-0.21815247828985943
-0.22223347611811564
-0.22677586230414884
-0.22900689319293532
-0.20802245900483318
-0.2121432616427127
-0.21459350969418192
-0.2144855723750812
-0.21633739827752665
-0.2250482873490977
-0.2256172158272454
-0.2189840164863401
-0.2192875000199786
-0.21928379277491736
-0.22625228878524567
-0.2199622736070995
-0.22674382786111286
-0.22539824782612009
-0.23903701749104247
-0.2302177500040098
-0.219082283421799
-0.21560833974465451
-0.2302259719758122
-0.21549874412723713
-0.2292332366731932
-0.22572993430205518
-0.22558276571454136
-0.22865475342367533
-0.23064275589530114
-0.23075661087857077
-0.22156814057035026
-0.2152162849092511
-0.22996754124760627
-0.23090642405397915
-0.2286742899239201
-0.2140010788070935
-0.22649699308805996
-0.20685583894589432
-0.22093414790514443
-0.2294340621104412
-0.2315809265917374
-0.22953912165119417
-0.22865540700516215
-0.2331647686039408
-0.22026177546768277
-0.22490359191886253
-0.22617432289170447
-0.22161348729083935
-0.23003197775946724
-0.22722059714745868
-0.22326953735168056
-0.232700375288173
-0.22082514947763196
-0.22371157605451084
-0.2218978965310035
-0.2320659053356697
-0.2231057179631467
-0.23654983250113826
-0.22026715953403186
-0.2396810756797937
-0.2238984229526034
-0.22892450778227713
-0.23024306153119714
-0.21928726211190225
-0.22970373760563909
-0.24078669344307854
-0.2256133041999958
-0.22405636023592065
-0.2307320706408333
-0.2105356972526621
-0.23333978828870588
-0.23268885760809535
-0.22945193113345239
-0.23721265649354017
-0.23906015770992747
-0.23012117117436395
-0.21777051441647388
-0.23655861360193403
-0.22253335628106638
-0.24345436952490773
-0.23934247381295318
-0.2286794205795525
-0.23587127846010306
-0.23553180786914676
-0.23210585916466597
-0.2384921136829588
-0.22588207065041557
-0.21599702303539273
-0.2280423474420483
-0.23247056038601807
-0.2228910427454307
-0.21508491161986495
-0.23026779235633849
-0.22132751589158067
-0.23362078270055697
-0.2334920348185632
-0.23048419764996247
-0.2286145870487585
-0.2335570145657079
-0.2447888226834712
-0.24289815150960176
-0.21708744999745655
-0.21877221706219846
-0.22980956322754975
-0.2414545491958658
-0.22732760745480105
-0.22767188910877814
-0.22256470343994875
-0.2300122095202958
-0.2215567084201784
-0.228282698692271
-0.22476322384102754
-0.2235658712995549
-0.23792852242649706
-0.2210426933830604
-0.23152135057305848
-0.23603965427588533
-0.24054306155691543
-0.23903964267293404
-0.24441693219597693
-0.2213864860918235
-0.23298341769518124
-0.22840280710478073
-0.23182294105214102
-0.24039619452561492
-0.23189822466940516
-0.2423415290950625
-0.23611428687624908
-0.23926639161935007
-0.23539864098032315
-0.23016011448990967
-0.217477305761228
-0.21790404117286757
-0.23174956435579117
-0.2332199614426052
-0.23493540914798225
-0.23673381824391307
-0.2405444507262911
-0.2374304220356323
-0.22342846349088683
-0.22498081753513327
-0.23025093286263723
-0.23351380785030348
-0.23322505439390187
-0.2382114186262091
-0.22103063058522013
-0.230897231531088
-0.23542567298368172
-0.21865707647952218
-0.23568840855516976
-0.22911216738737292
-0.23057272784730973
-0.2305550965273546
-0.24717816311728072
-0.22644623517386478
-0.24818260426874514
-0.22879377085094652
-0.23268268816862944
-0.24329150063848054
-0.2364958057249034
-0.2396641822117898
-0.24291490830688012
-0.23405393636009345
-0.23316905729955545
-0.22738438788111562
-0.23030750026357258
-0.23804036265032158
-0.2305660156602109
-0.23508531251853262
-0.23459652159190564
-0.23462651542698343
-0.2231295595428458
-0.22318207777657167
-0.23312787135235138
-0.2213949734336455
-0.24045394059201633
-0.23346636175109003
-0.23010126173979153
-0.2427787732332945
-0.23458900436914215
-0.24873817874963774
-0.22410037923255005
-0.24393150098363145
-0.23400433771312237
-0.24467654411284323
-0.2349155711743084
-0.2358507339044957
-0.2505857445437599
-0.23525874681632827
-0.2409797800221929
-0.23479334768597726
-0.23207992046243614
-0.24945202032104136
-0.2224633581591425
-0.2280835561523283
-0.24478993911848024
-0.2184612369169136
-0.23724473490103803
-0.2286042614236336
-0.24142000954382606
-0.23387465337636293
-0.22809668376489922
-0.22923071689869243
-0.24542738756777166
-0.24647824322380107
-0.23261587258290362
-0.23340881122448653
-0.22592875509419375
-0.22858906665415918
-0.2421983890062957
-0.23950088786789112
-0.24088692060257827
-0.2328246801281003
-0.23546384562979694
-0.24107097932310015
-0.2354676404312529
-0.23081655095986747
-0.23371321201945344
-0.22481518564314615
-0.2272835718312611
-0.2340899611392093
-0.25297860595639104
-0.24807948339040634
-0.24447115006925607
-0.2386572549007488
-0.24865744526808461
-0.23184525516849977
-0.24106945400126278
-0.23916129498501068
-0.2365931565614624
-0.23715100365656394
-0.23337389130007338
-0.23703266934414083
-0.23119451477897301
-0.23254620364729178
-0.23122930131611172
-0.23915455975155864
-0.23321321764271016
-0.23082230459139855
-0.24775928185769805
-0.25121601198075544
-0.24754429957958765
-0.24020104787002008
-0.25442887035681416
-0.23496681624782031
-0.2428640818844239
-0.2602358155702758
-0.24007343616405571
-0.2312123362546252
-0.23636421622639453
-0.2391966971775724
-0.23299605541138185
-0.23217012650264357
-0.23531785555339108
-0.21993810999793587
-0.23854661202230662
-0.24837450978035727
-0.2416425418160442
-0.25052322946074934
-0.23575380777043325
-0.25516915872210155
-0.2421223476253174
-0.2351588199398032
-0.23856980134560554
-0.23952277356896687
-0.2503184507187042
-0.24333839198505436
-0.24384017506683314
-0.2283678328566667
-0.2527287398568458
-0.23430328524705987
-0.23853857019760957
-0.25655639112961515
-0.24115064707412212
-0.24065893588380682
-0.23551754303906045
-0.2402650087657902
-0.23869133233351425
-0.2405965634940744
-0.2337820974678767
-0.23582237638162312
-0.2423955476808327
-0.24946466159523914
-0.2420618591002292
-0.24806643063547434
-0.23438180648307833
-0.2331702725133962
-0.2394143639274666
-0.23223336498528996
-0.24130558258405438
-0.23993651455751172
-0.2445441845562999
-0.23233638746250007
-0.2381554461394747
-0.2430545608995965
-0.2445674979990279
-0.2434046433824632
-0.23100174819809144
-0.2404339399430211
-0.234747459994698
-0.23097279656169661
-0.23446284945778273
-0.24393461714671166
-0.25106751109857145
-0.2432372554716292
-0.2268957876910766
-0.23583160625701702
-0.2390355270700874
-0.23932624793852922
-0.24024866889403373
-0.23482466209334907
-0.24780045303481596
-0.2363764096879297
-0.24771271302468248
-0.23412412720973844
-0.24026883453544642
-0.2292672368525355
-0.23759898161774295
-0.24146807995900788
-0.2376061108066804
-0.2380193319965016
-0.2375777078792453
-0.2526568768339025
-0.2286983193915889
-0.24143529536948471
-0.23237480658270349
-0.23061440141733597
-0.24619334387480868
-0.24001977480603037
-0.23331597627795958
-0.23196463842005297
-0.23892617662290663
-0.2463011627809869
-0.24094601491190218
-0.24371108185344686
-0.23324606472591836
-0.24650860293768345
-0.2374279732160546
-0.2366024811303726
-0.2378482345957309
-0.25122266993081815
-0.2518189097435593
-0.24109758999353895
-0.24585545341035833
-0.23390460920658102
-0.2434959374644138
-0.23733262032684352
-0.24297007021873637
-0.2389161951046575
-0.2333492607462513
-0.23244930500751015
-0.24501260475221057
-0.23816981840775245
-0.23699870337732137
-0.24532358766257487
-0.24919347970711964
-0.23859815222935543
-0.2389344912470767
-0.23646306476935192
-0.24759109154929992
-0.24143493627370508
-0.22576804478670023
-0.24441885070668326
-0.24642369195439473
-0.2447699471756264
-0.24248076842200977
-0.2399580844591751
-0.23566216130361514
-0.24451205111626123
-0.2336203378694201
-0.2450012972371446
-0.2424413489660731
-0.24433187877552376
-0.24567672481967343
-0.2573287971335015
-0.23097239024937152
-0.2409283846685732
-0.23650280762101628
-0.24033669144329098
-0.2352886357586141
-0.23825639360411852
-0.23301407411280606
-0.2356237375970792
-0.24244723437112514
-0.24273874221576586
-0.24831199023389705
-0.24095323556965148
-0.237036322115886
-0.23951164705816794
-0.24891066095895237
-0.23442798228589473
-0.24435311671760346
-0.24660182753922763
-0.24266617145665265
-0.24331929806826844
-0.2508492668538734
-0.2501281964264948
-0.2507788848390596
-0.24655660810983843
-0.24663600964230245
-0.23884150583159042
-0.2361459993843541
-0.2566815675132804
-0.250043333887502
-0.25214510851850114
-0.23378472100788106
-0.26705493123305063
-0.26398363436951683
-0.2576785675284487
-0.2395178607216588
-0.2463433698164644
-0.2488376113034233
-0.2546964708250016
-0.24166715242727488
-0.2511179883722906
-0.25125831605745824
-0.24045952506432378
-0.23511922121461895
-0.2470709426983915
-0.23362724132559917
-0.2502429225757994
-0.2378493145763598
-0.24455430466957667
-0.23437166558233677
-0.2417457108385861
-0.2328750192705128
-0.2430340324494022
-0.23917020759609942
-0.24353186253251302
-0.2506361267770882
-0.24455783042099533
-0.24713375639963758
-0.24057040062422555
-0.2431627815692789
-0.24463287745085027
-0.2395553670892561
-0.25527611996426625
-0.24938961343356855
-0.2530083338281623
-0.24630626520072973
-0.23466451368294655
-0.22998602687191494
-0.24154446298532464
-0.2488323624814964
-0.23944630405935136
-0.24442797298025754
-0.2520414962709226
-0.24756855159088176
-0.23774671366403777
-0.2331804629501507
-0.24701437915640848
-0.23638777691457008
-0.23648439294279175
-0.2403731243805615
-0.2306632213027182
-0.24457658069742913
-0.2539045060743336
-0.25242587231030617
-0.24069983940054146
-0.24864343251619075
-0.23319155516585818
-0.23385242880494506
-0.248101641092001
-0.25569315922481045
-0.23084224951970908
-0.23876776765962993
-0.24424320550428497
-0.24673376136493905
-0.2346910591961609
-0.25417152065093873
-0.22677711124221483
-0.23252841464623256
-0.24700573125371225
-0.2385000701562536
-0.24680056450327997
-0.23143652115681174
-0.2510699485980526
-0.23357486938518748
-0.24270950231563163
-0.2404810186615645
-0.2401224565088611
-0.2580498583511346
-0.254446121926109
-0.2352732367253069
-0.23413753435878015
-0.23995894124662434
-0.24324449297316647
-0.23827344753813964
-0.2487508712336421
-0.24176816765081
-0.2534270882641
-0.2385829882523804
-0.24244552311569417
-0.25957062843164613
-0.23927620443756933
-0.24634475990681462
-0.24615955847591436
-0.240443250668856
-0.2478386585669661
-0.2323231857839144
-0.2470384430554178
-0.2390432083203147
-0.24620403874217084
-0.2422249386328514
-0.25929404692379415
-0.24048612863515262
-0.23825434884056448
-0.2381624368329843
-0.23526260463727844
-0.2430945214918918
-0.2465243740076268
-0.24045649732428567
-0.24447106125083304
-0.23422083426611842
-0.23532593772160235
-0.2359098268241656
-0.23994122422472747
-0.24452342251935516
-0.2448176620648829
-0.2538290716957784
-0.23674375757066257
-0.24619819864078804
-0.2374739707050914
-0.2266710715989272
-0.23964161326142924
-0.26207878485287506
-0.23770478121694869
-0.25673792792691125
-0.25125021845171297
-0.2469827713082648
-0.25083007286130277
-0.24898257954908465
-0.24873835588460444
-0.24627332249311384
-0.2608111100271344
-0.2379376618484794
-0.24683730378057117
-0.23564474629928117
-0.24187900898029543
-0.24726852510745326
-0.24660103925745244
-0.24526028006134934
-0.22825238444342244
-0.243091300336851
-0.24570651106855454
-0.24904248869904594
-0.2384847809750311
-0.25204240064981775
-0.24752708165733903
-0.23747542468503255
-0.24996133686077815
-0.247652386577317
-0.23780814546539827
-0.24904655464752404
-0.24652997155553075
-0.24196875069152426
-0.23908584897440893
-0.2524339389159448
-0.2432066573312989
-0.24763945056884376
-0.2538246736516831
-0.23306101226868728
-0.246339035148008
-0.24560468049237022
-0.2517354557135453
-0.2496520224087699
-0.24720185895070987
-0.2553904495247278
-0.239401392404128
-0.24955136888419036
-0.23177290713173096
-0.233086850963257
-0.2520470811692239
-0.22936505033048216
-0.254272485545112
-0.25312678168562275
-0.24258783636269746
-0.24285690616816283
-0.23590754441985928
-0.24644776611002506
-0.2578095874162736
-0.24812043604130546
-0.2450948935209049
-0.23505198561103532
-0.22869288577111782
-0.2321817876736599
-0.2425081428528453
-0.254282504932403
-0.24104315449776886
-0.25082187451836135
-0.23645738473644964
-0.24813678882740162
-0.24831635369746774
-0.24472778205656343
-0.2508870379033464
-0.2577998974257045
-0.24508379987544485
-0.246938764065918
-0.23604099871245798
-0.25908636921947753
-0.23676467143921873
-0.24805755412413014
-0.24498881308568848
-0.24029842333574952
-0.24215667586627038
-0.2453859317875295
-0.26059492998239064
-0.24760234126545214
-0.24469100601143307
-0.24050876856738426
-0.24249087615042098
-0.24047714371786075
-0.2535076066299721
-0.24530901449939443
-0.2405764569752608
-0.2361953756996189
-0.24870463439470364
-0.25532924134275636
-0.24916708390487152
-0.24679779811951988
-0.23984698167553656
-0.25104347455349785
-0.24223220575023097
-0.23822613283431296
-0.26054636140664417
-0.2322630112559569
-0.23597294749148812
-0.25107663876756475
-0.23746763445109267
-0.2443603638318126
-0.24143154214015575
-0.24212646833319149
-0.2575230772572535
-0.2462561588320467
-0.24373182913771382
-0.24332706520799546
-0.24288030013580014
-0.24106233103407754
-0.2463771476612978
-0.24761474230844113
-0.24811016511585976
-0.26622840156519995
-0.24061517393285478
-0.251727184943027
-0.25171001266550136
-0.24460704902669897
-0.23624474515759006
-0.2491141591945456
-0.25140797932162295
-0.2418468756394254
-0.2369260675549783
-0.2547619844666096
-0.2411693618540152
-0.24932654217161515
-0.24605670593058068
-0.24204516058994663
-0.23840688424426373
-0.23871141904620108
-0.24582908157673147
-0.2428302111397325
-0.24656862133286064
-0.24446893652418145
-0.24421196716527144
-0.24516218512974403
-0.26250180100539217
-0.23854870636671505
-0.24697770559297944
-0.24686591088495874
-0.23702655483589127
-0.2454414170752797
-0.2437761064843033
-0.24671732068613725
-0.23365985479171353
-0.2516663758135918
-0.23963841245751138
-0.23337547200283518
-0.24591712407008917
-0.251433463559348
-0.2654278612523167
-0.24244840406528156
-0.24456922745556328
-0.25564001056331176
-0.23948932256747935
-0.24233744234467547
-0.2419915743448116
-0.2568512321622283
-0.24203990143033918
-0.2449756620382821
-0.24603198563887013
-0.24407353113508887
-0.25233751424346806
-0.24079280930282376
-0.24703493964065004
-0.2296061880265673
-0.24771294287681855
-0.2452146990293706
-0.2320359719986165
-0.24499524031093137
-0.2390933901977001
-0.25429196930317965
-0.24875983115699557
-0.24803951920044642
-0.2400036683547552
-0.2523184167428149
-0.24984030752546257
-0.2505148619240909
-0.25395379192023365
-0.25322619395813456
-0.2501525515345512
-0.2594066420511808
-0.25189530639391805
-0.2448490521284165
-0.2345732018644749
-0.2417609699484375
-0.2561486043512424
-0.2486168487307926
-0.26394453945880136
-0.2501487682470017
-0.24668966487688185
-0.23459406723095863
-0.24240118733572738
-0.2535683150299721
-0.2613478043599537
-0.25485931754595154
-0.2525837461412367
-0.24505505361766727
-0.24765935802823622
-0.24396810663726043
-0.24788914229720832
-0.24009169464654945
-0.24498928705299342
-0.24358044622672928
-0.2515401601963849
-0.24071146434914598
-0.260622258765485
-0.21722949994900437
-0.24449909715395834
-0.23042805734159494
-0.24793079046670485
-0.2402800962208184
-0.2587020687138041
-0.26025808167954284
-0.2536489830231639
-0.249459893670347
-0.24428914964061094
-0.23835324369439925
-0.24193693498080526
-0.24971792944189575
-0.23652466660089516
-0.24920271856589588
-0.2551506887155551
-0.231724083602118
-0.2583797823154816
-0.24168587568026312
-0.23498087140399515
-0.24829047624780623
-0.2567080726778066
-0.237573789605112
-0.259366701062579
-0.2452078254600228
-0.2388671443004299
-0.2469929052758272
-0.24493289332733387
-0.23485705090548706
-0.24841650034197502
-0.2473784172872978
-0.24893028267348807
-0.23119189815371538
-0.24019764296589763
-0.2441192800636162
-0.23865006698847369
-0.2323996069047738
-0.24004368680287844
-0.2483767938627689
-0.24894009439654097
-0.26542350640865386
-0.24135765078719015
-0.24251567665142593
-0.2379368096055394
-0.2441265202541318
-0.25158845475288455
-0.24654099209992975
-0.23994185074353247
-0.24654274412465316
-0.25006464486769225
-0.2506118353697713
-0.24657860489700129
-0.24545010536934975
-0.22908673829795723
-0.2533655180837269
-0.24414982669469382
-0.237266039142937
-0.22853649910970555
-0.24341148093894677
-0.23614318773012472
-0.24736238829101678
-0.23781793874244345
-0.2512488937212361
-0.25073959538583745
-0.23737022403834596
-0.2523050072464954
-0.24058400919074538
-0.25529382285420543
-0.2599535793686906
-0.2489030258247146
-0.23964910475166376
-0.25073865637769577
-0.24439539860209658
-0.2581406522680212
-0.24592039040634753
-0.24005538595115972
-0.244201017598863
-0.24753818989696877
-0.25350095433769404
-0.26047209505750624
-0.24651399662511217
-0.2328873304563954
-0.24010044384696003
-0.24258176758885383
-0.25820718943831267
-0.25028334680116837
-0.24892163025646435
-0.24086372843012213
-0.24897596295233126
-0.24934161930103546
-0.2563921886211675
-0.2517444346324299
-0.2412975386509465
-0.2493343991481837
-0.23788877410676193
-0.23875343818907385
-0.2515447471344723
-0.2516691541402704
-0.25876707713706076
-0.23974147805150736
-0.25598702515233995
-0.2469917060997061
-0.23134975682564632
-0.24831249061282035
-0.23410936402376845
-0.253243304806313
-0.2514308693508307
-0.25809444006369664
-0.23709618491293102
-0.2507761599978915
-0.2427947459362999
-0.24966401974498123
-0.2580312738011815
-0.251209483737195
-0.2554653782604469
-0.24442495486216137
-0.2537507123141377
-0.2524092738150136
-0.25119937096067047
-0.2477705681593054
-0.2615562929185452
-0.24785160163279485
-0.23862998920182388
-0.24754617245246965
-0.2417302771229987
-0.24702588034172854
-0.2452682609566384
-0.2548640358158284
-0.24004420990262318
-0.2532731254964515
-0.24935390059318807
-0.2448457660222495
-0.24104281250404677
-0.2445097025708054
-0.23489431140823636
-0.24847612188680582
-0.2526657527226403
-0.24572972975546253
-0.25880939525776303
-0.25288978428062464
-0.25324679719353166
-0.24075283318482063
-0.24987634872258813
-0.2511754085870322
-0.25362931643612685
-0.2500903201117008
-0.23659044650072852
-0.25829797272001287
-0.2542639033972389
-0.2372947428073665
-0.23834372339425264
-0.24871219558279134
-0.24961490490370328
-0.24305680270858662
-0.24466554991474065
-0.23773585787248858
-0.24478278275087684
-0.25584056616277884
-0.2328219139845007
-0.23974745823760277
-0.24053059009214242
-0.25257958400028724
-0.2411669513762549
-0.2691588338016084
-0.25583519443731617
-0.2443202464599852
-0.2509942891800569
-0.2549145614883552
-0.233411636314122
-0.2466098919959256
-0.25473733215109895
-0.25004848607522606
-0.2539343041747257
-0.2542820857492862
-0.2558226603842168
-0.23666137055735345
-0.24555620612507617
-0.24108400610685177
-0.2520499583920119
-0.23190985498604952
-0.24822870085093504
-0.24534864750932212
-0.2713321989229708
-0.2623406306323078
-0.2367527292041039
-0.2537510912830907
-0.24880366609086868
-0.23060236874001996
-0.24501957196604324
-0.25968321346919293
-0.23730919157430805
-0.24020162729063518
-0.25498634869129294
-0.25093228711436194
-0.25693204081444826
-0.25010917456605025
-0.25305070493163334
-0.2525468171815629
-0.2561447966360935
-0.2594236912533503
-0.24464092879357782
-0.2512296009808779
-0.23968228433902064
-0.2606918134312663
-0.231471666779921
-0.23915617289366545
-0.23493622348264412
-0.24844908649446787
-0.24211195242349748
-0.24627221431496932
-0.2517662388652011
-0.2690678586838422
-0.25893936122690014
-0.25120207511440473
-0.24157413127056013
-0.2464447531228264
-0.24522703247084454
-0.25510854537046895
-0.2400229875067318
-0.24138827561918233
-0.2559985496448698
-0.24781032458499627
-0.2602163398327927
-0.24198522123042493
-0.24070866200749555
-0.25766930129310045
-0.24966671038074073
-0.24533490464587143
-0.2460053051063032
-0.24289251272739085
-0.23619467690587043
-0.2565066443014614
-0.24396309179978237
-0.2543352564451871
-0.2545208497559307
-0.246479562504424
-0.2485376198603599
-0.2404852949945187
-0.24680762631059797
-0.24799040751186785
-0.241596741091322
-0.2387675804775898
-0.25389227977246737
-0.25627328508223096
-0.2607440867288797
-0.2434362001579117
-0.2511044073280775
-0.25042137707825063
-0.24086954435678543
-0.25472821153838326
-0.25043587078236873
-0.24598247578747018
-0.2466837516778873
-0.24531168630648473
-0.2615873470885196
-0.24863243504530855
-0.24908323541145633
-0.23769736055077778
-0.2522493275899992
-0.24441458270195182
-0.25695909169519804
-0.26145576100658485
-0.2458753620998727
-0.23892304158114172
-0.24226224906570107
-0.24243919011895304
-0.2546879219484927
-0.2413432315233405
-0.2537919089543047
-0.24648776510212983
-0.2615594296129765
-0.24961683711692415
-0.25233466278554667
-0.2569925155973545
-0.25557317783737005
-0.2551992471269504
-0.25795032744019947
-0.2389684249267534
-0.24490103944101269
-0.23733630696035646
-0.2550561829470098
-0.24430887864695655
-0.25393607295635673
-0.2566950066946447
-0.24993911828302467
-0.26346715606956017
-0.25427677899392115
-0.2434170080366096
-0.2553775650983745
-0.2514875293623104
-0.25565122890596587
-0.2524991762375942
-0.25009749187458374
-0.24146678759155932
-0.23992284005507827
-0.24844028197263401
-0.2507502520851429
-0.25308774453781857
-0.24237283725222503
-0.2536488674080896
-0.24974222051419526
-0.2524886198540184
-0.24624727419060138
-0.2600904618286424
-0.24541122925088363
-0.24974124245690527
-0.25061606210139065
-0.24872971292654122
-0.24454858868848534
-0.25687628578808575
-0.25285956431870105
-0.25242382694484183
-0.23864448537222213
-0.256555461904241
-0.24880767656852387
-0.2485077592311427
-0.2530714078737354
-0.23253211720536152
-0.2399947597783197
-0.25144558772444725
-0.26330897250661145
-0.2556574243030304
-0.25306691094129175
-0.24387259645111584
-0.2550047997040329
-0.24779034304536052
-0.2608820262106342
-0.24679829803191952
-0.24936056544495472
-0.2535274833341612
-0.2599232420446006
-0.24919072461004058
-0.24024160243570805
-0.26482263842114695
-0.24152647481058484
-0.23861087990786742
-0.2518499353624604
-0.251922018777717
-0.24965582226437552
-0.2418709493084828
-0.24553832573195297
-0.242595757054234
-0.24102070791608032
-0.24287746140940322
-0.24195824837230182
-0.25070500555965636
-0.24478469385713753
-0.24434620422414607
-0.24407357375430702
-0.24863160325610942
-0.25288000963628293
-0.25139449687191734
-0.2600802405081965
-0.264661954238114
-0.24607951506213457
