0.08
0.115
0.095
0.1
0.11
0.115
0.125
0.11
0.095
0.1
0.115
0.095
0.12
0.11
0.105
0.085
0.075
0.055
0.1
0.075
0.12
0.09
0.1
0.085
0.105
0.11
0.065
0.085
0.08
0.075
0.105
0.105
0.105
0.1
0.1
0.105
0.09
0.08
0.12
0.08
0.1
0.085
0.1
0.115
0.095
0.13
0.105
0.15
0.155
0.115
0.11
0.11
0.12
0.11
0.135
0.065
0.1
0.095
0.1
0.105
0.075
0.085
0.095
0.12
0.1
0.105
0.11
0.115
0.1
0.08
0.11
0.1
0.13
0.105
0.09
0.095
0.12
0.065
0.09
0.13
0.105
0.085
0.09
0.1
0.11
0.07
0.105
0.11
0.105
0.095
0.115
0.1
0.11
0.075
0.1
0.1
0.1
0.115
0.065
0.105
0.08
0.075
0.1
0.08
0.135
0.12
0.115
0.135
0.16
0.115
0.13
0.09
0.1
0.09
0.09
0.115
0.095
0.135
0.135
0.185
0.12
0.115
0.11
0.145
0.12
0.14
0.195
0.185
0.18
0.18
0.19
0.21
0.17
0.18
0.21
0.155
0.17
0.195
0.175
0.19
0.145
0.2
0.205
0.195
0.215
0.24
0.165
0.15
0.195
0.21
0.225
0.2
0.245
0.205
0.24
0.205
0.235
0.25
0.235
0.255
0.275
0.25
0.18
0.225
0.235
0.27
0.23
0.235
0.3
0.255
0.265
0.205
0.25
0.24
0.23
0.265
0.28
0.215
0.26
0.305
0.305
0.275
0.35
0.28
0.32
0.25
0.275
0.28
0.26
0.22
0.26
0.24
0.26
0.27
0.28
0.33
0.285
0.305
0.33
0.305
0.275
0.285
0.33
0.31
0.24
0.38
0.35
0.35
0.335
0.345
0.33
0.305
0.38
0.44
0.33
0.305
0.325
0.385
0.37
0.35
0.36
0.4
0.365
0.395
0.425
0.395
0.365
0.355
0.34
0.42
0.455
0.395
0.475
0.475
0.42
0.445
0.43
0.37
0.46
0.405
0.35
0.385
0.435
0.455
0.455
0.415
0.5
0.425
0.44
0.405
0.525
0.47
0.525
0.43
0.47
0.435
0.425
0.425
0.4
0.475
0.425
0.46
0.455
0.425
0.47
0.53
0.48
0.48
0.525
0.43
0.545
0.53
0.43
0.49
0.53
0.485
0.415
0.505
0.525
0.425
0.44
0.485
0.525
0.4
0.545
0.505
0.5
0.495
0.475
0.525
0.505
0.43
0.44
0.495
0.575
0.5
0.545
0.44
0.48
0.53
0.51
0.485
0.435
0.525
0.505
0.525
0.55
0.53
0.51
0.53
0.495
0.52
0.495
0.51
0.51
0.555
0.475
0.455
0.57
0.515
0.62
0.585
0.565
0.575
0.505
0.545
0.455
0.59
0.565
0.5
0.515
0.515
0.49
0.54
0.475
0.51
0.525
0.51
0.57
0.505
0.55
0.375
0.535
0.45
0.485
0.52
0.505
0.46
0.585
0.53
0.62
0.57
0.47
0.56
0.545
0.47
0.455
0.605
0.515
0.455
0.58
0.505
0.5
0.53
0.49
0.455
0.62
0.605
0.57
0.505
0.55
0.575
0.585
0.57
0.57
0.52
0.54
0.6
0.56
0.57
0.535
0.54
0.57
0.55
0.52
0.63
0.46
0.59
0.545
0.61
0.565
0.56
0.635
0.595
0.57
0.49
0.525
0.58
0.51
0.605
0.425
0.635
0.59
0.6
0.54
0.64
0.615
0.595
0.555
0.61
0.655
0.575
0.65
0.6
0.59
0.585
0.6
0.61
0.54
0.62
0.57
0.615
0.63
0.59
0.66
0.645
0.62
0.44
0.565
0.635
0.64
0.57
0.58
0.6
0.59
0.57
0.595
0.685
0.62
0.61
0.6
0.685
0.63
0.605
0.56
0.565
0.69
0.61
0.595
0.685
0.715
0.73
0.6
0.64
0.5
0.67
0.625
0.645
0.495
0.685
0.56
0.605
0.595
0.67
0.565
0.63
0.59
0.72
0.605
0.715
0.605
0.615
0.7
0.705
0.615
0.675
0.695
0.56
0.665
0.56
0.655
0.535
0.645
0.585
0.645
0.69
0.635
0.685
0.655
0.565
0.67
0.56
0.71
0.74
0.62
0.755
0.74
0.59
0.62
0.705
0.665
0.71
0.63
0.68
0.61
0.685
0.73
0.69
0.735
0.635
0.66
0.735
0.73
0.655
0.62
0.625
0.67
0.645
0.66
0.63
0.645
0.69
0.75
0.63
0.62
0.67
0.67
0.665
0.645
0.625
0.555
0.69
0.63
0.66
0.565
0.64
0.66
0.645
0.555
0.725
0.615
0.665
0.655
0.74
0.71
0.71
0.69
0.765
0.685
0.715
0.615
0.68
0.66
0.64
0.58
0.735
0.75
0.69
0.615
0.685
0.72
0.735
0.7
0.68
0.645
0.695
0.695
0.65
0.765
0.63
0.65
0.67
0.68
0.72
0.725
0.645
0.745
0.64
0.69
0.72
0.645
0.685
0.69
0.605
0.585
0.685
0.76
0.72
0.73
0.64
0.665
0.68
0.615
0.69
0.735
0.72
0.65
0.665
0.675
0.775
0.72
0.765
0.545
0.66
0.615
0.74
0.625
0.785
0.615
0.73
0.71
0.78
0.81
0.605
0.62
0.775
0.75
0.77
0.71
0.62
0.69
0.7
0.535
0.695
0.725
0.6
0.785
0.7
0.705
0.75
0.77
0.72
0.705
0.79
0.8
0.7
0.715
0.66
0.735
0.655
0.665
0.635
0.66
0.715
0.765
0.8
0.65
0.72
0.69
0.805
0.635
0.595
0.745
0.645
0.805
0.715
0.79
0.735
0.8
0.695
0.755
0.74
0.685
0.73
0.72
0.755
0.755
0.775
0.75
0.765
0.665
0.69
0.715
0.685
0.635
0.625
0.67
0.71
0.675
0.715
0.755
0.79
0.68
0.735
0.745
0.705
0.665
0.75
0.735
0.63
0.725
0.63
0.75
0.7
0.75
0.775
0.78
0.72
0.73
0.795
0.675
0.705
0.735
0.77
0.645
0.825
0.745
0.67
0.77
0.695
0.85
0.77
0.725
0.65
0.72
0.865
0.735
0.695
0.8
0.71
0.76
0.76
0.78
0.685
0.665
0.725
0.735
0.78
0.725
0.725
0.815
0.795
0.8
0.785
0.795
0.695
0.745
0.835
0.77
0.69
0.7
0.725
0.77
0.775
0.705
0.69
0.785
0.76
0.76
0.82
0.675
0.615
0.68
0.76
0.8
0.81
0.705
0.765
0.79
0.66
0.79
0.775
0.755
0.685
0.805
0.775
0.74
0.78
0.655
0.725
0.765
0.72
0.79
0.84
0.72
0.765
0.8
0.765
0.8
0.75
0.805
0.825
0.775
0.805
0.705
0.78
0.84
0.69
0.63
0.805
0.845
0.77
0.695
0.715
0.845
0.785
0.775
0.865
0.845
0.735
0.83
0.79
0.585
0.67
0.835
0.83
0.835
0.775
0.765
0.695
0.775
0.775
0.725
0.745
0.785
0.8
0.72
0.88
0.715
0.805
0.805
0.85
0.885
0.83
0.89
0.82
0.705
0.76
0.675
0.69
0.83
0.84
0.825
0.805
0.815
0.735
0.725
0.76
0.775
0.735
0.76
0.805
0.76
0.81
0.79
0.83
0.785
0.705
0.8
0.79
0.81
0.625
0.77
0.885
0.835
0.835
0.83
0.745
0.795
0.855
0.805
0.745
0.79
0.755
0.695
0.82
0.75
0.735
0.8
0.845
0.73
0.725
0.78
0.735
0.79
0.87
0.76
0.875
0.71
0.82
0.765
0.72
0.7
0.88
0.755
0.785
0.83
0.78
0.815
0.76
0.825
0.815
0.8
0.765
0.835
0.88
0.585
0.615
0.65
0.63
0.6
0.77
0.815
0.805
0.77
0.905
0.835
0.735
0.77
0.84
0.72
0.85
0.835
0.775
0.845
0.79
0.81
0.75
0.82
0.83
0.865
0.86
0.87
0.82
0.825
0.85
0.815
0.75
0.795
0.85
0.73
0.815
0.76
0.79
0.845
0.73
0.81
0.74
0.785
0.835
0.825
0.82
0.825
0.86
0.85
0.94
0.82
0.81
0.9
0.76
0.765
0.76
0.745
0.68
0.77
0.805
0.755
0.81
0.74
0.86
0.86
0.7
0.91
0.785
0.735
0.68
0.715
0.73
0.755
0.855
0.835
0.635
0.805
0.875
0.73
0.81
0.93
0.885
0.77
0.775
0.87
0.905
0.76
0.68
0.755
0.845
0.73
0.86
0.84
0.735
0.88
0.87
0.935
0.785
0.84
0.82
0.715
0.82
0.75
0.725
0.76
0.805
0.825
0.835
0.85
0.92
0.86
0.67
0.93
0.795
0.77
0.81
0.795
0.74
0.89
0.82
0.755
0.915
0.815
0.76
0.79
0.81
0.805
0.74
0.85
0.74
0.765
0.825
0.77
0.72
0.8
0.82
0.88
0.72
0.65
0.735
0.795
0.915
0.89
0.855
0.92
0.89
0.855
0.9
0.895
0.855
0.74
0.885
0.845
0.885
0.82
0.825
0.855
0.78
0.73
0.875
0.9
0.88
0.8
0.74
0.875
0.905
0.825
0.865
0.86
0.835
0.8
0.7
0.855
0.825
0.82
0.83
0.815
0.89
0.8
0.845
0.69
0.9
0.89
0.85
0.9
0.83
0.78
0.82
0.765
0.845
0.825
0.755
0.79
0.8
0.91
0.75
0.695
0.83
0.78
0.835
0.77
0.865
0.87
0.77
0.87
0.85
0.8
0.795
0.79
0.755
0.84
0.815
0.91
0.92
0.915
0.75
0.825
0.865
0.9
0.78
0.79
0.825
0.71
0.875
0.755
0.795
0.84
0.89
0.88
0.84
0.855
0.84
0.72
0.765
0.86
0.86
0.915
0.795
0.86
0.865
0.82
0.845
0.715
0.845
0.88
0.93
0.795
0.805
0.9
0.72
0.87
0.785
0.73
0.78
0.855
0.85
0.89
0.865
0.86
0.77
0.89
0.795
0.865
0.845
0.815
0.92
0.81
0.89
0.895
0.765
0.835
0.895
0.885
0.855
0.825
0.77
0.895
0.88
0.84
0.835
0.88
0.915
0.81
0.875
0.85
0.795
0.905
0.875
0.755
0.8
0.815
0.92
0.865
0.81
0.78
0.86
0.905
0.835
0.675
0.875
0.92
0.905
0.855
0.825
0.925
0.845
0.795
0.855
0.765
0.91
0.905
0.815
0.895
0.835
0.88
0.77
0.84
0.905
0.905
0.79
0.86
0.815
0.81
0.855
0.85
0.95
0.87
0.85
0.855
0.885
0.85
0.775
0.875
0.855
0.8
0.835
0.825
0.865
0.885
0.88
0.895
0.86
0.81
0.89
0.91
0.89
0.74
0.745
0.825
0.84
0.855
0.84
0.905
0.835
0.87
0.775
0.825
0.76
0.905
0.9
0.86
0.83
0.85
0.71
0.9
0.855
0.94
0.865
0.78
0.905
0.87
0.94
0.835
0.815
0.77
0.83
0.815
0.865
0.82
0.755
0.875
0.815
0.845
0.675
0.72
0.94
0.79
0.805
0.77
0.895
0.76
0.87
0.885
0.925
0.765
0.875
0.89
0.835
0.915
0.97
0.875
0.835
0.835
0.85
0.905
0.87
0.975
0.82
0.855
0.735
0.745
0.71
0.86
0.86
0.86
0.825
0.865
0.87
0.915
0.86
0.765
0.88
0.835
0.89
0.985
0.955
0.92
0.88
0.865
0.94
0.87
0.81
0.785
0.945
0.725
0.8
0.905
0.815
0.855
0.785
0.795
0.83
0.875
0.825
0.85
0.83
0.8
0.92
0.855
0.92
0.88
0.945
0.825
0.905
0.86
0.825
0.74
0.88
0.71
0.84
0.905
0.905
0.775
0.955
0.845
0.845
0.865
0.88
0.835
0.94
0.9
0.935
0.81
0.895
0.87
0.865
0.91
0.88
0.84
0.96
0.855
0.85
0.815
0.88
0.905
0.865
0.875
0.93
0.925
0.89
0.845
0.905
0.76
0.9
0.935
0.94
0.855
0.87
0.925
0.855
0.77
0.905
0.84
0.9
0.87
0.93
0.905
0.845
0.915
0.895
0.815
0.885
0.94
0.905
0.9
0.84
0.895
0.885
0.9
0.89
0.785
0.9
0.905
0.89
0.825
0.905
0.83
0.79
0.89
0.94
0.82
0.845
0.87
0.9
0.98
0.78
0.89
0.92
0.785
0.855
0.895
0.965
0.785
0.81
0.91
0.85
0.95
0.86
0.83
0.905
0.835
0.89
0.88
0.845
0.925
0.975
0.905
0.875
0.85
0.935
0.93
0.8
0.875
0.865
0.89
0.84
0.875
0.89
0.92
0.835
0.89
0.98
0.83
0.875
0.935
0.8
0.89
0.895
0.745
0.855
0.83
0.92
0.855
0.905
0.84
0.88
0.925
0.915
0.93
0.95
0.88
0.92
0.935
0.855
0.87
0.865
0.905
0.915
0.865
0.88
0.835
0.905
0.91
0.88
0.82
0.935
0.875
0.855
0.945
0.93
0.92
0.97
0.87
0.875
0.96
0.905
0.89
0.875
0.845
0.785
0.98
0.805
0.885
0.815
0.88
0.98
0.95
0.89
0.97
0.81
0.885
0.915
0.86
0.845
0.865
0.855
0.86
0.905
0.975
0.93
0.86
0.935
0.935
0.855
0.865
0.97
0.83
0.885
0.835
0.955
0.875
0.77
0.9
0.885
0.98
0.91
0.965
0.86
0.91
0.93
0.9
0.94
0.885
0.905
0.86
0.93
0.89
0.87
0.885
0.93
0.925
0.91
0.925
0.93
0.875
0.79
0.91
0.925
0.91
0.905
0.94
0.905
0.88
0.82
0.8
0.94
0.9
0.915
0.92
0.805
0.885
0.89
0.845
0.935
0.86
0.895
0.805
0.7
0.865
0.86
0.75
0.795
0.91
0.915
