0.095
0.105
0.095
0.09
0.07
0.105
0.085
0.115
0.095
0.085
0.09
0.095
0.09
0.145
0.095
0.08
0.08
0.1
0.12
0.085
0.12
0.11
0.075
0.095
0.085
0.1
0.07
0.095
0.09
0.105
0.145
0.115
0.1
0.1
0.11
0.13
0.095
0.09
0.1
0.105
0.115
0.06
0.125
0.07
0.12
0.105
0.09
0.115
0.08
0.09
0.11
0.1
0.085
0.1
0.1
0.11
0.09
0.105
0.105
0.085
0.1
0.085
0.115
0.12
0.105
0.095
0.095
0.115
0.1
0.1
0.08
0.105
0.1
0.085
0.08
0.1
0.1
0.095
0.095
0.105
0.095
0.095
0.09
0.105
0.12
0.105
0.095
0.055
0.1
0.13
0.1
0.06
0.085
0.125
0.1
0.1
0.095
0.11
0.095
0.11
0.085
0.105
0.11
0.1
0.105
0.08
0.095
0.085
0.11
0.11
0.09
0.115
0.105
0.1
0.105
0.11
0.105
0.12
0.1
0.11
0.11
0.105
0.09
0.1
0.1
0.1
0.1
0.09
0.11
0.09
0.075
0.08
0.075
0.105
0.125
0.105
0.065
0.1
0.115
0.095
0.135
0.11
0.09
0.115
0.07
0.08
0.085
0.1
0.115
0.105
0.095
0.085
0.11
0.1
0.115
0.125
0.115
0.085
0.1
0.09
0.11
0.085
0.11
0.075
0.095
0.12
0.08
0.115
0.085
0.135
0.115
0.075
0.12
0.075
0.14
0.095
0.12
0.09
0.11
0.105
0.145
0.08
0.115
0.1
0.135
0.075
0.1
0.11
0.12
0.095
0.12
0.1
0.14
0.115
0.13
0.095
0.065
0.16
0.16
0.08
0.14
0.145
0.165
0.14
0.135
0.175
0.165
0.155
0.135
0.135
0.2
0.17
0.145
0.21
0.14
0.165
0.205
0.145
0.18
0.185
0.195
0.2
0.215
0.195
0.17
0.175
0.185
0.21
0.225
0.2
0.18
0.22
0.175
0.195
0.21
0.245
0.215
0.195
0.23
0.235
0.23
0.22
0.25
0.26
0.245
0.27
0.25
0.3
0.27
0.255
0.245
0.24
0.28
0.255
0.295
0.305
0.26
0.33
0.27
0.235
0.325
0.3
0.28
0.275
0.295
0.295
0.285
0.335
0.335
0.325
0.305
0.33
0.3
0.335
0.33
0.285
0.27
0.28
0.345
0.33
0.35
0.365
0.37
0.32
0.295
0.305
0.355
0.315
0.38
0.305
0.345
0.395
0.375
0.455
0.36
0.415
0.36
0.395
0.365
0.465
0.335
0.385
0.42
0.36
0.415
0.425
0.385
0.46
0.395
0.445
0.445
0.315
0.465
0.38
0.375
0.395
0.4
0.325
0.37
0.395
0.47
0.365
0.39
0.385
0.405
0.325
0.505
0.425
0.405
0.37
0.39
0.435
0.37
0.33
0.445
0.38
0.345
0.425
0.425
0.445
0.38
0.415
0.375
0.34
0.345
0.445
0.37
0.405
0.395
0.43
0.435
0.38
0.41
0.445
0.45
0.485
0.435
0.365
0.5
0.42
0.48
0.49
0.475
0.41
0.485
0.435
0.385
0.435
0.39
0.37
0.425
0.455
0.435
0.38
0.45
0.465
0.42
0.48
0.485
0.45
0.475
0.45
0.45
0.47
0.45
0.4
0.425
0.39
0.46
0.49
0.45
0.4
0.435
0.445
0.375
0.545
0.495
0.435
0.475
0.43
0.41
0.5
0.51
0.385
0.44
0.38
0.415
0.435
0.465
0.56
0.395
0.485
0.465
0.47
0.425
0.415
0.51
0.375
0.4
0.48
0.41
0.47
0.405
0.4
0.485
0.415
0.475
0.54
0.395
0.525
0.455
0.46
0.49
0.5
0.505
0.47
0.41
0.51
0.445
0.47
0.485
0.525
0.45
0.495
0.47
0.5
0.475
0.555
0.525
0.46
0.55
0.505
0.48
0.45
0.51
0.535
0.54
0.415
0.515
0.46
0.55
0.47
0.495
0.47
0.445
0.49
0.485
0.39
0.575
0.45
0.545
0.505
0.525
0.53
0.45
0.52
0.52
0.49
0.545
0.52
0.55
0.505
0.405
0.51
0.49
0.52
0.635
0.54
0.54
0.505
0.53
0.5
0.555
0.57
0.535
0.485
0.57
0.475
0.475
0.435
0.49
0.465
0.645
0.475
0.5
0.57
0.565
0.49
0.555
0.6
0.525
0.52
0.515
0.61
0.51
0.45
0.55
0.495
0.595
0.59
0.5
0.475
0.465
0.55
0.57
0.54
0.545
0.615
0.435
0.505
0.58
0.615
0.62
0.545
0.585
0.575
0.61
0.58
0.535
0.575
0.59
0.515
0.46
0.55
0.595
0.525
0.565
0.61
0.595
0.54
0.52
0.64
0.53
0.575
0.585
0.655
0.495
0.61
0.605
0.555
0.59
0.64
0.595
0.605
0.49
0.59
0.56
0.56
0.6
0.535
0.55
0.54
0.58
0.635
0.61
0.67
0.635
0.645
0.58
0.58
0.59
0.585
0.64
0.565
0.67
0.525
0.57
0.645
0.605
0.625
0.595
0.645
0.66
0.605
0.595
0.63
0.58
0.555
0.62
0.585
0.655
0.55
0.685
0.645
0.685
0.575
0.66
0.52
0.45
0.6
0.51
0.56
0.63
0.68
0.62
0.58
0.535
0.61
0.635
0.65
0.6
0.65
0.66
0.69
0.62
0.645
0.565
0.5
0.62
0.555
0.65
0.595
0.695
0.68
0.695
0.575
0.695
0.52
0.605
0.52
0.64
0.635
0.635
0.665
0.615
0.63
0.675
0.655
0.49
0.64
0.725
0.51
0.605
0.63
0.58
0.625
0.74
0.59
0.655
0.645
0.615
0.685
0.68
0.72
0.6
0.62
0.545
0.615
0.615
0.615
0.74
0.675
0.63
0.595
0.615
0.695
0.63
0.765
0.67
0.715
0.665
0.67
0.675
0.71
0.64
0.71
0.645
0.625
0.665
0.52
0.71
0.725
0.66
0.64
0.645
0.72
0.63
0.615
0.7
0.615
0.725
0.585
0.75
0.615
0.68
0.605
0.77
0.68
0.58
0.67
0.695
0.61
0.585
0.73
0.62
0.65
0.58
0.73
0.65
0.63
0.69
0.66
0.705
0.67
0.78
0.785
0.665
0.725
0.76
0.715
0.68
0.77
0.77
0.785
0.645
0.735
0.695
0.685
0.73
0.695
0.71
0.685
0.655
0.655
0.655
0.65
0.65
0.775
0.665
0.68
0.75
0.695
0.765
0.635
0.78
0.55
0.55
0.725
0.66
0.61
0.78
0.76
0.645
0.75
0.755
0.73
0.775
0.735
0.67
0.715
0.745
0.725
0.58
0.775
0.645
0.765
0.59
0.73
0.74
0.745
0.78
0.825
0.805
0.705
0.765
0.705
0.74
0.815
0.63
0.785
0.595
0.765
0.675
0.685
0.785
0.74
0.715
0.795
0.82
0.77
0.71
0.765
0.69
0.81
0.68
0.705
0.745
0.725
0.77
0.7
0.775
0.755
0.8
0.77
0.77
0.705
0.705
0.77
0.765
0.73
0.79
0.725
0.77
0.82
0.71
0.705
0.71
0.7
0.755
0.72
0.8
0.805
0.76
0.735
0.795
0.675
0.78
0.755
0.71
0.755
0.655
0.7
0.73
0.835
0.745
0.66
0.81
0.715
0.695
0.74
0.74
0.685
0.76
0.785
0.735
0.625
0.765
0.82
0.71
0.76
0.71
0.7
0.74
0.69
0.73
0.645
0.71
0.77
0.765
0.74
0.805
0.795
0.72
0.665
0.79
0.725
0.775
0.71
0.735
0.84
0.8
0.79
0.805
0.78
0.825
0.68
0.8
0.775
0.745
0.69
0.77
0.715
0.595
0.79
0.79
0.745
0.785
0.69
0.805
0.77
0.835
0.755
0.78
0.79
0.715
0.805
0.815
0.795
0.805
0.79
0.79
0.755
0.825
0.78
0.87
0.71
0.78
0.815
0.825
0.76
0.825
0.74
0.75
0.75
0.795
0.8
0.72
0.7
0.75
0.695
0.775
0.795
0.735
0.76
0.73
0.77
0.835
0.87
0.74
0.665
0.765
0.76
0.705
0.84
0.805
0.765
0.805
0.75
0.765
0.81
0.77
0.785
0.87
0.84
0.865
0.765
0.745
0.76
0.705
0.74
0.86
0.655
0.7
0.74
0.715
0.725
0.745
0.795
0.815
0.865
0.695
0.85
0.8
0.72
0.815
0.85
0.76
0.74
0.835
0.715
0.88
0.8
0.74
0.68
0.775
0.73
0.84
0.745
0.79
0.8
0.69
0.81
0.75
0.79
0.855
0.72
0.815
0.805
0.795
0.81
0.815
0.84
0.825
0.83
0.705
0.865
0.705
0.8
0.84
0.635
0.825
0.845
0.78
0.855
0.86
0.86
0.745
0.825
0.83
0.72
0.86
0.835
0.855
0.895
0.76
0.715
0.84
0.675
0.875
0.825
0.92
0.655
0.9
0.705
0.825
0.86
0.755
0.795
0.83
0.84
0.775
0.77
0.805
0.84
0.775
0.72
0.835
0.84
0.845
0.76
0.835
0.735
0.77
0.785
0.77
0.74
0.69
0.745
0.815
0.78
0.845
0.845
0.85
0.875
0.84
0.785
0.845
0.865
0.78
0.915
0.835
0.855
0.815
0.87
0.725
0.805
0.85
0.85
0.78
0.87
0.79
0.85
0.82
0.85
0.92
0.8
0.775
0.86
0.655
0.865
0.84
0.845
0.94
0.75
0.775
0.825
0.865
0.835
0.845
0.85
0.895
0.82
0.865
0.865
0.83
0.83
0.81
0.855
0.78
0.785
0.815
0.93
0.84
0.84
0.88
0.865
0.88
0.785
0.84
0.865
0.84
0.86
0.835
0.765
0.86
0.825
0.83
0.91
0.845
0.915
0.79
0.915
0.695
0.79
0.77
0.735
0.8
0.865
0.71
0.795
0.78
0.82
0.82
0.785
0.855
0.8
0.845
0.795
0.75
0.77
0.78
0.745
0.915
0.775
0.885
0.87
0.84
0.84
0.94
0.865
0.785
0.77
0.81
0.77
0.88
0.765
0.84
0.71
0.765
0.885
0.83
0.775
0.835
0.81
0.85
0.825
0.885
0.95
0.77
0.875
0.83
0.89
0.855
0.78
0.86
0.845
0.795
0.89
0.835
0.835
0.885
0.795
0.705
0.83
0.79
0.88
0.85
0.87
0.73
0.91
0.825
0.865
0.85
0.82
0.865
0.9
0.945
0.85
0.79
0.755
0.865
0.85
0.86
0.905
0.85
0.88
0.865
0.835
0.86
0.78
0.82
0.91
0.81
0.835
0.755
0.845
0.83
0.865
0.745
0.83
0.85
0.805
0.835
0.765
0.91
0.835
0.835
0.805
0.8
0.835
0.895
0.84
0.785
0.86
0.875
0.89
0.745
0.935
0.735
0.745
0.845
0.885
0.77
0.885
0.74
0.845
0.8
0.89
0.78
0.825
0.83
0.885
0.825
0.775
0.875
0.86
0.895
0.88
0.825
0.88
0.75
0.78
0.785
0.775
0.905
0.77
0.94
0.86
0.765
0.85
0.85
0.805
0.855
0.815
0.865
0.93
0.865
0.84
0.835
0.84
0.73
0.89
0.885
0.915
0.83
0.745
0.875
0.84
0.93
0.895
0.865
0.83
0.935
0.905
0.88
0.93
0.79
0.855
0.84
0.89
0.79
0.78
0.885
0.765
0.835
0.725
0.84
0.77
0.81
0.865
0.835
0.845
0.83
0.92
0.84
0.745
0.695
0.69
0.865
0.815
0.88
0.87
0.78
0.85
0.79
0.815
0.81
0.86
0.875
0.95
0.82
0.845
0.8
0.925
0.935
0.91
0.96
0.9
0.895
0.81
0.89
0.82
0.76
0.925
0.82
0.865
0.745
0.9
0.755
0.775
0.8
0.88
0.81
0.81
0.84
0.845
0.855
0.91
0.77
0.885
0.785
0.805
0.77
0.905
0.905
0.93
0.77
0.79
0.84
0.79
0.855
0.93
0.955
0.7
0.915
0.885
0.785
0.925
0.855
0.87
0.885
0.855
0.845
0.875
0.875
0.78
0.925
0.885
0.925
0.955
0.97
0.805
0.77
0.86
0.83
0.905
0.84
0.91
0.78
0.89
0.935
0.855
0.89
0.855
0.845
0.795
0.815
0.955
0.87
0.845
0.805
0.825
0.89
0.785
0.875
0.81
0.85
0.89
0.72
0.78
0.83
0.795
0.855
0.86
0.895
0.755
0.9
0.825
0.86
0.75
0.795
0.82
0.87
0.85
0.925
0.885
0.94
0.775
0.805
0.85
0.855
0.845
0.725
0.825
0.9
0.84
0.84
0.88
0.89
0.955
0.82
0.905
0.86
0.915
0.83
0.84
0.89
0.85
0.885
0.855
0.815
0.86
0.88
0.84
0.945
0.89
0.87
0.85
0.805
0.855
0.9
0.82
0.805
0.895
0.795
0.865
0.755
0.89
0.93
0.9
0.755
0.875
0.845
0.875
0.825
0.845
0.95
0.825
0.915
0.765
0.955
0.91
0.87
0.86
0.905
0.86
0.88
0.785
0.85
0.9
0.9
0.9
0.89
0.925
0.85
0.82
0.83
0.855
0.9
0.84
0.875
0.83
0.855
0.885
0.885
0.795
0.85
0.895
0.915
0.925
0.9
0.905
0.955
0.95
0.895
0.875
0.95
0.88
0.885
0.905
0.82
0.95
0.865
0.83
0.895
0.91
0.875
0.905
0.875
0.955
0.86
0.74
0.89
0.92
0.95
0.89
0.905
0.875
0.895
0.735
0.92
0.82
0.935
0.925
0.83
0.775
0.85
0.91
0.85
0.82
0.73
0.92
0.97
0.84
0.905
0.91
0.89
0.92
0.965
0.915
0.89
0.9
0.885
0.935
0.945
0.845
0.925
0.825
0.88
0.905
0.895
0.945
0.865
0.905
0.9
0.845
0.905
0.955
0.845
0.81
