1.1125256610768182
1.1425779994044984
1.2325196734496526
0.9241466990539006
1.4252707553761346
1.2710091982569014
1.2153174706867762
1.1033893397876195
1.100324152835778
1.1569562320198332
1.0280412861279078
1.0871450762663568
0.9397533472095217
1.330559464437621
1.102127541388784
0.9931369285498347
1.1891590356826782
1.1079128299440657
1.3082388128553117
0.8896102882348574
1.0248371128525053
1.3144379683903284
1.167695239186287
1.2170129333223616
1.3511908309800285
1.008716639663492
1.1897299949611937
1.1955500223806925
1.284312680363655
1.2252846168620246
1.2726973848683494
1.1360571416360992
1.4009270348719187
0.9400694082890239
0.9633381962776184
1.1785410174301691
1.1237907239368983
1.088163091668061
1.0845434154782976
1.3407863186938422
1.2005603611469269
1.055016189813614
1.214598915406636
1.0863212027720042
1.5516584941319056
1.0877434382481235
0.8755459508725575
1.1101924308708735
1.3621022658688682
1.0026485685791289
1.2172782719135284
1.3253604578120368
1.1980826301234109
1.229562105877059
1.3317704091646843
1.217019239673391
1.0985300349337714
1.3060937758002962
0.8166478771184172
1.3929145357438497
1.0068665423563548
0.918350565646376
1.1671714122806276
1.1512745129210609
1.1152629128524236
1.1508681050368719
1.2490119763783045
1.3355448139565331
1.2996571787766047
1.0773508697748184
1.148856480206762
1.0338266896350043
0.8768397888966969
1.2500893282038825
1.4115178350891386
1.3646006041339465
1.2360873520374298
1.1452580360429627
0.8758433046085494
1.171523435839585
1.2927869473184859
0.9054971877485514
0.9746968831334796
1.2018845081329346
1.1475956354822432
1.097105426447732
1.2789251591478075
1.3101461580289262
0.9946022810680526
1.1772897243499756
1.2252128800111157
1.1321457454136439
1.0545910277536936
1.0588182700531823
0.9219834280333349
1.0323778726160526
1.3340922679219926
1.0368879054273878
1.1052554952246803
1.0135104395449162
1.2352697125502996
1.0702457851065057
0.8138564931494849
1.1091108598879404
1.2701724427086967
1.3031612698520934
1.2556256268705641
1.0878055776868547
1.2161249262945992
1.2667228292141641
1.256510010787419
1.4180754157049316
1.1030379916940416
1.0160361432603426
0.9126642942428589
1.0717272034713201
1.075459140752043
1.046035107757364
0.6369153623070035
0.9985016011274778
1.086886193071093
1.3095452913216181
1.2601296507886477
0.9367555028625897
1.2749863402651889
1.2583389963422502
1.2435478887387685
0.9890761375427246
1.3516791697059358
1.0056940434234483
1.230165490082332
1.2008487113884516
1.226076373032161
1.172947034239769
1.06159394127982
1.4080627347741808
1.161161285180312
1.2669693252870016
1.1905029990843363
1.142719793532576
1.3878404668399267
1.3517016917467117
1.1295233922345298
1.240962220089776
1.4735156446695328
1.089697040617466
1.227419804249491
1.1031481440046005
1.1467087851571185
1.1616384865982192
1.0540354406195027
1.2528040132352285
1.2453518403427941
0.8799724206328392
1.1444804498127528
1.0634712518325873
1.2956589673246657
1.2728233528988702
1.0321528145245142
1.3188537955284119
0.960356281804187
1.1666986324957438
0.8981923620615687
1.1983131212847573
1.3417349244867052
1.3556100811277116
1.1801358174000467
1.1734183537108558
0.9909109976807875
0.9375337468726295
1.047773100967918
0.9538720415106842
1.430981159210205
1.1255548202565737
1.0048717920269286
1.2454979845455714
1.1517337358423643
0.9117348758237702
1.3170764680419649
1.0251440767730986
1.1272174964791961
1.429132661649159
1.2293181206498827
1.0496460697613657
1.1149692152227675
1.2678356074861117
1.295239923255784
1.1436072502817427
1.1693964153528214
1.3083334799323763
1.021326603634017
1.1200393896017755
1.0942688094718116
0.9493171253374645
1.554124048777989
0.882988167660577
0.968224857534681
1.0097673692341362
0.909651613661221
1.2807735417570387
1.3898109708513533
1.1878748259374075
0.9618874998497111
1.046268533383097
0.9982236873890672
1.0571108566863197
1.2135256230831146
1.03690804541111
1.3365800849028997
1.1757068080561501
1.217363904629435
1.431470091853823
1.1050400308200292
0.9327768108674458
1.2052453202860696
0.9933619754655021
1.2476604942764555
1.082390099298209
1.1068587509485392
1.0342626635517393
0.9096618998529655
1.2002199377332414
1.0141979094062532
1.096640381962061
1.0733757125479835
1.2824305721691676
0.9105677508882114
1.0932519797767912
1.1577681941645486
1.128441734439028
1.0570998362132482
1.028271136539323
0.9405833929777145
1.086104275924819
1.0688461336706365
1.0954904385975428
1.0585938330207552
1.0415841141449553
0.9726267244134631
1.1680962124041148
1.0488227435520716
1.00814348485853
1.0230735443266374
0.8224626103682178
1.0379976481199265
1.118646843092782
0.8615456079798085
1.0926985485213143
0.9987506121397018
0.9107111873371261
0.8803013478006635
1.0532977623598916
1.1820728033781052
0.6063329322662737
0.9968945139220783
0.978473716548511
1.0307530484029226
1.060476541519165
1.067114566053663
0.802792025996106
0.9671298010008675
0.9714555836149624
0.9152390592332397
0.9424126829419818
0.8687855034534421
0.8275697188717979
0.8875051406877381
1.0739281033830983
1.0521608293056488
0.9674861942018781
0.7630454049660609
0.6835794145507472
0.859572001865932
0.8350372995649066
0.7772206983395985
0.8075046028409686
0.774201074881213
0.7821906549589974
0.7070231059832233
0.9215525133269173
0.8569367772766522
0.7867856706891742
0.9232126304081508
0.9371938194547381
0.8736833248819623
0.9256143016474587
0.9726687691041401
0.7454630455800465
0.8184944848929133
0.6543677978749786
0.737420529127121
0.8506880168403897
0.8577729271990913
0.948639343891825
0.6697563816394124
0.7215537231947694
0.9168032939944949
0.9170797296932766
0.8595151347773415
0.9890627286263874
0.7501180768013
0.9797419203179223
0.7654294835833403
0.7951151046103665
0.6763376040118081
0.6723328584006855
0.7667093332856894
0.7828191891312599
0.7719195761850902
0.6988819784351757
0.8023715402398791
0.8486854243757469
0.7506496129291398
0.6588467423404966
0.7050948898707118
0.7764326836913824
0.6809248881680625
0.6277318511690412
0.7999847877238478
0.8240827163681388
0.8445632968630109
0.7625085115432739
0.6229733803442546
0.6969597132078239
0.6586336429630008
0.6814735436013767
0.7852798684367112
0.8535965329834393
0.7165850762810025
0.6519384043557304
0.6879480630159378
0.862588399222919
0.5421430862375668
0.8209709615579673
0.5958905560629708
0.6739762883101191
0.7511362731456757
0.6574056808437619
0.7423982641526631
0.7635793558188847
0.7146638610533306
0.7538900998021875
0.8598860832529941
0.7033801387463298
0.7035699359008244
0.6737009212374687
0.7442144538675036
0.6447985938617161
0.7419991224472012
0.8700625342982156
0.8256870061159134
0.653295065675463
0.8927339208977563
0.663117558828422
0.7082221614462989
0.7258105496210712
0.5527186952531338
0.5933814820766982
0.6723275567804065
0.6638091056208525
0.7004644083125251
0.7234686283128602
0.6993054045098168
0.5968995919185025
0.6402767997767244
0.7665199701275144
0.679234721830913
0.7589502643261637
0.6235880628228188
0.6727189027837345
0.7574523197753089
0.8379578909703663
0.7532148574079786
0.6373862986053739
0.6321589659367289
0.747576260140964
0.6784881539642811
0.6804915070533752
0.7727677800825664
0.6972537913492748
0.618474964584623
0.7791957802006176
0.7735809204833848
0.6942180286028555
0.7410421217126506
0.5975012853741646
0.5128859238965171
0.6386722227824586
0.7119214992438044
0.781137156699385
0.7252589208739144
0.6188450349228722
0.7098676604884011
0.8302232580525535
0.5762485968215125
0.7824858783611229
0.7266771410192762
0.5765796958335808
0.6715051446642194
0.6356827278754541
0.6705317060862269
0.6610305330583027
0.6597545221447945
0.5730891477848802
0.6433068242456231
0.6836854196511782
0.7382518340434346
0.7831728297930497
0.7095650391919273
0.7303472459316254
0.5087715521720904
0.6978864456926074
0.6000811989818301
0.6303223105413573
0.5968110742313522
0.5849531425961426
0.7261753252574376
0.5670976984713759
0.5766394489577839
0.6171285659074783
0.659697884959834
0.6694028058222362
0.5309162704007966
0.6455712139405867
0.7005731740168163
0.6468276429389205
0.6122403208698545
0.6911496158157077
0.6065985100077731
0.7098755639578614
0.6282539655055318
0.5995588079094887
0.6953420202646937
0.7409818662064416
0.620321871978896
0.6954105037909287
0.6672596122537341
0.6501341909170151
0.6150829408849988
0.6515603831836155
0.6383557096123695
0.5284090870991349
0.5847272335418633
0.7551546011652265
0.5159677527844906
0.584809424089534
0.7006585342543465
0.5983607949955123
0.6754606238433293
0.5852919827614512
0.6253044264657157
0.7540722170046398
0.4960639192722738
0.7145487346819469
0.6215548728193555
0.5391690858772823
0.6022685840725899
0.550433914576258
0.6216800957918167
0.48629325308970045
0.6423194440347808
0.574918697987284
0.6464918607047626
0.6629727432238204
0.5395477925028119
0.6879879512957164
0.5086166150867939
0.4924105384520122
0.5268449671566486
0.5668820696217673
0.5745197651641709
0.6719505786895752
0.6502171118876764
0.6429745725222996
0.6983403872166362
0.6190186164208821
0.605530674968447
0.5422376192041806
0.6106410239424024
0.5830813156706947
0.6518324363444533
0.5303002255303519
0.5873011680585998
0.6403808380876269
0.6248929372855595
0.6460561049836022
0.4842887951859406
0.544617175789816
0.4785421671611922
0.5105020914758954
0.6306302632604327
0.5335809279765401
0.6320514806679317
0.5569525829383305
0.46237231844237875
0.6457486961569104
0.5008189039570945
0.5377269429819924
0.607155476297651
0.6538635939359665
0.5103721608008657
0.4984358006290027
0.6043193531887872
0.5473638262067523
0.507748761347362
0.6615811671529498
0.561845634664808
0.541460608797414
0.4916151157979454
0.541985252073833
0.5857509970664978
0.5846142875296729
0.5865832577858653
0.43792007490992546
0.7512364227856908
0.57492645829916
0.8418618185179574
0.5895146929791996
0.5088685516800199
0.7103813045791217
0.5755830811602729
0.5649844972150666
0.6437763920319932
0.5926574660199029
0.5913044597421374
0.5265691642250333
0.6721847781113216
0.5532964851175036
0.6626414795007024
0.4709534432206835
0.5373763740062714
0.6042166011674064
0.5276519464594978
0.5327777633709567
0.5406101931418691
0.5114414457763944
0.5257310537355286
0.44549477100372314
0.46463613531419207
0.5085858372705323
0.4337506421974727
0.6331196129322052
0.49646912994129316
0.6366377132279533
0.5734453456742423
0.5450977385044098
0.4785981870123318
0.4365119987300464
0.38092325042401043
0.5543602609208652
0.48311892790453775
0.6762418789522988
0.575266954089914
0.5897806063294411
0.4827317020722798
0.47983719621385845
0.47510542826993124
0.41189656779170036
0.5980173689978463
0.5035575330257416
0.5670835578015873
0.43698592254748714
0.5176016709634236
0.6069094559976033
0.4465553989367826
0.49932349579674856
0.4617471234606845
0.4920558410563639
0.4463241696357727
0.4423469017658915
0.5727388904644892
0.4356631189584732
0.5789387933909893
0.47035758649664267
0.43552238068410326
0.5498491813029561
0.5058663955756596
0.5821350302015033
0.43807984569243025
0.47076753580144476
0.47524767581905636
0.4982741240944181
0.47899713420442175
0.45185574383607935
0.5497425698808261
0.5222740088190351
0.4903593861630985
0.47560459481818335
0.4473437540831843
0.47302028723061085
0.5233008201633181
0.48536459675856997
0.5283724484699113
0.5206807793251106
0.48577948712876867
0.47946723497339655
0.5284408491391402
0.535011670419148
0.4639086357450911
0.429429859987327
0.4909124565976007
0.43162061739712954
0.4386622778006962
0.4578409769705364
0.46651564964226316
0.40491925392832073
0.3791984436767442
0.41974231760416714
0.485662616789341
0.3941710240074566
0.5689866883414132
0.5056943453133239
0.5690421015024185
0.45049900668007986
0.5010737649032048
0.4718611825789724
0.428304983569043
0.4888723599059241
0.5043057112821511
0.46593826157706125
0.5242017731070518
0.4165899444903646
0.39073859101959635
0.4706376296068941
0.3407983881022249
0.4732219661985125
0.39043631723948885
0.487663277557918
0.37545535660215784
0.4033651003347976
0.4402504169515201
0.41591170243918896
0.3428642010050161
0.48119921343667166
0.47878555953502655
0.4834575940455709
0.37496865008558544
0.4156214763195469
0.41771858824150904
0.5173436467136655
0.5046940105301994
0.5523471712533917
0.4509410501590797
0.38207492764507023
0.44634941539594103
0.4366649752482772
0.4256876137639795
0.41316926585776464
0.5171828275280339
0.5452423878014088
0.3870259927851813
0.3870539792946407
0.49565493114865744
0.48959777717079433
0.43096607497760225
0.3926759458013943
0.42927006046686855
0.5651157934750829
0.46078572635139736
0.5634803442018372
0.4482292394552912
0.3211108318396977
0.4920684290783746
0.4419366121292114
0.4091365284153393
0.3469519056379795
0.5509501426879849
0.44462630791323526
0.2899883969553879
0.3890020762171064
0.3164586291781494
0.3802156054547855
0.46925607110772816
0.41340011251824244
0.40502144609178814
0.3728129606960075
0.38283633227859226
0.3156940628375326
0.45045717326658113
0.37876162039382116
0.37670969909855295
0.35820312798023224
0.4417118674942425
0.3707631842366287
0.347246239227908
0.4040556826761791
0.32470780291727613
0.4607113280466625
0.4566131851502827
0.44956805583621773
0.39846064682517734
0.49240386486053467
0.35299231564360006
0.34220036172441076
0.4395321596946035
0.3816418392317636
0.4016400362764086
0.46219976033483234
0.43753701554877417
0.38722538309437887
0.3216434477695397
0.40678779248680386
0.34904540117297855
0.4828450211456844
0.31967974667038235
0.4261193371244839
0.2942287575985704
0.3516820083771433
0.43240598482745035
0.38859298293079647
0.36656792781182695
0.4293337996516909
0.3966907188296318
0.3112405996237482
0.4652357144015176
0.40691887071499455
0.36906328052282333
0.3358116863029344
0.3210094246481146
0.43203726197992054
0.36135318369737696
0.42136500030755997
0.3001959893320288
0.3351186992866652
0.3076167710657631
0.31841433473995756
0.36977488547563553
0.4208783039024898
0.3295226538819926
0.38906303314226015
0.33235037326812744
0.3100984383906637
0.3946025866482939
0.3206763638715659
0.34379376843571663
0.31978758743831087
0.3398479941700186
0.38931705909115927
0.39342054831130163
0.3295228632965258
0.37186738369720324
0.42702722682484556
0.3325090810124363
0.40922155497329576
0.43369050696492195
0.3922371982729861
0.37105498782226015
0.2969443308455603
0.3754017549966063
0.27969165997845785
0.20976814680865832
0.4305302357035024
0.33318121465189116
0.3571092443806784
0.2711011759404625
0.43256121075579096
0.35542351433209013
0.3192294255963394
0.3389616145619324
0.32290066006992546
0.32405062871319906
0.3383163195103407
0.3822460579020636
0.29301505642277853
0.3742324739162411
0.35182107452835354
0.2554170915058681
0.33917913905211855
0.4144607473696981
0.428733800138746
0.33977334706911017
0.31246704392002095
0.3478748606784003
0.3883610724338463
0.3799642744873251
0.36575358148132053
0.4315556183989559
0.3167836666107178
0.45029902271926403
0.37970729039183687
0.3580532281526497
0.2516092945422445
0.3722130959587438
0.42071401540722164
0.3598021790385246
0.2754541323520243
0.3695661504420319
0.24165795956339156
0.4256066882184574
0.3160303064755031
0.31954225951007437
0.35437127841370447
0.3010769321450165
0.38621014675923754
0.3545141283954893
0.2354357418205057
0.32451573493225233
0.23902872364435876
0.2735103592276573
0.3015602425272976
0.2879504103745733
0.31345381640962194
0.33749539298670633
0.25784798791365965
0.24390931028340543
0.2797555670674358
0.3863730308200632
0.3269218307520662
0.3139904285115855
0.3820697920663016
0.26000475883483887
0.2506179538156305
0.2826354812298502
0.36308179795742035
0.24006851390004158
0.27858621946402956
0.3027954122849873
0.2900230404920876
0.36610339475529535
0.34315174418900696
0.24338894337415695
0.31763617295239654
0.4430019882108484
0.2708395658327
0.33688855011548313
0.35408271263752666
0.3101742278252329
0.32079861632415224
0.310678700783423
0.3490519518298762
0.3433521879570825
0.2324088496555175
0.2867273347718375
0.3384163294519697
0.2238654194931899
0.24103136733174324
0.3360585472904719
0.25970751446272644
0.35872754188520567
0.2655519326882703
0.41129233900989803
0.3509754942996161
0.2935740877208965
0.18216226901859045
0.2649355699707355
0.3694674135851009
0.28673760074057747
0.3141729222344501
0.3458378884409155
0.26246809986020836
0.22804629164082663
0.2560129389166832
0.3362876410995211
0.33927482313343454
0.3054265105830772
0.3623601890036038
0.2263520998614175
0.25773106954459635
0.3443471853222166
0.2985421823603766
0.31629182637802195
0.25162761991045307
0.23088996085737432
0.24298440931098803
0.3035110038306032
0.37243315604116234
0.21696340891399554
0.26527451989906176
0.30530617465930326
0.2789759694465569
0.27091856620141436
0.2859250509313175
0.3001526796392032
0.2726256024491574
0.24524122130657947
0.2811213695178075
0.35526953424726215
0.31795474674020496
0.3660832486514534
0.17133237714213984
0.2434387310807194
0.2127457338252238
0.2467362585344485
0.18247313009175872
0.2210716466818537
0.258923020428763
0.23035876459575125
0.2559950214677623
0.18522004357406072
0.2183850109577179
0.21388665277377836
0.22491032763251237
0.2900590827422483
0.2722133392734187
0.2492019103041717
0.2948826816199081
0.19764235323028906
0.28790008196873323
0.28320599773100447
0.19384377063917263
0.1928173861399825
0.23580798453518323
0.3024080414324999
0.23534740335666215
0.32483660376497675
0.24507116393318792
0.17956291351999557
0.2725702262084399
0.17207032598422042
0.22279304492154292
0.24830380707447017
0.2828883415620242
0.21375525330326386
0.22792930269081677
0.23072586860507727
0.3486912338329213
0.26849703597170965
0.27469651201473816
0.22328458247440203
0.22500900764550483
0.21295482997915574
0.22523097447784884
0.22605175717866846
0.23350658074819616
0.18557816690632276
0.24699822148042067
0.3481563327035734
0.34067446392561707
0.2955980402683573
0.1923990353409733
0.2251475334965757
0.22268227847026928
0.24650699884763785
0.24200683778950147
0.24514506065419742
0.2028000078030995
0.2829822146200708
0.2053274485681738
0.3110371891941343
0.23732671248061316
0.4105660018644163
0.39780626964888405
0.2459135726094246
0.2941054204212768
0.232651310307639
0.2096706670376339
0.27049972329820904
0.2365979818361146
0.2684458574014051
0.32325066971991745
0.20123701635748148
0.24339439320777143
0.19521699100732803
0.21585962449067406
0.18134295281309348
0.21144546827833569
0.17558351744498527
0.2283942885696888
0.2761212254741362
0.16555001209157386
0.202903128827789
0.3534443697759083
0.20282731045569694
0.21607764836932933
0.36054432871086256
0.21873891220561095
0.23774598824924656
0.13748045318893024
0.24726260706250155
0.16811388693583598
0.28162056064632324
0.22264694262828147
0.313628433937473
0.179821857450796
0.2579576860048941
0.18178872710892133
0.2789036269698824
0.20044743376118795
0.19911131781658956
0.24322168063372374
0.1678352179005742
0.3233339009540422
0.29720318876206875
0.3706372676616801
0.2221050768026284
0.3113799643303667
0.2151843893986482
0.16639920057994978
0.18396315648819186
0.3079576014674136
0.2773719315550157
0.16199675255588122
0.2352943059855274
0.22572940651194326
0.19159792383600557
0.2853652270367512
0.2546542165800929
0.19585343104388034
0.2091408960654267
0.17434074729681015
0.2015892317784684
0.1922836277101721
0.19162072414266212
0.12184910170201745
0.2786311148000615
0.19948934006970376
0.33851446736870067
0.17728212555604322
0.24050097619848593
0.2973696376596178
0.1935051747464708
0.17677325489265577
0.1679015691791262
0.19056633061596326
0.1669840239732626
0.16452797622020757
0.2733367859785046
0.1985553691296705
0.20416446119946027
0.2306468599209828
0.19347318607781613
0.21096947602927685
0.17797907618140535
0.16988946946470865
0.1640559504823094
0.2247831511444279
0.180945993900033
0.32746983379391686
0.16111207666939922
0.1965083061617666
0.148385029020054
0.26880148372479845
0.18119270035198756
0.21534824797085353
0.23966763793889964
0.2055508638066905
0.3537917356672032
0.15898766561544367
0.1981012181245855
0.2423171863026385
0.16664595077080385
0.14556107568621104
0.16885125118174724
0.2579198981818211
0.26234105016504017
0.26685378620667116
0.24163573584519327
0.24888906321887458
0.17173093131610326
0.24731283282328928
0.21909465441214188
0.22580212261527777
0.22096199908160738
0.1652881176477032
0.2533585743180343
0.32570961623319555
0.28113300087196486
0.23336193231599672
0.14062817660825594
0.23202264814504556
0.18256518204829522
0.1539972954030548
0.22148316516540945
0.2007882853171655
0.17866073974541255
0.18060154893568584
0.14537692096616542
0.1255398282249059
0.23605905659496784
0.19444776768796146
0.22715550394371217
0.1659338723568778
0.21031976557735885
0.2126032736684595
0.20372378027864865
0.14063441141375474
0.1398037032091192
0.18140599597245455
0.26740026786657317
0.13289982113721116
0.2230969268296446
0.1512690218431609
0.19971111782693438
0.20810132965146164
0.1353640948156161
0.2667313264682889
0.19876557695014135
0.20729658036277845
0.3231433981231281
0.1838625751967941
0.15803971906591738
0.17381809744983912
0.13731612956949643
0.22061264909539854
0.28050795960838776
0.16034770371126278
0.14965964437994575
0.13286786333524755
0.16940344983179653
0.11928958359307476
0.08420316326165837
0.15852231012624024
0.19693281800885284
0.17900145020602004
0.1459103414589273
0.22597438188469304
0.12531499927198247
0.16455710895492562
0.17430931697266974
0.16964429776583398
0.2379941480467096
0.12375073547341994
0.16458396600293262
0.1325873415917158
0.18507042779986346
0.1306275655515492
0.1150899717467837
0.2560812471700566
0.15621059680623667
0.14627301077624516
0.2360465642330902
0.25753199884534944
0.15222757921687194
0.13253056251310877
0.12303572199639998
0.1862642810280834
0.1664124835016472
0.11120184211592589
0.21729038948459284
0.10787462516288672
0.2017348971483963
0.1600849681666919
0.22531994581056228
0.2158808203946267
0.30334109014698435
0.20609334936099394
0.1857915692962706
0.14467865446515912
0.2369761262089014
0.14671206522533403
0.20696086835648334
0.21769869919600232
0.13345906191638537
0.2009778902200716
0.1022901553652998
0.2054407847328828
0.18249022197310946
0.23070474398056312
0.13095100945793092
0.20020009657101973
0.1400380187135722
0.20593050521399295
0.113689417950809
0.23856157516794546
0.11276526829793251
0.162837708173486
0.13501036679372191
0.13520039500976314
0.10494951148783523
0.24132101369156903
0.16776371880301408
0.1605722036744867
0.2254241212670292
0.21795503702014685
0.17285063796277558
0.1573725544149056
0.18667286847318923
0.30021675928894964
0.23725630130086625
0.1611654844268092
0.19430478808603116
0.16206415104014532
0.19395804016052612
0.1923563668803711
0.15950245706647234
0.16957715672573873
0.10985274553032857
0.05473582784179598
0.1594805956285979
0.12825766399536015
0.25319421911262907
0.1307788447468608
0.13984371043209518
0.12348996205920619
0.11195578029479034
0.1197343617469804
0.1678255204710045
0.16055743825355812
0.14310101111186668
0.25113410020891863
0.13970091662901854
0.16005961009516165
0.31868078079969564
0.13066825540071086
0.1414433688000177
0.22770115759755885
0.17750683769450656
0.22113764731745636
0.16960618017973111
0.1202325456626048
0.13634162482672504
0.147105398873204
0.19331099951107586
0.16047472273723024
0.1570118231050271
0.15192825293966702
0.05708777349043105
0.14157628455931054
0.14788868191785046
0.17998901252368732
0.11901363570775304
0.15589034373572627
0.16379629438077764
0.11672488519356453
0.1673820514209053
0.12447049961026226
0.2064813982828387
0.13886423681729607
0.11592713324145214
0.20781725299145495
0.19269587877871736
0.18100117007270455
0.21766744075076921
0.15194971772975155
0.1429846221248486
0.13804436741130693
0.1891714138577559
0.10962854214345238
0.21632134076207876
0.17724735063633748
0.28099983909591436
0.22309028014673718
0.16765839125478774
0.19274263753322884
0.10609609128109046
0.16274814586254902
0.14143939798564784
0.20536804825158989
0.19881090614944696
0.14901401681449247
0.15210535585980064
0.12648847137045646
0.17865942638101323
0.1105308194486757
0.16049139787043845
0.10176067058221504
0.20785024376319988
0.09534063100415681
0.19064421993347683
0.21598467452401696
0.1815626038670806
0.15305557293218694
0.18526847580713884
0.14097265943252882
0.16767764617023723
0.14810641485798573
0.16730247378083213
0.08486621228179761
0.1235439970956317
0.15839204730998194
0.16915957934855083
0.12311636511835136
0.12218066172863473
0.17988507988463556
0.22237387020140886
0.11588556552305818
0.16119114831755205
0.10059297892439645
0.15223194514068641
0.1435659139284066
0.26561388148859677
0.1749191672341632
0.20037589747724788
0.24537067883647978
0.16840495092661253
0.1952139699507305
0.09730511144376718
0.23752713811284462
0.211591054951506
0.2376639697135293
0.12683231769395725
0.15990378674385802
0.09041080610560519
0.13607024582701602
0.1467745237584625
0.09166982902596439
0.16225826467520424
0.11646688594815455
0.1706652731372742
0.10149945003130208
0.2313832935012345
0.1706049186842782
0.1281928365850555
0.06757551522293527
0.1384689021755808
0.17036306606938265
0.10659451789355703
0.12672044411783645
0.17060367881248778
0.16528366162674502
0.10740561031603388
0.17629210556125535
0.07090878891592313
0.10873251587950758
0.14173339190892875
0.12839676279340242
0.20927892518895014
0.17129557742737234
0.16817063891461917
0.14464405897472585
0.18488438776694238
0.10649206727144442
0.0959831103682518
0.13438441324897862
0.1384629984885188
0.11719585663273133
0.1848541628543379
0.26252734987065196
0.1969016292215591
0.14288951892272703
0.1437590852001449
0.08571584482810327
0.14108337654865213
0.15596006025693246
0.1420194862210857
0.17982150602204325
0.10790780046538982
0.3028631527309439
0.18703359754623047
0.15154762975206332
0.10864375358713525
0.12782689499934868
0.1592736877501011
0.11569373871731971
0.26346900549417895
0.29100061933110866
0.21693961216078606
0.17466636108500616
0.19335665054885404
0.0711323411336967
0.1915997765692217
0.14776510731982334
0.12553642796618597
0.06283881166018546
0.05932626643750284
0.0881693717757506
0.07558548265868532
0.10229300985728125
0.12956287984603218
0.09498937461259109
0.10418669724354654
0.2157028267213788
0.11500085256661155
0.11886378701144297
0.19238094706088305
0.13587741138014411
0.18881422919886454
0.10481961670198611
0.10660874623239838
0.16732928921867693
0.1744019023816301
0.15761184641581036
0.11359234244030501
0.15992783844870115
0.13249336239199952
0.14267167567907432
0.14198030277787307
0.10096514797104257
0.14264300289297743
0.12816638291741794
0.16629411236915206
0.14950474933721125
0.09487449151596852
0.11356136814408403
0.09124915195362908
0.10252486423788858
0.1765378348916004
0.12324524716158132
0.10849535245714444
0.13637140983283708
0.1927079848124517
0.10756588956844228
0.0861930203391239
0.2065334564665266
0.10465274074314428
0.10307026337250136
0.17774434494120733
0.08108548610471189
0.10444695234764367
0.1491734714262358
0.2287623163844858
0.17404167959570518
0.12915965488978795
0.12587818035223922
0.11416798943121519
0.13499225263616868
0.11371997691905843
0.08178756511603881
0.08312770325989861
0.08880049588125465
0.04783333941200648
0.08853404607569766
0.17603309506583692
0.15971862757578492
0.11797544257050115
0.12539566125321602
0.15194273132406774
0.0891831107271303
0.1947505650750827
0.08569201344757207
0.08293910834306319
0.06678963326599582
0.12518108412872866
0.121094508595462
0.10654488295715835
0.17163311490522964
0.12780311816771114
0.07037791322051946
0.10946736401596215
0.19033808276123768
0.1700563722822283
0.10506716429621779
0.07442768126825935
0.17088797206192144
0.11919972813588434
0.19246374902182392
0.18218669474923185
0.09783283236902207
0.18194843537639827
0.18606904954400047
0.14667366312018462
0.1342462028676112
0.12575023823072634
0.10875084979592689
0.12897912309771137
0.20602509943585443
0.14057227944223477
0.1736716604209505
0.19410446169786155
0.14960446723619367
0.15455983110171342
0.1577183724148199
0.1487571410169559
0.2507312504707703
0.10563885370252787
0.0696637613499271
0.11742525398066002
0.22691729425319604
0.17922432486998982
0.10463525309543391
0.1743731188970352
0.15967907270948803
0.14341492099421366
0.1166804919817618
0.10054042389882463
0.1414845464418509
0.14289203236278678
0.11925631854683161
0.1222437044239736
0.07931395415965069
0.11150989425992261
0.05765244107377449
0.17560039307656033
0.09997572630943198
0.13165078184621443
0.1274207131687685
0.08021381287835538
0.15742734332497305
0.10491192241066269
0.12856670180501947
0.2136225598598165
0.10431286366656423
0.11391749123244413
0.10573656198435596
0.08326194018341734
0.09546813781240157
0.12576087557577662
0.11045992503308558
0.15724563858072674
0.13871750980160868
0.09229062365401271
0.11370466728086674
0.16412062582094222
0.12681896877308776
0.1188402409981271
0.10970148251258902
0.1376235853448244
0.10869796291392829
0.17562965327877983
0.16297840216429904
0.168430431080716
0.18453189704035008
0.13685660627587432
0.09853758802637458
0.10306328932555127
0.08773971807178375
0.05326488672705766
0.10637762733469051
0.11550552364087707
0.17623138417755918
0.13689506284468475
0.14282437338260934
0.0890748103515112
0.12899557561156275
0.07684389346351443
0.16085443506017327
0.08800538831045353
0.12487405862235132
0.11141551532117384
0.09558857659742769
0.09499033089601792
0.10806901360462819
0.08745467729078463
0.08430524697385929
0.09724528198317525
0.1283722557044322
0.12475119618466124
0.14272320860766893
0.05677833462583034
0.12674116223024612
0.1179729563217344
0.1309840649565948
0.13107533260024087
0.12288326183001377
0.17278428090711323
0.20022867517920012
0.1001663092257721
0.11795537762892698
0.09767862067591133
0.07747382965005402
0.08362728120430672
0.12422569099414561
0.06306819967409995
0.06487725513371904
0.12917486973478495
0.10881705553245931
0.05505282580686201
0.15632467836673772
0.11033168911671964
0.0690833293223737
0.10722185360054937
0.046846733906672204
0.19800801527786202
0.20124413404398814
0.11188010455641363
0.15904766309021007
0.13859146131601716
0.10140497041928549
0.10206356679347144
0.055765776532228174
0.12098000233527273
0.14400175463275186
0.09065484070950854
0.06569489973065044
0.041065620343683155
0.06390876760789459
0.1339359455741942
0.1892152608426321
0.14914443340135872
0.15755836520942726
0.17523338668979704
0.1284411247324897
0.09282948230507568
0.11233740378104683
0.09417174503739391
0.1539413894892537
0.13351583502103145
0.11826276240338172
0.13779855733238427
0.05667292903776148
0.18470115040794813
0.12670367203515656
0.04760882321612111
0.0998300457543407
0.12124753506421777
0.06151957341977062
0.12597519639306343
0.11878528536492793
0.07504043414219755
0.06770160783448123
0.049025942775188014
0.07872497774094102
0.12021342726490859
0.046223281259049794
0.060657175457371135
0.08305767771006296
0.05888003772549512
0.11021659369803924
0.10822362306394748
0.14826728727452324
0.1320059641397425
0.08099017568019917
0.10108229678527485
0.07446379829613241
0.03604303679562041
0.05210574479233644
0.08679463857593614
0.06290810849584107
0.09432003418312108
0.116261919083107
