0.5039065549112407
0.5015038499953545
0.5034269005035918
0.5030384491728909
0.5017644083890678
0.5015443047517546
0.5044319692716798
0.5073744480602934
0.5108635573963096
0.5173326587135169
0.5257865385125223
0.5446610410583197
0.5641503284153546
0.5651270482138859
0.5685002837451064
0.5711130679350839
0.5725732283271885
0.567822866295552
0.5832515866961154
0.5889823031658419
0.5874365761677309
0.5919856961935422
0.596486210145987
0.5968069269136808
0.5978045552962666
0.6011965011328588
0.6035286637830889
0.6044339217778603
0.6082637992501075
0.6054016463895605
0.6096112825398692
0.6158167127851342
0.6147330438876504
0.6175871774217946
0.624706879144288
0.6302964031578394
0.6252781330401483
0.6268160472368107
0.6284056694009409
0.6278171480900311
0.6283958941578657
0.6263329815451285
0.6277787635582733
0.6258578243489836
0.6323650522154344
0.6337827352826327
0.6312276338722836
0.6328862538096293
0.6426813911045154
0.6371817729706276
0.634326792549769
0.6387792180197659
0.6500131756756756
0.6466748188405798
0.6455450259062135
0.6519693972968913
0.6416744240179367
0.6357159067840176
0.6367440443453607
0.6349437272915252
0.6273980114017688
0.6327001998710748
0.6275351527487302
0.6338783975629233
0.641686178598864
0.6372597341294142
0.6415808434328685
0.6416711349323887
0.6346442534670994
0.6425127918999192
0.6425861653674345
0.6357001297351275
0.6415452024765079
0.6387831198044569
0.6399556196691882
0.6491185747082746
0.6508438756792989
0.6441947980155804
0.6465495745437813
0.6566499287384828
0.6567367418295368
0.6577192109512473
0.6627018147186576
0.6673915962041261
0.6663924126376256
0.6527269185644776
0.6559099958538259
0.6574510732548672
0.6674680530148456
0.6732860559078644
0.671241772408396
0.6623128560849785
0.6652825079341185
0.6625194597719084
0.66990257240219
0.6760939812285794
0.6802261666942685
0.6677479211458202
0.6606206440254607
0.6735509092888401
0.6720050452159076
0.6791366802610802
0.6683004646371435
0.6611858214569611
0.6728760600614225
0.6758552887554888
0.6777064597178445
0.6626314405423018
0.66981104172217
0.6696087344263191
0.6837189145319503
0.6842008047378711
0.6846533660963975
0.679133212137757
0.6862674862860866
0.6769056614256348
0.6779256542432744
0.6686455065627243
0.6806110719907216
0.6804395780934744
0.6817216296608367
0.6849801944158959
0.6907167993955037
0.6900775990798592
0.6954365045833109
0.6824366955044721
0.6804569752778071
0.6815762778063618
0.6863808460491954
0.6994057956787886
0.6885810673778223
0.6848680662425458
0.6744627082665317
0.6957763995655332
0.6986242378960175
0.6947415252011288
0.7100160305927566
0.6986460492528251
0.703397281166764
0.6950873460222154
0.7063061451956348
0.7031744739069435
0.706316722213845
0.694509530685065
0.6946208386678927
0.7070609139212818
0.7103578504722782
0.7020179810042871
0.7050459023774281
0.7089638284083296
0.7108199954653179
0.7028688917931872
0.702666448617182
0.7085504642687674
0.695939713834011
0.7021520175958433
0.6985743352766758
0.7059050672331053
0.723530492674151
0.7168785112461838
0.7171471798609228
0.7132541943927331
0.7143674533615272
0.7219167968015731
0.7134240445209091
0.7268939465205955
0.7263762929247788
0.727686347874142
0.7067690284195249
0.7276684239995466
0.7074027469009928
0.7118404258560885
0.7252207302490338
0.724231227885237
0.7156510555623592
0.7263371753708662
0.7271152611777505
0.7270404086062495
0.7313564683964819
0.7305619757774509
0.7173697108522868
0.7249315381197047
0.7252408356616539
0.7422910671368035
0.7296956730080251
0.725962703366896
0.7197497899695333
0.725144406852304
0.725020112030793
0.7274147246302266
0.7351746653215475
0.7184579727969481
0.7261086257536941
0.7298924081159907
0.7327252350613985
0.7312844900233784
0.739854356997843
0.7254154004449749
0.733632248077897
0.735528709300838
0.7354381161537795
0.7285883398349345
0.7327477511339301
0.7193288790447624
0.7239571815568333
0.7331617019159155
0.7288966401778102
0.730261228597442
0.7379484211246801
0.7332428640153945
0.7368820409492668
0.728607340064479
0.7450555184929527
0.7161130970513423
0.7317192643503755
0.7407129231605399
0.7478969214777409
0.7333085472412529
0.7193505455332082
0.7189613907490702
0.7339755234296753
0.7387757176919257
0.7526132261076967
0.7506671715120691
0.7397760717458907
0.7201574685698636
0.7248284771318467
0.7334688129392393
0.726349286675117
0.7377588867393836
0.7305398199339341
0.729005996295051
0.742578005728883
0.7398112991020137
0.7385111476732218
0.7424141030833313
0.7472894284959493
0.7454682101482155
0.7382490012844669
0.7394626024720589
0.7371795093510989
0.7386137057225514
0.7303874600795828
0.7452695828449024
0.7365819045556269
0.7420604980481806
0.7422046327477848
0.7400302838811574
0.7457038815477843
0.7323061222340284
0.741964483950774
0.7375552526142527
0.7429677210500988
0.7458661052570092
0.7469095081167809
0.7535006131576251
0.7468526827848738
0.7287133660761553
0.7280648711061601
0.7327883585067885
0.7227458978223473
0.7391823079818104
0.7253801956206255
0.7191393014364396
0.7259482978629967
0.7396415033888059
0.7384450630344286
0.7437885004953886
0.7462389169316348
0.7465169660992325
0.7565081752626237
0.7702627378834767
0.75292990582747
0.7341841845920272
0.7400918611885574
0.7220762141100745
0.745756042166309
0.7471500276112338
0.7437468318392954
0.715570362823715
0.7347028244692423
0.7417958162167037
0.7292943098204789
0.7329879617758377
0.7443257862035629
0.7535576852414192
0.7543047098698671
0.7481394820159456
0.7388668011883069
0.7342222296335822
0.734766422083766
0.7449429959971715
0.7319246604062554
0.735507944537311
0.7375351760592325
0.7368897858765484
0.734299205338293
0.7259394994327443
0.7413865904915473
0.7375210968278658
0.7471142722791521
0.7444282950830474
0.7423975357795092
0.7465374310652432
0.751445052851217
0.755030112369696
0.7469941165447183
0.7500047321646884
0.7361563849564307
0.7406336566743157
0.7451619545173016
0.7432590026982151
0.7474890211468149
0.7550645390170349
0.7614366717844864
0.7488541483633716
0.7285939177521376
0.7401655164411217
0.7365788073041385
0.726054143743141
0.7302039084736378
0.7468067159383034
0.7553126158094005
0.7540303837491338
0.7357251989199207
0.7469280335004788
0.732821104274153
0.741914917788359
0.7330754901080033
0.7425351651544783
0.7320023073707229
0.7227053624939742
0.709396093940677
0.7098933234482475
0.7299766369143463
0.736266518751835
0.7438031071518482
0.7517054088567082
0.7407997395866394
0.7416444278901569
0.7373975018108331
0.7392139105818176
0.7408484979665756
0.7502430564242735
0.7442733724542134
0.7437643765899282
0.7387381322960638
0.7423240517655689
0.7467005809383057
0.722581472464863
0.7358836778695547
0.7410402389640441
0.7289382766875893
0.7329048462725037
0.7393894645721415
0.747554237552063
0.7392314004008803
0.7366245210084571
0.7313488766232095
0.7313317616372391
0.7508749097590193
0.7476148564418736
0.7342863388494928
0.7322061597110754
0.7143854483976537
0.7318628447593578
0.7404366286921976
0.747046695130992
0.7399069605211684
0.716868715377143
0.73432595873669
0.7378650341671575
0.7430702568268929
0.7265389923256553
0.7144561298032988
0.7239632002607231
0.7329299625209997
0.7323655611458587
0.742492422119039
0.7423828942445496
0.737549732399372
0.7275222767376548
0.7389390987506912
0.7384752986472454
0.7486453416891917
0.7565033374916214
0.7452483414198645
0.7515824984459144
0.7391196296858009
0.7613020537202909
0.756952730401515
0.757662246566079
0.7482658398204532
0.7492467606919818
0.748782531297921
0.7405423977350634
0.7191719862313941
0.727279268866569
0.7425047522927899
0.7369878047700049
