0.08
0.05
0.095
0.105
0.09
0.095
0.055
0.095
0.1
0.095
0.095
0.125
0.09
0.135
0.135
0.13
0.105
0.18
0.205
0.21
0.195
0.16
0.21
0.185
0.195
0.18
0.17
0.23
0.235
0.24
0.27
0.29
0.2
0.2
0.31
0.315
0.305
0.315
0.285
0.33
0.375
0.39
0.365
0.38
0.425
0.395
0.4
0.47
0.45
0.43
0.435
0.515
0.535
0.52
0.51
0.555
0.57
0.535
0.51
0.555
0.545
0.545
0.57
0.62
0.54
0.54
0.605
0.56
0.545
0.57
0.505
0.61
0.625
0.57
0.615
0.595
0.63
0.64
0.62
0.605
0.615
0.625
0.62
0.63
0.595
0.7
0.675
0.685
0.705
0.725
0.675
0.715
0.755
0.74
0.69
0.735
0.725
0.66
0.74
0.74
