-403.4651985700238
-674.1454325897433
-877.8955278666381
-963.3452318878535
-1007.1972941855119
-1002.3975863287234
-1051.2704049961826
-1051.6490945533553
-1086.5504772117918
-1100.7469064977497
-1115.6003503471754
-1142.1254825795431
-1134.6611943776009
-1133.7156773571155
-1118.3823624199601
-1164.8350819773018
-1146.3089858689013
-1190.6394954349191
-1171.269477624464
-1177.441370110941
-1167.003097173162
-1162.7997381370778
-1155.771528818596
-1217.27395985844
-1200.4014592988515
-1197.1351825109025
-1225.6322336987862
-1214.482000845021
-1209.8343705023635
-1229.2698414111023
-1248.6114121381706
-1217.0448675229086
-1226.6814652445476
-1237.6936065094167
-1215.1136875016994
-1220.6241769895169
-1224.9506752548907
-1237.9717122028223
-1212.9852839069908
-1198.6194473978185
-1252.0316548439282
-1277.214846012999
-1234.6778050361652
-1263.8013712902205
-1234.3008723459538
-1223.7165549025292
-1209.4871609504753
-1221.2544858938709
-1239.8486659272587
-1251.3231789031865
-1239.8183944103841
-1209.4366778002532
-1240.1419124049598
-1254.7353049227129
-1271.4320805983803
-1299.426950377028
-1271.5405519772762
-1261.1829278231796
-1282.5492653622164
-1233.378041781803
-1279.0244127099547
-1266.928069671466
-1254.9411089748003
-1212.9929425181087
-1275.3191838525765
-1269.5121131074654
-1218.9513596498289
-1230.1384092575001
-1272.8130427151211
-1205.4533045806027
-1255.5075560262983
-1252.265144133596
-1253.9559458735712
-1262.1296099349504
-1242.7600021836881
-1280.6775740249461
-1225.4637651011278
-1253.4015055030443
-1245.6306167158048
-1249.992042993906
-1256.034304835785
-1250.6920423250629
-1247.7526921542335
-1286.4287371467358
-1292.9260052290008
-1268.8624736769787
-1249.1951824678065
-1248.3934205702697
-1248.1216586257608
-1271.1261598785625
nan
-1282.0100880773712
inf
nan
inf
-1271.3855371520417
-1266.5474043854322
inf
-1235.4644853515083
-1248.9091508452784
