1.0, 1.0, 33.75 
1.0, 1.0, 33.75 
1.0, 1.0, 33.75 
1.0, 1.0, 33.75 
1.0, 1.0, 33.75 
1.0, 1.0, 33.75 
1.0, 1.0, 33.75 
1.0, 1.0, 33.75 
1.0, 1.0, 33.75 
1.0, 1.0, 33.75 
1.0, 1.0, 33.75 
1.0, 1.0, 33.75 
1.0, 1.0, 33.75 
1.0, 1.0, 33.75 
1.0, 1.0, 33.75 
1.0, 1.0, 33.75 
1.0, 1.0, 33.75 
1.0, 1.0, 33.75 
1.0, 1.0, 33.75 
1.0, 1.0, 33.75 
1.0, 1.0, 33.75 
1.0, 1.0, 33.75 
1.0, 1.0, 33.75 
1.0, 1.0, 33.75 
1.0, 1.0, 33.75 
1.0, 1.0, 33.75 
1.0, 1.0, 33.75 
1.0, 1.0, 33.75 
1.0, 1.0, 33.75 
1.0, 1.0, 33.75 
1.0, 1.0, 33.75 
1.0, 1.0, 33.75 
1.0, 1.0, 33.75 
1.0, 1.0, 33.75 
1.0, 1.0, 33.75 
1.0, 1.0, 33.75 
1.0, 1.0, 33.75 
1.0, 1.0, 33.75 
1.0, 1.0, 33.75 
1.0, 1.0, 33.75 
1.0, 1.0, 33.75 
1.0, 1.0, 33.75 
1.0, 1.0, 33.75 
1.0, 1.0, 33.75 
1.0, 1.0, 33.75 
1.0, 1.0, 33.75 
1.0, 1.0, 33.75 
1.0, 1.0, 33.75 
1.0, 1.0, 33.75 
1.0, 1.0, 33.75 
0.06909592593574787, 2.6903913017704504, 8.1173060649158 
0.05692610092463631, 2.7083085837230065, 7.923329393142047 
0.07708519220003181, 2.65838928518047, 8.927736388408059 
0.09205289890839208, 2.622467940428456, 9.634921672381394 
0.08043832987174811, 2.655796491006359, 8.90207479536388 
0.06684327583093225, 2.6937552349435543, 8.079800261361065 
0.0535976403736004, 2.7319458686444715, 7.237906570640079 
0.07733355364345294, 2.708184696624155, 7.2387590534682245 
0.10527424445096244, 2.6330594523432493, 8.831237733195346 
0.0751825867747225, 2.650026488614883, 9.274193705600808 
0.06732136195403089, 2.662544558768697, 9.117025175607925 
0.09075656021703149, 2.6599658154635373, 8.4131198207808 
0.06627459720771134, 2.6378722505272973, 9.985043888943446 
0.07196663922128577, 2.6654857934538883, 8.860980397212874 
0.07456323857275078, 2.6492245778260877, 9.322161196539204 
0.06744707229795883, 2.6727993281227422, 8.766683985801343 
0.076276557711393, 2.646173099460721, 9.367324070441166 
0.058906903005888994, 2.7175487264719598, 7.544622505122608 
0.0579776636723992, 2.6668774051515345, 9.286141427192227 
0.07776859488989143, 2.6367766345030628, 9.6340985079878 
0.08364833129368948, 2.6245088765018907, 9.849694236899175 
0.10448659310875802, 2.6127105109679483, 9.544597737411161 
0.05611994970536278, 2.688560349757595, 8.617039893125174 
0.08850692485226495, 2.611539524039086, 10.123432349916913 
0.08911812998733178, 2.608494548472133, 10.205572101993067 
0.05912850064854551, 2.700386900500588, 8.116355211216742 
0.0740634195428953, 2.65671121363305, 9.086356130311867 
0.05494896803668292, 2.666691423404268, 9.394636788867908 
0.06112160975527636, 2.664481425752323, 9.260897551618518 
0.05805990354524254, 2.699167839857428, 8.193563660159871 
0.06589737264128454, 2.6643659406598443, 9.103613176086908 
0.0648303768024785, 2.616654970879948, 10.7498695157181 
0.04689273509744633, 2.672751705539729, 9.46200012849531 
0.04078340831288529, 2.7311283864375944, 7.697976927171325 
0.05158148185131784, 2.7282357032383313, 7.431170003224349 
0.042484016222445464, 2.708829584742741, 8.393165967424967 
0.04677860992822539, 2.7044538808321286, 8.395903436838049 
0.06058213119040705, 2.676973004032981, 8.857514186210649 
0.04764669631136798, 2.703241922260121, 8.407509123212257 
0.04811748786704001, 2.712572130915137, 8.076725366101536 
0.032800307553992755, 2.735099028533673, 7.8333974070412715 
0.05484193130345329, 2.7108263298138238, 7.908696187291891 
0.04890528565130569, 2.702031848310123, 8.405871728801777 
0.05881758085024459, 2.7365395254751275, 6.906697661518691 
0.04347117771310192, 2.7634760490737373, 6.515531095944181 
0.06243942131726651, 2.6542898619913946, 9.560386688332684 
0.05150022304101455, 2.6932257806098034, 8.615497376784893 
0.0515453116159298, 2.70909899801106, 8.078254550089103 
0.0447844144484146, 2.7384880157163187, 7.314555481940247 
0.06946648678054505, 2.673764334744607, 8.665959773526117 
0.04068101322941324, 2.729670556026319, 7.750634537619042 
0.04703101585556733, 2.7507370525600905, 6.825327690971565 
0.04133563492432982, 2.7382620561106292, 7.438577927570135 
0.04192648288825629, 2.7625421738835256, 6.599182833952368 
0.03112955535962567, 2.7652730523428373, 6.871411990041884 
0.03581583591743103, 2.750029438847085, 7.2277219766975955 
0.028488245762728962, 2.747793259629602, 7.5504991930088465 
0.04117192770402882, 2.710391508055669, 8.384734043110207 
0.028792230934421733, 2.7462449743216615, 7.592494322607194 
0.028560811642903274, 2.7525714245990645, 7.386787026833567 
0.032464261493479696, 2.777082793657041, 6.427786888669919 
0.030665283851076867, 2.7679961438619856, 6.795176814684141 
0.0259883333491319, 2.756689363871132, 7.334627718816102 
0.03011745775706747, 2.7496376541423793, 7.433264973393676 
0.025520199021658856, 2.757840678254564, 7.311570391927476 
0.02572811788789132, 2.754123344640508, 7.430013139666529 
0.031511509816414845, 2.7501826005086505, 7.367823776529057 
0.03665404899642723, 2.7240570211749446, 8.076001381716198 
0.02931377254825337, 2.7551694180287996, 7.273692318024464 
0.02049162383297045, 2.757245629083606, 7.501367714065572 
