2.738535523414612
2.325819253921509
2.3669538497924805
2.333917498588562
2.3007853031158447
2.31962788105011
2.313565969467163
2.30869722366333
2.3011478185653687
2.305666208267212
2.30609130859375
2.304782271385193
2.293977379798889
2.2954996824264526
2.2779980897903442
2.242970108985901
2.1885130405426025
2.218638300895691
2.207058072090149
2.108144760131836
1.9255056977272034
2.1856855154037476
2.394195556640625
2.000417172908783
2.3937169313430786
2.133854627609253
2.186862349510193
2.2156025171279907
2.1908504962921143
2.1466450691223145
2.1415196657180786
2.1520572900772095
2.0893774032592773
2.017218768596649
1.9879051446914673
2.2188037037849426
2.0455920696258545
2.107239842414856
2.0714054107666016
2.0833523273468018
2.1075676679611206
2.009723663330078
2.0573880076408386
1.9133769273757935
1.958164393901825
2.002430737018585
1.9958828687667847
1.8997222781181335
1.9695508480072021
1.9979305267333984
1.9684340953826904
1.9854519963264465
1.8888362050056458
2.010590374469757
1.8934578895568848
2.556659460067749
2.194493532180786
2.1716456413269043
2.131197690963745
2.093824028968811
2.1592777967453003
2.1668487787246704
2.1274560689926147
2.0393415689468384
2.1197023391723633
2.0028783082962036
1.944883942604065
1.946605622768402
2.07445752620697
1.8559422492980957
1.8991872668266296
2.055719554424286
1.8211466670036316
1.9509910345077515
1.973300576210022
2.042255222797394
1.9246023297309875
1.9696429371833801
2.0005329847335815
1.999947190284729
1.9998316764831543
2.1151710748672485
1.8554929494857788
1.972698986530304
1.8966031670570374
1.7554040551185608
1.912318468093872
1.7835184335708618
1.769948422908783
1.8348512649536133
1.7581326365470886
1.7741671204566956
1.804873764514923
1.8587005734443665
1.8579707145690918
1.747279703617096
2.0656213760375977
1.9728333950042725
1.9448668956756592
2.002050459384918
1.8501627445220947
1.7933181524276733
1.9311227202415466
1.8633822202682495
1.9933488965034485
1.8010121583938599
1.9950454235076904
1.8570533990859985
1.9410768747329712
1.8864167928695679
1.8992050290107727
1.9049872756004333
1.8736703395843506
1.7898555397987366
1.7869850397109985
1.7721756100654602
1.7932865619659424
1.8162294030189514
1.7824371457099915
1.9167329668998718
1.78591388463974
1.891989290714264
1.970242977142334
1.861976683139801
1.9744572639465332
1.8344210386276245
1.8626418709754944
1.9093832969665527
1.734066903591156
1.789736270904541
1.8466312289237976
1.739939570426941
1.9338209629058838
1.740738868713379
1.8024157881736755
1.914282202720642
1.7679354548454285
1.795627474784851
1.7484797835350037
1.673953115940094
1.7056748867034912
1.6834847331047058
1.7926775217056274
1.7824079990386963
1.7746528387069702
1.7937064170837402
1.751120150089264
1.8704776167869568
1.8069130182266235
1.981939673423767
2.0120089054107666
1.9134387969970703
2.0835373401641846
1.7757287621498108
2.0205326676368713
1.816262423992157
2.021924138069153
1.8172322511672974
1.8370141983032227
1.7538164258003235
1.7583544850349426
1.8194200992584229
1.8229724168777466
1.6421886086463928
1.8209287524223328
1.755566656589508
1.721409559249878
1.718107521533966
1.702381670475006
1.6211101412773132
1.8155199885368347
1.7401049137115479
1.860388457775116
1.6969419717788696
1.6360660791397095
1.6654345393180847
1.8038885593414307
1.7644692063331604
1.6024981141090393
1.6032409071922302
1.7696276307106018
1.6433321833610535
1.718835175037384
1.702292263507843
1.752148687839508
1.891899287700653
1.9248619675636292
1.6098281741142273
1.9088571667671204
1.7140082716941833
1.7989785075187683
1.714057981967926
1.786437451839447
1.6664589047431946
1.7365578413009644
1.6783968210220337
1.5539687275886536
1.6876407861709595
1.5408087968826294
1.6634477376937866
1.5527961254119873
1.7339605689048767
1.4359685182571411
1.5657236576080322
1.6262515783309937
1.5196544528007507
1.7547789216041565
1.714799702167511
1.545911192893982
1.7104600667953491
2.0787012577056885
2.279826581478119
1.7083861231803894
1.8871918320655823
1.8299158215522766
2.090126395225525
2.060423791408539
2.0082459449768066
1.7631493210792542
2.0345189571380615
1.8060560822486877
1.7761407494544983
1.8091952204704285
1.744989275932312
1.9121891260147095
1.6963415741920471
1.7538474202156067
1.59650456905365
1.6548278331756592
1.6037596464157104
1.6155255436897278
1.6783533692359924
1.6150497198104858
1.621479332447052
1.7444724440574646
1.5882455110549927
1.6416341662406921
1.6094355583190918
1.6843984723091125
1.743428647518158
1.9320791959762573
1.694176733493805
1.8198495507240295
1.8852432370185852
1.7400444149971008
1.7054229378700256
1.5686873197555542
1.5923895835876465
1.5870434045791626
1.6359490752220154
1.488387107849121
1.528976857662201
1.5971099138259888
1.6340413689613342
1.5700181126594543
1.602270483970642
1.4803240895271301
1.4546267986297607
1.5010018348693848
1.44265478849411
1.5073621273040771
1.5563369393348694
1.5723878741264343
1.4461565017700195
1.4937228560447693
1.4334498643875122
1.5124750137329102
1.5424981117248535
1.4952457547187805
1.3680557608604431
1.412661612033844
1.4915120601654053
1.5658227801322937
1.4571329951286316
1.3893703818321228
1.46534925699234
1.3715627193450928
1.356118083000183
1.4575855731964111
1.4301159977912903
1.498279631137848
1.3123717308044434
1.4585044384002686
1.5380426049232483
1.4779505133628845
1.3680613040924072
1.4326300621032715
1.414336919784546
1.4096297025680542
1.449619710445404
1.4211359024047852
1.4207093715667725
1.3899752497673035
1.4938247203826904
1.4585941433906555
1.4731403589248657
1.4459518194198608
1.494827389717102
1.4857674837112427
1.344580888748169
1.5311594009399414
1.695857048034668
1.549867033958435
1.8114473819732666
1.806609570980072
1.533462643623352
1.4948657751083374
1.347592532634735
1.6343557834625244
1.6946194171905518
1.5594520568847656
1.4468209743499756
2.029541254043579
2.0522185564041138
1.60588800907135
1.8741585612297058
1.5615025758743286
1.698531985282898
1.5434842705726624
1.5932120084762573
1.5553436279296875
1.6954469084739685
1.6629103422164917
1.5145371556282043
1.6042916774749756
1.4072253704071045
1.5809127688407898
1.567177951335907
1.6349284052848816
1.3927664756774902
1.55735844373703
1.5595336556434631
1.5586010813713074
1.4353285431861877
1.5342900156974792
1.3742767572402954
1.437738299369812
1.3914960026741028
1.3652080297470093
1.3531131744384766
1.5148848295211792
1.4169211387634277
1.3244762420654297
1.335150122642517
1.4674211740493774
1.5160055756568909
1.3598308563232422
1.3538427352905273
1.307264506816864
1.335983157157898
1.44346684217453
1.4331036806106567
1.3082547187805176
1.3003478050231934
1.310189425945282
1.3621200323104858
1.3103919625282288
1.371634304523468
1.394773542881012
1.5369163155555725
1.727435827255249
2.17999804019928
1.5724343061447144
2.0169034004211426
2.1370186805725098
1.5991209745407104
1.9572676420211792
1.6754441857337952
1.6924018859863281
1.6557256579399109
1.464005708694458
1.5901670455932617
1.4589350819587708
1.6290653347969055
1.4306702017784119
1.4324460625648499
1.513846755027771
1.559241235256195
1.5919753313064575
1.6580986380577087
1.42689710855484
1.3498287796974182
1.4563947916030884
1.4399672746658325
1.3865904211997986
1.4750698804855347
1.4754993319511414
1.3287740349769592
1.3865616917610168
1.3015884757041931
1.324890375137329
1.304272174835205
1.483567714691162
1.5054309964179993
1.6390385627746582
1.6421710848808289
1.413747787475586
1.6781088709831238
1.521030306816101
1.5999017357826233
