2.5337393462657927
2.317095398902893
2.3139541387557983
2.3132790327072144
2.3121429681777954
2.3111366748809816
2.3098451495170593
2.308500516414642
2.308533275127411
2.3075246572494508
2.3072367906570435
2.3067867755889893
2.3059521675109864
2.3071235179901124
2.3055184960365294
2.306580650806427
2.306128513813019
2.306444239616394
2.305969476699829
2.306285524368286
2.3061216115951537
2.305712080001831
2.3060644626617433
2.305294382572174
2.30551677942276
2.3052510738372805
2.306558895111084
2.3065510630607604
2.3058648228645326
2.3065871834754943
2.305971622467041
2.306983304023743
2.305056083202362
2.305984950065613
2.3061896681785585
2.305051863193512
2.307172751426697
2.3056685090065003
2.306244504451752
2.3059250593185423
2.3054882407188417
2.305989158153534
2.30527263879776
2.305503582954407
2.3057597637176515
2.305929481983185
2.306508719921112
2.306382787227631
2.3052956104278564
2.3055192589759828
2.306771683692932
2.3070719122886656
2.3076119422912598
2.306980037689209
2.305566596984863
2.3076759696006777
2.3047414660453795
2.3062196254730223
2.3072112083435057
2.306204104423523
2.3052589297294617
2.3066243529319763
2.3062917828559875
2.3070321559906004
2.3068292260169985
2.305897569656372
2.306723380088806
2.3057209253311157
2.304908108711243
2.3054472327232363
2.3051371455192564
2.3059002161026
2.307228314876556
2.307158923149109
2.3061919927597048
2.3052300333976747
2.305533254146576
2.3067147374153136
2.3063463449478148
2.305896258354187
2.3050701141357424
2.3048898577690125
2.3062101721763613
2.304932940006256
2.3057334065437316
2.306333231925964
2.3062081336975098
2.306107199192047
2.306836700439453
2.305080330371857
2.305354154109955
2.305922472476959
2.306229519844055
2.306381332874298
2.306273603439331
2.3055132150650026
2.305943012237549
2.3079193949699404
2.3056752562522886
2.3063953161239623
2.3063990116119384
2.3056856036186217
2.305679476261139
2.30607932806015
2.306029963493347
2.306426453590393
2.305874001979828
2.3057626247406007
2.306255352497101
2.3053858280181885
2.3056334376335146
2.306459200382233
2.3052433371543883
2.3047900199890137
2.3063719511032104
2.3060237407684325
2.305768036842346
2.3059141993522645
2.3058486223220824
2.305746042728424
2.30626460313797
2.3069440960884093
2.30456520318985
2.3061838865280153
2.30499027967453
2.304749274253845
2.306068205833435
2.306256723403931
2.306011688709259
2.305467116832733
2.3066959023475646
2.3059343576431273
2.3065580248832704
2.306016445159912
2.3052715420722962
2.30639625787735
2.3053454756736755
2.306573235988617
2.3062193393707275
2.304628849029541
2.3054286360740663
2.3059157133102417
2.3048129439353944
2.3057290077209474
2.304603385925293
2.306316816806793
2.3055270671844483
2.3048768162727358
2.306149923801422
2.3053585648536683
2.3070289969444273
2.305980181694031
2.305581498146057
2.3056388974189757
2.308009219169617
2.3057504415512087
2.3070780873298644
2.3058684825897218
2.3058677673339845
2.305502724647522
2.305819606781006
2.3052800059318543
2.306338143348694
2.3056182146072386
2.3053892850875854
2.3068819642066956
2.3061739206314087
2.306328904628754
2.3069236516952514
2.306259834766388
2.3057068467140196
2.3050016522407533
2.30540132522583
2.3072197794914246
2.306920421123505
2.30657035112381
2.3061728358268736
2.3069525599479674
2.305794656276703
2.3064102053642275
2.3044374704360964
2.305904006958008
2.3059775948524477
2.3046520709991456
2.30602171421051
2.305708074569702
2.3047496676445007
2.3061262488365175
2.305431044101715
2.3072011947631834
2.305954325199127
2.305290126800537
2.3056929230690004
2.3067216753959654
2.3043978691101072
2.3060110211372375
2.306074523925781
2.307280218601227
2.30637845993042
2.306026244163513
