1.2571443510907037
1.58118522805827
1.1882959327527456
1.2741023706538337
1.2527452084634985
0.7381642982363701
0.9112410917878151
1.4227560801165444
1.2998181070600237
0.9911975647721972
1.218692306961332
0.9775013008287975
1.2109860011509486
1.2745616749993391
1.1387987711599894
1.0528065743190902
1.1779573474611555
1.2187805915517467
0.9820958737816129
1.1413154751062393
1.2301512168986457
1.356455194098609
1.4288429043122701
1.303986960489835
1.2679072618484497
1.1648704408268844
1.0062538124620914
1.1362668520637922
1.1560378542968206
1.1933694056102209
0.8074419040765081
0.8614710462944848
1.3088829347065516
1.2865533701011114
0.9481947805200305
1.0620143051658357
1.1222441622189112
1.2143518669264657
0.9385923285569463
1.0874229350260325
1.195344706731183
1.4298643214362008
1.3519646716969353
1.169593327811786
1.0535645516855376
1.2181833157581943
1.254941711468356
1.0179710489298617
1.000485856352108
1.0941196588267172
0.9492209404706955
1.408434550677027
1.3129487905119146
1.0392170495220594
1.094016941530364
1.2655008946146284
1.09265587957842
1.2970333652836936
1.0464002873216356
1.2315852301461356
1.1658827662467957
1.3983646077769143
0.9934969118663243
1.2408514746597834
1.2023369308028902
1.426310305084501
1.2256276333438498
0.9915969595313072
1.3924094694001334
1.2148073379482542
1.0932452593530928
1.0088781395128794
1.1255475878715515
1.2097318087305342
1.0316552455936159
1.1357049473694392
1.2267236624445235
1.1756550988980703
0.9812514994825635
1.177730261215142
1.1217302637440818
1.277599321944373
0.9347521864942142
0.9419406482151577
1.2051734264407838
1.2092352876705783
1.0561668574810028
1.4185221882966847
1.1903076783886977
1.353257761469909
1.4421848420585905
1.2520107563052858
0.8145833611488342
1.1750484662396568
0.997611186334065
1.430586393390383
1.4013779333659582
1.3397975883313589
1.229304000735283
1.2507768358503069
1.2748687575970377
1.0685053457106863
1.058059545499938
1.076684594154358
1.314380094408989
1.0684575119188853
1.0123502824987685
1.24338070835386
1.1441568906552024
0.9981377241866929
1.0324573737702198
1.1330911655511176
0.8005956539085933
1.2419201944555556
1.1887426035744804
0.929626597889832
1.1388486006430216
0.9302676123167787
0.9753965160676411
1.159099925841604
1.3682634234428406
1.5647109406335014
1.4970289043017797
1.0786417594977789
1.0799904415117842
1.1902899060930525
1.10339339609657
1.4278020688465662
1.1940114114965712
1.2549100135053908
1.1648176908493042
1.5030336763177599
1.0985359294073922
1.0719504526683263
0.9908416074301515
1.4083713899765695
1.391164896743638
1.0673005751201086
0.993075183991875
1.3258308150938578
1.1123946458101273
1.2757191338709422
1.1878179694925035
1.0440424254962377
1.134550076510225
1.158276958124978
1.295097263795989
1.1400482441697801
1.2943576446601324
0.9156532328841942
1.2680675727980477
1.0045260217572962
1.3249734214373998
1.4257158700908934
1.0493449462311608
1.2485170321805137
1.2655238402741296
1.002303505582469
1.1546340073857988
1.1014994755387306
0.9923495277762413
1.1227870008775167
1.3483209673847472
1.1184722241014242
1.2244920900889806
1.158795497247151
1.1349356195756368
1.0826225642647063
1.0464594960212708
1.0085478776267596
1.3974426569683212
1.405688694545201
1.2090358691556113
1.0418119536978858
1.0263324358633585
1.2520879426827798
1.13374724984169
1.0750819614955358
1.2160387230770928
0.9809409667338643
1.4597676651818412
1.0195664795381683
1.1756299713493459
1.1706538003470217
1.0396735348871775
1.1137142479419708
1.1418008634022303
1.1189912940774644
1.2972023912838526
1.0878257219280516
0.8989993051758834
1.1349329416240965
1.0333412034170968
1.1708312311342783
1.035671387399946
1.1403616624219077
1.0700958903346742
1.173391974398068
1.1100893441055502
1.1922602610928672
1.23470355038132
1.0171448034899575
1.336841871695859
1.356215768626758
1.1030901393720083
0.9121463309441294
0.9883150426404816
1.0595766412360328
0.9289089526448931
1.0774830728769302
1.1854289615792888
1.011649761881147
0.9376669132283756
0.807619723890509
0.7461499911067742
0.9669172061341149
0.9524435736238956
0.964930779167584
0.8846114982983896
1.1329999778951918
0.9200685583055019
1.118820387337889
0.8961219319275447
0.8964827433228493
0.7778847744422299
0.6668263343828065
0.7511426551001412
0.887231845408678
0.9488987922668457
0.9945174519504819
0.8329689449497631
0.8567797946078437
0.8274313799504723
0.8587725066712925
0.9418961256742477
0.9582989386149815
0.900555710707392
0.9151672510696309
0.8723887226411274
0.7378028813483459
1.0858188888856344
0.8792596512607166
0.8679992404899427
0.8794893877846854
0.8603339120745659
0.9063980973192624
0.7053673581353256
0.85902339220047
0.7024713360837528
0.7850958316453865
0.6676557739930493
0.7792547047138214
0.8447954354009458
0.8191429099866322
0.7697672311748777
0.8591096092547689
0.864243379661015
0.7997628237519946
0.8157873206904956
0.7949320029999528
0.7065570375749043
1.0066210648843221
0.8709085413387844
0.8511918187141418
0.8036052914602416
0.5640872711581844
0.651185753090041
0.59975658676454
0.6164399204509599
0.8901798895427159
0.7862278010163989
0.7446463496557304
0.6808313126010554
0.5883000141807965
0.8544061226504189
0.8275036348828247
0.7734855541161129
0.7543148909296308
0.5412825775066656
0.6877259942037719
0.6537728176585266
0.7892433298485619
0.713678644171783
0.6405472869851759
0.848623740885939
0.7412509747913906
0.6828673673527581
0.6641757802239486
0.8656037492411477
0.7339132502675056
0.46679064591548275
0.6478642416851861
0.8424364211303847
0.8511423191853932
0.7495029632534299
0.6133609653583595
0.7548256942204067
0.6811895801552704
0.735228249004909
0.8086330422333309
0.47094912441181286
0.5425809717604092
0.576694729072707
0.7182968099202428
0.7230503580399922
0.7880766157593045
0.5148663850767272
0.6047248960073505
0.572994272091559
0.596703942332949
0.6774251077856336
0.5911317712494305
0.511169506503003
0.5412804250206266
0.7266590680394854
0.7005660587123462
0.6384092814155987
0.7152663466653654
0.7258865130799157
0.7227599184427943
0.7219800438199725
0.606600430394922
0.685016753418105
0.6434476503304073
0.6043040773698262
0.6339848509856633
0.6354719964521272
0.4946812146476337
0.7554451205900737
0.5462309643626213
0.613838900412832
0.4173152116792543
0.6509083168847221
0.596270504806723
0.5342906128082957
0.468670622578689
0.7624912078563983
0.6045690476894379
0.6269387421863419
0.5353489848119872
0.5335736162960529
0.7261381585683141
0.45949000120162964
0.6122060684221131
0.6478522845676967
0.47446494176983833
0.6730371000511306
0.5912583119102887
0.562376720564706
0.7054289462310928
0.5840618631669453
0.5312471645218986
0.6367906975959029
0.6029453958783831
0.7260469826204436
0.5248482301831245
0.7607774202312741
0.777421093412808
0.4639976828226021
0.4721702273402895
0.5854173360858113
0.6074980029038021
0.5880914830735752
0.4828701008643423
0.4965492641287191
0.533928958433015
0.4651818589440414
0.6169796330588204
0.5252034004245486
0.4353239174400057
0.4436203475509371
0.7016527908188956
0.5823631105678422
0.5102799215487072
0.5672274678945541
0.46898447456104414
0.6440258531698159
0.5187910529119628
0.569283344915935
0.6185618277106967
0.5712099288191114
0.5278168576104301
0.4386785940400192
0.6383070296474865
0.5607958499874387
0.5119752032416207
0.5749858809368951
0.5287726979170527
0.45508729027850287
0.6494258626231125
0.38600028944867
0.665405809879303
0.4199327283671924
0.46536777674087454
0.39763265874769005
0.44755627108471735
0.5660368571324008
0.5804401162479605
0.5663383805326053
0.5439806953072548
0.622122483594077
0.5800450763532093
0.49153229700667517
0.4631626286676952
0.6071732150656837
0.6269259857279914
0.5896044128707477
0.5849204882979393
0.5542972385883331
0.4471530871731894
0.5023201331496239
0.5753438132149833
0.5600777992180416
0.6559708512255124
0.5122412379298892
0.611811135496412
0.5151461251080036
0.4125100491302354
0.5382138224584716
0.49825255253485273
0.6332284488848278
0.47673231043985914
0.5469543997730527
0.5503603049686977
0.4980538455503328
0.5096924262387412
0.36954531392880846
0.5206907583134515
0.6689374957765851
0.4886235530887331
0.4302201930965696
0.4548950605094433
0.5094020792416164
0.5047046946627753
0.5448188739163535
0.43561116446341785
0.40245586314371656
0.4220800285360643
0.40427869664771215
0.42925681812422617
0.35733807406255175
0.39515368214675356
0.5114892114486013
0.49479061938249147
0.4244484284094402
0.387053376861981
0.4893492428319795
0.47662315890192986
0.4011498785444668
0.40497724286147524
0.3543392132435526
0.3977636450103351
0.37548405826757
0.5009916062865939
0.47266205825975965
0.3541846993778433
0.4470574552459376
0.5043561149920736
0.4818924612232617
0.43478140767131535
0.5349551630871636
0.49090596607753206
0.3930428060037749
0.39797268701451166
0.4526056945323944
0.5728706738778523
0.510410239653928
0.5242397742612022
0.46300467582685606
0.384971983730793
0.4561712369322777
0.39225822261401583
0.5060840344854763
0.44928351630057606
0.4706162671957697
0.44204507768154144
0.39581323308604105
0.479549052459853
0.38931594445155215
0.47932665262903484
0.4098268098064831
0.43518767825194765
0.5160004070826939
0.4831244477203914
0.3663820315684591
0.458542956837586
0.39951728177922113
0.43468291206019266
0.4527000156896455
0.4098493403622082
0.5508499667048454
0.464732363820076
0.4456023855933121
0.4332346389336245
0.45447980931827
0.3367757296987942
0.39720839474882397
0.3405814564653805
0.3906350236918245
0.5299639808280128
0.3730302719133241
0.4206226627741541
0.4637116342782974
0.5063214919396809
0.4844657831958362
0.39194818692547934
0.5582862145134381
0.4193549209407398
0.4075045394045966
0.2677948813025768
0.4806755461863109
0.43325832965118544
0.33429647077407154
0.2750956208578178
0.5492671366248812
0.5154088703649384
0.37233968717711313
0.4197616385562079
0.3984743005463055
0.46060068373169216
0.36740255470459277
0.3674397425992148
0.4080695946301733
0.41143927936043057
0.4858478254505566
0.36187719873019625
0.3614782281219959
0.41155501561505453
0.44940207579306196
0.30753110119929683
0.2713284817125116
0.24527857186538832
0.2719646229275635
0.4067454827683313
0.3698659007038389
0.38207107143742697
0.5459982486707824
0.2898923105427197
0.36863893483366283
0.419177308678627
0.2677839808166027
0.32026483544281553
0.377591752580234
0.37945098323481424
0.31564233345644815
0.27549852803349495
0.23106657820088522
0.4114491620234081
0.48889316086258205
0.45699659628527506
0.4311818799802235
0.23858051002025604
0.36840941437653135
0.45010980112212046
0.38923851932798115
0.33114643820694517
0.34033508385930744
0.3702487860407148
0.352934082703931
0.28655420563050676
0.28152319363185335
1.0059072087918008
0.7515854175601687
0.5233399005872863
0.48951814962284906
0.4903089627623558
0.43167024930672987
0.38327133868421825
0.46615639861140934
0.3940098700778825
0.42466841105903896
0.39521875445331844
0.40556237953049795
0.44021613363708767
0.4573001499686922
0.35111564717122484
0.2977892266852515
0.35026828572154045
0.38302783348730635
0.2697563607777868
0.38727796397038866
0.3839519875390189
0.2745241554720061
0.4386177041700908
0.3296056017279625
0.2782482866730009
0.42767426797321867
0.31114679681403296
0.3975217789411545
0.30033535829612185
0.3447915805237634
0.2672309683901923
0.33736988263470785
0.31240456232002806
0.3627752209348338
0.38681335960115704
0.32717691361904144
0.3770951580788408
0.3215095741408212
0.30335117344345364
0.31188851382051197
0.3935540799911206
0.22132748365402222
0.25559321099093985
0.3021489142307213
0.30873719030725105
0.31436265047107426
0.33293238441858974
0.2747697862131255
0.34259329416922163
0.19966165082795279
0.3471005803772381
0.3825635292700359
0.29307310602494646
0.2778384830536587
0.3369153876389776
0.3578559894646917
0.35911579376884867
0.30248362571001053
0.16838012050305093
0.29955668853861944
0.4441348580377443
0.23966873862913676
0.3461693695613316
0.31049580073782374
0.29674872010946274
0.33332687403474537
0.35843751792396816
0.25124995729752947
0.30189932882785797
0.31141368725470137
0.3306404309613364
0.2955020325524466
0.18827510944434575
0.32832404119627817
0.35293820926121305
0.31311688997915815
0.3032212087086269
0.31845020928553175
0.2550314792564937
0.28169694755758556
0.27684384903737475
0.2612186829958643
0.1896626582103116
0.2306728203381811
0.24576443327324732
0.3298645690083504
0.30459932557174135
0.20611927179353579
0.2011502417070525
0.3092133275100163
0.2462970976318632
0.16090726692761695
0.28879727476409506
0.3006133320076125
0.27090232180697577
0.35349991066115244
0.3560119372393404
0.21538435348442622
0.3233385586312839
0.31011475729090826
0.3284402090523924
0.18823553515332087
0.2721042547907148
0.1934759489127568
0.2390596488756793
0.2642620291028704
0.2618063603128706
0.20390060437577112
0.2084589483482497
0.22584226354956627
0.24145069931234633
0.23542627160038268
0.2693310055349554
0.28151096403598785
0.28016998193093706
0.22991138164486205
0.16850481288773672
0.2876275580908571
0.2970093382256372
0.1964937975364072
0.14678850024938583
0.2276797816157341
0.2833870580153806
0.25489767800484386
0.22539035975933075
0.2158030825001853
0.23256445942180498
0.23060656764677592
0.29332529647009714
0.22226844115981034
0.30441985909755415
0.23049809382512018
0.2700404258710997
0.34214029886892866
0.2557981562401567
0.2968192281467574
0.15299658903053828
0.1830746435693332
0.16730461322835513
0.3100303342299802
0.3065128023070948
0.22225657185273512
0.15907245907666429
0.15361460404736654
0.22763902800423758
0.2491756978311709
0.29788192893777576
0.2651218654853957
0.22062997240573168
0.24320867817316735
0.3520995985184397
0.19745777919888496
0.3907155357301235
0.25610363643084255
0.13241934616650855
0.18020406844360487
0.27034789896928346
0.20995705627969333
0.31036003891910824
0.2821664038513388
0.34758358022996355
0.28364075241344316
0.205776823418481
0.17537808055723353
0.210735749739867
0.2593859811978681
0.12970675421612604
0.1876334771513939
0.2657678537070751
0.1629553304186889
0.23137706039207323
0.17600050462143763
0.24667799951774733
0.2227561234363488
0.17865023176584924
0.16196734298552787
0.29715121909976006
0.1456130248095308
0.2132348120212555
0.25555481176291195
0.2130384807075773
0.18300241923757962
0.20957008429936
0.2157294111592429
0.24576242906706675
0.19289660400577954
0.163300699953522
0.28837803644793375
0.2068548330238887
0.17676879798195191
0.2132332452705928
0.11533486098051071
0.16957571410707065
0.24502579202609404
0.17921435779758862
0.17388769931026868
0.14268722544823373
0.21430430774177825
0.22951371063079154
0.2105651700070926
0.1746017142598118
0.25202772340604235
0.18563426924603327
0.10891168617776462
0.21701408603361674
0.11177614357854639
0.25738816389015745
0.19594660454562732
0.26203150062688757
0.20581596344709396
0.18666754077587808
0.2428374881190913
0.22634591800825937
0.20582925927426135
0.30103631211178644
0.13800921557205065
0.3090368690235274
0.20131966950637953
0.16403629896896227
0.15363575464912824
0.19703757230724608
0.11461896342890603
0.3129167008612837
0.19931854626962117
0.2458412184246949
0.17502511878098762
0.2612169805381979
0.2832885650651796
0.24981803340571268
0.19867070551429475
0.22127473513994897
0.20301350034200227
0.08559478925807136
0.290864430900131
0.19133367815188
0.15137006182755744
0.15239722175257547
0.24028415977954865
0.24235556381089346
0.18920612069112913
0.10704462922045163
0.14287151715585164
0.16191882640123367
0.22363645303994417
0.25962127691933085
0.19830422289669514
0.21842847232307708
0.19925830007663795
0.2588755839637348
0.23548430523702077
0.14996936172246933
0.19540697868381227
0.1725645735859871
0.16718278505972453
0.25458970772368567
0.2687960522515433
0.12526872594441688
0.26383272984198164
0.13670097131814277
0.26412766852549147
0.13747027622801916
0.054786314123443196
0.05428335815668106
0.11979863074209009
0.0673695717539106
0.19962790342313902
0.28383016479866846
0.22596464585512877
0.08079661216054644
0.1811390561716897
0.13017499340432032
0.08739725979311126
0.23044997134378978
0.12771073915064335
0.1208396947809628
0.1554854086467198
0.1657441295683384
0.2835290314895766
0.2269407276596342
0.20846034373555863
0.13998900673219136
0.16536311166627066
0.25580344295927454
0.13722451563392365
0.19525620141731842
0.048327279410191944
0.20563038757869176
0.14382371732166835
0.17778274044394493
0.09315296768077783
0.12528313217418535
0.19135262684098311
0.13775184590901648
0.2125580007476466
0.16949361669165747
0.181743929960898
0.13468444560255324
0.1377886368760041
0.12407472144280161
0.11528575580034937
0.0932656569140298
0.2144798700298582
0.14772106174911773
0.03367399690406663
0.18209020527345793
0.07297542638012341
0.13900884799659252
0.17176028341054916
0.04764565426324095
0.09749461470970086
0.08787534385919571
0.1813765232052122
0.05438086337276867
0.09952510201505252
0.18081021681427956
0.09812336202178683
0.13852890687329428
0.14278229538883483
0.1540470394705023
0.08682694711855479
0.13196011978600705
0.09514581066157136
0.10644615335123879
0.16834286201213086
0.10824832692742348
0.12511136728738034
0.10209132491477899
0.028609460485833033
0.11762238559978348
0.01810709440282413
0.075129345325487
0.126629005585398
0.05335997776793582
0.1417748906782695
0.05663560490523066
0.09076369261103016
0.1925539496753897
0.17225708227072442
0.15767814085951873
0.18316729845745222
0.16376135551503726
0.12456545446600233
0.08740646285670144
0.13655036647937127
0.0785158494753497
0.11154242392097201
0.14867715750421798
0.14643362749900138
0.026155760245663778
0.15668066271713801
0.08466142788529396
0.05643865412899426
0.11927709808307034
0.0769182454262461
0.16006420872041158
0.15545290455754315
0.061818432595048635
-0.039135005857263296
0.1583377213350364
0.13512903212436608
0.056626494973897934
0.12830558366009168
0.15224365623933928
0.12775130623153277
0.10230284317263535
-0.013995909531201636
0.11097438207694463
0.11590046834732805
0.13986787466066225
0.06300456848527704
0.1606623429272856
0.07436053242002215
0.19022080674767494
0.14120031520724297
0.11514520458877087
0.06848753722650665
0.08122364431619644
0.07176922261714935
0.15590258900608336
0.03560710033135755
0.13376229256391525
0.15070330777338573
0.1748920333172594
0.04519383715731757
0.0785863846540451
-0.003271394542285374
0.05047046233500753
0.028984265135867254
0.037558868527412415
0.08075742796063423
0.04876913662467684
0.14656656554767064
0.1283434767808233
0.12061800807714462
0.036661523527332714
0.20471939763852529
0.08619959439550128
0.08411474792020661
0.08737348765134811
-0.001997549885085651
0.04457792692950794
0.06556856259703636
0.07467544318309852
0.03661817418677466
0.1391562127641269
0.06971150423799242
0.18660928734711238
0.13887278895292962
0.19425171400819505
0.12146035475390297
0.0860234685242176
0.13683234368051803
0.09948028570839337
0.08306509881679501
0.10714135691523552
0.02897044058356966
0.0962197630267058
0.11707033646794465
0.06580701709858008
0.03234582128269332
0.022842417542751018
0.045388511781181605
0.05505084725362914
0.08686139381357602
0.13829143505011285
-0.030847409473998205
0.09329364235912051
0.045225064137152264
-0.004643647000193596
0.05490942804941109
0.13330780209175178
0.127987233123609
0.1538834422826767
0.06671715314899172
0.13265744663242782
0.08831451141408511
0.039700643660930485
0.028652590627853688
-0.03794465639761516
0.05605545586773327
0.04202898112790925
0.14743408800235816
0.0028206269655908856
0.0458788891722049
0.10186495485582522
0.061705933950309245
0.08826498288129057
0.05227597749658993
0.07767496324543442
0.005256944202951023
0.08528310911996025
0.15681756926434381
0.09220862069300242
0.1138643172702619
0.0567375190023865
0.007267934935433524
0.23463821517569677
0.12540460298103945
0.007548238017729351
0.05545514249908073
0.007396967017224857
0.07005544539008822
0.01899064691471202
0.1125031512762819
0.034098424283521514
0.14285683631896973
0.02228715643286705
0.022937153332999775
0.1083903940660613
-0.009235361058797156
-0.001204642334154674
-0.0724998425825366
0.046940749777214866
0.054964755794831684
-0.049182918454919546
0.08512946431125913
0.12271904466407639
0.06738582253456116
0.14434346450226648
0.04100266205413001
0.07500598207116127
0.0686623358300754
0.044543428612606864
-0.005496885095323835
0.005130360701254436
0.12079074333554932
0.0996995038752045
0.16131473971264704
0.09661954526717846
0.05350821678127561
0.11678003094026021
0.08844303020409175
0.04685455933213234
0.0225899906030723
0.044790513813495636
0.017637819051742554
0.09504946640559606
-0.010648553392716817
0.048647278121539524
0.10397119647158044
0.17109239766640322
0.18175481179995195
0.0701123026332685
0.152596014050337
0.05262964351900986
-0.050715027643101554
0.04639817473279046
0.0737356421138559
0.1250837290925639
0.05402139946818352
0.0995686985552311
0.2234004730624812
0.010331712663173676
0.13177010802818195
0.039743004366755486
0.05513076590640204
-0.02008748985826969
0.03725442875708852
0.04152833191411836
0.07164441421627998
0.09137575567833015
0.09428040922752448
0.08288617485335895
0.040267780157072205
0.028250707579510554
-0.02653730128492628
0.050292602607182095
0.12348314693995885
0.008890724607876368
0.030214877533061162
0.06817833041506154
-0.045097875009690015
-0.03448013003383364
0.009755480369286878
0.07412207445928029
0.09499163020934377
-0.04885941943419831
-0.055829553731850216
0.037936345408005376
-0.007681179525596755
0.07427022393260684
-0.012139736009495599
-0.021717488233532225
-0.020191788407308713
0.03671931116176503
-0.040471856615373066
0.08565668123109
0.039262692843164713
0.11500891617366246
0.001204220045890127
0.2204276118427515
0.043916704931429455
0.0942488219588995
-0.033454169652291706
0.07682874106935092
-0.0006146923239742007
-0.018402888306549618
-0.016076800945614065
0.09448955128235477
0.059179129145507305
-0.03957838352237429
0.008855337010962623
0.10267148286636386
0.10376897667135511
-0.012788497443710054
-0.0778683636869703
0.015249709199581827
0.08724360104783305
0.07801952745233263
-0.007857714779675007
-0.02484467253088951
0.10136891049998147
-0.043117777045284
0.0038234469081674305
0.06291478765862328
-0.11474027591092247
-0.05440104486686843
-0.032394260567213805
0.08179195917078427
0.017372297322643653
-0.06018666311034134
0.04088734196765082
0.03272415644356182
0.021669939692531313
0.010424149887902396
0.02934519201517105
-0.0037471878209284376
0.1176908810489944
-0.04155522671395114
0.04934115100851549
0.04725587580885206
-0.07624074178082603
0.09291425640029567
0.03171555697917938
-0.028644234474216188
-0.009971792942711286
0.06022430996277502
0.07134523961160864
0.06134013904790793
0.004319016688636371
0.05503410739558084
0.07583048833268029
0.055251101297991614
-0.0013213918677398137
-0.006074180593714118
-0.06256308952080351
-0.026769759665642465
0.09977986636970725
0.051313470782978196
0.032911919589553564
0.09857552445360593
-0.005420273968151638
0.01199944716479097
-0.029677000495472124
-0.023163026331790855
0.051487612671085765
0.026018846780061722
0.03109107938195978
0.04784254659898579
-0.021562652396304265
0.03537906440240996
-0.07228781921522957
0.01304392037647111
-0.05213053125355925
-0.05205160805157253
-0.021558180717485293
-0.02466978824564389
-0.017494667587535723
-0.059274926515562196
0.0866441713379962
-0.032050839093114646
0.08098316538546767
-0.01103017698707325
0.031098289149148122
0.049475530247526385
-0.06301022094807454
-0.005738225233341966
0.011432557233742304
0.020436209493449757
0.023548005148768425
0.013295867164353175
0.023284561399902617
-0.0217519679239818
0.05106930647577558
-0.0005806330591440201
0.0612567967868277
-0.014722792032573904
-0.11737598478794098
0.015807994242225374
0.02844852288918836
-0.07982623523899487
0.00503064520083941
-0.015731153144900287
0.006999611322368894
-0.044707058662814755
-0.026769299592290605
0.007589554414153099
0.03224519520465817
0.049538003014666696
0.08427527453750372
0.011574493987219674
-0.03635170272484954
0.05455981514283589
-0.0339013973051416
-0.008019540991101946
0.06320787487285477
-0.011943306241716658
-0.030027634730296477
0.024700093482221876
-0.014924428292683192
-0.02840112043278558
-0.010517994341041361
0.021026539217148508
0.04842648761613028
-0.09289350666637931
-0.009051606059074402
0.003585005977324077
-0.07605696123625551
0.03301900305918285
-0.0411978534622384
0.07083605389509882
-0.1152821731354509
0.03063581937125751
-0.031134972082717077
-0.020659386047295163
0.017198582578982626
-0.008379059178488595
0.07460808345682121
0.0013682549553258078
0.03869949986359903
-0.010159175310816084
-0.005820837936231068
-0.14681159066302435
-0.09292592640433993
0.05520649813115597
-0.017662128167493
-0.0364316100520747
0.000265150996191161
0.08052149867372853
-0.08234239356326205
0.06394731413040843
0.7239024809428624
0.16416370469544614
0.11461362322526318
0.13158224443239824
0.08808090857097081
0.04605342128447124
-0.023266315260635956
0.046889995357819965
0.0006353086126702172
0.09365876391530037
-0.05998677174959864
0.010508213458316666
0.020711503124662807
-0.006519281438418797
-0.0287437021200146
0.04051200060972145
0.03390976547130516
-0.0010421802955014364
0.014118239017469543
0.052569112474364896
-0.05990977744971003
0.0264383251113551
0.044814281697784154
0.030811329638319358
-0.021366061642766
0.11493887113673347
-0.0492559548999582
-0.03350672438474638
-0.060780092009476254
-0.0704983262611287
-0.06539845599659852
-0.0309426590268101
-0.05423951554777367
-0.03814004547894001
-0.040390459820628166
-0.030400914006999562
-0.0064455558146749225
0.02967227383383683
0.02005694520014983
0.06891686176615101
-0.09591513459703752
-0.09578714067382472
-0.0526179594120809
-0.003366333565541676
0.01189650029742292
0.00397049103464399
0.06714689558637994
0.021845021418162754
-0.01767966552422597
0.02073905643607889
-0.04298652149736881
-0.020720091249261583
-0.03685018313782556
-0.02556244862665023
-0.09823989661942635
-0.018597539963333735
-0.07255978829094342
0.02367758165512766
-0.014052010540451323
0.0062659816550357005
-0.03823568911424705
-0.051402771047183445
-0.041393079927989414
0.0741120068622487
0.018771850370935032
-0.0497483511322311
0.03941146583695497
-0.029660130252263377
0.022798175790480206
-0.017471205359990045
-0.025523104571870396
0.03365671820938587
-0.016621601501745836
-0.0789450119648661
-0.07148213578122002
-0.04696507592286382
-0.07670557765024048
-0.0750302177454744
-0.07112138319228377
-0.11204697590853487
0.0032775086084646837
-0.09410153489027705
-0.09582122827747039
-0.10687561093696527
-0.02704648074827024
-0.04258459646786962
-0.060222694384200234
-0.03872803359159401
-0.026039547686065947
-0.1319128078009401
0.014729492898498262
-0.12132089561782777
-0.043090140846158774
0.028511933982372284
-0.06643721833825111
-0.024365281154002463
-0.019040782802871296
0.004699875866728169
-0.08210135703640324
-0.09953377023339272
-0.051468294113874435
-0.07490438477751533
-0.10395151749253273
-0.06598224224788803
-0.044911403741155355
-0.10826639285577196
-0.07676375125135694
-0.059024984283106666
-0.06797806998448712
-0.2259835254933153
-0.0770433002284595
-0.011808428381170546
-0.10373671831829208
-0.03764467925897667
0.0026957642819200245
-0.06564108708075114
-0.04569466372153589
0.007514165714383125
-0.032753417534487586
-0.14321751307163919
-0.06280351037691746
-0.18553174819265092
-0.07898217586002179
-0.03195476219324129
-0.02257189660200051
-0.006700075497584683
0.10756887788219112
-0.06525703745761088
-0.1149836214525359
-0.04360541408615453
-0.07245093584060669
-0.045404201173888784
-0.07268828472920827
-0.029333711734839847
0.004402131374393191
-0.012370434190545763
0.017391474584915807
-0.020079141283141717
-0.04343208031994956
-0.057889538684061596
-0.08916084415146283
-0.015462570823729038
-0.11234989877058459
-0.04726022455309119
0.017009066683905467
-0.07568691883768354
-0.06557184936744827
0.014123939775994845
-0.0092836916779301
-0.08007671641618279
-0.0548176502010652
-0.0845575150035854
-0.06321788113564253
-0.1370443843438157
-0.07166866346960887
-0.09866439285022872
-0.07126284459705598
-0.08131370267697743
-0.05176914483308792
-0.03409704353128161
0.1073632405272552
-0.1381393883909498
-0.0639938616326877
-0.03137687756679952
-0.05649545895201819
-0.16775452997535467
0.038561860897711346
-0.034906657811786444
-0.10424257229481425
0.07943246530027993
-0.098541703873447
-0.05815910867282322
-0.003525331217263426
0.061581315331880306
-0.023031479279909815
-0.12792680532272374
0.07712361391583857
-0.016460361225264415
-0.05817786178418568
-0.014120257459580898
-0.016555592949901308
-0.06576364700283323
-0.02991774119436741
-0.14698673355659203
-0.048459780568789156
-0.1286650031272854
-0.003006585208433015
-0.13355975598096848
-0.06339927124125617
-0.06782611419579812
-0.04413786557103906
-0.14238629450223275
-0.05400975115065064
0.0656319662396397
-0.04324570274911821
-0.13904769452554838
-0.006834687399012702
-0.07643453617181097
-0.010013516460146223
-0.1506146863102913
-0.0759609118103981
-0.16231489912362512
-0.007158865886075156
-0.036942985973187854
-0.057372002729347775
-0.12159140762274287
-0.049540585306073935
-0.0928230599633285
-0.004129669495991298
-0.09325907605567149
-0.022565348472978388
-0.05667631135604877
-0.1311004522901315
-0.0484196247582856
-0.1090306325682572
-0.09403446609420436
-0.13425295241177082
-0.08538890417133059
-0.14354900932604714
-0.07351371115406177
-0.027092153738651956
-0.07811868323811463
-0.04355243194316115
-0.036609946084874015
-0.04607318075639861
-0.09046863844352108
-0.14141469847943103
0.01817245874553919
0.05201892218818622
-0.010900037629263741
-0.013242013220276152
-0.049094050590481074
-0.04845746446933065
0.050713240701173036
-0.03731676537011351
-0.06512749875296972
-0.01754859329334327
-0.07562424588416304
-0.05917427662227835
-0.08924913060452257
-0.11108326512788023
-0.04941812264067786
-0.0017881159271512712
-0.09260214077165493
-0.11572046019136906
-0.03258740635854857
-0.0723927897467677
-0.10594768838823906
-0.036065137279885154
0.03313885868036388
-0.06980139868600028
-0.06687703702066626
-0.06162543009434428
-0.10427689791790076
-0.007353657590491431
-0.06754203285423241
-0.0764906732365489
-0.037962645425328186
-0.015976188438279287
-0.008405349683016539
-0.003196876496076584
-0.13895481304332083
-0.021241553659949983
-0.10103759572874489
0.017595368570515087
0.04381503699447161
-0.08509143787835326
-0.07448823164616312
0.03695459783609424
-0.026005400012114217
0.022474117843168124
-0.06646236843828644
-0.09112767183354922
-0.06860597285309009
-0.06689116704676833
-0.04034171173615115
-0.10392390404428754
-0.055070963954286914
-0.007249457761645317
-0.03743802824257208
-0.07900425951395716
-0.05950721087200301
-0.04939508580303352
-0.15334447845816612
-0.08852693199047021
-0.13597185457391398
-0.10367123887408525
-0.12223949237626844
-0.05462144713133706
-0.0543439242423379
-0.00429778458783403
0.09724444310579981
-0.00820380449295044
-0.02207880320825747
-0.07265098499400276
-0.09189275332859584
-0.1550849069442068
-0.07229599955358676
-0.06457207185615386
-0.08546366462750095
-0.11360122609351363
-0.11298594011792115
-0.07158762940006065
-0.07632147414343697
-0.0908284874333601
-0.07383059816701072
-0.10016846656799316
-0.13144907461745398
-0.1107661926320621
0.060556234259690554
-0.09593001566827297
-0.15129029764128582
-0.08382284641265869
-0.09238325644816671
-0.07674483944304354
0.06428369187882968
-0.11649535585560702
-0.0807810076678704
-0.11130224514220442
-0.12060626596212387
-0.11943306986774717
-0.046415529430045614
-0.05313659352915628
-0.09556722108806882
-0.10213021909086299
0.06286143285355397
-0.02277951966971159
-0.05255756793277604
-0.1353270642991577
-0.11370918713510036
-0.07701003152344908
-0.06655128812417388
-0.07923825510910579
-0.1032208161694663
-0.17853404342063836
-0.14206503012350627
-0.09121788186686379
-0.08334500772448686
