0.4435253477384967
0.3844142302544573
0.4935465603702045
0.3649794169903351
0.413631784854122
0.482165427114557
0.42649502410180007
0.495722816664777
0.44224903639835145
0.437668895563497
0.438606665156404
0.4313559693880894
0.44512487632063674
0.4492143705006569
0.45680940928890407
0.42153418895011674
0.40332101975580514
0.4684442719230042
0.477616399663934
0.429359392224369
0.3962740465517967
0.37113490191713183
0.4121277411361032
0.43125668113132776
0.43201028394259616
0.433657410258453
0.4128355709192116
0.4608775361222194
0.462386680432179
0.4596516025093843
0.4211058371146703
0.4052519253047381
0.4280348376538347
0.426333678894878
0.4402439226031578
0.41772093541473837
0.441302217096777
0.38232447440448447
0.4467025757144948
0.40591868332454134
0.42352183029261603
0.38234156521234647
0.4589013219703727
0.44867476875880896
0.48436181824053487
0.4176958593355346
0.4694032814345121
0.418337565447603
0.4528075714814498
0.4036680159292051
0.40917974214331343
0.37157137987251104
0.4625912760019577
0.45331972291530004
0.39485598678275735
0.32799262766327175
0.3817915794212148
0.4393666918101948
0.38650811367672505
0.37144185770903865
0.4575629919630042
0.38371691831348953
0.3590964995290277
0.3825632181224598
0.3511211305582029
0.40660240813609094
0.4134903854608948
0.35770674892765586
0.35776254054038753
0.380628897520941
0.3540801234234313
0.33700742006027207
0.34284451840797325
0.35368980772896297
0.3747107416545878
0.3058480660212205
0.3541195437930147
0.36425912002539307
0.3063507052696383
0.2808312295339487
0.37259993554535
0.3518947764613112
0.30294632642156516
0.3822746544321012
0.28867384605968055
0.36727551652401824
0.36886448117857157
0.2837791478836454
0.2807725432547762
0.2564222624156332
0.3136174150824135
0.26324575529584
0.3301768232285032
0.29893654664712294
0.26825630799588246
0.2867088172164175
0.24667699243615848
0.2690432639921316
0.25174884130525904
0.30986762694930786
0.3002689943688038
0.26332865470874417
0.2683742460601615
0.29225875816977487
0.2732204420203429
0.2776954186874257
0.2641519691386316
0.2554601688036687
0.23092518856347655
0.26780027428144065
0.2601870267999612
0.2988455034534915
0.27193269320261504
0.2793841450775583
0.2733754763332215
0.2634593940206936
0.22548296311945323
0.2140976348376837
0.26529198335827014
0.2645263655372994
0.249737274665643
0.22793679866802447
0.2628580169250099
0.26607719825125786
0.2624561134425382
0.23735993491301435
0.25866651320443723
0.23941890465756577
0.2031591939825719
0.20836814851736143
0.24536875869718291
0.242638738201459
0.23942908763130138
0.20528858290526003
0.19645458037540112
0.24055892801419768
0.2305467689478521
0.20312265319586625
0.2480959309230683
0.22452755995316878
0.2501780634514198
0.21938278464694863
0.20476952651064964
0.22803499409714328
0.23514946430697845
0.2272304654795213
0.221446145643493
0.22054371548696391
0.2032677574375052
0.2035787477204147
0.23611874033993085
0.24087154391985643
0.17968589342966426
0.19789822582983785
0.18435254203335893
0.20714785333739996
0.21049889316138584
0.18135068739022983
0.16295152285065467
0.1736872848421727
0.15318871569478548
0.22975108355915705
0.184953180726506
0.19784735830410594
0.18816195600419328
0.18819664213119702
0.16054122867427492
0.1732908323072412
0.17354038258905716
0.18335948776937097
0.19165472503620617
0.1538150100968778
0.15224383372469044
0.18066214395832905
0.19069253199938727
0.1662218861007196
0.16500076277542017
0.1643901331024164
0.15752126677079803
0.21432301430820277
0.13798176426406142
0.14843194050449354
0.16907010989184254
0.20311345656133903
0.17187737212714863
0.13087141697694954
0.12715601350341346
0.17127132160053427
0.15694083625075936
0.14841959476751257
0.1590025115150353
0.14803641694277356
0.12185691480928133
0.17738181078479404
0.1463231776115669
0.13951354236009397
0.1781184637915313
0.20394981631522027
0.17973041442565701
0.19658938319688396
0.15098464549008128
0.13840002451823757
0.14849584486394796
0.142119926842539
0.1376534043910342
0.14206795550394355
0.14941509102024825
0.14233851667618203
0.147747909510991
0.15206402467668628
0.1320017216226069
0.14356377286586197
0.13156417343942087
0.14644955175378616
0.11445892328416356
0.094177357583785
0.1195712926422572
0.11898463027198232
0.1431605672546392
0.10528091960694239
0.14102191455652996
0.11756762318004531
0.14283865864473325
0.12036970051356606
0.1867339414599384
0.11425536657680332
0.16210321189596094
0.0938437959832838
0.0864438730857598
0.14257180638318132
0.10571137438606364
0.11844456261898335
0.11366508571535117
0.1186378993747035
0.1023747780400383
0.13726872242221336
0.14453461479405955
0.15400074469886643
0.1139964164494939
0.10084452521276596
0.08346835439967398
0.1462571377122755
0.12770919603943284
0.12279516288448417
0.0938798277823231
0.10837674649006608
0.11324552675791567
0.09400555871649974
0.10685461041542568
0.14241450880076773
0.1307912169077057
0.15569780381747267
0.12050303949914358
0.10736355930461745
0.10659145771211735
0.09757015745066391
0.11766008326639867
0.08811893089386594
0.08999607257293119
0.09848262838854868
0.1396087148137575
0.11503428925981676
0.13019587888276019
0.10958165991644207
0.09011190900761185
0.09855643222628734
0.135981706351977
0.09545740741749899
0.13145277257553395
0.12122883011662255
0.09455640815177767
0.11429979456029853
0.08566697894826986
0.11012832698857575
0.11097925840683866
0.08609370659685482
0.09994598451823365
0.10325450037558045
0.11519584368299017
0.08036895709534127
0.11816322222736401
0.09717007931869401
0.12326966042716613
0.11600782463808303
0.10492242391300302
0.10773739839290265
0.09170192279552082
0.11259302982354988
0.08790026762164437
0.09767417227110636
0.0906599771646109
0.0958000214997877
0.12427696444933464
0.10661947486246369
0.11868410835010809
0.09257106905269827
0.06980077668621172
0.08206671054225313
0.08039983074681516
0.08407452627806238
0.08981463134181224
0.10492197156677971
0.09842402016893478
0.09096718893497664
0.13422905782818118
0.09106549372400062
0.0905521835522915
0.1060913141987894
0.0992444567254476
0.09279982059117162
0.07329476458246104
0.12348169650164811
0.09588345498192496
0.12190383528580254
0.104269148550972
0.08760157732200652
0.09361637201029632
0.09850993540528767
0.08528022217927043
0.09178701631040982
0.0855844795018022
0.09708713567508237
0.09330311753637315
0.08203956006693788
0.08454104585997967
0.10452157048437727
0.12293642731077206
0.11293342470935962
0.078416265808815
0.07716666355417044
0.09094705537495953
0.09546047010160456
0.09032116613139421
0.06494701222303176
0.08164459952326392
0.10444242826468596
0.0724809592378532
0.0886220540224369
0.09302446595758596
0.06626486253672763
0.05472774773217432
0.08806624320375553
0.1283657279172262
0.08972254960615593
0.0838271623362872
0.054044293658423496
0.08806847885456026
0.08604337787131781
0.09666306493189043
0.11468348472922084
0.07410961390573066
0.11824850431981124
0.12398551735124431
0.08023383553118373
0.09360685292316208
0.08778786312093828
0.08335508506221297
0.07630206855575451
0.08214233755148956
0.05321209564354791
0.07240978919507486
0.10120026833025866
0.09512491398369756
0.09387841167851384
0.06829299076638831
0.0824324899381876
0.07475111006087987
0.11710188238794715
0.054539577293075
0.07034189346421543
0.1029146041249409
0.07685653740224431
0.06896894165982766
0.08190768695095729
0.08542125566353487
0.08887810939087032
0.0670161244507295
0.06493837595982917
0.08398334046860409
0.0913812987683738
0.05833144895670151
0.09851325485363976
0.08227547737572868
0.07722600418704288
0.07233746821771826
0.08542795004690769
0.057931047930332345
0.10004230071131195
0.08766520072209284
0.07428123953080344
0.08221572488322162
0.0834391917912738
0.10789542476603176
0.07067757605503276
0.09271596283829062
0.05994451362695561
0.10729926670535517
0.07921050089228678
0.07254098158654672
0.09111430366861846
