-40.87622888811997
-297.37232760350275
-335.46666200369737
-434.2877241125854
-450.0392499398526
-401.44506619712723
-395.4533248035589
-449.391692139586
-551.1698563307662
-532.2175299319254
-520.29548478566
-585.3768992006504
-615.2755340431144
-580.4108948202177
-659.9765461370143
-621.1150474097872
-697.0827362713177
-643.5662377517893
-657.5630422528438
-712.7709726166615
-720.2154183124068
-727.0692368103063
-723.3609573610368
-734.7360793720193
-701.1690854740582
-749.7811174920078
-776.3321391377032
-738.6844514955848
-783.963511607614
-745.2342619258687
-777.5096131953226
-780.0687578878095
-820.6028863658554
-761.3177842390702
-821.8855163798354
-815.4595568432786
-827.197839079914
-912.6430926652548
-785.751401165114
-901.0759784175503
-902.5023577718691
-861.2230034940254
-833.9979206691689
-828.9795925265634
-818.2870693557685
-840.219051912633
-856.7252167446823
-850.7832595456031
-831.942974446556
-841.9587763729184
-851.1097745763541
-867.5823251992326
-839.2000548520945
-868.4250340857265
-913.429165619859
-934.2765777704353
-870.40667265221
-829.0857001361759
-902.9612284332926
-925.0421041695204
-848.498847908688
-954.8118043226032
-916.2634683512323
-866.1264417380232
-943.7232243635688
-940.6877497577448
-853.8418217210726
-881.489895867862
-922.1251991179681
-863.7173136950638
-951.6015125573506
-882.7624659779983
-939.1700050677023
-914.0955196778345
-923.4083760394478
-914.8371534490366
-942.7494048369095
-951.6068333766427
-876.1289903606687
-963.5211075264187
-862.4708244712672
-896.9546866609204
-914.3716012893185
-925.8693450128977
-954.6762442555845
-884.8217626035488
-881.1512331155038
-973.341239080451
-991.5993221113758
-1033.8017603230367
-924.1088945305293
-953.1814418316986
-949.1374243986771
-926.5626700001378
-969.6467427899761
-956.2068252173437
-957.056833259521
-982.4281540400422
-992.1703171532275
-926.8824113349211
-960.5443583194012
-982.601591286022
-1002.7062069589641
-946.468290323486
-962.1726035813582
-969.0092127685723
-963.0709666590536
-1005.8637838451543
-978.3863385459795
-921.9610148223314
-992.1762266845747
-911.8857655613103
-973.7185017985682
-953.2165931012773
-931.7556866879837
-910.3220823327517
-1033.3961923182835
-937.2515324337692
-933.6743727296179
-946.3278334838454
-967.2040487159782
-1005.5864094979203
-966.0758026299939
-938.6407316626492
-985.449494568983
-964.4542102055616
-983.4244591305333
-984.942038483334
-1017.0194232178173
-1048.6395404965097
-1006.7129642359123
-1014.8511227083645
-1009.8223808696193
-1046.1235469546737
-1022.8760076030608
-1002.7839931249619
-986.5155249037501
-988.01775630718
-910.3285172633861
-963.9899571342952
-987.0125255815444
-925.9115592268755
-1005.2038506379325
-968.1840768678946
-989.1987466246302
-933.334798153095
-969.1590150726556
-1010.829382242695
-984.1494512986478
-950.4626355852399
-953.684522370589
-998.8933041974697
-978.2495590640652
-1015.5394673501291
-992.4429001808167
-989.9388438985095
-990.9898582773824
-995.2026370928584
-974.7339303301227
-1077.0209779937147
-995.4289855572486
-1001.110330669836
-982.9064866562593
-994.4362084448063
-978.7893150500987
-990.7015309432685
-1036.0704534745985
-974.8270109133787
-992.5323516229331
-981.5552396120563
-988.5358035531461
-1050.1387474707194
-1036.5058652052683
-946.4186939572409
-990.866060908489
-1022.7908222049062
-991.4466455444212
-992.7446163889999
-933.0311990086384
-927.3045991098826
-1007.8592582457626
-1052.1732561247688
-969.2708092774114
-1026.1927125223222
-1012.0387549631057
-980.2821067302458
-1078.4221721805186
-1009.4944158012416
-1054.1966354440435
-951.8409859853955
-1003.4279124868631
-1129.680717652844
-977.4559625348737
-1021.1607318292565
-1076.4816451545134
-985.2260540515047
-969.7180165783052
-1012.2579085178639
-1027.9377476191191
-981.1906450728667
-987.7509116231022
-1039.1906804307814
-955.8572205151281
-1003.5135694085727
-1006.7405132401374
-950.0236882828348
-1015.8958724665752
-1022.2389123203568
-1013.650044253345
-976.9001527533004
-961.6960708617065
-1029.931561026705
-963.170871940626
-992.4186285776751
-1032.314402194067
-1038.5700071374392
-1030.4354417494364
-1043.0548138069119
-1010.0090422627563
-1002.0436298676899
-979.4478956092887
-1078.3244748269358
-1006.2471907138824
-1044.0637354306912
-986.590107266804
-1045.7103138228165
-1091.156033523621
-1086.7738186088027
-1062.6846575055804
-1057.8243917962923
-985.230194979549
-1031.1634131241503
-981.7931409607285
-1047.808732773851
-1014.0920875940454
-1075.1645677512693
-1015.9607606840573
-1058.8661750906624
-1060.4121532379756
-1046.4241755437192
-973.6417008314264
-996.2265235976689
-1086.6421171196046
-1002.839381767308
-1077.240596753661
-1010.2058400822125
-1038.0992544570827
-1081.4762049380536
-1021.1355184344103
-1064.8627482899872
-1038.125322106247
-961.7393428186118
-1087.116117900967
-1068.3242374900299
-1089.5282728836833
-983.5020850006886
-1037.97023258396
-1072.4179270745421
-1053.007550509844
-1087.8818674301772
-1032.5270537544504
-1044.731890783332
-1110.440867064186
-1054.1380543664852
-982.1000038154664
-1020.0507356321208
-1004.0103348262849
-1027.1410517989216
-975.7553140853407
-1020.2940460179808
-1076.269662130813
-1135.6149750459028
-1039.1457028476873
-1080.959633003182
-1065.977582890317
-1107.752787251077
-1017.3786822694788
-979.790073673846
-1098.885246062059
-1026.9276949271627
-1040.6537857374287
-1018.3777266845176
-1065.845837452994
-1039.3091920232443
-1023.945600672801
-1070.76709231748
-1042.1878296664233
-989.5596776975465
-1043.1746839125585
-1116.0674486605253
-1118.3162743012476
-1052.2544404455045
-1012.153124201133
-1026.317818404892
-1067.8619693753906
-1117.7732835705929
-1034.218207877902
-1068.684477110063
-1006.9707218194337
-1058.9879112996264
-1081.4376693329502
-1023.4388303086505
-1068.6574396136718
-1036.360149011634
-1001.0316391397731
-1057.9905503260375
-1060.3161662948846
-1021.3162367970164
-1036.8828188351222
-1075.7518700630435
-1040.383996299335
-1012.9800223161548
-1011.5912228520565
-1043.9779649709226
-993.0237488411539
-1126.8297249496259
-1074.3984925939192
-1081.010213747552
-1073.9528738062502
-1057.0572825873503
-1082.737165599924
-1129.99722473083
-1047.5629328615655
-1082.9753911605078
-1064.9714649229006
-1044.4217710187359
-1031.4942699956455
-1049.8460156651136
-1145.495831552189
-1063.3174635995917
-1067.5504144051108
-1106.5638599670428
-1025.308202975906
-1143.5342177289972
-1090.8973107953225
-1039.439228976377
-1119.310751983647
-1062.9532438747344
-1146.2631137684193
-1073.9351953636117
-1032.4723906247846
-1071.361525052154
-1066.2452720090541
-1070.251345230687
-1053.5436986333214
-1070.8626892368914
-1098.9980479368967
-1080.4210813594852
-1068.5690417432565
-1057.8163531886817
-1081.9358424151549
-1044.5006851040273
-1048.7256700915675
-1105.6194219385973
-1056.6662163457013
-1088.8295138607377
-1052.0470158542905
-1068.5725936279869
-1041.5757118897504
-1123.161930330338
-1033.6790234191078
-1056.9791057911887
-1037.6867071159425
-1027.007704254669
-1051.5457288960708
-1125.3033423352351
-1102.6874261226521
-1083.207854531877
-1113.668688303864
-1102.7901501325969
-1066.7978613986397
-1118.2106155975623
-1114.690376062547
-1074.344721982556
-1070.935521880053
-1103.0376393811493
-1098.6706891576266
-1093.5511516376575
-1132.3358216236263
-1079.0226722049274
-1092.4987355245423
-1068.2188670898913
-1062.6911060540906
-1073.4552283254088
-1110.0958715270742
-1088.1680869902334
-1181.8694600751323
-1038.6335745786191
-1135.544208069551
-1156.3741029457012
-1080.3938164172635
-1023.5951824188232
-1034.46379611624
-1072.304209923964
-1040.5654942824544
-1094.7271056900377
-1059.983164087968
-1069.1674777824207
-1043.483239613645
-1094.3843861988612
