-55.471108549064205
-216.8697060515529
-312.97810028884817
-391.6997929762036
-363.51975452845
-467.5662779917915
-426.4914148348268
-483.45670731715893
-509.3366623012701
-508.5415823481599
-549.3497450692313
-455.05356239448497
-575.5968739557925
-571.5303423470616
-554.7703983728787
-594.3273993461363
-624.4977216544788
-628.1200564336118
-675.403076734411
-636.9822223944598
-675.8144566584292
-602.5830909447736
-687.5679185049875
-683.7990863641836
-669.9288079398019
-667.9770151832686
-708.0391489195933
-680.7645723545057
-739.5512615788367
-716.870017798815
-729.5684600249963
-734.86451519909
-747.9368249633894
-686.1959060875502
-730.1510364251203
-723.8989896389746
-776.4797332341769
-747.4127208692138
-756.8088897142542
-747.141109413815
-709.0228877748762
-744.4263487785094
-802.2269580155473
-770.9834074468656
-769.8217667962
-693.5765000708092
-793.4591546124577
-779.5942721388857
-798.4387479158041
-767.6128012266028
-789.2991940546694
-802.3890135628836
-802.1162897002313
-848.9760231334493
-802.9474072258594
-829.7287761319068
-822.7447924284342
-802.60133347753
-801.9417592413414
-815.3535131814842
-799.3564392300794
-859.5809544857746
-828.6731898927469
-828.7493538438999
-812.8717593531454
-820.3564968900197
-812.0867520741054
-817.640125960249
-830.7352408308038
-845.8527856246667
-771.1951961956815
-804.0281658524192
-847.776311724966
-781.9522791568036
-830.1215512236142
-845.9033638969545
-852.092333938669
-806.0639852356801
-870.1161856936969
-823.4153361518262
-831.1547047136016
-833.0634333878618
-859.8369223950646
-819.2847201088057
-845.609875657042
-843.4212803994455
-823.766225612658
-838.1824798518062
-840.6602280095975
-853.2087835232783
-874.135006038824
-883.5122521044472
-814.0242205149567
-837.1077873827675
-862.686996741229
-867.4877068128454
-872.424316054665
-873.3821457190447
-868.7308223038774
-858.0736569171677
-838.5464079896426
-853.1643525927847
-854.4032262635121
-891.4883282920732
-884.1185572487967
-830.2780454081874
-845.5329274120419
-878.4924746746292
-869.2317705989433
-866.4422884910338
-885.5235187776627
-904.6541389166484
-894.8810620505689
-926.5637412049253
-905.3484524406047
-850.5259339644613
-902.7148653373191
-860.5628469265001
-833.7878049024239
-912.08567261586
-866.0476802878666
-884.1457182009649
-918.6928776068621
-880.6149336643483
-887.2632200311406
-894.5942552628055
-855.6736896708264
-871.8519008654054
-892.0873426446168
-883.7913529356504
-950.3702641324513
-839.1693929021809
-878.4889272522817
-830.711437664823
-848.2164636075771
-902.167186842536
-876.0016510431668
-860.1185790382772
-889.3188995150377
-915.2093964677802
-853.6720832789548
-869.1073478663571
-899.7573871524653
-884.5099442653392
-859.5724551974354
-894.5465961227768
-951.4484265586748
-908.8448027509698
-896.8288194506948
-889.2022049196305
-911.7881029849777
-910.6950378066384
-919.2482308594313
-916.2711019735732
-858.0220546986101
-912.0442087265753
-898.8833740076162
-922.3114668674733
-896.1002445484636
-925.8543021206482
-907.7429882699993
-852.1954747564781
-906.8328960260488
-835.6688114289315
-877.5319345359978
-940.4725694085047
-917.4190247882896
-878.7464707018593
-922.4522242392263
-927.8788531496778
-885.4138753249349
-896.2341507415068
-896.8969834499095
-897.234139367732
-877.9935212728615
-898.0681562731343
-892.620559920913
-891.356199624901
-906.0860878201673
-898.5834748931744
-930.2237970026956
-913.9436270102927
-872.6928856845276
-904.6270491077054
-921.5125460646669
-898.7945590392785
-907.5875551030383
-851.5439164825299
-946.8183708586452
-920.1473637066679
-916.5558632002449
-951.4917124383461
-884.5026807037916
-908.7778757947931
-904.2017936882336
-914.66935998943
-918.199990083545
-969.1471499473818
-937.5359886538598
-889.7628766952023
-881.5921396703764
-906.7323570427258
-862.1341268214212
-894.0962856837681
-969.9989825657436
-906.7012162450271
-888.2686967322354
-906.9980403003605
-882.5424590220649
-911.784838575372
-886.970701085807
-894.4469900526759
-949.9771751017065
-921.8241989557645
-909.6268846714003
-910.5223908314507
-921.157446092175
-960.4552501906998
-895.5922729035127
-904.2629129787744
-892.6458583075879
-942.0704601305421
-836.364614384515
-770.2364070382536
-851.0334502551963
-841.761241978764
-905.7684313470867
-947.735967433947
-928.2670553181028
-890.6068148810742
-939.0894464589484
-887.1348736670709
-892.8448201544273
-921.8864654330065
-932.9226198020618
-913.3066169633294
-849.5590360439318
-907.5837290188134
-928.8301566427205
-930.2379555064962
-931.9541867339666
-925.7854585779428
-897.2200564898653
-926.2107924360284
-953.868823442591
-895.9564174529045
-887.0196051883258
-880.6317296061098
-947.02441898469
-900.3154945900912
-918.9756420153077
-880.9007242440078
-897.3164946384694
-917.7730606052733
-932.4749936222481
-966.8754314651138
-915.560066961473
-907.5826934603502
-916.7287874002061
-906.5929509703465
-920.5999456484747
-903.227859294909
-966.9308840228665
-930.7017590219524
-935.9825030208183
-968.286257027481
-916.4540566650953
-915.7273410630116
-983.7362575267317
-902.5339171150313
-950.55603185557
-944.8569820421632
-857.5686995686474
-959.2322292064192
-924.2983041930308
-925.5103472872264
-931.7953379231114
-981.1996646300988
-916.386148821923
-932.8847356347994
-942.9417337865873
-935.9052016438427
-937.0416189086053
-929.7287966468916
-935.5312741626792
-952.3088105878522
-951.7816786348545
-921.6004011092648
-979.1547267579813
-958.9131905516172
-917.1103278920398
-915.1650960368495
-932.6171228083597
-955.579080818985
-946.1252763282318
-970.91074673701
-964.9034564110541
-949.5207839122016
-962.385996945992
-973.570619416127
-915.4249077546432
-963.7330947911136
-926.8214005984469
-960.7440699212563
-932.1578032322194
-849.0032027987291
-944.8761925763249
-971.350232348464
-937.5163777962258
-925.7863170869889
-910.1343100851033
-959.4076680829448
-932.0690955764138
-943.8229473263438
-934.4276233532462
-954.8319373548305
-937.6561550138183
-880.3550126036191
-944.0318875994001
-895.6962416512625
-948.9031337790775
-964.5227367207751
-944.2836214342425
-936.7450491030645
-909.6073588358092
-936.9650262577743
-932.5228029154413
-835.9067633668399
-955.6638182626891
-955.1541094450357
-977.0310981152794
-935.6777693181543
-935.933213932723
-949.9175331054196
-961.8668895668698
-973.2139731552194
-964.0050456315141
-961.3950816211612
-940.7853049968245
-956.2508694697085
-980.3776984720187
-975.2966851440992
-958.7731132858909
-945.0210826539774
-963.4922806876046
-941.6582102621755
-953.5557616624964
-987.9071705901678
-964.1067611061483
-989.6118733014929
-891.4407623923869
-985.8688542590163
-958.8548285312917
-957.0143536334763
-948.0328714397097
-913.1357901810501
-988.1832196811378
-950.7817787135251
-967.3783324456984
-919.9840502936719
-968.015871882988
-963.8300892702446
-937.0353734064761
-978.8003827811386
-904.1751772972846
-991.8595067037415
-974.9386000391526
-940.1265685964839
-981.9391270376021
-996.6666261875135
-955.2387201511366
-930.3797310508342
-994.276259989233
-939.9040140600248
-994.2620533534458
-935.180725642613
-918.9564206874865
-960.0609379429972
-954.3703070917437
-1010.9829185767107
-931.3578701634561
-969.9219810105689
-935.9771512071109
-947.5336044988325
-965.3258267064249
-955.1934535734115
-992.7711647842337
-928.8566995875626
-991.1882151414721
-1007.2930529590027
-1011.9708919964628
-941.4597693478457
-954.526976378832
-986.0494071503389
-949.8214799555765
-986.0260095552366
-971.1806136452108
-958.4028783701532
-1020.3409792157362
-977.0797937234976
-1021.462896039409
-943.1415230184107
-975.2617009597989
-975.7445923765683
-1007.973372498965
-971.3628428235032
-948.7392158156716
-970.214118781727
-992.7017020783666
-1000.1587821151803
-995.233251061857
-1003.8001573272564
-949.7259136323006
-996.2241369853921
-955.7441298225508
-974.8271559965775
-1009.6907503330214
-973.1218131983884
-920.8466649209299
-952.9608562838647
-987.4653587517101
-953.3766628959761
-958.3331798078827
-986.8411432960615
-992.8087577116654
-1038.2032005907754
-972.4826853528001
-999.9617194206484
-981.7874894559658
-978.7797200910506
-964.7145910658595
-989.099568153856
-948.7470174868536
-1034.303620738368
-970.7710145519626
-947.5625227695236
-988.3988424830723
-1002.9008484853578
-941.3426511342624
-964.1179557835452
-978.3624504194831
-980.7900200944891
-1017.2884033220704
-993.8201409089401
-977.9488905454011
-985.8770442558324
-1010.2171853412681
-991.9533278293874
-1005.8689162786105
-980.172616774036
-976.9380951982489
-1021.2676592180806
-1034.386509978826
-998.0780352051906
-999.2838698092694
-974.6681265413487
-982.9657984790714
-1022.5741181263726
-1019.3302934004964
-960.4430372528217
-998.1849173620549
-1040.1956414429274
-916.5078676461075
-989.9418560326924
-992.3513297155705
-1033.1379130666705
-1003.4472391682286
-986.8972631006197
-969.5426594255157
-953.4938179666545
-959.1336070117862
-1026.709441127865
-988.1696660969114
-950.0254209404168
-954.1350777357954
-1007.6730890669581
-975.3843387524653
-985.3964226388712
-997.3025111185241
-1003.6938451424172
-1016.6604997309671
-976.5206452998148
-1021.0243303589008
-1007.8044376812772
-994.7579269584973
-1008.9718243295696
-998.1765569519887
-990.2937059006932
-1044.5398906936293
-1014.1376602946339
-1022.4569138030303
-1027.5098796440159
-991.9242414428342
-1000.5530365886776
-992.2676162016556
-1041.311013517292
-961.0674118622107
-1001.385061852943
-1000.8085455828548
-1002.9355370306199
-1001.9267098738851
-1024.8276974374799
-1016.309789279639
-1001.4308446365567
-1037.2494601412302
-955.4974601455548
-932.7177124726608
-1021.9502306643719
-1006.3342977427118
-1005.2278537310763
-974.1013642587969
-955.8133686434838
-965.1729994039931
-987.493797091295
-996.3262900427189
-1059.3644113848286
-984.0967272393715
-1014.8294473815074
-991.5964708284299
-958.5181174476025
-1044.6151030228434
-992.8501701882358
-993.092425711144
-993.1161361301
-969.1178099460866
-1003.6631222913892
-1001.1331085697298
-1026.8621299497543
-1000.2287925333471
-964.3139555267475
-945.019255229405
-1027.9848201417703
-1020.6303016557122
-1020.9572923106532
-1017.9497162339874
-971.1122122953565
-1030.4430556055588
-1031.9290035089589
-968.6041422901066
-997.4912813248172
-1023.548461667953
-990.7832331679384
-975.2242370376938
-1014.0053084764612
-1058.428204514464
-1000.2587662797919
-1006.5041702903361
-1084.0260293670515
-1031.1681827773696
-1025.5823452857232
-996.7946590827906
-972.3167879240854
-1041.7665287931943
-984.9251134494483
-1011.7528508973012
-1018.3056109380063
-1003.6587723411174
-1008.2554552368305
-990.2662818574686
-1033.5114657142744
-982.2381430507255
-1006.2895776775026
-1035.737015117698
-1006.3130744898923
-1019.784900858655
-998.7258753446939
-1009.5753434352611
-1027.2310473358575
-1007.254161338103
-1016.6350111719651
-988.8109237741215
-993.5685395754977
-1038.1509831863614
-1017.8714631691506
-1011.618001823601
-995.7099825423984
-1026.9449257367219
-1016.5055469214092
-1024.4251487266083
-1049.5410668113814
-981.273216282717
-981.0618979722124
-943.585049594053
-1030.8068548633207
-1002.1405710317023
-975.7340872452555
-984.5549546694426
-994.6909964886679
-1041.926142503589
-983.2591770892868
-976.3016580150974
-1057.6246997332244
-1005.1072638023834
-1005.0918858963223
-989.9166222673407
-1011.8734328757782
-1029.7469124156758
-947.0723168201711
-985.5256273471815
-983.1819595653341
-979.858474081013
-994.6561833911228
-1038.7905802572927
-1011.997428894043
-1017.3963978850896
-1038.3286709324007
-999.7455134237966
-1046.2316125219318
-1032.8239132446079
-1046.855216030701
-1013.3248428309568
-1013.7192627164076
-1020.1050044468471
-980.6949425446822
-1002.2336825181811
-1007.0473117037303
-979.588371101063
-969.4721265871954
-1034.5183930814542
-1025.4801378909344
-989.4850176907904
-1061.699477094659
-1045.645711591167
-965.5790790962184
-1018.3323699669904
-1037.8431409844604
-1001.6029515420237
-982.0119550766483
-1070.5838215471963
-1021.8177879438972
-1057.957523776639
-1017.5078822412798
-994.6944763957081
-1017.1646565380184
-1038.8109840621596
-998.2841520529189
-1009.2786276593187
-1006.5437135520618
-1016.9140297322779
-1087.0982332009874
-1003.6273992863669
-993.9120467225528
-1006.7503129809683
-941.1997563234672
-1024.2130630071263
-1020.7262592491467
-1016.6163702055056
-1043.4468106388497
-1030.3855057993244
-989.5796726244386
-1033.88502066476
-1023.6990603961153
-986.4603837843864
-960.0890285298572
-1014.2991576480426
-1051.4755588302964
-1029.855955554593
-1061.4106192347092
-1020.5600121845298
-935.105139727966
-974.9515559464555
-974.0564853650634
-1022.5063404487574
-1027.0870865720758
-1052.825718330348
-1026.4272440721363
-977.1301139181111
-1011.2916262402513
-1075.4389214493713
-973.9500422060215
-1007.8440385106521
-1016.0170853676334
-1018.422852125036
-1018.8341339480493
-1042.2246893254294
-1039.2038328988212
-1079.1793603149977
-1032.2310366828322
-1049.8077940314597
-1028.2368673860751
-1014.626767703465
-1054.0673538067374
-1048.7056469455842
-1043.2839276625814
-1035.0555398123604
-1031.6511089834748
-1026.4522008236652
-1025.0675519248857
-1025.336411155314
-1027.6653919307867
-994.2979417352633
-1058.9517525791573
-1031.6045450658842
-986.4904007098642
-1053.7602370653285
-1043.300174871348
-1026.3643173709993
-983.6320149997413
-974.4237052108834
-1046.7460007206087
-1047.3423949320745
-1035.2719966167679
-1013.9395072866695
-1066.2985005884127
-993.1209467523109
-978.0941702143937
-995.291466682188
-1031.563604715233
-1000.200947282501
-1008.4170277679021
-998.2635510088661
-1008.7937177557001
-1013.515855077225
-1013.4781496074343
-972.9471678843696
-999.8518474596436
-948.812817419729
-1008.3471682324388
-993.8691979685137
-1075.602164548663
-1012.785750182543
-988.7050302039643
-1044.4340231407623
-991.7852161776635
-1047.8350558654504
-1028.5662114719091
-966.8038340625675
-999.1574647349696
-1049.5980808592062
-1001.5499384304345
-990.0722928376791
-1082.1879331527218
-1037.631587366904
-1050.23259604142
-1017.7422205489902
-1082.9733135557394
-1064.9607277092296
-977.3744501474266
-988.0049074586086
-1056.5280490295129
-1038.849452181346
-1027.0402210780553
-1068.515486088766
-1026.7244349888392
-1059.0549142547468
-1045.1147246294856
-1034.5402313707061
-1019.5654188586819
-1041.5326377060007
-1051.0277263447986
-1002.1003182055214
-1021.4270539657311
-1068.5094792238579
-1073.8141111558484
-1022.8435827510148
-1065.8838593795003
-1026.8999652774653
-1033.1025974959273
-1000.2516263618996
-1038.2432664396576
-1023.4111855150917
-1058.1425946846537
-1035.333757743308
-1048.5143628801618
-1046.458804442586
-1001.2796574429982
-1016.0559805593183
-1072.0065288983183
-991.9302017633817
-1051.2991511612993
-981.0610059900768
-1040.9822104757282
-1029.4966948197184
-976.6084192161736
-1099.6637058697538
-1025.3656595379525
-1010.9748157202373
-1039.3105124548283
-957.6380746727166
-1024.371927630517
-1012.4617657551568
-1069.128198720343
-983.8130185681005
-988.8658301885226
-1030.475829585906
-1010.3058867344658
-1024.975737857379
-1000.0226673530543
-1005.532866638377
-1023.3260873539657
-998.854643922797
-1044.7216602250728
-1026.8523305022773
-1039.36222475465
-993.714891547981
-1016.299551124397
-1057.8220486706853
-994.5672449384417
-1017.4455020746328
-988.1020532071865
-1080.7346420639672
-986.9491299868729
-1022.062499507781
-978.7705531669652
-1063.6163107173234
-1016.2515853055611
-1028.9760838675609
-1043.2992303821898
-1056.6358025898032
-1011.5756485407254
-1015.4605921776064
-1033.9158059748636
-1043.66660429036
-1091.1944626487345
-1058.838127663608
-1004.6641403409193
-986.4872245261197
-1053.0577403125676
-1018.7677403990574
-1032.3500746603936
-1030.127007284472
-1062.7291841990386
-1005.3602945705712
-996.9946232984693
-1062.9880280209027
-1067.5138975925709
-1012.0627987417757
-994.6580374933059
-1061.4960525793963
-1068.5576872232323
-1048.7296839946976
-1039.526161650908
-1060.4804338024508
-1055.3178567842403
-1055.4175013177405
-1043.4586101127659
-1021.6728709699921
-1048.440454790669
-1084.6631453553653
-1025.02257204715
