0.0, 3.4248671454406576e-06, 0.0028831406962126493 
0.0, 4.22880339101539e-06, 0.003637468907982111 
0.0, 3.725088163264445e-06, 0.003606547601521015 
0.0, 4.252466169418767e-06, 0.002686852589249611 
0.0, 2.5940796604118077e-06, 0.003959151916205883 
0.0, 4.038590304844547e-06, 0.0017117580864578485 
0.0, 2.061635086647584e-06, 0.0034267124719917774 
0.0, 3.6709393498313148e-06, 0.003384546609595418 
0.0, 4.530439582595136e-06, 0.0023888947907835245 
0.0, 2.3812608560547233e-06, 0.0025459814351052046 
0.0, 3.567785370250931e-06, 0.0033137837890535593 
0.0, 3.139232376270229e-06, 0.004371963441371918 
0.0, 2.9487464416888542e-06, 0.0031349852215498686 
0.0, 2.4478636078129057e-06, 0.0018926224438473582 
0.0, 3.2609245863568503e-06, 0.0019014355493709445 
0.0, 2.3867698928370373e-06, 0.0024275651667267084 
0.0, 2.493597776265233e-06, 0.0024408623576164246 
0.0, 2.58831232713419e-06, 0.002927925903350115 
0.0, 3.2076752631837735e-06, 0.0029889950528740883 
0.0, 2.3054406028677477e-06, 0.0032100717071443796 
0.0, 3.04405534734542e-06, 0.001941078808158636 
0.0, 4.519415597314946e-06, 0.002440299838781357 
0.0, 2.4297826257679844e-06, 0.0013632976915687323 
0.0, 2.2346837340592174e-06, 0.001997300423681736 
0.0, 2.9028287826804444e-06, 0.002135203219950199 
0.0, 3.4787715321726864e-06, 0.0021251002326607704 
0.0, 2.0635673081415007e-06, 0.002271093428134918 
0.0, 4.0821582842909265e-06, 0.001688012620434165 
0.0, 5.018810497858794e-06, 0.001760779065079987 
0.0, 2.9433483632601565e-06, 0.004055271856486797 
0.0, 3.8021303225832526e-06, 0.0017525684088468552 
0.0, 5.076643446955131e-06, 0.0021655671298503876 
0.0, 5.417194188339636e-06, 0.0031956310849636793 
0.0, 3.4306506222492317e-06, 0.003263836959376931 
0.0, 3.725480155480909e-06, 0.001791109680198133 
0.0, 3.5187401863367995e-06, 0.00197869841940701 
0.0, 3.420028861000901e-06, 0.0013199698878452182 
0.0, 3.2072202884592116e-06, 0.0011046371655538678 
0.0, 3.867984105454525e-06, 0.002043818822130561 
0.0, 2.74498211183527e-06, 0.0014448233414441347 
0.0, 2.5750850909389555e-06, 0.0014204592444002628 
0.0, 2.19555408875749e-06, 0.0019805720075964928 
0.0, 3.5775494779954897e-06, 0.0022431148681789637 
0.0, 2.5389388156327186e-06, 0.004155001603066921 
0.0, 2.449990006425651e-06, 0.0018844491569325328 
0.0, 3.525495912981569e-06, 0.0019043420907109976 
0.0, 3.1425522593053756e-06, 0.0017481694230809808 
0.0, 5.999884251650656e-06, 0.0014384182868525386 
0.0, 3.6234102935850387e-06, 0.00251991325058043 
0.0, 4.386008640722139e-06, 0.0019197742221876979 
0.0, 2.7278197194391396e-06, 0.002602086402475834 
0.0, 2.738918965405901e-06, 0.0022638668306171894 
0.0, 2.5928120521712117e-06, 0.0016821750905364752 
0.0, 1.929460495375679e-06, 0.001260647433809936 
0.0, 2.592624923636322e-06, 0.0021715257316827774 
0.0, 3.0763774248043774e-06, 0.002973159309476614 
0.0, 2.676697476999834e-06, 0.0044172378256917 
0.0, 7.2981729317689314e-06, 0.003474755911156535 
0.0, 4.5594924813485704e-06, 0.0025872066617012024 
0.0, 6.736035629728576e-06, 0.00303452555090189 
0.0, 6.438319815060822e-06, 0.0028322292491793633 
0.0, 8.233879270846955e-06, 0.0028615721967071295 
0.0, 2.832711970768287e-06, 0.004777263384312391 
0.0, 1.071162932930747e-05, 0.004776464309543371 
0.0, 7.030830147414235e-06, 0.00409102626144886 
0.0, 6.426511845347704e-06, 0.0029948183801025152 
0.0, 5.064477591076866e-06, 0.0018047795165330172 
0.0, 5.776718353445176e-06, 0.0036949515342712402 
0.0, 8.353095836355351e-06, 0.003218327183276415 
0.0, 9.208934898197185e-06, 0.0031865022610872984 
0.0, 5.666580364049878e-06, 0.003428641241043806 
0.0, 6.933750228199642e-06, 0.00230367761105299 
0.0, 4.389655714476248e-06, 0.0038124534767121077 
0.0, 6.968902198423166e-06, 0.0034776709508150816 
0.0, 6.5275694396405015e-06, 0.003509822767227888 
0.0, 8.189815162040759e-06, 0.006277554202824831 
0.0, 5.490534931595903e-06, 0.005412769503891468 
0.0, 2.0578210751409642e-05, 0.009165220893919468 
0.0, 1.205461194331292e-05, 0.006373958196491003 
0.0, 2.5777448172448203e-05, 0.010810870677232742 
0.0, 2.063674764940515e-05, 0.0234738327562809 
0.0, 0.0001726788468658924, 0.06097003072500229 
0.0, 0.00012564557255245745, 0.029650455340743065 
0.0, 8.186539344023913e-05, 0.024127835407853127 
0.0, 5.201360545470379e-05, 0.016511984169483185 
0.0, 0.00010105701949214563, 0.01476670429110527 
0.0, 0.00023015520127955824, 0.016088061034679413 
0.0, 0.0002860902459360659, 0.021025877445936203 
0.0, 0.000427618739195168, 0.03147437795996666 
0.0, 0.00044488016283139586, 0.07979604601860046 
0.0, 0.00024241561186499894, 0.040207389742136 
0.0, 0.0006971146212890744, 0.09852597117424011 
0.0, 0.0005311883287504315, 0.03577994555234909 
0.0, 0.0014171978691592813, 0.034391045570373535 
0.0, 0.0007703698938712478, 0.05074725300073624 
0.0, 0.0007775207632221282, 0.05158315971493721 
0.0, 0.0016388699878007174, 0.05198753997683525 
0.0, 0.0021450549829751253, 0.05803624540567398 
0.0, 0.0029676631093025208, 0.04745855927467346 
0.0, 0.0036887750029563904, 0.047449398785829544 
0.0, 0.004613078664988279, 0.03559299185872078 
0.0, 0.005754224490374327, 0.05060391128063202 
0.0, 0.009215162135660648, 0.23234915733337402 
0.0, 0.004525432828813791, 0.10704837739467621 
0.0, 0.0076933009549975395, 0.13086287677288055 
0.0, 0.009344556368887424, 0.13879530131816864 
0.0, 0.006241584196686745, 0.05455857887864113 
0.0, 0.009558234363794327, 0.13839681446552277 
0.0, 0.005445726681500673, 0.10947544872760773 
0.0, 0.008053666912019253, 0.08844397217035294 
0.0, 0.01059498731046915, 0.240836039185524 
0.0, 0.011685269884765148, 0.11198818683624268 
0.0, 0.009519780054688454, 0.10821004956960678 
0.0, 0.006324966438114643, 0.1628398299217224 
0.0, 0.009761020541191101, 0.17688533663749695 
0.0, 0.011529173702001572, 0.06795704364776611 
0.0, 0.011623968370258808, 0.1676669418811798 
0.0, 0.010228412225842476, 0.19419024884700775 
0.0, 0.00879952684044838, 0.16969403624534607 
0.0, 0.007426460273563862, 0.1766282021999359 
0.0, 0.010998494923114777, 0.12623751163482666 
0.0, 0.01095850020647049, 0.15157495439052582 
0.0, 0.007354072295129299, 0.16575133800506592 
0.0, 0.010700155049562454, 0.12420972436666489 
0.0, 0.012917409650981426, 0.18639233708381653 
0.0, 0.008732614107429981, 0.264830619096756 
0.0, 0.011354508809745312, 0.11245860159397125 
0.0, 0.00952843576669693, 0.116080142557621 
0.0, 0.007370496168732643, 0.17584820091724396 
0.0, 0.006879267282783985, 0.1126326397061348 
0.0, 0.007986179552972317, 0.19889125227928162 
0.0, 0.005879903212189674, 0.10056093335151672 
0.0, 0.007912185974419117, 0.10998284816741943 
0.0, 0.011020321398973465, 0.07486969232559204 
0.0, 0.010866197757422924, 0.2814115881919861 
0.0, 0.012108617462217808, 0.42072346806526184 
0.0, 0.0061934152618050575, 0.11760115623474121 
0.0, 0.010894035920500755, 0.16466768085956573 
0.0, 0.011754123494029045, 0.07153303176164627 
0.0, 0.0070668417029082775, 0.123286172747612 
0.0, 0.01168458815664053, 0.09532620012760162 
0.0, 0.013552075251936913, 0.1194448471069336 
0.0, 0.01430513896048069, 0.10020376741886139 
0.0, 0.009265683591365814, 0.11297807097434998 
0.0, 0.006304395385086536, 0.12522175908088684 
0.0, 0.009804303757846355, 0.13373655080795288 
0.0, 0.007875635288655758, 0.13580793142318726 
0.0, 0.008121917024254799, 0.7923277020454407 
0.0, 0.013364630751311779, 0.17568746209144592 
0.0, 0.007176104001700878, 0.0839407816529274 
0.0, 0.005928591825067997, 0.06875962018966675 
0.0, 0.007440808229148388, 0.1035369262099266 
0.0, 0.007670125924050808, 0.10697668045759201 
0.0, 0.010178310796618462, 0.11907223612070084 
0.0, 0.011595628224313259, 0.11306140571832657 
0.0, 0.01895461603999138, 0.1885388195514679 
0.0, 0.013374109752476215, 0.19325409829616547 
0.0, 0.004618262872099876, 0.2370789796113968 
0.0, 0.01703265868127346, 0.2590675950050354 
0.0, 0.014240558259189129, 0.12298920750617981 
0.0, 0.010619805194437504, 0.10582136362791061 
0.0, 0.011432201601564884, 0.07654634118080139 
0.0, 0.009161771275103092, 0.10638541728258133 
0.0, 0.011465184390544891, 0.134220689535141 
0.0, 0.011261356994509697, 0.32047367095947266 
0.0, 0.008321169763803482, 0.18167562782764435 
0.0, 0.010514115914702415, 0.1837082803249359 
0.0, 0.012806841172277927, 0.1056123822927475 
0.0, 0.010535547509789467, 0.11629845201969147 
0.0, 0.013797835446894169, 0.16086933016777039 
0.0, 0.01009002048522234, 0.11606066673994064 
0.0, 0.008732880465686321, 0.07753542810678482 
0.0, 0.007096099201589823, 0.1975848227739334 
0.0, 0.010283865965902805, 0.12471562623977661 
0.0, 0.009754684753715992, 0.09034083783626556 
0.0, 0.016192486509680748, 0.19334472715854645 
0.0, 0.014632145874202251, 0.1057434231042862 
0.0, 0.015073304064571857, 0.25130191445350647 
0.0, 0.009122636169195175, 0.062133971601724625 
0.0, 0.015192546881735325, 0.1155867651104927 
0.0, 0.011902453377842903, 0.0793328657746315 
0.0, 0.014932814985513687, 0.1177547499537468 
0.0, 0.013369468040764332, 0.21031908690929413 
0.0, 0.008427349850535393, 0.17201824486255646 
0.0, 0.0128817493095994, 0.1209738552570343 
0.0, 0.013792027719318867, 0.17077438533306122 
0.0, 0.014820633456110954, 0.11231549829244614 
0.0, 0.011781490407884121, 0.14707626402378082 
0.0, 0.018606171011924744, 0.18159519135951996 
0.0, 0.012273509986698627, 0.2199167162179947 
0.0, 0.014600243419408798, 0.18869177997112274 
0.0, 0.009213868528604507, 0.3270992338657379 
0.0, 0.011587572284042835, 0.22624793648719788 
0.0, 0.013427522964775562, 0.1763068586587906 
0.0, 0.004922468215227127, 0.15399613976478577 
0.0, 0.014642555266618729, 0.2465663105249405 
0.0, 0.012330987490713596, 0.11032295227050781 
0.0, 0.013391544111073017, 0.07032408565282822 
0.0, 0.013715993613004684, 0.07495496422052383 
0.0, 0.012424207292497158, 0.11338721215724945 
0.0, 0.019204724580049515, 0.13499966263771057 
0.0, 0.01432220172137022, 0.21216517686843872 
0.0, 0.014065245166420937, 0.1088852807879448 
0.0, 0.009370818734169006, 0.09861239045858383 
0.0, 0.02506173588335514, 0.1308373361825943 
0.0, 0.016251422464847565, 0.21189747750759125 
0.0, 0.01892969012260437, 0.21660086512565613 
0.0, 0.012539185583591461, 0.11704272031784058 
0.0, 0.019128410145640373, 0.1803426742553711 
0.0, 0.010868238285183907, 0.18938452005386353 
0.0, 0.015592098236083984, 0.08901312202215195 
0.0, 0.013351893052458763, 0.30332493782043457 
0.0, 0.009379185736179352, 0.18733128905296326 
0.0, 0.017463207244873047, 0.14325781166553497 
0.0, 0.01912640407681465, 0.0695757120847702 
0.0, 0.026597406715154648, 0.13036610186100006 
0.0, 0.020326506346464157, 0.28583958745002747 
0.0, 0.025741232559084892, 0.12066883593797684 
0.0, 0.013004952110350132, 0.21201010048389435 
0.0, 0.029646119102835655, 0.3410300016403198 
0.0, 0.010987477377057076, 0.26021048426628113 
0.0, 0.025176262483000755, 0.17545276880264282 
0.0, 0.01579452119767666, 0.06512567400932312 
0.0, 0.018876058980822563, 0.23651114106178284 
0.0, 0.016053829342126846, 0.12111520022153854 
0.0, 0.020664816722273827, 0.2623455822467804 
0.0, 0.015199153684079647, 0.24613212049007416 
0.0, 0.009667973034083843, 0.09058412909507751 
0.0, 0.014427917078137398, 0.17382147908210754 
0.0, 0.020868709310889244, 0.16156132519245148 
0.0, 0.023188652470707893, 0.24650968611240387 
0.0, 0.010933786630630493, 0.16219785809516907 
0.0, 0.02247726544737816, 0.1996031105518341 
0.0, 0.022724680602550507, 0.3525904715061188 
0.0, 0.01206079963594675, 0.2817229926586151 
0.0, 0.01808677613735199, 0.14842455089092255 
0.0, 0.015139970928430557, 0.11414851248264313 
0.0, 0.015472372062504292, 0.16021957993507385 
0.0, 0.022374283522367477, 0.1340124011039734 
0.0, 0.013858918100595474, 0.13848179578781128 
0.0, 0.019319113343954086, 0.1566750854253769 
0.0, 0.017718784511089325, 0.18816253542900085 
0.0, 0.019148297607898712, 0.2444978952407837 
0.0, 0.015368537046015263, 0.14105573296546936 
0.0, 0.009716813452541828, 0.24443311989307404 
0.0, 0.016591057181358337, 0.23546844720840454 
0.0, 0.02182752639055252, 0.17835508286952972 
0.0, 0.020917095243930817, 0.10290655493736267 
0.0, 0.012096905149519444, 0.19642065465450287 
0.0, 0.01971639320254326, 0.168768972158432 
0.0, 0.019521217793226242, 0.15365836024284363 
0.0, 0.021570127457380295, 0.2709742486476898 
0.0, 0.014163613319396973, 0.2365410327911377 
0.0, 0.023648634552955627, 0.12734822928905487 
0.0, 0.012801441363990307, 0.24301135540008545 
0.0, 0.01804288662970066, 0.14628317952156067 
0.0, 0.02383820153772831, 0.1271747499704361 
0.0, 0.02469085343182087, 0.2808711528778076 
0.0, 0.02284797467291355, 0.1964762657880783 
0.0, 0.03078688308596611, 0.20426210761070251 
0.0, 0.017661727964878082, 0.27184823155403137 
0.0, 0.009162656962871552, 0.19050754606723785 
0.0, 0.02688826061785221, 0.15231147408485413 
0.0, 0.013136868365108967, 0.23699596524238586 
0.0, 0.023074470460414886, 0.27813899517059326 
0.0, 0.022307150065898895, 0.22574780881404877 
0.0, 0.018650319427251816, 0.385716050863266 
0.0, 0.017108989879488945, 0.21694311499595642 
0.0, 0.025096416473388672, 0.12914793193340302 
0.0, 0.01831146329641342, 0.355031818151474 
0.0, 0.02819729968905449, 0.1754443198442459 
0.0, 0.015891751274466515, 0.1608952283859253 
0.0, 0.010491670109331608, 0.24130375683307648 
0.0, 0.010090061463415623, 0.19306375086307526 
0.0, 0.0074545033276081085, 0.3237733840942383 
0.0, 0.014752085320651531, 0.30320456624031067 
0.0, 0.015612893737852573, 0.5113720297813416 
0.0, 0.020206589251756668, 0.27592334151268005 
0.0, 0.018211795017123222, 0.19321465492248535 
0.0, 0.010585778392851353, 0.13995659351348877 
0.0, 0.03555581718683243, 0.2848402261734009 
0.0, 0.03146464005112648, 0.44567516446113586 
0.0, 0.03519335016608238, 0.4438404142856598 
0.0, 0.020223570987582207, 0.1811797022819519 
0.0, 0.022560063749551773, 0.17756450176239014 
0.0, 0.03339246287941933, 0.23718513548374176 
0.0, 0.019022461026906967, 0.2583776116371155 
0.0, 0.013174302875995636, 0.23345297574996948 
0.0, 0.020435752347111702, 0.16577264666557312 
0.0, 0.03663673996925354, 0.18552859127521515 
0.0, 0.023266689851880074, 0.19812613725662231 
0.0, 0.02122143842279911, 0.2009049952030182 
0.0, 0.025347553193569183, 0.13814161717891693 
0.0, 0.028072165325284004, 0.39840784668922424 
0.0, 0.02513388730585575, 0.1313467174768448 
0.0, 0.027978915721178055, 0.15063847601413727 
0.0, 0.03143097460269928, 0.17388416826725006 
0.0, 0.03216516599059105, 0.2087635099887848 
0.0, 0.026860499754548073, 0.3030921220779419 
0.0, 0.035174086689949036, 0.29848966002464294 
0.0, 0.011161101050674915, 0.11121644079685211 
0.0, 0.027286993339657784, 0.38639163970947266 
0.0, 0.03162841126322746, 0.17724211513996124 
0.0, 0.022834381088614464, 0.35086920857429504 
0.0, 0.016294773668050766, 0.3031901717185974 
0.0, 0.017882147803902626, 0.20513340830802917 
0.0, 0.025948790833353996, 0.17144149541854858 
0.0, 0.02761322446167469, 0.17830397188663483 
0.0, 0.02124566026031971, 0.10343904048204422 
0.0, 0.02377178519964218, 0.15588931739330292 
0.0, 0.03059867024421692, 0.14232812821865082 
0.0, 0.02190799079835415, 0.428387850522995 
0.0, 0.02484321780502796, 0.27265673875808716 
0.0, 0.028915535658597946, 1.0247009992599487 
0.0, 0.039255961775779724, 0.42440691590309143 
0.0, 0.025547461584210396, 0.24567510187625885 
0.0, 0.012759163975715637, 0.39429187774658203 
0.0, 0.03430884703993797, 0.17770761251449585 
0.0, 0.015635106712579727, 0.23819413781166077 
0.0, 0.02147761359810829, 0.3402046859264374 
0.0, 0.019073087722063065, 0.18741407990455627 
0.0, 0.02659655176103115, 0.21175523102283478 
0.0, 0.03278627619147301, 0.23588131368160248 
0.0, 0.016290511935949326, 0.18640542030334473 
0.0, 0.015540078282356262, 0.18830321729183197 
0.0, 0.02784251607954502, 0.24791541695594788 
0.0, 0.02633785456418991, 0.16995979845523834 
0.0, 0.03434819355607033, 0.2732543647289276 
0.0, 0.02418392151594162, 0.24649262428283691 
0.0, 0.018552366644144058, 0.30671563744544983 
0.0, 0.02886427566409111, 0.27044811844825745 
0.0, 0.02101498655974865, 0.1971016228199005 
0.0, 0.0327104888856411, 0.2226550579071045 
0.0, 0.018985729664564133, 0.22202841937541962 
0.0, 0.024015039205551147, 0.176932692527771 
0.0, 0.02505011484026909, 0.1648164689540863 
0.0, 0.01758577860891819, 0.17740164697170258 
0.0, 0.021101124584674835, 0.21299003064632416 
0.0, 0.010764636099338531, 0.44060108065605164 
0.0, 0.01561713870614767, 0.41143444180488586 
0.0, 0.024184247478842735, 0.22393068671226501 
0.0, 0.019655678421258926, 0.25424033403396606 
0.0, 0.02305653505027294, 0.2322121262550354 
0.0, 0.027132580056786537, 0.2124854326248169 
0.0, 0.015399795956909657, 0.11318495124578476 
0.0, 0.02207871899008751, 0.14640113711357117 
0.0, 0.023430651053786278, 0.21645726263523102 
0.0, 0.015697311609983444, 0.3026570677757263 
0.0, 0.030103642493486404, 0.1552582085132599 
0.0, 0.019312288612127304, 0.17135658860206604 
0.0, 0.020679142326116562, 0.1939200609922409 
0.0, 0.02790169045329094, 0.28005391359329224 
0.0, 0.016006795689463615, 0.20512506365776062 
0.0, 0.021633321419358253, 0.20815621316432953 
0.0, 0.03581731393933296, 0.3408789038658142 
0.0, 0.020741812884807587, 0.17602242529392242 
0.0, 0.022850243374705315, 0.6758697032928467 
0.0, 0.021787023171782494, 0.18679668009281158 
0.0, 0.022148773074150085, 0.31172338128089905 
0.0, 0.027363039553165436, 0.2729436159133911 
0.0, 0.026967257261276245, 0.29309114813804626 
0.0, 0.02436148002743721, 0.23708447813987732 
0.0, 0.025946421548724174, 0.19747693836688995 
0.0, 0.030309906229376793, 0.2061067372560501 
0.0, 0.010857366025447845, 0.2117394059896469 
0.0, 0.024422932416200638, 0.38060152530670166 
0.0, 0.015792816877365112, 0.17284074425697327 
0.0, 0.03817526996135712, 0.2569134831428528 
0.0, 0.03143693134188652, 0.26146602630615234 
0.0, 0.020984312519431114, 0.18346354365348816 
0.0, 0.04502447694540024, 0.41399773955345154 
0.0, 0.03414330258965492, 0.3889451026916504 
0.0, 0.021265100687742233, 0.30352872610092163 
0.0, 0.02694910764694214, 0.3164028823375702 
0.0, 0.035353418439626694, 0.38783615827560425 
0.0, 0.02892765775322914, 0.4780849814414978 
0.0, 0.020394131541252136, 0.20003896951675415 
0.0, 0.017647791653871536, 0.2841942608356476 
0.0, 0.024799076840281487, 0.2976233661174774 
0.0, 0.0271271001547575, 0.30434268712997437 
0.0, 0.015430272556841373, 0.3169051706790924 
0.0, 0.031663134694099426, 0.205587238073349 
0.0, 0.029809029772877693, 0.3107907474040985 
0.0, 0.03277544677257538, 0.1571895182132721 
0.0, 0.025370432063937187, 0.1751081645488739 
0.0, 0.02905791811645031, 0.14560343325138092 
0.0, 0.012367135845124722, 0.3040091395378113 
0.0, 0.03308330848813057, 0.30866867303848267 
0.0, 0.02318749390542507, 0.29763731360435486 
0.0, 0.04130205512046814, 0.38295289874076843 
0.0, 0.030942440032958984, 0.27820995450019836 
0.0, 0.01967643015086651, 0.4019366204738617 
0.0, 0.023266367614269257, 0.15306822955608368 
0.0, 0.014183460734784603, 0.18689119815826416 
0.0, 0.025975553318858147, 0.21277472376823425 
0.0, 0.014475219883024693, 0.5410663485527039 
0.0, 0.02600422129034996, 0.3632168173789978 
0.0, 0.022669358178973198, 0.2540130615234375 
0.0, 0.016586855053901672, 0.34901338815689087 
0.0, 0.037391725927591324, 0.13649263978004456 
0.0, 0.028709454461932182, 0.1698882132768631 
0.0, 0.03173429146409035, 0.28119751811027527 
0.0, 0.03150332346558571, 0.23924866318702698 
0.0, 0.014543361961841583, 0.12416498363018036 
0.0, 0.021756716072559357, 0.16059716045856476 
0.0, 0.011121927760541439, 0.5395883917808533 
0.0, 0.02879486232995987, 0.406746506690979 
0.0, 0.03311297297477722, 0.24517019093036652 
0.0, 0.027815254405140877, 0.2532559931278229 
0.0, 0.025945283472537994, 0.1415567398071289 
0.0, 0.03604879602789879, 0.1972133219242096 
0.0, 0.02869906648993492, 0.21138368546962738 
0.0, 0.02157287672162056, 0.264557808637619 
0.0, 0.008488553576171398, 0.32142871618270874 
0.0, 0.021900391206145287, 0.34699755907058716 
0.0, 0.02184082753956318, 0.27694424986839294 
0.0, 0.02908196859061718, 0.3018324673175812 
0.0, 0.03681594878435135, 0.2177872210741043 
0.0, 0.02512713335454464, 0.26980870962142944 
0.0, 0.030289379879832268, 0.36593905091285706 
0.0, 0.028750218451023102, 0.2034275382757187 
0.0, 0.034616194665431976, 0.22918257117271423 
0.0, 0.023739580065011978, 0.24093776941299438 
0.0, 0.012598351575434208, 0.4855886697769165 
0.0, 0.02579491026699543, 0.09321462363004684 
0.0, 0.023355988785624504, 0.29067692160606384 
0.0, 0.02560083009302616, 0.4437664747238159 
0.0, 0.03134601563215256, 0.3507312834262848 
0.0, 0.01950729265809059, 0.2924656569957733 
0.0, 0.02910069189965725, 0.30351707339286804 
0.0, 0.043372608721256256, 0.235177680850029 
0.0, 0.031181327998638153, 0.2190532088279724 
0.0, 0.038220617920160294, 0.24074634909629822 
0.0, 0.013922994025051594, 0.4145696759223938 
0.0, 0.02980542555451393, 0.37083935737609863 
0.0, 0.023873355239629745, 0.2514404058456421 
0.0, 0.022499551996588707, 0.19868795573711395 
0.0, 0.022066963836550713, 0.19488289952278137 
0.0, 0.033922888338565826, 0.18765413761138916 
0.0, 0.04389844834804535, 0.26147356629371643 
0.0, 0.01561606302857399, 0.35198670625686646 
0.0, 0.029126377776265144, 0.15125945210456848 
0.0, 0.022327112033963203, 0.2627215087413788 
0.0, 0.02723396196961403, 0.480935662984848 
0.0, 0.026852823793888092, 0.46871909499168396 
0.0, 0.022189009934663773, 0.25191643834114075 
0.0, 0.03023124672472477, 0.4660913646221161 
0.0, 0.0314708948135376, 0.2932486832141876 
0.0, 0.04005059972405434, 0.4015616476535797 
0.0, 0.009711485356092453, 0.2335873395204544 
0.0, 0.03891428932547569, 0.4507947266101837 
0.0, 0.05185367166996002, 0.3161751925945282 
0.0, 0.021518293768167496, 0.5435187816619873 
0.0, 0.02844402752816677, 0.3372725546360016 
0.0, 0.014963258989155293, 0.36044174432754517 
0.0, 0.026217153295874596, 0.25117769837379456 
0.0, 0.0378568209707737, 0.3086148798465729 
0.0, 0.022432275116443634, 0.2346080094575882 
0.0, 0.0227615125477314, 0.2973734140396118 
0.0, 0.035116903483867645, 0.2631128132343292 
0.0, 0.030935216695070267, 0.2545028328895569 
0.0, 0.02444511651992798, 0.33014971017837524 
0.0, 0.03353822976350784, 0.45647042989730835 
0.0, 0.0362696647644043, 0.3195953965187073 
0.0, 0.03669434413313866, 0.36394909024238586 
0.0, 0.01135433278977871, 0.39286479353904724 
0.0, 0.03074180707335472, 0.2191653549671173 
0.0, 0.026017112657427788, 0.2663697898387909 
0.0, 0.01929570734500885, 0.34633105993270874 
0.0, 0.023619970306754112, 0.2071259617805481 
0.0, 0.023349950090050697, 0.5617738962173462 
0.0, 0.017751464620232582, 0.353010892868042 
0.0, 0.02998673915863037, 0.15499450266361237 
0.0, 0.012095632962882519, 0.29517990350723267 
0.0, 0.02711397036910057, 0.17037461698055267 
0.0, 0.025735361501574516, 0.35122179985046387 
0.0, 0.033942483365535736, 0.2585563063621521 
0.0, 0.041488535702228546, 0.5828378796577454 
0.0, 0.01683993823826313, 0.30202072858810425 
0.0, 0.0313287079334259, 0.19976069033145905 
0.0, 0.018124045804142952, 0.5128093957901001 
0.0, 0.033759597688913345, 0.3314497768878937 
0.0, 0.017754092812538147, 0.4341126084327698 
0.0, 0.04057949781417847, 0.3670928180217743 
0.0, 0.009553677402436733, 0.23952148854732513 
0.0, 0.02854478359222412, 0.2842806577682495 
0.0, 0.027796322479844093, 0.3368488848209381 
0.0, 0.02022288180887699, 0.231149822473526 
0.0, 0.0395054817199707, 0.2653966248035431 
0.0, 0.04271464794874191, 0.4505166709423065 
0.0, 0.020411411300301552, 0.27765607833862305 
0.0, 0.033685170114040375, 0.21347996592521667 
0.0, 0.02072521112859249, 0.12240049988031387 
0.0, 0.04738844186067581, 0.2857530117034912 
0.0, 0.03506284952163696, 0.27521365880966187 
0.0, 0.04005598649382591, 0.23322069644927979 
0.0, 0.022026164457201958, 0.3348529040813446 
0.0, 0.012360676191747189, 0.30509936809539795 
0.0, 0.03337701037526131, 0.20891796052455902 
0.0, 0.01937691681087017, 0.4102318286895752 
0.0, 0.03242427855730057, 0.3619151711463928 
0.0, 0.04157725349068642, 0.6014513373374939 
0.0, 0.030595475807785988, 0.3071894645690918 
0.0, 0.022494593635201454, 0.3290150463581085 
0.0, 0.029671233147382736, 0.2075882852077484 
0.0, 0.02290361560881138, 0.46717822551727295 
0.0, 0.036698631942272186, 0.6705324649810791 
0.0, 0.022764606401324272, 0.36187320947647095 
0.0, 0.03642880916595459, 0.31968173384666443 
0.0, 0.029905203729867935, 0.3530082404613495 
0.0, 0.02015002630650997, 0.2065962702035904 
0.0, 0.019309746101498604, 0.17361673712730408 
0.0, 0.028786323964595795, 0.21752133965492249 
0.0, 0.03648578003048897, 0.19662348926067352 
0.0, 0.023524468764662743, 0.23951883614063263 
0.0, 0.03212133049964905, 0.3511248528957367 
0.0, 0.03162553906440735, 0.27787187695503235 
0.0, 0.01892065443098545, 0.3716846704483032 
0.0, 0.02883831039071083, 0.3042827546596527 
0.0, 0.03665265813469887, 0.1581156998872757 
0.0, 0.036659106612205505, 0.2950175404548645 
0.0, 0.043390657752752304, 0.4250694811344147 
0.0, 0.03485196828842163, 0.28392624855041504 
0.0, 0.025010379031300545, 0.2836170494556427 
0.0, 0.022884197533130646, 0.2683029770851135 
0.0, 0.03332333266735077, 0.23846960067749023 
0.0, 0.033976856619119644, 0.33610033988952637 
0.0, 0.032060716301202774, 0.43086716532707214 
0.0, 0.04217595234513283, 0.5807040929794312 
0.0, 0.03669869154691696, 0.39569053053855896 
0.0, 0.039055727422237396, 0.3004837930202484 
0.0, 0.02669498138129711, 0.29737186431884766 
0.0, 0.03390413522720337, 0.21074454486370087 
0.0, 0.027964960783720016, 0.26094895601272583 
0.0, 0.026267211884260178, 0.29981866478919983 
0.0, 0.018584536388516426, 0.4336598515510559 
0.0, 0.02959606982767582, 0.295916885137558 
0.0, 0.026826687157154083, 0.38200047612190247 
0.0, 0.019917864352464676, 0.24148154258728027 
0.0, 0.02897811122238636, 0.5297229290008545 
0.0, 0.03812633827328682, 0.18253330886363983 
0.0, 0.02398156374692917, 0.407120019197464 
0.0, 0.017640015110373497, 0.49474334716796875 
0.0, 0.022847982123494148, 0.3931789994239807 
0.0, 0.03276386857032776, 0.933982253074646 
0.0, 0.028166839852929115, 0.4746672809123993 
0.0, 0.02496049739420414, 0.47075214982032776 
0.0, 0.037218835204839706, 0.6528661251068115 
0.0, 0.029334235936403275, 0.31635189056396484 
0.0, 0.019940564408898354, 0.3034515082836151 
0.0, 0.03130396828055382, 0.7156174182891846 
0.0, 0.018710074946284294, 0.43907430768013 
0.0, 0.022029446437954903, 0.3778030276298523 
0.0, 0.0439700223505497, 0.2776934802532196 
0.0, 0.023708702996373177, 0.44262319803237915 
0.0, 0.017992746084928513, 0.3681802749633789 
0.0, 0.023108791559934616, 0.5072073340415955 
0.0, 0.039368756115436554, 0.22519728541374207 
0.0, 0.012617427855730057, 0.1892385333776474 
0.0, 0.02779504656791687, 0.33011186122894287 
0.0, 0.02659587934613228, 0.1935458481311798 
0.0, 0.04416454955935478, 0.3912173807621002 
0.0, 0.029765482991933823, 0.3925471305847168 
0.0, 0.033845070749521255, 0.35735154151916504 
0.0, 0.061703670769929886, 0.3561677932739258 
0.0, 0.023988693952560425, 0.797784686088562 
0.0, 0.023954452946782112, 0.4568901062011719 
0.0, 0.025483014062047005, 0.3363431692123413 
0.0, 0.02043313905596733, 0.3375893831253052 
0.0, 0.028565004467964172, 0.3118606507778168 
0.0, 0.03580482304096222, 0.2810437083244324 
0.0, 0.03616175055503845, 0.3226323425769806 
0.0, 0.02636708691716194, 0.4436725974082947 
0.0, 0.03950018808245659, 0.2587558627128601 
0.0, 0.0359029620885849, 0.36884805560112 
0.0, 0.029614968225359917, 0.47118884325027466 
0.0, 0.03580458089709282, 0.34764933586120605 
0.0, 0.0325176902115345, 0.36664512753486633 
0.0, 0.026471950113773346, 0.3775758147239685 
0.0, 0.023221848532557487, 0.446454256772995 
0.0, 0.01677829772233963, 0.4275628328323364 
0.0, 0.03958595171570778, 0.3986847698688507 
0.0, 0.015234977938234806, 0.42705559730529785 
0.0, 0.029889097437262535, 0.40609586238861084 
0.0, 0.031301647424697876, 0.3572854995727539 
0.0, 0.019655931740999222, 0.2851373553276062 
0.0, 0.030720941722393036, 0.27440154552459717 
0.0, 0.02716735377907753, 0.4408116936683655 
0.0, 0.013105503283441067, 0.30646657943725586 
0.0, 0.01320736389607191, 0.20308274030685425 
0.0, 0.036181505769491196, 0.4614030122756958 
0.0, 0.020119309425354004, 0.2451227307319641 
0.0, 0.03887743502855301, 0.7503964304924011 
0.0, 0.02263878658413887, 0.24263720214366913 
0.0, 0.028808634728193283, 0.48710259795188904 
0.0, 0.043203823268413544, 0.3122185468673706 
0.0, 0.035386472940444946, 0.42601293325424194 
0.0, 0.05675347149372101, 0.43533390760421753 
0.0, 0.030110079795122147, 0.3846905529499054 
0.0, 0.028646953403949738, 0.24591536819934845 
0.0, 0.018665092065930367, 0.3294532299041748 
0.0, 0.023382313549518585, 0.2574685215950012 
0.0, 0.04691160097718239, 0.5255408883094788 
0.0, 0.018826376646757126, 0.5334786176681519 
0.0, 0.04233354330062866, 2.1415750980377197 
0.0, 0.023136086761951447, 0.8819687366485596 
0.0, 0.04180951416492462, 0.4994141757488251 
0.0, 0.0303057674318552, 0.28568124771118164 
0.0, 0.039327796548604965, 0.33285510540008545 
0.0, 0.02061326988041401, 0.48364129662513733 
0.0, 0.04255510866641998, 0.864931046962738 
0.0, 0.02505818009376526, 0.3654477000236511 
0.0, 0.023017235100269318, 0.3184380829334259 
0.0, 0.02919556386768818, 0.48906409740448 
0.0, 0.029981808736920357, 0.34481000900268555 
0.0, 0.026953665539622307, 0.29583102464675903 
0.0, 0.06463195383548737, 0.44479626417160034 
0.0, 0.01870926469564438, 0.3761017322540283 
0.0, 0.05733400583267212, 0.4345327615737915 
0.0, 0.06633850932121277, 0.37869712710380554 
0.0, 0.09669683128595352, 0.8343383073806763 
0.0, 0.024794450029730797, 0.6580032110214233 
0.0, 0.01767542026937008, 0.2979483902454376 
0.0, 0.047101184725761414, 0.6663017868995667 
0.0, 0.040065500885248184, 0.3619137704372406 
0.0, 0.023154962807893753, 0.2958150804042816 
0.0, 0.013769177719950676, 0.2675577700138092 
0.0, 0.024741800501942635, 0.4069327414035797 
0.0, 0.024752432480454445, 0.2624167501926422 
0.0, 0.040551215410232544, 0.4920307397842407 
0.0, 0.04337195307016373, 0.3668663501739502 
0.0, 0.05022203549742699, 0.25943416357040405 
0.0, 0.022876476868987083, 0.20597638189792633 
0.0, 0.0284203439950943, 0.4986856281757355 
0.0, 0.028087439015507698, 0.3002074062824249 
0.0, 0.024081731215119362, 0.49445101618766785 
0.0, 0.018489845097064972, 0.3502136170864105 
0.0, 0.038129378110170364, 0.46346980333328247 
0.0, 0.05599191039800644, 0.713707447052002 
0.0, 0.034224286675453186, 0.33466583490371704 
0.0, 0.020401345565915108, 0.406690776348114 
0.0, 0.030165817588567734, 0.24497345089912415 
0.0, 0.03275289013981819, 0.2913871109485626 
0.0, 0.025269368663430214, 0.5639607310295105 
0.0, 0.024612033739686012, 0.24687767028808594 
0.0, 0.033257856965065, 0.35300248861312866 
0.0, 0.0406232550740242, 0.421902596950531 
0.0, 0.042311329394578934, 0.5160447359085083 
0.0, 0.0250909011811018, 0.5517183542251587 
0.0, 0.025910697877407074, 0.310088574886322 
0.0, 0.042020753026008606, 0.18346768617630005 
0.0, 0.01613927073776722, 0.39084240794181824 
0.0, 0.033829204738140106, 0.711762547492981 
0.0, 0.038245122879743576, 0.35910725593566895 
0.0, 0.032922565937042236, 0.2297564595937729 
0.0, 0.032563816756010056, 0.9152649641036987 
0.0, 0.033279143273830414, 0.37576526403427124 
0.0, 0.03636997938156128, 0.32952529191970825 
0.0, 0.0307936929166317, 0.3679752051830292 
0.0, 0.03716762363910675, 0.9294676780700684 
0.0, 0.02053682692348957, 0.423229843378067 
0.0, 0.022955086082220078, 0.4483376443386078 
0.0, 0.023511182516813278, 0.6664713621139526 
0.0, 0.016451165080070496, 0.39510008692741394 
0.0, 0.021108319982886314, 0.3527173399925232 
0.0, 0.04013163596391678, 0.3465704917907715 
0.0, 0.04271268844604492, 0.4610445201396942 
0.0, 0.021025072783231735, 0.48196864128112793 
0.0, 0.022869808599352837, 0.3416512608528137 
0.0, 0.017936207354068756, 0.22401109337806702 
0.0, 0.02981768734753132, 0.2989879548549652 
0.0, 0.02281404286623001, 0.6524826288223267 
0.0, 0.05458969250321388, 0.5533731579780579 
0.0, 0.03821856901049614, 0.2872537672519684 
0.0, 0.020147832110524178, 0.2706255614757538 
0.0, 0.017490291967988014, 0.4251846373081207 
0.0, 0.03606497868895531, 0.3475683033466339 
0.0, 0.044392745941877365, 0.2573167681694031 
0.0, 0.01867099665105343, 0.32487764954566956 
0.0, 0.02319682575762272, 0.33134549856185913 
0.0, 0.0460481233894825, 0.48090142011642456 
0.0, 0.04539220407605171, 0.38040968775749207 
0.0, 0.026094485074281693, 0.39783725142478943 
0.0, 0.022978095337748528, 0.4758056402206421 
0.0, 0.013469249941408634, 0.5032214522361755 
0.0, 0.029905179515480995, 0.3293045461177826 
0.0, 0.02831750549376011, 0.48767074942588806 
0.0, 0.03014763630926609, 0.9244077801704407 
0.0, 0.026007171720266342, 0.8253876566886902 
0.0, 0.03422180190682411, 0.3713887631893158 
0.0, 0.03901755437254906, 0.2815036177635193 
0.0, 0.02507602609694004, 0.2850528657436371 
0.0, 0.04151540994644165, 0.2936183214187622 
0.0, 0.03992496058344841, 0.4570607841014862 
0.0, 0.05093573406338692, 0.4564649760723114 
0.0, 0.038040485233068466, 0.3918839395046234 
0.0, 0.03069162927567959, 0.531774640083313 
0.0, 0.01889544166624546, 0.18606483936309814 
0.0, 0.04167131707072258, 0.4022352695465088 
0.0, 0.018269816413521767, 0.38832759857177734 
0.0, 0.04673680663108826, 0.592974066734314 
0.0, 0.03488007187843323, 0.31280747056007385 
0.0, 0.042248960584402084, 0.40309327840805054 
0.0, 0.021885568276047707, 0.5136471390724182 
0.0, 0.01993194967508316, 0.5402194857597351 
0.0, 0.01942474953830242, 0.3285236954689026 
0.0, 0.03585720807313919, 0.780934751033783 
0.0, 0.03666297346353531, 0.4608323276042938 
0.0, 0.025745097547769547, 0.41341426968574524 
0.0, 0.031520310789346695, 0.43876591324806213 
0.0, 0.027188070118427277, 0.36386752128601074 
0.0, 0.028487348929047585, 0.3488280773162842 
0.0, 0.03369360417127609, 0.5613749623298645 
0.0, 0.036025360226631165, 1.0290067195892334 
0.0, 0.0358579084277153, 0.3257575035095215 
0.0, 0.020406128838658333, 0.3465791344642639 
0.0, 0.049866169691085815, 0.752665102481842 
0.0, 0.02555438131093979, 0.40597841143608093 
0.0, 0.025902800261974335, 0.43040895462036133 
0.0, 0.023821376264095306, 0.34401842951774597 
0.0, 0.028418218716979027, 0.22167634963989258 
0.0, 0.040955498814582825, 0.3215283751487732 
0.0, 0.03979682922363281, 0.5500264167785645 
0.0, 0.034628335386514664, 0.7229703068733215 
0.0, 0.024694647639989853, 0.3661082983016968 
0.0, 0.020455731078982353, 0.4101434051990509 
0.0, 0.02613319270312786, 0.4494015872478485 
0.0, 0.022506847977638245, 0.2863573431968689 
0.0, 0.02028133161365986, 0.6835892796516418 
0.0, 0.04166907072067261, 0.3385772109031677 
0.0, 0.022958777844905853, 0.4287932515144348 
0.0, 0.02003411017358303, 0.5887860059738159 
0.0, 0.02933075837790966, 0.27566465735435486 
0.0, 0.016350045800209045, 0.33045101165771484 
0.0, 0.0280743520706892, 0.33547136187553406 
0.0, 0.0373455211520195, 0.49454137682914734 
0.0, 0.022483620792627335, 0.5533190369606018 
0.0, 0.029040690511465073, 0.4078831970691681 
0.0, 0.022519370540976524, 0.4018315374851227 
0.0, 0.04013662040233612, 0.22875048220157623 
0.0, 0.030512217432260513, 0.3683337867259979 
0.0, 0.024226488545536995, 0.24315476417541504 
0.0, 0.031039897352457047, 0.3890644609928131 
0.0, 0.02547183632850647, 0.3895074129104614 
0.0, 0.03594426438212395, 0.3733477294445038 
0.0, 0.022046444937586784, 0.40415653586387634 
0.0, 0.04541502147912979, 0.6373334527015686 
0.0, 0.03725940361618996, 0.363628625869751 
0.0, 0.0329575352370739, 0.4643440544605255 
0.0, 0.02564360573887825, 0.43012943863868713 
0.0, 0.026615429669618607, 0.3299112915992737 
0.0, 0.03137891739606857, 0.4769110083580017 
0.0, 0.02676822431385517, 0.24392421543598175 
0.0, 0.02495712786912918, 0.1965133547782898 
0.0, 0.013583807274699211, 0.30791202187538147 
0.0, 0.02907472476363182, 0.40558701753616333 
0.0, 0.014542561024427414, 0.5968514084815979 
0.0, 0.028005549684166908, 0.3929237425327301 
0.0, 0.016857590526342392, 0.2718435823917389 
0.0, 0.01692846417427063, 0.38316208124160767 
0.0, 0.04402966797351837, 0.3207053244113922 
0.0, 0.0251030120998621, 0.6010949015617371 
0.0, 0.03264865279197693, 0.5173965692520142 
0.0, 0.022267453372478485, 0.3867810368537903 
0.0, 0.03242959454655647, 0.34827545285224915 
0.0, 0.02057800441980362, 0.4942100942134857 
0.0, 0.06831662356853485, 0.40907979011535645 
0.0, 0.010999422520399094, 0.36471912264823914 
0.0, 0.043152209371328354, 0.3389492928981781 
0.0, 0.02495257928967476, 0.5967214703559875 
0.0, 0.013925888575613499, 0.6130506992340088 
0.0, 0.029711993411183357, 0.2570716440677643 
0.0, 0.02721194177865982, 0.6880072951316833 
0.0, 0.05707124248147011, 0.38339442014694214 
0.0, 0.019215039908885956, 0.4453764855861664 
0.0, 0.03188428282737732, 0.5331140756607056 
0.0, 0.02425198443233967, 0.2859480082988739 
0.0, 0.037142131477594376, 0.5355207324028015 
0.0, 0.05589469149708748, 0.4439453184604645 
0.0, 0.029533768072724342, 0.4555785357952118 
0.0, 0.02043757401406765, 0.4156877100467682 
0.0, 0.03582143783569336, 0.4922146797180176 
0.0, 0.047338731586933136, 0.3783450722694397 
0.0, 0.02431507781147957, 0.46231845021247864 
0.0, 0.029369628056883812, 0.5107367038726807 
0.0, 0.03266892209649086, 0.3755725920200348 
0.0, 0.023788809776306152, 0.4492449164390564 
0.0, 0.027320129796862602, 0.38522031903266907 
0.0, 0.024230269715189934, 0.3287827670574188 
0.0, 0.018576553091406822, 0.2540972828865051 
0.0, 0.020373225212097168, 0.4777650833129883 
0.0, 0.027367841452360153, 0.9550710916519165 
0.0, 0.035817403346300125, 0.822769284248352 
0.0, 0.020510302856564522, 1.1525816917419434 
0.0, 0.020767919719219208, 0.7202900648117065 
0.0, 0.03942425549030304, 0.7906057834625244 
0.0, 0.029304247349500656, 0.3504069745540619 
0.0, 0.020815277472138405, 0.24802829325199127 
0.0, 0.027639536187052727, 0.4288448095321655 
0.0, 0.049084629863500595, 0.2667015492916107 
0.0, 0.022765645757317543, 0.8012827634811401 
0.0, 0.03486376255750656, 0.8214951753616333 
0.0, 0.03552897274494171, 0.6523604393005371 
0.0, 0.03108818829059601, 0.41402411460876465 
0.0, 0.019411908462643623, 0.408255398273468 
0.0, 0.01793311908841133, 0.28876879811286926 
0.0, 0.02302977256476879, 0.9100676774978638 
0.0, 0.03936765342950821, 0.41678544878959656 
0.0, 0.020906172692775726, 0.44855543971061707 
0.0, 0.03860653564333916, 0.45181798934936523 
0.0, 0.039876386523246765, 0.899857223033905 
0.0, 0.04640405997633934, 0.2928153872489929 
0.0, 0.021126918494701385, 0.5236799716949463 
0.0, 0.02667219564318657, 0.37188324332237244 
0.0, 0.024167601019144058, 0.27209940552711487 
0.0, 0.03667667880654335, 0.45921197533607483 
0.0, 0.033092573285102844, 0.31220927834510803 
0.0, 0.030794808641076088, 0.4303170144557953 
0.0, 0.04234051704406738, 0.3106578588485718 
0.0, 0.05087871104478836, 0.45267271995544434 
0.0, 0.03752268850803375, 0.5596538782119751 
0.0, 0.024683937430381775, 0.576238214969635 
0.0, 0.03665187209844589, 0.8185597658157349 
0.0, 0.020850151777267456, 0.6425372958183289 
0.0, 0.024914713576436043, 0.22855548560619354 
0.0, 0.020269110798835754, 0.49184563755989075 
0.0, 0.02679477632045746, 0.3962272107601166 
0.0, 0.029153402894735336, 0.7268194556236267 
0.0, 0.02111564390361309, 0.4011771082878113 
0.0, 0.015378684736788273, 0.645990252494812 
0.0, 0.024470437318086624, 0.2185666263103485 
0.0, 0.02748182602226734, 0.243566632270813 
0.0, 0.026009226217865944, 0.7086755633354187 
0.0, 0.01506451889872551, 0.4982765018939972 
0.0, 0.016324246302247047, 0.20439349114894867 
0.0, 0.02515094168484211, 0.36888083815574646 
0.0, 0.01508252415806055, 0.302074670791626 
0.0, 0.023923778906464577, 0.300040602684021 
0.0, 0.021887965500354767, 0.525581955909729 
0.0, 0.019939454272389412, 0.37233877182006836 
0.0, 0.029965905472636223, 0.5274890065193176 
0.0, 0.024030551314353943, 0.42397579550743103 
0.0, 0.0258689783513546, 0.6061128377914429 
0.0, 0.017933592200279236, 0.6314964890480042 
0.0, 0.027381928637623787, 0.5717036724090576 
0.0, 0.04365381598472595, 0.44292011857032776 
0.0, 0.022427070885896683, 0.29956966638565063 
0.0, 0.03475099056959152, 0.38590508699417114 
0.0, 0.033542450517416, 0.5812532305717468 
0.0, 0.035265009850263596, 0.5913721919059753 
0.0, 0.027088284492492676, 0.5549315810203552 
0.0, 0.03001830168068409, 0.29337266087532043 
0.0, 0.027891764417290688, 0.5758606791496277 
0.0, 0.025477884337306023, 0.538504421710968 
0.0, 0.03820057585835457, 0.2741422951221466 
0.0, 0.02250072918832302, 0.6351882815361023 
0.0, 0.027404094114899635, 0.3767654597759247 
0.0, 0.0198319461196661, 0.36904624104499817 
0.0, 0.024167386814951897, 0.3073364794254303 
0.0, 0.03455376252532005, 0.5151907205581665 
0.0, 0.028715210035443306, 0.5947498679161072 
0.0, 0.02651635929942131, 0.5431005358695984 
0.0, 0.02729048579931259, 0.4299077093601227 
0.0, 0.02399757131934166, 0.702934205532074 
0.0, 0.06358805298805237, 0.3265453279018402 
0.0, 0.043679606169462204, 0.3050382137298584 
0.0, 0.017519336193799973, 0.4856107532978058 
0.0, 0.021778859198093414, 0.5015778541564941 
0.0, 0.09706919640302658, 0.36993208527565 
0.0, 0.026393132284283638, 1.830079197883606 
0.0, 0.03636651486158371, 1.0609197616577148 
0.0, 0.03922639042139053, 0.36771005392074585 
0.0, 0.03808818385004997, 0.42603492736816406 
0.0, 0.04962100461125374, 0.6992361545562744 
0.0, 0.032962411642074585, 0.43143561482429504 
0.0, 0.03458244353532791, 0.6468755006790161 
0.0, 0.023398688063025475, 0.500167965888977 
0.0, 0.026769015938043594, 0.37388765811920166 
0.0, 0.009676322340965271, 0.5214519500732422 
0.0, 0.03840840235352516, 0.6070905327796936 
0.0, 0.04373960196971893, 0.5818450450897217 
0.0, 0.026745876297354698, 0.5449746251106262 
0.0, 0.03719286248087883, 0.332664430141449 
0.0, 0.0348624587059021, 0.47263994812965393 
0.0, 0.037602607160806656, 0.40999358892440796 
0.0, 0.031184328719973564, 0.6463849544525146 
0.0, 0.0306781604886055, 0.43507683277130127 
0.0, 0.031332362443208694, 0.2998921871185303 
0.0, 0.018380627036094666, 0.4865325689315796 
0.0, 0.020018720999360085, 0.4966728389263153 
0.0, 0.035086534917354584, 0.3869374990463257 
0.0, 0.03472379967570305, 0.589295506477356 
0.0, 0.021512789651751518, 0.6945151686668396 
0.0, 0.018034780398011208, 0.4074869155883789 
0.0, 0.03377425670623779, 0.5946852564811707 
0.0, 0.0221667792648077, 0.43283650279045105 
0.0, 0.027967514470219612, 0.324398934841156 
0.0, 0.032551102340221405, 0.9089356064796448 
0.0, 0.026004334911704063, 0.6655756831169128 
0.0, 0.03628379851579666, 0.3925241529941559 
0.0, 0.01530599594116211, 0.29472172260284424 
0.0, 0.02252190373837948, 0.30413222312927246 
0.0, 0.0323275662958622, 0.5889126062393188 
0.0, 0.022398250177502632, 0.42464038729667664 
0.0, 0.03204338625073433, 0.6626548171043396 
0.0, 0.04556543380022049, 0.4007749557495117 
0.0, 0.028158769011497498, 0.4099309742450714 
0.0, 0.038813427090644836, 0.3070697486400604 
0.0, 0.04028833657503128, 0.30409449338912964 
0.0, 0.035392459481954575, 0.3008963167667389 
0.0, 0.02939068153500557, 0.44718143343925476 
0.0, 0.04802389442920685, 0.33850154280662537 
0.0, 0.021916666999459267, 0.34111306071281433 
0.0, 0.036296166479587555, 0.6897247433662415 
0.0, 0.02908850833773613, 0.25317615270614624 
0.0, 0.04314373433589935, 0.4685038924217224 
0.0, 0.0519191175699234, 0.5347496867179871 
0.0, 0.05832356959581375, 1.2555423974990845 
0.0, 0.05784255266189575, 1.1450557708740234 
0.0, 0.03294482082128525, 0.3549085557460785 
0.0, 0.035290081053972244, 0.35892781615257263 
0.0, 0.03647901117801666, 0.43661490082740784 
0.0, 0.035667285323143005, 0.3021872341632843 
0.0, 0.01683792658150196, 0.4520600438117981 
0.0, 0.04219437763094902, 0.3184574842453003 
0.0, 0.024897174909710884, 0.36135610938072205 
0.0, 0.03037182241678238, 0.33994606137275696 
0.0, 0.02469656430184841, 0.5627838969230652 
0.0, 0.07239675521850586, 0.5086815357208252 
0.0, 0.02405175007879734, 0.5166717767715454 
0.0, 0.01632530987262726, 1.0700711011886597 
0.0, 0.026736924424767494, 1.0339007377624512 
0.0, 0.035699497908353806, 0.3955000936985016 
0.0, 0.02376236580312252, 0.5037791132926941 
0.0, 0.026247147470712662, 0.4789099097251892 
0.0, 0.026339346542954445, 0.49792709946632385 
0.0, 0.03139997273683548, 0.6110653877258301 
0.0, 0.0449211522936821, 0.32132914662361145 
0.0, 0.021161774173378944, 0.45000579953193665 
0.0, 0.032230157405138016, 0.4604805111885071 
0.0, 0.024681832641363144, 0.7259745001792908 
0.0, 0.0399467907845974, 0.6856653094291687 
0.0, 0.05606669932603836, 0.44526124000549316 
0.0, 0.021173639222979546, 0.6136128902435303 
0.0, 0.021661220118403435, 0.7515854835510254 
0.0, 0.01602271944284439, 0.6884843111038208 
0.0, 0.05258205160498619, 0.25650832056999207 
0.0, 0.030561430379748344, 0.7914935946464539 
0.0, 0.03249715268611908, 0.32120612263679504 
0.0, 0.029923278838396072, 0.4130018949508667 
0.0, 0.03399460390210152, 0.4637984335422516 
0.0, 0.03579869866371155, 0.5064557194709778 
0.0, 0.05192767083644867, 0.6496798992156982 
0.0, 0.02219233289361, 0.4134223461151123 
0.0, 0.025190014392137527, 0.5672552585601807 
0.0, 0.03086548112332821, 0.3159291744232178 
0.0, 0.0385139063000679, 0.8942972421646118 
0.0, 0.0205172598361969, 0.656271755695343 
0.0, 0.026700913906097412, 0.8804213404655457 
0.0, 0.06637407839298248, 0.4570232629776001 
0.0, 0.05138211324810982, 0.2596452236175537 
0.0, 0.021866755560040474, 0.38785627484321594 
0.0, 0.03744259849190712, 0.41851872205734253 
0.0, 0.033737801015377045, 0.42859703302383423 
0.0, 0.02068042755126953, 0.46271419525146484 
0.0, 0.03460053354501724, 0.6094881296157837 
0.0, 0.02623160369694233, 0.5645764470100403 
0.0, 0.025146519765257835, 0.36613205075263977 
0.0, 0.05570249632000923, 0.4293036162853241 
0.0, 0.03618397191166878, 0.42622318863868713 
0.0, 0.031476136296987534, 0.6399534344673157 
0.0, 0.04782484099268913, 0.8474776744842529 
0.0, 0.029617251828312874, 0.6292343139648438 
0.0, 0.033731330186128616, 0.6567004919052124 
0.0, 0.03161530941724777, 0.5627697110176086 
0.0, 0.044358573853969574, 0.6647099852561951 
0.0, 0.02079586498439312, 0.6505939364433289 
0.0, 0.03682062774896622, 0.2597702741622925 
0.0, 0.02849656529724598, 0.48937177658081055 
0.0, 0.02497577667236328, 0.4016716480255127 
0.0, 0.01783306710422039, 0.3585270643234253 
0.0, 0.06262720376253128, 0.46988505125045776 
0.0, 0.02503909356892109, 0.48253053426742554 
0.0, 0.03816954791545868, 0.6586629748344421 
0.0, 0.044452570378780365, 0.7022203207015991 
0.0, 0.023358860984444618, 0.3418220281600952 
0.0, 0.029061509296298027, 0.5000065565109253 
0.0, 0.04521394520998001, 0.313093364238739 
0.0, 0.024871086701750755, 0.23434364795684814 
0.0, 0.027185456827282906, 0.4764547049999237 
0.0, 0.03378472477197647, 1.3395824432373047 
0.0, 0.02501937560737133, 0.427596777677536 
0.0, 0.03955284506082535, 0.2603849768638611 
0.0, 0.03839889168739319, 0.5681121945381165 
0.0, 0.02810533158481121, 0.6625238656997681 
0.0, 0.04533238708972931, 0.516879141330719 
0.0, 0.021851103752851486, 0.5879123210906982 
0.0, 0.03565674647688866, 0.6756749749183655 
0.0, 0.030516603961586952, 0.2824762761592865 
0.0, 0.02987312525510788, 0.4782065451145172 
0.0, 0.02372559905052185, 0.6695159077644348 
0.0, 0.03186829015612602, 1.3659553527832031 
0.0, 0.020586008206009865, 0.6084151864051819 
0.0, 0.024184376001358032, 0.5991982817649841 
0.0, 0.054574884474277496, 1.3065705299377441 
0.0, 0.03191971406340599, 0.5852189064025879 
0.0, 0.012588456273078918, 0.4497646391391754 
0.0, 0.023819109424948692, 0.35111939907073975 
0.0, 0.016680167987942696, 0.4183335304260254 
0.0, 0.03063744120299816, 0.414201021194458 
0.0, 0.03183400630950928, 0.4691069424152374 
0.0, 0.028416551649570465, 0.766930878162384 
0.0, 0.03167904540896416, 0.778520941734314 
0.0, 0.015787307173013687, 0.3542555868625641 
0.0, 0.031101100146770477, 0.34759530425071716 
0.0, 0.022702887654304504, 0.425413578748703 
0.0, 0.020471282303333282, 3.233316421508789 
0.0, 0.047231525182724, 1.6580350399017334 
0.0, 0.03659474104642868, 0.7299532890319824 
0.0, 0.018488947302103043, 0.5020037889480591 
0.0, 0.02660510502755642, 0.4747905135154724 
0.0, 0.022818641737103462, 0.43713390827178955 
0.0, 0.03868124261498451, 1.149745225906372 
0.0, 0.01591883972287178, 0.40685373544692993 
0.0, 0.051536232233047485, 0.6679466962814331 
0.0, 0.030221330001950264, 0.5194237232208252 
0.0, 0.03947916999459267, 0.4279780387878418 
0.0, 0.02808539941906929, 0.5958500504493713 
0.0, 0.04850689694285393, 0.4570384621620178 
0.0, 0.028101634234189987, 0.3653273582458496 
0.0, 0.028530430048704147, 0.6525189876556396 
0.0, 0.038275811821222305, 0.48088592290878296 
0.0, 0.02872314304113388, 0.3864622116088867 
0.0, 0.041751280426979065, 0.5371420383453369 
0.0, 0.015862300992012024, 0.636724054813385 
0.0, 0.03587038069963455, 0.5228665471076965 
0.0, 0.036497265100479126, 0.5664358735084534 
0.0, 0.024456659331917763, 0.5503373742103577 
0.0, 0.017820965498685837, 0.5173795819282532 
0.0, 0.03772272542119026, 0.3046822249889374 
0.0, 0.04020890220999718, 0.3465211093425751 
0.0, 0.04812783747911453, 0.3971565365791321 
0.0, 0.04010336473584175, 0.6749066710472107 
0.0, 0.03062615543603897, 0.3291563093662262 
0.0, 0.020346935838460922, 0.5505300164222717 
0.0, 0.05702200159430504, 0.37161415815353394 
0.0, 0.08307700604200363, 0.3619723618030548 
0.0, 0.029557356610894203, 0.40571197867393494 
0.0, 0.06440946459770203, 0.5103108882904053 
0.0, 0.03695172443985939, 0.541098952293396 
0.0, 0.0667550191283226, 0.6885462999343872 
0.0, 0.08248016983270645, 0.6410554051399231 
0.0, 0.020893942564725876, 0.47183704376220703 
0.0, 0.028227906674146652, 0.4387638568878174 
0.0, 0.023181665688753128, 0.8971816301345825 
0.0, 0.031219935044646263, 0.7898868322372437 
0.0, 0.023597566410899162, 0.6975991129875183 
0.0, 0.032277170568704605, 0.46412742137908936 
0.0, 0.028124306350946426, 0.5267488360404968 
0.0, 0.028243809938430786, 0.29333603382110596 
0.0, 0.04109205678105354, 0.6083319783210754 
0.0, 0.016242550686001778, 0.7797670960426331 
0.0, 0.044685591012239456, 0.8101624250411987 
0.0, 0.03992742300033569, 0.5073395371437073 
0.0, 0.02186085470020771, 0.3319242298603058 
0.0, 0.034756243228912354, 0.3214654326438904 
0.0, 0.07060278207063675, 0.530565083026886 
0.0, 0.025660093873739243, 0.3495875298976898 
0.0, 0.026622988283634186, 0.6689687967300415 
0.0, 0.033034972846508026, 0.362387478351593 
0.0, 0.03198853135108948, 0.6776525378227234 
0.0, 0.029808739200234413, 0.8662497401237488 
0.0, 0.030253097414970398, 0.3382067084312439 
0.0, 0.050837382674217224, 0.4020666778087616 
0.0, 0.022346287965774536, 0.5232512354850769 
0.0, 0.049277953803539276, 0.2054922729730606 
0.0, 0.0361148901283741, 0.7389020919799805 
0.0, 0.031720489263534546, 0.34970080852508545 
0.0, 0.032121241092681885, 0.6053887605667114 
0.0, 0.024532629176974297, 0.48769232630729675 
0.0, 0.026863742619752884, 0.4475637972354889 
0.0, 0.054746113717556, 0.3646073639392853 
0.0, 0.016484355553984642, 0.39684247970581055 
0.0, 0.04655176401138306, 0.3885097801685333 
0.0, 0.021673589944839478, 0.519217848777771 
0.0, 0.029611170291900635, 0.6315401792526245 
0.0, 0.03644732013344765, 0.5263329744338989 
0.0, 0.03927690535783768, 0.549220621585846 
0.0, 0.04201751574873924, 0.6919438242912292 
0.0, 0.05152098089456558, 0.4199666976928711 
0.0, 0.031183527782559395, 0.44669607281684875 
0.0, 0.029613502323627472, 0.2928142249584198 
0.0, 0.04330550134181976, 1.4567699432373047 
0.0, 0.05784047394990921, 1.364848256111145 
0.0, 0.028975633904337883, 0.4468711018562317 
0.0, 0.03903551399707794, 0.6437915563583374 
0.0, 0.039391376078128815, 0.755473256111145 
0.0, 0.07117564231157303, 0.47884902358055115 
0.0, 0.04836469143629074, 0.31080135703086853 
0.0, 0.065537229180336, 0.7135661840438843 
0.0, 0.02893083728849888, 0.3429863750934601 
0.0, 0.04139715060591698, 0.5841554403305054 
0.0, 0.05840127170085907, 0.7145317792892456 
0.0, 0.02312171459197998, 0.3658338189125061 
0.0, 0.028349779546260834, 0.4491105079650879 
0.0, 0.02594366855919361, 0.561010479927063 
0.0, 0.033717211335897446, 0.6017372012138367 
0.0, 0.04411792755126953, 0.264583945274353 
0.0, 0.027189847081899643, 0.4443783164024353 
0.0, 0.03625505790114403, 0.6772852540016174 
0.0, 0.027275998145341873, 0.5815305113792419 
0.0, 0.03125349059700966, 0.42913952469825745 
0.0, 0.02307717129588127, 0.7573796510696411 
0.0, 0.029720453545451164, 0.4487413167953491 
0.0, 0.04955606162548065, 0.3291379511356354 
0.0, 0.031863003969192505, 0.48474594950675964 
0.0, 0.028647975996136665, 0.5265645980834961 
0.0, 0.026322387158870697, 0.6635844707489014 
0.0, 0.03008541278541088, 0.7199844717979431 
0.0, 0.04414748027920723, 0.6078321933746338 
0.0, 0.037278398871421814, 0.29146087169647217 
0.0, 0.03859497979283333, 0.6414629220962524 
0.0, 0.03826538473367691, 0.40681755542755127 
0.0, 0.045506902039051056, 0.5304822325706482 
0.0, 0.033705778419971466, 0.3906134068965912 
0.0, 0.022468021139502525, 0.7965578436851501 
0.0, 0.026646802201867104, 0.6045646071434021 
0.0, 0.02795097976922989, 0.36089959740638733 
0.0, 0.039066143333911896, 0.8165212869644165 
0.0, 0.03504981845617294, 1.0896042585372925 
0.0, 0.03305387124419212, 0.48042160272598267 
0.0, 0.04710390791296959, 0.6308878660202026 
0.0, 0.034327778965234756, 0.4620443880558014 
0.0, 0.029068704694509506, 0.4901253283023834 
0.0, 0.019650010392069817, 0.3742649257183075 
0.0, 0.026250915601849556, 1.606624960899353 
0.0, 0.027182137593626976, 0.7203064560890198 
0.0, 0.04014918580651283, 0.4734449088573456 
0.0, 0.03437038138508797, 0.4010814428329468 
0.0, 0.029131844639778137, 0.4155070185661316 
0.0, 0.021075626835227013, 0.4715564548969269 
0.0, 0.024543512612581253, 0.5729755759239197 
0.0, 0.02552148513495922, 0.43237605690956116 
0.0, 0.029170706868171692, 0.29233118891716003 
0.0, 0.03371569141745567, 0.3691290616989136 
0.0, 0.03852856531739235, 0.670427680015564 
0.0, 0.04956881329417229, 0.5851089954376221 
0.0, 0.043413594365119934, 0.29260167479515076 
0.0, 0.03218652307987213, 0.9036418795585632 
0.0, 0.03020995669066906, 0.7700537443161011 
0.0, 0.03412998467683792, 0.37456369400024414 
0.0, 0.1429039090871811, 0.7037747502326965 
0.0, 0.03624984622001648, 0.9432023167610168 
0.0, 0.031486496329307556, 0.4853231906890869 
0.0, 0.0367400199174881, 0.325348436832428 
0.0, 0.03332100063562393, 0.4183048605918884 
0.0, 0.033019792288541794, 2.7686314582824707 
0.0, 0.04791852831840515, 0.9715481996536255 
0.0, 0.02675587125122547, 1.2062617540359497 
0.0, 0.03935135528445244, 0.9069359302520752 
0.0, 0.033499136567115784, 0.4860961139202118 
0.0, 0.025032367557287216, 0.3909590542316437 
0.0, 0.030812954530119896, 0.8999499678611755 
0.0, 0.024354396387934685, 0.5448451638221741 
0.0, 0.023417670279741287, 1.1807003021240234 
0.0, 0.05182196944952011, 0.3262544274330139 
0.0, 0.025118906050920486, 0.6916487216949463 
0.0, 0.029154757037758827, 0.4267968535423279 
0.0, 0.030337266623973846, 0.2853657603263855 
0.0, 0.029690049588680267, 0.48833712935447693 
0.0, 0.02235465496778488, 0.5071020722389221 
0.0, 0.025139611214399338, 0.502322793006897 
0.0, 0.0323529876768589, 0.38889628648757935 
0.0, 0.039507485926151276, 0.5721325278282166 
0.0, 0.03403268754482269, 0.652118980884552 
0.0, 0.03336237743496895, 0.3275444507598877 
0.0, 0.027178239077329636, 0.44369006156921387 
0.0, 0.02222207747399807, 0.4674137234687805 
0.0, 0.027558084577322006, 0.39169347286224365 
0.0, 0.030507290735840797, 0.8046963810920715 
0.0, 0.027096746489405632, 0.5570263266563416 
0.0, 0.03879515081644058, 0.529140055179596 
0.0, 0.03150692954659462, 0.42079684138298035 
0.0, 0.04125581681728363, 0.7143123149871826 
0.0, 0.03638164699077606, 0.48176953196525574 
0.0, 0.031054744496941566, 0.6503872275352478 
0.0, 0.045067232102155685, 0.5338708758354187 
0.0, 0.026250125840306282, 0.3580814599990845 
0.0, 0.02234581485390663, 0.3631729781627655 
0.0, 0.02864816226065159, 0.4720076620578766 
0.0, 0.03114476427435875, 0.4798103868961334 
0.0, 0.023803772404789925, 0.2849492132663727 
0.0, 0.0805324912071228, 0.46775150299072266 
0.0, 0.034774623811244965, 0.38089749217033386 
0.0, 0.03279019892215729, 0.5437037944793701 
0.0, 0.03303816169500351, 0.715945303440094 
0.0, 0.040036968886852264, 0.4965386986732483 
0.0, 0.0423429049551487, 0.30670827627182007 
0.0, 0.05004774406552315, 0.5583407282829285 
0.0, 0.030197184532880783, 4.175079345703125 
0.0, 0.04278531298041344, 0.5246748924255371 
0.0, 0.03870189189910889, 0.9534989595413208 
0.0, 0.11186975985765457, 0.6417785286903381 
0.0, 0.0401734933257103, 0.5532088875770569 
0.0, 0.031669385731220245, 0.5575993061065674 
0.0, 0.024532288312911987, 0.36071476340293884 
0.0, 0.03192128241062164, 0.7688947916030884 
0.0, 0.05239768698811531, 0.8257955312728882 
0.0, 0.021765993908047676, 0.4803142249584198 
0.0, 0.026432722806930542, 0.3968222141265869 
0.0, 0.024296868592500687, 0.6456097364425659 
0.0, 0.033101968467235565, 1.4343111515045166 
0.0, 0.020876551046967506, 0.6362348198890686 
0.0, 0.043031539767980576, 0.35896289348602295 
0.0, 0.03548895940184593, 0.5743603110313416 
0.0, 0.0611410029232502, 0.4091491997241974 
0.0, 0.018993357196450233, 0.451162725687027 
0.0, 0.025705937296152115, 0.48831653594970703 
0.0, 0.02977949194610119, 0.3898763358592987 
0.0, 0.04496164992451668, 0.5204780101776123 
0.0, 0.027883877977728844, 0.36122646927833557 
0.0, 0.022154811769723892, 0.3231387436389923 
0.0, 0.02586318925023079, 0.650826632976532 
0.0, 0.05533285811543465, 0.6183851361274719 
0.0, 0.026126911863684654, 0.4666140377521515 
0.0, 0.032977402210235596, 0.879694938659668 
0.0, 0.034067943692207336, 0.5796859264373779 
0.0, 0.034530267119407654, 0.7112200856208801 
0.0, 0.03265853971242905, 0.5857759118080139 
0.0, 0.038242537528276443, 0.8266903162002563 
0.0, 0.049659498035907745, 1.3452608585357666 
0.0, 0.025413738563656807, 0.49783921241760254 
0.0, 0.03048272803425789, 0.28796616196632385 
0.0, 0.029917391017079353, 0.45098617672920227 
0.0, 0.020177947357296944, 0.31134864687919617 
0.0, 0.025994013994932175, 0.4486335217952728 
0.0, 0.03192634880542755, 0.5262412428855896 
0.0, 0.030267156660556793, 0.4521559178829193 
0.0, 0.026768215000629425, 0.17112448811531067 
0.0, 0.035643741488456726, 0.9097113013267517 
0.0, 0.02806778997182846, 0.49520570039749146 
0.0, 0.044036660343408585, 0.2513532340526581 
0.0, 0.030428709462285042, 0.5971877574920654 
0.0, 0.02050231769680977, 0.5368117094039917 
0.0, 0.03973200172185898, 0.3812694251537323 
0.0, 0.030278440564870834, 0.6168898940086365 
0.0, 0.027666188776493073, 0.4779897928237915 
0.0, 0.027021052315831184, 0.8303271532058716 
0.0, 0.024013224989175797, 0.4611775577068329 
0.0, 0.03307968005537987, 0.7799453735351562 
0.0, 0.026837065815925598, 1.149169921875 
0.0, 0.026804083958268166, 0.4443943202495575 
0.0, 0.02134762518107891, 0.3007384240627289 
0.0, 0.035592734813690186, 0.34247106313705444 
0.0, 0.0382254533469677, 0.4417872726917267 
0.0, 0.023811953142285347, 0.48846307396888733 
0.0, 0.021712765097618103, 0.7630399465560913 
0.0, 0.021372439339756966, 0.4065755307674408 
0.0, 0.027838805690407753, 0.23569495975971222 
0.0, 0.035948410630226135, 0.4362029433250427 
0.0, 0.07103265076875687, 0.8449023962020874 
0.0, 0.032353904098272324, 0.4791877865791321 
0.0, 0.0239789467304945, 0.370545893907547 
0.0, 0.03178798034787178, 0.6191962361335754 
0.0, 0.03750988841056824, 0.43630173802375793 
0.0, 0.024720024317502975, 0.574512243270874 
0.0, 0.02865862287580967, 0.493242472410202 
0.0, 0.0546896830201149, 0.3931686282157898 
0.0, 0.01838153973221779, 0.2946447730064392 
0.0, 0.046049565076828, 0.44281190633773804 
0.0, 0.04926838353276253, 0.32676446437835693 
0.0, 0.03286517411470413, 0.45353949069976807 
0.0, 0.0811297819018364, 0.4915446639060974 
0.0, 0.047238077968358994, 1.2352499961853027 
0.0, 0.029645845293998718, 0.4340483844280243 
0.0, 0.024131815880537033, 0.6052795052528381 
0.0, 0.022766657173633575, 0.6665622591972351 
0.0, 0.02428080514073372, 0.40127480030059814 
0.0, 0.01639886014163494, 0.32167717814445496 
0.0, 0.040769219398498535, 0.295812726020813 
0.0, 0.031098337844014168, 0.8187598586082458 
0.0, 0.05232608690857887, 0.6162561774253845 
0.0, 0.03995383530855179, 0.7037803530693054 
0.0, 0.02192058227956295, 0.4078582227230072 
0.0, 0.03984395042061806, 0.45184504985809326 
0.0, 0.047186873853206635, 0.29563918709754944 
0.0, 0.032912727445364, 0.46674200892448425 
0.0, 0.03205104544758797, 0.6504488587379456 
0.0, 0.0318852923810482, 0.9906059503555298 
0.0, 0.0294684786349535, 0.4981960952281952 
0.0, 0.03428550064563751, 0.6409640312194824 
0.0, 0.02692694216966629, 0.41391846537590027 
0.0, 0.05924918130040169, 0.8029640913009644 
0.0, 0.11141356080770493, 0.443514347076416 
0.0, 0.030518097802996635, 0.5686085224151611 
0.0, 0.03431563451886177, 0.957821786403656 
0.0, 0.03276464343070984, 0.9798688888549805 
0.0, 0.031502652913331985, 0.8577665090560913 
0.0, 0.018275877460837364, 0.40860846638679504 
0.0, 0.027323676273226738, 0.4712066948413849 
0.0, 0.035170022398233414, 0.33963829278945923 
0.0, 0.05559854954481125, 0.4999149441719055 
0.0, 0.01959647610783577, 0.6073622107505798 
0.0, 0.020317448303103447, 0.7852455377578735 
0.0, 0.042055144906044006, 0.975581169128418 
0.0, 0.04871640354394913, 0.5266991853713989 
0.0, 0.04537143185734749, 0.46304306387901306 
0.0, 0.04312432184815407, 0.5234209299087524 
0.0, 0.050908878445625305, 0.48491477966308594 
0.0, 0.050605349242687225, 0.4507022798061371 
0.0, 0.0362536646425724, 0.6671918034553528 
0.0, 0.034625399857759476, 0.4919308125972748 
0.0, 0.043061625212430954, 0.4533693790435791 
0.0, 0.02235408127307892, 1.0885013341903687 
0.0, 0.04771079123020172, 0.8579773306846619 
0.0, 0.03183566406369209, 0.6195130348205566 
0.0, 0.028195800259709358, 0.9666243195533752 
0.0, 0.03035012073814869, 0.9941568374633789 
0.0, 0.03694203868508339, 0.39714574813842773 
0.0, 0.03842620924115181, 0.5126623511314392 
0.0, 0.029103824868798256, 0.4581667482852936 
0.0, 0.038522474467754364, 0.3131607472896576 
0.0, 0.031257513910532, 0.6704116463661194 
0.0, 0.033811550587415695, 0.5122374296188354 
0.0, 0.03819628432393074, 1.2818557024002075 
0.0, 0.03106275387108326, 0.8125916123390198 
0.0, 0.025166241452097893, 0.6373006105422974 
0.0, 0.023025738075375557, 0.3383863568305969 
0.0, 0.03943940997123718, 0.7318177819252014 
0.0, 0.03212248906493187, 0.4461641013622284 
0.0, 0.032019056379795074, 0.4234672486782074 
0.0, 0.03199409320950508, 0.37935346364974976 
0.0, 0.032625600695610046, 0.27484792470932007 
0.0, 0.03473158925771713, 0.5342186689376831 
0.0, 0.017715290188789368, 0.4236418902873993 
0.0, 0.03321097791194916, 0.41582491993904114 
0.0, 0.05019764602184296, 0.511021077632904 
0.0, 0.033048707991838455, 0.4566309154033661 
0.0, 0.020306695252656937, 0.4145362377166748 
0.0, 0.027253687381744385, 0.4830402135848999 
0.0, 0.01153680868446827, 0.512180507183075 
0.0, 0.0742705836892128, 1.1815687417984009 
0.0, 0.030909616500139236, 0.4161907732486725 
0.0, 0.03437046334147453, 0.7323943376541138 
0.0, 0.029342811554670334, 0.4957759976387024 
0.0, 0.06293472647666931, 0.24787560105323792 
0.0, 0.025809327140450478, 0.41317033767700195 
0.0, 0.03576652333140373, 0.20454472303390503 
0.0, 0.02494453638792038, 0.35923150181770325 
0.0, 0.040495410561561584, 0.532953143119812 
0.0, 0.030080033466219902, 0.5534002184867859 
0.0, 0.024664314463734627, 0.5962300300598145 
0.0, 0.03245899826288223, 0.4542592167854309 
0.0, 0.029751524329185486, 0.3684382140636444 
0.0, 0.03299355134367943, 0.2522938847541809 
0.0, 0.03546058386564255, 0.3638007342815399 
0.0, 0.028414273634552956, 0.3909444808959961 
0.0, 0.041783709079027176, 0.9841128587722778 
0.0, 0.031282227486371994, 0.6365471482276917 
0.0, 0.022943610325455666, 0.41820910573005676 
0.0, 0.04140939936041832, 0.3832169473171234 
0.0, 0.05022375285625458, 0.42146459221839905 
0.0, 0.02020210586488247, 0.6419722437858582 
0.0, 0.029088705778121948, 0.8515629768371582 
0.0, 0.037764061242341995, 0.5249043703079224 
0.0, 0.03504008427262306, 0.6202625632286072 
0.0, 0.042958762496709824, 0.8640397787094116 
0.0, 0.028615524992346764, 0.34427791833877563 
0.0, 0.049206703901290894, 0.7293186783790588 
0.0, 0.03268546983599663, 0.7885165214538574 
0.0, 0.037523843348026276, 0.43076518177986145 
0.0, 0.0320403054356575, 0.7276516556739807 
0.0, 0.036850716918706894, 0.603042721748352 
0.0, 0.04855266213417053, 0.38085293769836426 
0.0, 0.021509330719709396, 0.6375553607940674 
0.0, 0.05706886574625969, 0.6199266314506531 
0.0, 0.03385525569319725, 0.98323655128479 
0.0, 0.03312632814049721, 0.5743142366409302 
0.0, 0.035649314522743225, 0.5129759311676025 
0.0, 0.024175317957997322, 0.5053708553314209 
0.0, 0.044935595244169235, 0.8713152408599854 
0.0, 0.03304055333137512, 0.6087509989738464 
0.0, 0.06731939315795898, 1.0736466646194458 
0.0, 0.027510492131114006, 2.636223554611206 
0.0, 0.05918481945991516, 0.8362241387367249 
0.0, 0.06020956113934517, 0.5251328945159912 
0.0, 0.03360361605882645, 0.25110018253326416 
0.0, 0.05820680782198906, 0.5350580811500549 
0.0, 0.028895150870084763, 1.3097823858261108 
0.0, 0.032243575900793076, 0.64503413438797 
0.0, 0.035555727779865265, 0.6378068923950195 
0.0, 0.04097193852066994, 0.6290431618690491 
0.0, 0.027366438880562782, 0.8805447816848755 
0.0, 0.034209493547677994, 0.5801066160202026 
0.0, 0.040259771049022675, 1.7197434902191162 
0.0, 0.04163224622607231, 0.5406959652900696 
0.0, 0.02973519265651703, 0.5984722375869751 
0.0, 0.03936300426721573, 0.6543663144111633 
0.0, 0.036222804337739944, 0.5113644599914551 
0.0, 0.05911459028720856, 0.555558979511261 
0.0, 0.041512612253427505, 0.4601985514163971 
0.0, 0.05431579425930977, 0.17211602628231049 
0.0, 0.04500904306769371, 0.2923453152179718 
0.0, 0.028807131573557854, 0.3618432879447937 
0.0, 0.028101878240704536, 0.30302152037620544 
0.0, 0.03068995103240013, 0.3943599462509155 
0.0, 0.07363343983888626, 0.29081636667251587 
0.0, 0.04521211236715317, 0.5843911170959473 
0.0, 0.03381703794002533, 0.5584511160850525 
0.0, 0.022532321512699127, 0.48472100496292114 
0.0, 0.03887591138482094, 0.4579278230667114 
0.0, 0.05476624518632889, 0.2957139313220978 
0.0, 0.06198064610362053, 0.2379692941904068 
0.0, 0.02117927186191082, 0.3427419662475586 
0.0, 0.03531680628657341, 1.3069281578063965 
0.0, 0.03443843126296997, 1.2154240608215332 
0.0, 0.030725829303264618, 0.5242496728897095 
0.0, 0.03805636242032051, 0.8081040978431702 
0.0, 0.03337469324469566, 0.36543500423431396 
0.0, 0.030666491016745567, 0.42231306433677673 
0.0, 0.033162228763103485, 0.46271106600761414 
0.0, 0.03562995046377182, 0.42294371128082275 
0.0, 0.03251800686120987, 0.6990863084793091 
0.0, 0.031213892623782158, 0.4976627230644226 
0.0, 0.042590297758579254, 0.43369922041893005 
0.0, 0.02915433794260025, 0.6013162732124329 
0.0, 0.03992827609181404, 0.6027414798736572 
0.0, 0.037893835455179214, 0.6770574450492859 
0.0, 0.02938145026564598, 0.44342508912086487 
0.0, 0.028428085148334503, 0.7875655889511108 
0.0, 0.034198567271232605, 0.6747907996177673 
0.0, 0.030118174850940704, 0.40047380328178406 
0.0, 0.032428350299596786, 0.7454249262809753 
0.0, 0.02899433858692646, 0.6912217140197754 
0.0, 0.0316433422267437, 0.7150661945343018 
0.0, 0.027337487787008286, 0.3697747588157654 
0.0, 0.02820861153304577, 0.4980187714099884 
0.0, 0.035289157181978226, 0.40499991178512573 
0.0, 0.04234404116868973, 0.9301922917366028 
0.0, 0.03394053876399994, 0.9568937420845032 
0.0, 0.03773403540253639, 0.6148015260696411 
0.0, 0.02579455077648163, 0.28017765283584595 
0.0, 0.023953625932335854, 0.3954598605632782 
0.0, 0.04313930869102478, 0.5470010042190552 
0.0, 0.04238225519657135, 0.6896700859069824 
0.0, 0.03266153484582901, 0.8994487524032593 
0.0, 0.04025477543473244, 0.4103891849517822 
0.0, 0.03507322818040848, 0.28589147329330444 
0.0, 0.029406918212771416, 0.50142902135849 
0.0, 0.04434945434331894, 0.2918870747089386 
0.0, 0.024985404685139656, 0.34392574429512024 
0.0, 0.025707675144076347, 0.497501403093338 
0.0, 0.03875626251101494, 0.25608769059181213 
0.0, 0.02311755158007145, 0.7296485304832458 
0.0, 0.029980171471834183, 0.5913859009742737 
0.0, 0.04483920335769653, 0.7020812034606934 
0.0, 0.029767123982310295, 0.5374554991722107 
0.0, 0.0703948438167572, 0.38921037316322327 
0.0, 0.02827462926506996, 0.689146876335144 
0.0, 0.0349261537194252, 0.4901464581489563 
0.0, 0.028757184743881226, 0.43882814049720764 
0.0, 0.03312944248318672, 0.435308575630188 
0.0, 0.027451306581497192, 0.6982547044754028 
0.0, 0.02729056030511856, 0.8986135125160217 
0.0, 0.12303443998098373, 1.3858027458190918 
0.0, 0.0395037867128849, 0.4935924708843231 
0.0, 0.032260701060295105, 0.8065295815467834 
0.0, 0.020000962540507317, 0.5744600296020508 
0.0, 0.03935861214995384, 0.7507451772689819 
0.0, 0.03884616494178772, 2.3306686878204346 
0.0, 0.03538858890533447, 0.7823841571807861 
0.0, 0.03508714586496353, 1.1896864175796509 
0.0, 0.04263397678732872, 0.7846947312355042 
0.0, 0.031621821224689484, 0.38521602749824524 
0.0, 0.031773295253515244, 0.2263556867837906 
0.0, 0.03079483099281788, 0.24010403454303741 
0.0, 0.051480043679475784, 0.5546961426734924 
0.0, 0.03416971117258072, 0.7106713652610779 
0.0, 0.026668008416891098, 0.7990508675575256 
0.0, 0.028092321008443832, 0.2897612154483795 
0.0, 0.024236172437667847, 0.4069260060787201 
0.0, 0.032412637025117874, 0.6675649285316467 
0.0, 0.15751473605632782, 0.5857895016670227 
0.0, 0.03207911550998688, 0.4394463300704956 
0.0, 0.03343755006790161, 0.7088795304298401 
0.0, 0.02698845975100994, 0.6908428072929382 
0.0, 0.04090447351336479, 0.3749168813228607 
0.0, 0.022915467619895935, 0.8553681969642639 
0.0, 0.04284606873989105, 0.6268004179000854 
0.0, 0.013408512808382511, 0.824802041053772 
0.0, 0.05648264288902283, 2.6980342864990234 
0.0, 0.01840585097670555, 0.29388001561164856 
0.0, 0.031963247805833817, 0.45529887080192566 
0.0, 0.03509869799017906, 0.46618619561195374 
0.0, 0.032005567103624344, 0.4211159348487854 
0.0, 0.03556293994188309, 0.5438504815101624 
0.0, 0.0265723317861557, 0.6200543642044067 
0.0, 0.029697708785533905, 0.4365696609020233 
0.0, 0.02804364636540413, 0.38545626401901245 
0.0, 0.0490984171628952, 0.28272029757499695 
0.0, 0.016091730445623398, 0.3833750784397125 
0.0, 0.048762887716293335, 0.47324928641319275 
0.0, 0.021993383765220642, 0.5087859630584717 
0.0, 0.015120179392397404, 0.5068739652633667 
0.0, 0.02688123844563961, 0.3130088746547699 
0.0, 0.15289326012134552, 0.16050061583518982 
0.0, 0.038282956928014755, 0.7115057706832886 
0.0, 0.03762953355908394, 0.6182330250740051 
0.0, 0.022231094539165497, 0.6407992839813232 
0.0, 0.022287921980023384, 1.0653676986694336 
0.0, 0.02857586182653904, 0.46958184242248535 
0.0, 0.03985869511961937, 0.6819969415664673 
0.0, 0.03376717120409012, 0.3594375550746918 
0.0, 0.0383380651473999, 0.7864148616790771 
0.0, 0.060817066580057144, 0.6288597583770752 
0.0, 0.03981003910303116, 0.5231107473373413 
0.0, 0.059104740619659424, 0.7257376313209534 
0.0, 0.029425235465168953, 0.5543344020843506 
0.0, 0.02812887728214264, 0.5088374018669128 
0.0, 0.02391662448644638, 0.39605194330215454 
0.0, 0.05903172865509987, 0.39544153213500977 
0.0, 0.02337276004254818, 0.6313188672065735 
0.0, 0.022348789498209953, 0.3298491835594177 
0.0, 0.034661926329135895, 0.672637403011322 
0.0, 0.028341393917798996, 0.3681180477142334 
0.0, 0.025960056111216545, 0.5139102935791016 
0.0, 0.04549132287502289, 1.950823426246643 
0.0, 0.04057540372014046, 1.5373059511184692 
0.0, 0.03690852224826813, 0.3513989746570587 
0.0, 0.03744100406765938, 0.29071295261383057 
0.0, 0.025877268984913826, 0.3568641245365143 
0.0, 0.045074623078107834, 0.30340489745140076 
0.0, 0.04588264971971512, 0.7225221991539001 
0.0, 0.14419734477996826, 0.5783130526542664 
0.0, 0.03717219457030296, 0.1628618836402893 
0.0, 0.025163527578115463, 0.30303093791007996 
0.0, 0.027498260140419006, 0.19122008979320526 
0.0, 0.045114945620298386, 0.8939843773841858 
0.0, 0.030208824202418327, 0.7070616483688354 
0.0, 0.019585303962230682, 0.615344226360321 
0.0, 0.03793954849243164, 0.6780478358268738 
0.0, 0.03152257204055786, 0.6122599244117737 
0.0, 0.03929385542869568, 0.23848885297775269 
0.0, 0.027996348217129707, 0.44640499353408813 
0.0, 0.02650465816259384, 0.32929590344429016 
0.0, 0.034084562212228775, 0.4906080663204193 
0.0, 0.043173324316740036, 0.36560314893722534 
0.0, 0.028266187757253647, 0.3915916383266449 
0.0, 0.0386534258723259, 0.502011775970459 
0.0, 0.027496276423335075, 0.5256590843200684 
0.0, 0.03606559336185455, 0.3977864980697632 
0.0, 0.02519865520298481, 0.6002227067947388 
0.0, 0.028829552233219147, 0.5521715879440308 
0.0, 0.03378681838512421, 0.5179443955421448 
0.0, 0.02941446378827095, 0.394769549369812 
0.0, 0.048065945506095886, 0.36828798055648804 
0.0, 0.03820902854204178, 0.26848262548446655 
0.0, 0.03260243311524391, 0.8485716581344604 
0.0, 0.028588252142071724, 1.260691523551941 
0.0, 0.07647313177585602, 0.3920964002609253 
0.0, 0.03905140236020088, 0.6620224714279175 
0.0, 0.07284079492092133, 1.1832271814346313 
0.0, 0.03849226236343384, 0.5836004614830017 
0.0, 0.03852364793419838, 0.46689993143081665 
0.0, 0.10475222021341324, 0.4468570351600647 
0.0, 0.030611468479037285, 0.4951423704624176 
0.0, 0.04142709821462631, 0.5781813263893127 
0.0, 0.08499053120613098, 0.7792578935623169 
0.0, 0.02852552756667137, 0.9321428537368774 
0.0, 0.04387471452355385, 1.2087138891220093 
0.0, 0.03830874338746071, 1.5076522827148438 
0.0, 0.023911040276288986, 0.6771462559700012 
0.0, 0.025944054126739502, 0.27988070249557495 
0.0, 0.02294294908642769, 0.6978263258934021 
0.0, 0.027063271030783653, 0.885265588760376 
0.0, 0.04607415199279785, 0.4725407063961029 
0.0, 0.027074245736002922, 0.4983229637145996 
0.0, 0.02230830490589142, 0.38360992074012756 
0.0, 0.026673391461372375, 0.4641493260860443 
0.0, 0.03344980254769325, 1.782385230064392 
0.0, 0.03766169771552086, 0.4586530327796936 
0.0, 0.05126379802823067, 0.5343447327613831 
0.0, 0.026059897616505623, 0.7566208243370056 
0.0, 0.031223643571138382, 0.8067874908447266 
0.0, 0.02254309132695198, 0.6417973041534424 
0.0, 0.027986302971839905, 0.5643267631530762 
0.0, 0.022137396037578583, 0.5523290038108826 
0.0, 0.032226528972387314, 0.8805736303329468 
0.0, 0.03548428788781166, 0.6513686180114746 
0.0, 0.021599162369966507, 0.5238928198814392 
0.0, 0.022924039512872696, 0.9603438973426819 
0.0, 0.03501076623797417, 0.3877452313899994 
0.0, 0.029027877375483513, 0.5476226806640625 
0.0, 0.0523466058075428, 0.17757007479667664 
0.0, 0.026794178411364555, 0.4273878335952759 
0.0, 0.02431277558207512, 0.421531081199646 
0.0, 0.027477923780679703, 0.2992894947528839 
0.0, 0.030262935906648636, 0.547080934047699 
0.0, 0.03149178624153137, 0.21111345291137695 
0.0, 0.024814490228891373, 0.45482590794563293 
