490.7208124792183
100.64085550360628
-157.40182567363257
-307.72656710593253
-396.45873095963026
-461.1382488903109
-527.9878601556296
-482.14705696210757
-530.4145516406048
-556.4611317666022
-571.666335619413
-587.0866991818606
-606.6390761805104
-611.8248313023494
-582.4229205728888
-644.1214487683642
-665.6615865099561
-677.5390568408337
-723.3817192971052
-660.0857417347667
-682.0217987731263
-691.9667020944448
-717.7709697262271
-671.548840200508
-699.965021447821
-734.1607343181149
-766.7154843047425
-777.6313178932273
-818.2520947718358
-857.0243067164997
-849.4963515564635
-855.4693383646535
-767.5104813418545
-839.8755779371157
-867.341803414481
-875.7765570839683
-877.9364872293158
-897.6029453067989
-888.8929385300521
-924.4220764663194
-822.8510984483656
-897.4432997022357
-1009.4508318219866
-904.3355112390204
-955.5472073397793
-1008.6325778332385
-1011.2068556062468
-1015.512464753874
-1130.04063137809
-1112.7689448765345
-1125.2467349335388
-1091.8433425400283
-1179.2042720082043
-1183.8001784963922
-1226.8598044049609
-1223.9784638960282
-1276.373417382712
-1244.8652310633397
-1330.6597952371114
-1323.9467571384305
