0.4578562827634921
0.4383749078770387
0.4466562249830791
0.3974735628950843
0.40190600044166985
0.45176033888544354
0.48493741747970404
0.378305873511711
0.4331432931846188
0.41676814842127985
0.44561453944733065
0.42880776095362855
0.44417851841429135
0.4092811921499841
0.43893067480369646
0.40744829960682427
0.43857870355660467
0.47342385911309776
0.46350712030439334
0.4006843542688728
0.4165947716425641
0.4330824363616205
0.4536695882403356
0.4380219239475472
0.4361735292139553
0.3915084819502545
0.4603809685819709
0.4036261284560789
0.4133681825915789
0.36740221055696637
0.4350686779906673
0.45500544578154584
0.45520734088280784
0.4535769136785637
0.4755065406797119
0.4429131636850982
0.43371226641988975
0.3887320632278095
0.4329850727924004
0.43194898787868735
0.4345448071197156
0.4263937750204642
0.4710564690251504
0.3336975924018341
0.4734255123179629
0.481856747569027
0.4153775043854241
0.4475687578801186
0.4160083861214705
0.43907564105938107
0.38320855192050407
0.39305778431452915
0.4411708754937976
0.3856392324417143
0.42878092262327394
0.40437055820350276
0.40453663621149305
0.39609929630833285
0.3889893487198836
0.3819515927081009
0.35893004265729733
0.3955165324260562
0.4545555874567977
0.36925609011529226
0.4184968119255409
0.3442676009155364
0.3970146697649758
0.3231551950874691
0.37711652950276425
0.42200244968319267
0.3900684701270222
0.35806529522628827
0.39785802005124943
0.43309789231639306
0.35820214779755694
0.38994147575327326
0.35342447935659355
0.40171300146024896
0.3961941111953028
0.356981822525576
0.3597938583150918
0.3767220396827477
0.35732742038894494
0.3545775803552795
0.37717672866610336
0.3381300919393103
0.34061415768164094
0.3388984635008782
0.39128872134169124
0.29054402386606565
0.32732141912326834
0.3181379947485188
0.2921171952811529
0.33796724898543223
0.33097245809428977
0.3492954227524007
0.31177566472595464
0.3538769277216103
0.32475222321012603
0.33758121804432933
0.3534115664832603
0.3107522271813885
0.30943669656008344
0.3416068238562428
0.32114141387221173
0.3131653985109455
0.3083007366907212
0.2954412360315121
0.32573239310442853
0.27176177386979866
0.309097131788795
0.27499026018903
0.33593949882425195
0.26637887354931594
0.32107164758828377
0.31524902627017987
0.2823786237169795
0.3036653128825986
0.2736220413364024
0.2669522001532503
0.2584917134962641
0.29992750912801736
0.26713943201404766
0.24346366463212832
0.28123853070509064
0.2693125243727354
0.25940201527126294
0.24651758601537085
0.23353349008224047
0.2955694990275505
0.25776551255295355
0.24289560993309325
0.2546541987025621
0.23177286323529028
0.2159151514052748
0.21567721666838538
0.25876215460417695
0.22884834326671175
0.22119241062700307
0.2466541967195918
0.29029587183660943
0.24806364392325247
0.2413541699848994
0.1944656656011038
0.19779627535604574
0.2120911205793792
0.20055214869565297
0.2080223372016496
0.1828339069562402
0.23400505438532349
0.19188433338791733
0.18754973806719663
0.20063507192211222
0.17774076190399443
0.23479551694232248
0.2046300648849228
0.17621439416791995
0.22190540220446522
0.1553855192984888
0.1700694329696246
0.19844462776351812
0.15040421914877886
0.15573368229408782
0.17144168824925796
0.1871987809204445
0.16275225989159497
0.18546166058901442
0.17730923549782845
0.18097639628346607
0.16006077658132895
0.15777863681898854
0.16771532897896138
0.16477520840120724
0.12798880566344434
0.12138967015116703
0.1322696587830867
0.16776604606942316
0.13245016064744036
0.1890380470303653
0.144410900137545
0.16751563105638773
0.14550023812247137
0.1807728725381092
0.1593979269554714
0.16380130989404076
0.11880887634498628
0.11486328787180057
0.15390711464202156
0.14909359679639664
0.12833951115120398
0.14161296788772543
0.10767833132233497
0.139059845104641
0.13220508767151984
0.12901805595237534
0.18608217269968674
0.1322123350438329
0.14208510336624394
0.10958163362911238
0.0937130376936073
0.10417366974768576
0.12797284128831676
0.1357880500168015
0.12080957457347902
0.14529259653212218
0.1081661686846945
0.10688399583608779
0.11134006566173772
0.1251307654711965
0.09446066200475776
0.11308836305019829
0.17835703559453597
0.11476117431812835
0.10053206272951697
0.09763861783206744
0.1187846579060745
0.08557275136440316
0.10230515300298657
0.09336214125093652
0.08846727555676957
0.07995503025783607
0.09321187927511648
0.08963051110397154
0.10459983877307337
0.10985895374538737
0.08677851150921438
0.09506567890744197
0.07813127959347528
0.09394900245920969
0.06472489461054658
0.08642599851094465
0.0997305878615495
0.07460281850171825
0.10613494676137282
0.09817112750303754
0.09836866188216974
0.06496936578118298
0.07918844765585004
0.08831416720839676
0.07637719994456833
0.06561194893655532
0.06958125649957181
0.09295366809190597
0.07648752881011231
0.09781865507539902
0.09968008856000914
0.0720834605039165
0.08462625520686887
0.1006979801857447
0.07340082254721858
0.07546867576565303
0.0888772816980002
0.0828071801077652
0.08701498766851595
0.09836660258446721
0.07549085120136888
0.0730054402892637
0.07415576846539682
0.07646551864216744
0.047269462273972364
0.08880894020128723
0.06929188594520432
0.08787023822189786
0.06605691582017607
0.09487407652041023
0.06179289281504519
0.1042439164723576
0.07240969492563769
0.07007126050397401
0.04633599943809914
0.08927825327477659
0.08076329132820263
0.055197313242048705
0.07006098569073306
0.077825112997933
0.12935879082346854
0.06651982797089881
0.09077480566226652
0.04439266843338813
0.05103702392257916
0.06644655991090391
0.06132298761878209
0.05777940251448517
0.09053336976372413
0.0642568884900892
0.06290312598665099
0.06877077310884235
0.05415892086027578
0.05129972257571066
0.09375410926747846
0.1001006929619475
0.06453126139329665
0.07781076197228627
0.05992090031124752
0.07465021527936001
0.046648895571320174
0.11585630036033083
0.04404308213011841
0.04804932510669644
0.05420357946161534
0.05719860667116535
0.06693669183347536
0.09195147727900953
0.07128779655511264
0.06106818483031932
0.05468256825815726
0.05775001990634593
0.07907639773115559
0.07506227390178778
0.059671034472557394
0.04710143921159395
0.057506575820934186
0.050929007753644576
0.06633405670344728
0.07060882905028633
0.07117253901553373
0.06059846737230814
0.06458669447484836
0.04814691386808005
0.04331555118574097
0.04165221708885031
0.0435998658448898
0.046027216095610494
0.0653876061129636
0.052858511413120486
0.04434089983383092
0.045300573632950675
0.06679730123024064
0.03424836472499004
0.027263723061854702
0.07133018405369324
0.03922242765499031
0.04184168600079898
0.0290760574563081
0.03895009541525247
0.05737563232066434
0.07333180940552714
0.05539299558744564
0.06661327496223755
0.04571673186445169
0.0578196909297734
0.05170072657049824
0.06984319037565945
0.03197079265771378
0.0489827425308511
0.057393834063222904
0.056065112863804785
0.062185253057761646
0.06735572404135347
0.031214873847024677
0.04615901954498056
0.040529541316730984
0.03702271275039607
0.035318464693598915
0.04988668201449758
0.060663451851056725
0.0626638065475584
0.02791050147766956
0.034937206070850595
0.020896024248893984
0.06022960474357274
0.04688665434638747
0.05818383115340595
0.030230639014913685
0.0355142275043624
0.06512378546404979
0.04259687112134558
0.04991506276417566
0.04547727234170664
0.03643638832707326
0.020683594613988752
0.035961536798464255
0.06211697291127461
0.03226133553086035
0.052758096897436296
0.03736697090888533
0.04825694847138793
0.05588406474351586
0.03606527728070314
0.04752092474881464
0.025602884408007603
0.031648168558811314
0.05200174161216769
0.028651330182196184
0.03851326579589868
0.029928862979888744
0.028836237097427057
0.04585128334399487
0.042609742604683684
0.03240416671155262
0.030919192077937953
0.06417775765463592
0.06029248755105741
0.04634112547269439
0.06657549163509922
0.040329367643579764
0.038331005301323155
0.04808548442119341
0.0300791074650795
0.04390017458995913
