2.3038341999053955
2.2907772064208984
2.2663371562957764
2.2121477127075195
2.1235103607177734
1.9636967182159424
1.7285778522491455
1.4005744457244873
0.9956633448600769
0.6054407358169556
0.2990192770957947
0.14796952903270721
0.10636857897043228
0.041509054601192474
0.020137090235948563
0.004161861725151539
0.02464265748858452
0.00030389433959499
0.0033813349436968565
0.024090074002742767
1.19802689368953e-05
0.0004747618513647467
0.09245222806930542
5.3166818361205515e-06
0.5094830393791199
3.0097575290710665e-05
4.875542799709365e-06
0.0007008862448856235
0.2764548361301422
0.0003477187710814178
0.0020281996112316847
0.02650333382189274
0.00024087056226562709
1.3696689165954012e-05
1.1884818377438933e-05
2.0157698600087315e-05
0.00018279724463354796
0.008083036169409752
0.004323633387684822
0.0006058955332264304
0.0005672075785696507
0.0008023333502933383
0.0010090726427733898
0.0011405154364183545
0.0011996201938018203
0.001229014596901834
0.0012682072119787335
0.0013144980184733868
0.0012874534586444497
0.0011358895571902394
0.0009049357613548636
0.0007023705402389169
0.0005527973407879472
0.0004329647053964436
0.0003467583446763456
0.0003131752018816769
0.0003386585449334234
0.0003866268671117723
0.00038859545020386577
0.00033089114003814757
0.0002548391348682344
0.0001931692531798035
0.00015082696336321533
0.00012203738879179582
0.0001011109707178548
8.504618017468601e-05
7.255624223034829e-05
6.295005732681602e-05
5.589412830886431e-05
5.078077083453536e-05
4.6418197598541155e-05
4.2770709114847705e-05
3.8884772948222235e-05
3.484384069452062e-05
3.0695598979946226e-05
2.6678448193706572e-05
2.2983116650721058e-05
1.9764574972214177e-05
1.727316339383833e-05
1.5318179066525772e-05
1.3756574844592251e-05
1.258835254702717e-05
1.1670466847135685e-05
1.093138871510746e-05
1.0335357728763483e-05
9.775085345609114e-06
9.238652637577616e-06
8.666456778883003e-06
8.082337444648147e-06
7.569743502244819e-06
7.1644353738520294e-06
6.75912724545924e-06
6.425343599403277e-06
6.1750056374876294e-06
5.960430826235097e-06
5.7339357226737775e-06
5.543203315028222e-06
5.38823314855108e-06
5.197501195652876e-06
5.030610282119596e-06
4.899481155007379e-06
4.792193976754788e-06
4.6849067985021975e-06
4.601461569109233e-06
4.494174390856642e-06
4.3868867578567006e-06
4.363045263744425e-06
4.267678377800621e-06
4.2080737330252305e-06
4.1603902900533285e-06
4.124627594137564e-06
4.100785645277938e-06
4.076944605913013e-06
4.02926070819376e-06
3.993498467025347e-06
3.981577719969209e-06
3.957736225856934e-06
3.957736225856934e-06
3.9219735299411695e-06
3.933894731744658e-06
3.933894731744658e-06
3.933894731744658e-06
3.9219739846885204e-06
3.9219739846885204e-06
3.933894731744658e-06
3.933895186492009e-06
3.9219739846885204e-06
3.957736680604285e-06
3.957736680604285e-06
3.969657882407773e-06
3.945816388295498e-06
3.9577371353516355e-06
3.981578629463911e-06
3.981578629463911e-06
3.981579084211262e-06
3.981579084211262e-06
3.969658337155124e-06
3.981579084211262e-06
4.005421033070888e-06
3.9934998312674e-06
3.981579084211262e-06
3.981579084211262e-06
3.9577371353516355e-06
3.969657882407773e-06
3.957737590098986e-06
3.957737590098986e-06
3.969657882407773e-06
3.945816388295498e-06
3.933896095986711e-06
3.921974439435871e-06
3.9100541471270844e-06
3.898133400070947e-06
3.898132945323596e-06
3.8623707041551825e-06
3.850449957099045e-06
3.838528755295556e-06
3.850449957099045e-06
3.838528755295556e-06
3.826608008239418e-06
3.8027665141271427e-06
3.7908455396973295e-06
3.790845312323654e-06
3.7908455396973295e-06
3.7670038182113785e-06
3.7550828437815653e-06
3.7431614146044012e-06
3.743161869351752e-06
3.7193203752394766e-06
3.7193203752394766e-06
3.7073994008096633e-06
3.6835576793237124e-06
3.659716185211437e-06
3.659715730464086e-06
3.6477947560342727e-06
3.6358742363518104e-06
3.623953261921997e-06
3.612032287492184e-06
3.6120331969868857e-06
3.5881907933799084e-06
3.588190566006233e-06
3.576270273697446e-06
3.5881907933799084e-06
3.5643490718939574e-06
3.540507577781682e-06
3.540507577781682e-06
3.528586148604518e-06
3.5166660836694064e-06
3.5166656289220555e-06
3.4809031603799667e-06
3.49282413480978e-06
3.504745109239593e-06
3.4928239074361045e-06
3.4809031603799667e-06
3.4809029330062913e-06
3.4451409192115534e-06
3.4332194900343893e-06
3.421298515604576e-06
3.421298970351927e-06
3.3974574762396514e-06
3.3974570214923006e-06
