2.304978609085083
2.299103260040283
2.2919976711273193
2.2805421352386475
2.263089179992676
2.2354817390441895
2.195431709289551
2.135186195373535
2.052647352218628
1.9409034252166748
1.7980310916900635
1.615859031677246
1.3907723426818848
1.1361931562423706
0.8652046322822571
0.6194661259651184
0.41559743881225586
0.2772523760795593
0.18902602791786194
0.13416936993598938
0.12290811538696289
0.15272068977355957
0.04766690358519554
0.13410240411758423
0.030784225091338158
0.10835174471139908
0.016727762296795845
0.020619481801986694
0.04636109247803688
0.0023712662514299154
0.011115839704871178
0.034223638474941254
0.01072022970765829
0.0016929218545556068
0.000621183542534709
0.0008148616179823875
0.0027103032916784286
0.007120788097381592
0.003890376538038254
0.0009288837900385261
0.0002380390651524067
9.32723778532818e-05
5.410065205069259e-05
4.02760342694819e-05
3.4221902751596645e-05
3.206487963325344e-05
3.2720447052270174e-05
3.5592613130575046e-05
4.06216386181768e-05
4.743781028082594e-05
5.5921653256518766e-05
6.556046719197184e-05
7.58536480134353e-05
8.616964623797685e-05
9.584148938301951e-05
0.00010419052705401555
0.00011056203948101029
0.00011469443415990099
0.00011632593668764457
0.00011548048496479169
0.00011238424485782161
0.00010763252066681162
0.00010174910130444914
9.496008715359494e-05
8.771800639806315e-05
8.034437632886693e-05
7.31251057004556e-05
6.532155384775251e-05
5.522971696336754e-05
4.281320798327215e-05
2.9596722015412524e-05
1.8130802345694974e-05
1.0216012924502138e-05
5.8531181821308564e-06
3.719305141203222e-06
2.670273261173861e-06
2.1457581169670448e-06
2.1457594812090974e-06
3.433199935898301e-06
6.079547347326297e-06
5.757694907515543e-06
3.492799123705481e-06
2.0623128875740804e-06
1.4543501265507075e-06
1.2278533176868223e-06
1.1324860906825052e-06
1.1563278121684561e-06
1.1682487865982694e-06
1.215932343257009e-06
1.3232204310043016e-06
1.418587544321781e-06
1.5020335695226095e-06
1.6093214298962266e-06
1.6808465943540796e-06
1.8000552017838345e-06
1.8477385310688987e-06
1.9192634681530762e-06
1.9431051896390272e-06
1.9431051896390272e-06
1.931184215209214e-06
1.907342493723263e-06
1.8715802525548497e-06
1.82389669589611e-06
1.764292619554908e-06
1.6808465943540796e-06
1.6212422906392021e-06
1.5497171261813492e-06
1.4781919617234962e-06
1.4066666835788055e-06
1.347062379863928e-06
1.2755369880323997e-06
1.2278535450604977e-06
1.2040118235745467e-06
1.156328266915807e-06
1.1205654573132051e-06
1.0848028750842786e-06
1.0728820143413031e-06
1.037119318425539e-06
1.0251984576825635e-06
1.0013566225097748e-06
1.0013566225097748e-06
9.77514787336986e-07
9.536730658510351e-07
9.417520914212218e-07
9.536730658510351e-07
9.536730658510351e-07
9.536730658510351e-07
9.655939265940106e-07
9.655939265940106e-07
9.655939265940106e-07
9.655939265940106e-07
9.655939265940106e-07
9.775149010238238e-07
9.894357617667993e-07
9.89435875453637e-07
9.894357617667993e-07
1.0013566225097748e-06
1.0013566225097748e-06
1.0132774832527502e-06
1.0013566225097748e-06
1.0132774832527502e-06
1.0132774832527502e-06
1.0251984576825635e-06
1.037119318425539e-06
1.0490401791685144e-06
1.0490401791685144e-06
1.0490400654816767e-06
1.0490401791685144e-06
1.0490400654816767e-06
1.0490400654816767e-06
1.0490401791685144e-06
1.06096103991149e-06
1.0728820143413031e-06
1.0728820143413031e-06
1.0609611535983277e-06
1.06096103991149e-06
1.06096103991149e-06
1.0490400654816767e-06
1.0490400654816767e-06
1.0371192047387012e-06
1.0251984576825635e-06
1.0251984576825635e-06
1.0251984576825635e-06
1.0251984576825635e-06
1.0251984576825635e-06
1.0251984576825635e-06
1.0251983439957257e-06
1.0132774832527502e-06
1.0132774832527502e-06
1.0132774832527502e-06
1.0251984576825635e-06
1.0251984576825635e-06
1.0251984576825635e-06
1.0251984576825635e-06
1.0251984576825635e-06
1.0251984576825635e-06
1.0251984576825635e-06
1.037119318425539e-06
1.0251984576825635e-06
1.0251983439957257e-06
1.0251984576825635e-06
1.0251984576825635e-06
1.0132774832527502e-06
1.0251984576825635e-06
1.0251984576825635e-06
1.0251984576825635e-06
1.037119318425539e-06
1.037119318425539e-06
1.037119318425539e-06
1.037119318425539e-06
1.037119318425539e-06
1.0251984576825635e-06
1.0251984576825635e-06
1.0251984576825635e-06
1.0251984576825635e-06
1.0251984576825635e-06
1.0251984576825635e-06
1.0251984576825635e-06
1.0251984576825635e-06
1.0251984576825635e-06
