0.26673078536987305, 0.0015587307279929519, 0.08572953939437866 
1.29434335231781, 0.0020507092121988535, 0.06988200545310974 
1.2518013715744019, 0.00045575713738799095, 0.057586297392845154 
1.5316548347473145, 0.00045753864105790854, 0.039070867002010345 
1.2789896726608276, 0.00019233855709899217, 0.034916993230581284 
2.6502857208251953, 0.00019219743262510747, 0.03431234136223793 
1.2789020538330078, 5.7237415603594854e-05, 0.01727747730910778 
1.3209553956985474, 3.907813152181916e-05, 0.01511155441403389 
1.2241673469543457, 4.5309785491554067e-05, 0.015301707200706005 
1.3496851921081543, 4.443270881893113e-05, 0.019842620939016342 
1.858718991279602, 4.376726064947434e-05, 0.01848130114376545 
1.1708558797836304, 2.9427539629978128e-05, 0.017983149737119675 
1.7127033472061157, 3.468795694061555e-05, 0.007125335279852152 
1.133714199066162, 2.390562804066576e-05, 0.007172648794949055 
1.0001225471496582, 2.3640077415620908e-05, 0.009293106384575367 
1.1685882806777954, 3.171509160893038e-05, 0.00870673917233944 
1.3695275783538818, 6.0932012274861336e-05, 0.010153030045330524 
1.5839728116989136, 3.285182538093068e-05, 0.009662900120019913 
1.1128679513931274, 3.5199067497160286e-05, 0.008526958525180817 
0.7049791216850281, 2.5908737370627932e-05, 0.00958135537803173 
0.8919486403465271, 2.3973023417056538e-05, 0.00977248977869749 
0.6484061479568481, 0.00011375073518138379, 0.027279309928417206 
0.5914136171340942, 5.2693103498313576e-05, 0.020227210596203804 
0.4663029611110687, 4.2864627175731584e-05, 0.015225312672555447 
0.6324979066848755, 2.8785147151211277e-05, 0.015963543206453323 
0.6758978962898254, 3.741015461855568e-05, 0.011624393984675407 
0.5058652758598328, 2.2412832549889572e-05, 0.011812472715973854 
0.8949618339538574, 1.8696415281738155e-05, 0.007646964862942696 
0.8143863081932068, 2.898646198445931e-05, 0.00976875051856041 
0.6356679201126099, 2.9474687835318036e-05, 0.012087468057870865 
0.8020820021629333, 1.979818262043409e-05, 0.010479710064828396 
0.8131704330444336, 1.1958249160670675e-05, 0.008552571758627892 
0.6478988528251648, 1.4801507859374397e-05, 0.008673583157360554 
0.8183693289756775, 1.2573176718433388e-05, 0.010752912610769272 
0.34256473183631897, 8.861810783855617e-06, 0.007748784963041544 
0.6528145670890808, 1.4000570445205085e-05, 0.011145070195198059 
0.9707368016242981, 1.2398290891724173e-05, 0.010239924304187298 
0.7914740443229675, 1.9859564417856745e-05, 0.01341563556343317 
0.5804935097694397, 9.141870577877853e-06, 0.010119657032191753 
0.7418564558029175, 1.3629630302602891e-05, 0.01021623332053423 
0.4856645166873932, 1.119362423196435e-05, 0.011794992722570896 
0.6832476854324341, 1.8337794244871475e-05, 0.014612491242587566 
0.7891398668289185, 2.237901571788825e-05, 0.014432132244110107 
1.0060608386993408, 2.4135526473401114e-05, 0.015876395627856255 
0.9850127100944519, 3.6241330235498026e-05, 0.01701769046485424 
0.9712531566619873, 4.2378764192108065e-05, 0.02325315959751606 
0.7930386662483215, 6.84685874148272e-05, 0.02628239430487156 
1.4908430576324463, 0.000291995209408924, 0.08133789896965027 
0.7882108092308044, 0.0003908195358235389, 0.08441391587257385 
1.9421764612197876, 0.000772929925005883, 0.12497220188379288 
1.4454491138458252, 0.0019200533861294389, 0.15897051990032196 
0.6579784154891968, 0.002218409441411495, 0.20455266535282135 
1.1751742362976074, 0.003796171396970749, 0.2058759182691574 
1.2466989755630493, 0.003589765867218375, 0.27511727809906006 
0.5201770663261414, 0.004366859793663025, 0.2514214515686035 
0.7459843158721924, 0.0065987897105515, 0.3002539277076721 
0.9071003198623657, 0.00746228126809001, 0.3295440375804901 
1.3631587028503418, 0.009329144842922688, 0.2699434459209442 
0.8798789381980896, 0.012319089844822884, 0.4530404210090637 
1.5913087129592896, 0.015365270897746086, 0.4196474552154541 
1.35997474193573, 0.021258728578686714, 0.5661181807518005 
1.113694190979004, 0.018951639533042908, 0.4944189786911011 
1.0141254663467407, 0.0333542563021183, 0.5655452609062195 
1.6017460823059082, 0.03011949732899666, 0.8239223957061768 
1.86167311668396, 0.035267822444438934, 0.6113077998161316 
3.3934550285339355, 0.03699594736099243, 1.080056071281433 
1.2635514736175537, 0.028713611885905266, 0.6559247374534607 
2.0541422367095947, 0.037299223244190216, 1.000866413116455 
2.1033310890197754, 0.0445595346391201, 0.9310163259506226 
3.2277936935424805, 0.041134875267744064, 1.0888073444366455 
2.2087960243225098, 0.04029657691717148, 0.8394752740859985 
3.278841972351074, 0.04831857234239578, 0.9013141989707947 
2.5346121788024902, 0.03987124562263489, 0.9697679877281189 
1.5911145210266113, 0.04228835180401802, 0.6098120808601379 
2.3734142780303955, 0.053332507610321045, 1.1602495908737183 
1.4041951894760132, 0.04305252805352211, 0.7460585236549377 
1.6441584825515747, 0.05421812832355499, 0.8543093204498291 
2.2740559577941895, 0.05301506444811821, 1.027772068977356 
3.2348670959472656, 0.044634006917476654, 1.1029120683670044 
1.8191936016082764, 0.05636952072381973, 1.3842402696609497 
1.3384829759597778, 0.0730707198381424, 1.054831624031067 
2.8929154872894287, 0.06028193235397339, 0.9160823225975037 
2.5781867504119873, 0.05404201149940491, 0.780158519744873 
4.148584365844727, 0.05933345481753349, 1.004231572151184 
3.187758207321167, 0.06585649400949478, 1.202497959136963 
6.134748935699463, 0.07665093243122101, 1.0683391094207764 
3.166184186935425, 0.06618195027112961, 1.310715675354004 
2.472170114517212, 0.04782022535800934, 1.5298352241516113 
2.6743295192718506, 0.07591324299573898, 0.9301261901855469 
4.656661510467529, 0.08051606267690659, 1.3928742408752441 
2.9045403003692627, 0.10146737098693848, 1.089492678642273 
7.479990482330322, 0.06685977429151535, 0.9687698483467102 
4.432727336883545, 0.07684791088104248, 1.2554525136947632 
4.931023120880127, 0.06288281828165054, 1.213221788406372 
2.7890937328338623, 0.07144387811422348, 1.3936148881912231 
3.1703312397003174, 0.08583993464708328, 0.9721577167510986 
2.3209726810455322, 0.05981433019042015, 1.175721526145935 
6.065690517425537, 0.07690878212451935, 1.2880891561508179 
5.6157965660095215, 0.0790998563170433, 1.0829094648361206 
8.134982109069824, 0.11296955496072769, 1.0582008361816406 
7.90936803817749, 0.07806941866874695, 2.1279122829437256 
4.129979610443115, 0.05718501657247543, 0.7793436646461487 
3.7880125045776367, 0.1044934019446373, 1.1761069297790527 
9.329790115356445, 0.0753558948636055, 1.1244703531265259 
6.283074855804443, 0.07840513437986374, 1.6288642883300781 
6.509072780609131, 0.07249537855386734, 1.4131337404251099 
4.840961933135986, 0.06877092272043228, 1.7186576128005981 
14.284140586853027, 0.06928326934576035, 1.5604217052459717 
4.320866584777832, 0.07252572476863861, 1.1769318580627441 
6.360360622406006, 0.0916796401143074, 1.527777910232544 
11.766956329345703, 0.05872263014316559, 1.3687011003494263 
3.4300966262817383, 0.07567504048347473, 1.338183045387268 
8.083403587341309, 0.07844404131174088, 1.9048283100128174 
5.956236362457275, 0.07561639696359634, 1.1258516311645508 
7.989382266998291, 0.07164370268583298, 1.2121953964233398 
5.090334415435791, 0.07176472991704941, 1.2272140979766846 
10.62042236328125, 0.08841229230165482, 1.3856568336486816 
10.107314109802246, 0.07454165071249008, 1.393174171447754 
4.207629203796387, 0.09030773490667343, 1.3688360452651978 
6.958583354949951, 0.07967853546142578, 1.501647710800171 
6.508347511291504, 0.07831214368343353, 1.3261175155639648 
8.735729217529297, 0.09017065167427063, 1.0348602533340454 
9.947619438171387, 0.07935632765293121, 1.688734769821167 
13.081592559814453, 0.07970286905765533, 1.0280712842941284 
7.4342193603515625, 0.08533385396003723, 1.2552390098571777 
10.413643836975098, 0.10150548070669174, 1.073441743850708 
17.246231079101562, 0.07245845347642899, 1.085191249847412 
11.591231346130371, 0.0910739079117775, 1.6597521305084229 
9.152188301086426, 0.07521546632051468, 1.3900755643844604 
13.342576026916504, 0.11793185770511627, 1.829337239265442 
19.06215476989746, 0.13753485679626465, 1.865090012550354 
11.514290809631348, 0.0778084397315979, 1.1768651008605957 
16.64826202392578, 0.08626000583171844, 1.320790410041809 
9.768387794494629, 0.07203540951013565, 1.6310474872589111 
8.229890823364258, 0.07667315006256104, 1.2953667640686035 
12.292350769042969, 0.09042499214410782, 1.3799192905426025 
12.009934425354004, 0.08443313837051392, 1.5024312734603882 
14.07783317565918, 0.0778808444738388, 1.3679202795028687 
16.618303298950195, 0.11122632026672363, 1.3737657070159912 
28.007333755493164, 0.08262268453836441, 1.5317625999450684 
8.895599365234375, 0.1102672666311264, 1.364942193031311 
15.647652626037598, 0.10693851113319397, 1.4337527751922607 
17.228065490722656, 0.09809709340333939, 1.190921425819397 
21.18912124633789, 0.10352560877799988, 1.7795729637145996 
25.828304290771484, 0.10699765384197235, 1.6403497457504272 
16.669748306274414, 0.11167700588703156, 1.311080813407898 
18.389358520507812, 0.10122453421354294, 2.0128190517425537 
9.869112014770508, 0.08954557776451111, 2.0983572006225586 
20.12290382385254, 0.13177095353603363, 1.223900556564331 
23.955034255981445, 0.09251395612955093, 1.2996641397476196 
8.311356544494629, 0.10410299897193909, 1.5852792263031006 
17.70938491821289, 0.07680723071098328, 1.3424620628356934 
7.522940158843994, 0.08294501900672913, 1.854860544204712 
18.189590454101562, 0.11347130686044693, 1.6135400533676147 
20.866792678833008, 0.07865910977125168, 1.3510158061981201 
19.118412017822266, 0.11857383698225021, 1.5656079053878784 
11.909355163574219, 0.09712161868810654, 1.7351491451263428 
29.645782470703125, 0.12176338583230972, 1.4092479944229126 
24.01680564880371, 0.09801896661520004, 1.6249068975448608 
23.991233825683594, 0.08391048014163971, 1.68903648853302 
16.28856658935547, 0.12218453735113144, 1.3427362442016602 
14.235538482666016, 0.094607412815094, 1.8126250505447388 
16.418682098388672, 0.09302157908678055, 0.8379858136177063 
65.26900482177734, 0.10567965358495712, 1.2693558931350708 
20.96286392211914, 0.14649102091789246, 1.4307726621627808 
17.612871170043945, 0.09215960651636124, 1.3206959962844849 
29.76410484313965, 0.1621267944574356, 1.2166717052459717 
21.798336029052734, 0.11960316449403763, 1.6835908889770508 
42.21828079223633, 0.10221520811319351, 1.423783779144287 
34.84679412841797, 0.10130517929792404, 1.3673940896987915 
46.75507736206055, 0.08799287676811218, 2.543900728225708 
20.997148513793945, 0.0835806205868721, 1.7870593070983887 
25.479835510253906, 0.13131970167160034, 1.8473702669143677 
37.073055267333984, 0.10679107159376144, 1.49775230884552 
13.561484336853027, 0.11735434830188751, 2.6066300868988037 
28.65374183654785, 0.09139209985733032, 1.2670923471450806 
41.83858871459961, 0.10773010551929474, 1.627748966217041 
42.44089889526367, 0.09848305583000183, 1.5855112075805664 
24.519201278686523, 0.10254590958356857, 2.0323405265808105 
45.873451232910156, 0.08469178527593613, 1.91336989402771 
39.08412551879883, 0.09846650809049606, 1.0004955530166626 
19.699357986450195, 0.10154050588607788, 1.2258590459823608 
25.0570068359375, 0.1013416200876236, 1.5252841711044312 
44.4006462097168, 0.09723927080631256, 1.915366530418396 
71.25228881835938, 0.1147853285074234, 1.3672839403152466 
65.84354400634766, 0.10972656309604645, 1.5462015867233276 
29.46436882019043, 0.12824851274490356, 1.2286791801452637 
30.150352478027344, 0.1102059856057167, 2.25020170211792 
71.13006591796875, 0.08658763021230698, 1.9014135599136353 
38.05416488647461, 0.10839208215475082, 2.1924054622650146 
28.587749481201172, 0.08451766520738602, 1.3274496793746948 
40.393348693847656, 0.11295026540756226, 1.5330909490585327 
56.50689697265625, 0.11759386211633682, 2.0240721702575684 
24.322568893432617, 0.13882221281528473, 1.9714022874832153 
46.85212326049805, 0.11042103916406631, 1.6837174892425537 
57.2914924621582, 0.10626982897520065, 2.2098634243011475 
52.540958404541016, 0.1378844976425171, 1.5349671840667725 
46.17683410644531, 0.11002881079912186, 1.656915545463562 
67.18186950683594, 0.11679443717002869, 1.5539392232894897 
29.885358810424805, 0.11297312378883362, 1.403577446937561 
27.935089111328125, 0.12556800246238708, 1.8763442039489746 
59.004940032958984, 0.13978272676467896, 1.8466335535049438 
23.038867950439453, 0.09937643259763718, 1.7048897743225098 
23.879228591918945, 0.11179006844758987, 3.1280508041381836 
26.24853515625, 0.15804891288280487, 1.420754075050354 
40.48744201660156, 0.1307944655418396, 1.375607967376709 
28.04556655883789, 0.11999189108610153, 1.1913470029830933 
28.760517120361328, 0.12414908409118652, 1.148877739906311 
20.951717376708984, 0.11818977445363998, 1.5388844013214111 
48.58540725708008, 0.1182064339518547, 1.2902309894561768 
53.07377624511719, 0.10110819339752197, 1.286690592765808 
20.683950424194336, 0.11587527394294739, 1.4307328462600708 
33.54054260253906, 0.12603731453418732, 2.4939637184143066 
67.9034652709961, 0.13750551640987396, 2.0842959880828857 
25.606685638427734, 0.14379385113716125, 1.8612977266311646 
46.397972106933594, 0.15556515753269196, 1.7806745767593384 
42.73057556152344, 0.12840108573436737, 1.6411491632461548 
47.69823455810547, 0.09189540892839432, 1.1253952980041504 
66.24848175048828, 0.1546674221754074, 1.4054659605026245 
49.670494079589844, 0.1282011717557907, 1.7997292280197144 
47.24477767944336, 0.11554459482431412, 1.4341120719909668 
32.24735641479492, 0.11032892763614655, 1.3529932498931885 
24.238615036010742, 0.135506734251976, 0.898853600025177 
105.58663940429688, 0.12393224239349365, 1.9866102933883667 
38.93193817138672, 0.11322415620088577, 1.826921820640564 
34.16999053955078, 0.13869710266590118, 1.558791160583496 
21.992923736572266, 0.11047104746103287, 2.3771860599517822 
27.624120712280273, 0.1228136271238327, 1.9135956764221191 
31.918071746826172, 0.1234559640288353, 1.4261527061462402 
39.850406646728516, 0.09011354297399521, 1.5488203763961792 
84.49481964111328, 0.12410462647676468, 1.8017323017120361 
39.81167984008789, 0.13220873475074768, 1.3538932800292969 
47.326019287109375, 0.11543005704879761, 1.301870346069336 
36.02617263793945, 0.1311507672071457, 1.3316951990127563 
30.310806274414062, 0.14000572264194489, 2.3728978633880615 
67.95289611816406, 0.13016466796398163, 1.4547336101531982 
51.81146240234375, 0.21994736790657043, 1.4378210306167603 
33.16952896118164, 0.16600996255874634, 3.0469422340393066 
212.82418823242188, 0.15487715601921082, 2.733036756515503 
27.482730865478516, 0.1236654743552208, 1.8354480266571045 
88.00397491455078, 0.11624609678983688, 1.6856051683425903 
23.25715446472168, 0.14759743213653564, 1.310454249382019 
28.189128875732422, 0.12557390332221985, 1.358302116394043 
43.96513748168945, 0.11912868916988373, 1.9488143920898438 
43.23769760131836, 0.16234277188777924, 0.8205528259277344 
131.6690216064453, 0.1535784900188446, 1.9148153066635132 
44.394447326660156, 0.12970931828022003, 2.008695125579834 
161.78729248046875, 0.14835092425346375, 1.2574851512908936 
56.88819122314453, 0.15795888006687164, 2.3277766704559326 
55.88434600830078, 0.1397467404603958, 2.3407020568847656 
103.9997329711914, 0.13515296578407288, 2.1932456493377686 
23.78147315979004, 0.15449148416519165, 1.4159618616104126 
105.6578140258789, 0.11398842185735703, 2.145336866378784 
24.448270797729492, 0.1384020447731018, 2.319061756134033 
36.94675064086914, 0.12627801299095154, 1.98121178150177 
144.97462463378906, 0.1257447749376297, 3.6631019115448 
32.21700668334961, 0.1456979215145111, 1.566247820854187 
51.36503982543945, 0.12732666730880737, 1.5623791217803955 
191.7605743408203, 0.14043642580509186, 1.341756820678711 
34.3769645690918, 0.11523595452308655, 1.4350638389587402 
66.59455108642578, 0.10444802045822144, 2.4305262565612793 
40.80385208129883, 0.13944034278392792, 2.740050792694092 
42.574703216552734, 0.13388504087924957, 2.314561605453491 
37.296478271484375, 0.11838804185390472, 1.475314974784851 
108.1960220336914, 0.12221401184797287, 2.430629253387451 
67.82896423339844, 0.148789644241333, 1.9542086124420166 
39.071048736572266, 0.14791247248649597, 1.7970120906829834 
55.65370178222656, 0.13964658975601196, 2.690243721008301 
183.21286010742188, 0.1301453709602356, 1.555107831954956 
47.05336380004883, 0.14116869866847992, 1.8972514867782593 
40.98276138305664, 0.13656850159168243, 1.6977237462997437 
20.798559188842773, 0.13997864723205566, 2.7451930046081543 
80.1943588256836, 0.12971088290214539, 1.6159749031066895 
57.37189483642578, 0.1713690310716629, 1.9466556310653687 
56.31793975830078, 0.11047626286745071, 1.5611824989318848 
62.00041961669922, 0.17149166762828827, 1.9023563861846924 
32.12091827392578, 0.11119014769792557, 1.5883909463882446 
29.891002655029297, 0.15458741784095764, 1.3005093336105347 
55.14680862426758, 0.14295834302902222, 4.456470489501953 
27.189395904541016, 0.121522918343544, 2.745110511779785 
95.99938201904297, 0.15561054646968842, 2.4792022705078125 
100.45366668701172, 0.12900155782699585, 1.134850263595581 
39.91596984863281, 0.13965536653995514, 1.718079686164856 
94.45681762695312, 0.13374139368534088, 1.545198678970337 
68.6915283203125, 0.1508735865354538, 1.8178449869155884 
41.234527587890625, 0.17875488102436066, 1.1980628967285156 
31.712902069091797, 0.14705556631088257, 2.843388080596924 
48.2705192565918, 0.16952578723430634, 2.819058656692505 
54.6329231262207, 0.15970219671726227, 3.7244715690612793 
75.47821807861328, 0.1350094974040985, 1.5457028150558472 
46.98045349121094, 0.17296046018600464, 1.0909724235534668 
47.38084030151367, 0.13802823424339294, 1.6952844858169556 
100.71749114990234, 0.14907234907150269, 2.230717658996582 
52.19841384887695, 0.15482623875141144, 2.2583041191101074 
79.10358428955078, 0.1316857933998108, 1.8874073028564453 
68.50753021240234, 0.16638925671577454, 1.4466218948364258 
148.48501586914062, 0.1536211520433426, 2.202622175216675 
83.25460815429688, 0.11928380280733109, 1.9748554229736328 
97.23609161376953, 0.13131442666053772, 1.5506701469421387 
63.24399948120117, 0.12722250819206238, 1.4770269393920898 
38.25331497192383, 0.18278849124908447, 2.106581687927246 
65.35795593261719, 0.11437032371759415, 2.5226311683654785 
57.515098571777344, 0.10806844383478165, 2.446878433227539 
75.6298828125, 0.16101577877998352, 1.7675694227218628 
63.30467987060547, 0.1699661761522293, 1.641830325126648 
64.67679595947266, 0.12367171794176102, 2.519733190536499 
146.04464721679688, 0.16170752048492432, 2.875065803527832 
88.31463623046875, 0.1336670070886612, 1.2735644578933716 
62.1804313659668, 0.15568497776985168, 2.488912343978882 
36.23207092285156, 0.1616334617137909, 1.9801667928695679 
48.42790222167969, 0.11515041440725327, 1.6760613918304443 
33.8414306640625, 0.15642809867858887, 0.9690472483634949 
48.656089782714844, 0.16827188432216644, 3.432248592376709 
81.95204162597656, 0.14991949498653412, 2.2014050483703613 
114.79652404785156, 0.145005464553833, 2.7049946784973145 
45.1932373046875, 0.1414715200662613, 2.723100423812866 
85.1595230102539, 0.13525444269180298, 1.8157330751419067 
106.89181518554688, 0.14554765820503235, 1.974744200706482 
84.82537841796875, 0.14540725946426392, 1.9476580619812012 
43.01482009887695, 0.15206116437911987, 1.808744192123413 
39.43613052368164, 0.16430895030498505, 1.9256510734558105 
128.12815856933594, 0.1343635469675064, 1.1531198024749756 
95.6643295288086, 0.15148751437664032, 2.6071503162384033 
43.571434020996094, 0.122421495616436, 1.878652572631836 
47.325096130371094, 0.13174103200435638, 2.4310989379882812 
56.189815521240234, 0.1897994875907898, 1.5347603559494019 
164.90789794921875, 0.1307864785194397, 1.4403568506240845 
75.70362091064453, 0.19120484590530396, 1.6898930072784424 
41.4495849609375, 0.1969156712293625, 1.6917006969451904 
78.8656234741211, 0.29075929522514343, 2.556046962738037 
87.7606430053711, 0.128672257065773, 2.5323612689971924 
110.54264068603516, 0.1617002636194229, 2.805295705795288 
39.45674133300781, 0.16416960954666138, 1.490841269493103 
135.6307373046875, 0.18906231224536896, 1.5986988544464111 
57.990440368652344, 0.19219571352005005, 1.7855732440948486 
34.64639663696289, 0.18047024309635162, 2.321199655532837 
95.08766174316406, 0.18305329978466034, 4.383141994476318 
142.9932098388672, 0.11906496435403824, 2.682004928588867 
77.41496276855469, 0.12429536879062653, 1.3177735805511475 
86.18949890136719, 0.11040300875902176, 1.1830693483352661 
78.99879455566406, 0.15583574771881104, 1.4509023427963257 
56.1494140625, 0.15186747908592224, 1.921272873878479 
81.78325653076172, 0.12362769991159439, 0.9384952783584595 
78.8785171508789, 0.15426096320152283, 2.8626832962036133 
518.790283203125, 0.15110361576080322, 2.893261432647705 
77.60382843017578, 0.1607086956501007, 3.432515859603882 
63.83698272705078, 0.13059616088867188, 2.0848257541656494 
68.21485900878906, 0.17999418079853058, 1.2333672046661377 
36.257205963134766, 0.1299915313720703, 1.4054845571517944 
66.15070343017578, 0.1545059233903885, 1.7366935014724731 
66.01333618164062, 0.1801881343126297, 2.0874927043914795 
215.46112060546875, 0.16724905371665955, 1.9091999530792236 
110.46435546875, 0.14956600964069366, 2.658787488937378 
427.7407531738281, 0.13432522118091583, 2.344855546951294 
92.61595153808594, 0.12801992893218994, 1.95051908493042 
55.33148193359375, 0.14038094878196716, 1.5210223197937012 
38.78212356567383, 0.20068007707595825, 1.854687213897705 
58.89093780517578, 0.2975882887840271, 1.3191148042678833 
144.79034423828125, 0.18240487575531006, 2.120499849319458 
75.03309631347656, 0.17576782405376434, 1.7469948530197144 
106.07717895507812, 0.14984813332557678, 2.0665786266326904 
47.169891357421875, 0.14018887281417847, 1.323060154914856 
58.39560317993164, 0.16533583402633667, 1.4158128499984741 
170.16590881347656, 0.15172350406646729, 3.4143950939178467 
58.1120719909668, 0.16335740685462952, 1.7685887813568115 
33.083194732666016, 0.18784861266613007, 1.3407686948776245 
96.0433349609375, 0.1755429357290268, 2.0650675296783447 
39.67518997192383, 0.13136987388134003, 1.3766415119171143 
56.717098236083984, 0.1475435495376587, 1.9907890558242798 
116.32775115966797, 0.2828236222267151, 1.283531665802002 
204.8120880126953, 0.18091505765914917, 2.281049966812134 
76.36997985839844, 0.24464941024780273, 2.9510273933410645 
181.7449188232422, 0.1275232583284378, 1.3728286027908325 
87.58309936523438, 0.161163330078125, 2.3396103382110596 
38.30497360229492, 0.15544891357421875, 3.722414493560791 
144.68328857421875, 0.14877387881278992, 1.5751533508300781 
98.35514831542969, 0.1854485720396042, 4.540672779083252 
53.588932037353516, 0.15097491443157196, 1.1956440210342407 
48.07975387573242, 0.14068575203418732, 1.0907762050628662 
64.31317138671875, 0.1468440443277359, 3.3779845237731934 
32.393558502197266, 0.15369528532028198, 1.5280674695968628 
108.49813842773438, 0.15021483600139618, 1.8637418746948242 
80.90435028076172, 0.13613195717334747, 2.004344940185547 
81.19580078125, 0.15333619713783264, 1.4605830907821655 
121.08226013183594, 0.18729017674922943, 1.6961424350738525 
89.97595977783203, 0.1425337791442871, 1.6839336156845093 
30.32350730895996, 0.1737719029188156, 2.088115930557251 
149.06748962402344, 0.14388972520828247, 4.092715263366699 
35.68590545654297, 0.15294623374938965, 1.1500838994979858 
47.31600570678711, 0.185623437166214, 1.8054734468460083 
85.91548919677734, 0.17483384907245636, 3.1402201652526855 
117.9319839477539, 0.179221972823143, 2.453878402709961 
195.83868408203125, 0.16537721455097198, 1.6690384149551392 
33.99800109863281, 0.1859315037727356, 1.4461452960968018 
38.85101318359375, 0.16309642791748047, 1.7359421253204346 
239.83506774902344, 0.16263863444328308, 1.7888574600219727 
222.12306213378906, 0.2315046489238739, 1.9340710639953613 
46.040748596191406, 0.26167961955070496, 1.5318961143493652 
136.09457397460938, 0.1748155951499939, 2.3099496364593506 
53.62273025512695, 0.15414081513881683, 1.8848990201950073 
