1.1384556373315198
1.2385704992590725
1.2922786930460988
1.1382197675908483
1.2870985146728344
1.0591468991711737
1.1815280795649246
1.1481313032473062
1.2520636891946197
1.1073643163474927
1.1261744228113129
1.178306081518531
1.0908691381990183
1.0452619158215337
1.2092886369062374
1.1424832623906251
1.1858252000982885
1.1963939692189054
1.2263790549710394
1.0661127974589666
1.1745250528542006
1.2653005719184875
1.1075131498822353
1.0752780075518438
1.2239962449031216
1.196798703403442
1.1314097557546972
1.2311345096677542
1.0861973597145662
1.069009499810636
1.220733277205574
1.302107722331316
1.1187278911556033
1.1733038631486303
1.1465692741796374
1.0607683610763738
1.1804477704035772
1.1243726316704807
1.1346542958492114
1.1362300641471292
1.0599501085467637
1.1932918055006017
1.0234117336571216
1.1212598393525344
1.208284910209477
1.1350194867251509
1.182197111658752
1.0379268625794456
1.0658807216621027
1.1047703981595605
1.1563194911461323
1.0623591459250148
0.9591657649271372
1.0835117497123206
1.0873751588552802
1.1031997598431729
1.1046696298755705
0.9772633284722504
1.0537104089989473
1.0403512903256342
1.0101690815785263
1.1351236019101811
1.086848939780468
0.9373820906298028
0.9967725326931929
1.0165865801973268
1.1086060192089442
0.9699334020231977
1.0407784103654416
1.051333378468241
1.01245259498246
1.0924114318521216
1.1105009664463092
1.225181815131933
0.9044973787470126
1.0097595010826617
1.0120533834255876
0.8883412396771055
0.883184132920696
0.9509474088885833
1.0619145333134559
0.9158239369548258
1.0032277803149927
1.042537442436896
0.9885678438558465
0.9466199991798185
0.9307800472619696
1.0119207863822395
1.0080837738655863
0.9701944757285724
0.9871618076449078
1.0338046111920405
0.9182436358466556
0.8574813501043028
0.9293283681912594
1.0966957501972778
0.9619809812335651
0.852252657605726
0.9301090481775728
0.9438818669052724
0.9445586147485301
1.0367368306097102
0.9529490680738385
0.76518749976177
0.9188863932155072
0.8719617075723731
0.865636435132928
0.8397102445274233
0.8577239530137445
0.8113908558116236
0.9964616367884446
0.853290691077219
0.9250532985406826
0.8867939530976181
0.8567485148427871
0.8053405473975441
0.7704728606290051
0.968107646076186
0.9169865240239434
0.9219790830512542
0.8129551549432636
0.8973774002522401
0.915972786139191
0.835515814995783
0.7971527120911976
0.8414766049932644
0.7551993084946188
0.8957868370485518
0.7498655573660393
0.8799173032453695
0.7265297505073249
0.8020949901854053
0.7838882528322076
0.8177253053393922
0.7323344415219253
0.8887146530488943
0.7529630202065164
0.7731968537646244
0.6643095895962183
0.9048603308852762
0.7092799700441814
0.8462831152085792
0.6240566482585741
0.6872907691973854
0.7935664297051348
0.7582172545817117
0.6738136342219725
0.7076475607449718
0.7215121582591494
0.6852288827700894
0.7360709510856661
0.777588244829629
0.7268914008895174
0.7231419881783336
0.684019572584878
0.6441980016052746
0.5776104320009836
0.6305688328726532
0.5923729033840363
0.7244234476183053
0.7843932642614189
0.6427303256538307
0.5843367676090013
0.6138304351634476
0.6861628872560867
0.5999348804542921
0.7768035548635654
0.55887098388651
0.5579537686614974
0.5700897467904724
0.5634478182314308
0.5626356233388368
0.6553741974759584
0.6108963419796853
0.6059525510817041
0.587102191704816
0.5973779505097528
0.5997261913435068
0.5437350194040035
0.44408243331657116
0.5265056731383083
0.5155427445781727
0.5781135110855324
0.5321517870062962
0.5043591882350495
0.5194888986521758
0.48788768348779965
0.5041750221760595
0.5017561940790934
0.545446830531416
0.5892736191809387
0.524419799035545
0.5597828562740688
0.5090600638287505
0.5764170344178795
0.47595628472164464
0.4514234214453254
0.5765204769337461
0.4768975900968499
0.44620624836084866
0.47601152347590414
0.4608035503075544
0.5045697320477422
0.4217065302965425
0.40343847867841715
0.49687345156776186
0.43407574038115576
0.4643996670040343
0.4153077668384734
0.47087745123690733
0.4256866347418348
0.4305925437231848
0.4509723418393211
0.37549253058457094
0.40743978224957444
0.38332659875110264
0.3743208499865971
0.5123391404305028
0.4228943806792385
0.41430228890744786
0.40146626250715817
0.38201424727224886
0.41498845417275404
0.43004364970838216
0.4405685310899999
0.43737640901088504
0.4536086205674413
0.5254335965699106
0.358629189784279
0.3536321064649107
0.3990319547825666
0.3946869898565451
0.4405021729211339
0.4693592592487716
0.3760043273238937
0.3409540854527798
0.3510810740722318
0.45302601366062617
0.3910955598795833
0.4004815744460174
0.42743895351455863
0.5558409637337821
0.45810372254804893
0.424548213393744
0.3425869565976483
0.3751724069598628
0.3472724201351094
0.3711603138357971
0.37611336386800287
0.3453413242183837
0.4213790020759206
0.3224440509336371
0.4067929160556111
0.3973910697595249
0.39254245225019985
0.36631413762600606
0.3888789578466946
0.29645181968825296
0.286629954660292
0.3637279974804267
0.38082195272898417
0.367732017875278
0.4074733472913637
0.39912943191577027
0.4269536117896266
0.3768066059780868
0.3304384001805572
0.2751380488924752
0.398077906153748
0.29019574053408037
0.2886777302613056
0.35861976840596477
0.39110116412494234
0.44985900990037936
0.37247382851018984
0.4501027844752275
0.38269940057624113
0.35019242400184813
0.3647770211026044
0.34909192340360495
0.34743002962599867
0.35326080268398025
0.3169116450025527
0.2715943848228637
0.3075047051614683
0.27429188532728405
0.4019930165341515
0.4134428301401546
0.2841215035025269
0.35566585484184543
0.3274803623914402
0.3689265549734345
0.3477073238506663
0.3182911458142952
0.3144131745139897
0.3430443388503839
0.3524449672637993
0.4020435917224339
0.43757296037142057
0.4132953762469342
0.24034555127027374
0.3430492847678911
0.2576608125436933
0.3282863195270646
0.22760761789721914
0.26254842961548863
0.3374426017830067
0.3322076651171698
0.27859313818388176
0.3852629063521256
0.3146377888590539
0.37305650989163464
0.24813513781383742
0.3363059947852839
0.30718736943369623
0.3270080252742726
0.29999278328331597
0.30533560728213727
0.2545245734338153
0.28371091583568314
0.2883123291058045
0.32049885589111954
0.2922247220033638
0.32985874242447344
0.28576908593376255
0.2961917046950307
0.3530616614280686
0.31367090051599544
0.2527148844873265
0.29061738817579424
0.23935921733191864
0.2845899384390647
0.3393154100182839
0.36638554398329387
0.41508463698123704
0.31274679368193986
0.31853712535134776
0.26528052211550657
0.3149796278079147
0.25876429071758184
0.29404179465013724
0.3309524613852024
0.30258687104070464
0.3102189864808609
0.3177300290062073
0.3402147971619209
0.3338489804846012
0.27830699529323577
0.31804183435416017
0.2527675660555427
0.24452451798315797
0.17792602298577032
0.2530326568351194
0.21278048009387435
0.27096536953562406
0.28602509779890195
0.33238517979367116
0.2345134717212993
0.34163019153328816
0.3852524415105647
0.23523951564201054
0.25959832849011516
0.2430288342771881
0.21446906592339865
0.3170812414307611
0.23125325029131663
0.2186782673990789
0.26853995326390895
0.2733811814882893
0.2297936642111139
0.26069477972997646
0.29969587396202835
0.2570754150986447
0.29300159954943295
0.26899881080601323
0.30872567184537425
0.37972648065007775
0.2701179259924929
0.26521654532334626
0.17074795666255682
0.19662831997908087
0.22589082454355885
0.20306217759319267
0.24823226001901033
0.2445294479717244
0.24637275067321363
0.1828236781544471
0.3287234260865095
0.2564873580684466
0.28775889927077053
0.3138845005917414
0.26396112963781765
0.22542811545069222
0.21446391833726627
0.24854726384230508
0.26725704210523415
0.31753048415376167
0.15030391576475424
0.38783802841952
0.32915213345338734
0.22372908515518072
0.23512229457823153
0.22624729981207264
0.23335847228323717
0.2592744818439725
0.28852597856534723
0.32817280813375793
0.19681872762719446
0.265872064992682
0.20445275238917676
0.24624755929467115
0.27519460177375094
0.23966254785484772
0.2503881542447283
0.2634364622631606
0.27917039155091505
0.21280533572319524
0.19432110267583017
0.22847015423049483
0.21835181768647693
0.22982863794468808
0.17348393987182487
0.1706338185459572
0.2248963304499466
0.26734742004504825
0.2844313998916841
0.21377701122163525
0.2790032410135529
0.2222493772486192
0.22626652790828908
0.23469246212536304
0.19286895977175567
0.1797528342432341
0.19631851127074856
0.21733882510375874
0.2751904145283769
0.2162107632612454
0.24866656794910155
0.2367985916533418
0.28578360193032787
0.21485082459606666
0.18622375916712605
0.1725095786873172
0.30737500320610284
0.22796549043999487
0.26756129933463907
0.14528669781907144
0.22215574972103697
0.19782252780931028
0.18000315184698967
0.19882536190373554
0.17853120698392064
0.24901659923825034
0.18513707588085362
0.1989111030941952
0.23501484167188727
0.22148488359915303
0.2317944983006722
0.16849648816068588
0.17517335197366396
0.22069682192478504
0.22101334165790623
0.1961176873092258
0.21569864832033717
0.16120887258056568
0.19204461151511473
0.15512483598425494
0.22083783108161015
0.2572981476817559
0.1828557380389005
0.17541647925193785
0.17703548757709592
0.15961892438349737
0.20764636840161052
0.22803639420596192
0.18795418914378675
0.17123856189465272
0.1348104347052758
0.18066874547150877
0.282560837522603
0.1807992196029379
0.26400383537220135
0.1990749877197193
0.2110840038241084
0.24458562256130156
0.2520033490264459
0.15518368439220023
0.1795774062126352
0.28794502866248367
0.1416948582207566
0.19762834308657712
0.24604109632994028
0.19310145763696826
0.15105278964747212
0.2016703379237791
0.1833802835734428
0.2866713741492831
0.2032820531636915
0.30951999136962094
0.16026992977466709
0.1296460194707713
0.17366212212491244
0.14563062836983456
0.18654544105310042
0.260826741569046
0.19652300702455455
0.15493940598056422
0.18596443362395607
0.12472433305985434
0.1855489468341715
0.12558751699218054
0.11360640033924385
0.2318078567877289
0.23525517605571644
0.22605124395202766
0.19959135834375447
0.17987197232840507
0.17689934714493227
0.11978749430287493
0.14335226448594746
0.1782049482251849
0.13697517591320602
0.17106920930553987
0.2582652152017231
0.1611575017926465
0.32813233658952046
0.2680046064587857
0.2212418042816202
0.2051725659293463
0.1762801038160897
0.11881955870361932
0.1420728983238745
0.2074140190872354
0.11477375651208836
0.20583767570092684
0.13015603957477465
0.19674429157553489
0.19727317217565127
0.23126535406784085
0.2532178870711149
0.19371312791304107
0.15612218489638396
0.1701801273776267
0.22101902757569594
0.1666422639557942
0.13836682061735867
0.29578011740225635
0.18558617729526736
0.12375648689664911
0.2738723785853723
0.2550934296776441
0.1132319455132852
0.14732011121201333
0.16874156840043356
0.21323962728256027
0.19972198665194596
0.14779174123644973
0.2223602401762885
0.19868124368492765
0.14311178189305682
0.1663362877915112
0.13898115895079108
0.14697480858118117
0.16238683709679474
0.16214779295154008
0.14655330530482583
0.24514240625941333
0.19419534791384424
0.133922744950694
0.14747526624135512
0.1329629871506643
0.20220293049240662
0.21882242140220498
0.1873569071504498
0.1176648878769104
0.17590974324682615
0.23094135794338183
0.1613208427701253
0.13999554022185787
0.16375650856717153
0.1944837649399805
0.14105413872863368
0.15762644385416716
0.1046617608549156
0.21154682280078277
0.164964846814085
0.14842166113852176
0.1335067053562174
0.1332126420901429
0.25633465804346484
0.14026898119761907
0.12321668988892895
0.1395366294796884
0.21159814264372023
0.20897229683227445
0.2624725897964136
0.21771722320774697
0.18513677497291936
0.09457195532830362
0.1547426400911352
0.20175296086578692
0.1815916360479038
0.08899857468537063
0.14559850466575205
0.1603395460596801
0.11892481429909672
0.2732371469761959
0.17925623447902303
0.14705029600051087
0.16608397123657112
0.19283952400336704
0.19673149027889872
0.1747052212228996
0.2010054839414098
0.1279869505756002
0.1622101199207806
0.16340527301931806
0.15164511640884396
0.17169552634414284
0.11772362990149603
0.152495864948427
0.1476201572161551
0.16550880859638525
0.22687709026935826
0.09489283337424259
0.15675273123852554
0.109633235166989
0.1116006024017727
0.17843357101350815
0.1155747220635446
0.141961411516699
0.18045800500501516
0.17283909251113055
0.2348935083120606
0.15932986660808796
0.2501458741445822
0.13203136734757914
0.13571818733420346
0.1433956008040539
0.15886307779693534
0.17475056639695086
0.11787566914270885
0.1896677373604493
0.1895047574996888
0.1057566595873162
0.21611656303184995
0.13061047206642262
0.2162681904975722
0.1485765024602716
0.15320842767307996
0.16534782491928363
0.1528339778300116
0.15587775365187692
0.10679731565900105
0.10353188158522608
0.1951476236931261
0.1458596529642408
0.18973837484962666
0.14486772143979337
0.22362828067893795
0.20167059421720915
0.1445181061949094
0.1632014893819012
0.16232278691575808
0.1278257250856615
0.1314395501067383
0.19715645467832987
0.08952772730328022
0.15116442570678038
0.16709627995019563
0.14482075824381632
0.14682603338236458
0.15633507588497592
0.18743734010219257
0.14626440262283666
0.12465216192423921
0.1459699884377726
0.17972020948597126
0.18172880505597291
0.12965142674185576
0.09453616325564573
0.132532037810732
0.18473528098250575
0.18146351222884735
0.186155078084265
0.0968669280714075
0.18923034654162385
0.20147568959415948
0.09347008657382737
0.15957257270455522
0.11875152337909095
0.11871270850921586
0.14119085227645883
0.20848761330095536
0.12960417214617548
0.16107527773513697
0.14149213740209024
0.16999634089494547
0.16949560510281533
0.156341660736142
0.14413807080676663
0.16440097852051605
0.13096284668261113
0.17154396834797309
0.12091540243818008
0.20011737604863425
0.14709878149784372
0.1382756794640165
0.11793179526934433
0.1131449278265576
0.19545884381522585
0.15329791267100473
0.14989498047897457
0.14944544044247138
0.11723122152558024
0.13159209312227294
0.18054259726241734
0.1579296722500061
0.15297239514655384
0.1827425921188852
0.1415641957551381
0.10434426998320004
0.16740704182469215
0.17816591582177965
0.14459425562657335
0.12395147963077524
0.08662512865531832
0.1372880164964158
0.1466074653217219
0.16829670992092088
0.17387353614209083
0.08368490992879343
0.1159474866872679
0.17588262979231495
0.11368014751552767
0.10482498152219775
0.12215785038570956
0.12734984074561084
0.21052998462962996
0.19626360779091925
0.15627149324170017
0.2034225945274116
0.16397706158555198
0.1365067381829327
0.07220568658660376
0.13438862765968432
0.1675172029781224
0.19393233044849426
0.14130167338806982
0.12485972484732438
0.1424945039707191
0.15204161641204103
0.0739147039469313
0.2244966113846138
0.40696459277713015
0.17363232650405325
0.19976967426441453
0.13422566290765334
0.14080701265141016
0.13831716898948437
0.1544264116311007
0.11461745116645052
0.17837826721530475
0.14406732165150302
0.22559890668443328
0.15453495010327373
0.15785511844153885
0.1882295878991187
0.16540875770940175
0.14654032415351895
0.1720081260858629
0.12053092861476777
0.0979061273434926
0.15840857097942496
0.11961513849270859
0.1778135289747528
0.10314813682553967
0.12980927145816054
0.13929322241900557
0.1648682972571498
0.2132202283439311
0.12907482969057327
0.22099665244959332
0.18334458611645565
0.2308602747702473
0.11462414105160136
0.09946890260834702
0.16500185360118486
0.16974946719421205
0.1302684164859302
0.12501980903409066
0.1321315586005178
0.22877217220583707
0.07138742708448637
0.11244275955687476
0.18039614014507688
0.1885241796001811
0.1472527000792234
0.21095533084356632
0.17608004368880942
0.07855422765902122
0.1311838810277326
0.1333969077237817
0.16003099679699506
0.17310081357600304
0.10069338544116273
0.12808443745076592
0.16413722707307327
0.0748586347371629
0.08492598535975715
0.19619531392798834
0.2085753137447774
0.15033088058153043
0.14665139212201303
0.12964083481276364
0.14415279464200897
0.11164379784544746
0.12344503480438312
0.1210285675765285
0.13712839362466253
0.10929256723180542
0.12078228275719133
0.08492538091114894
0.19468611184592743
0.17887718696295757
0.21258337162747204
0.1402018696870854
0.14252735049924525
0.1055946563472163
0.14429740849098224
0.17862351778175062
0.08822864821683736
0.1455154920547054
0.14602730082849955
0.15012192364287757
0.134610227151
0.12132947988907848
0.13508369484074723
0.19540984001845643
0.1854361989515917
0.11747228631957085
0.12553618628086116
0.1530211520709387
0.1388422249378891
0.10429088731867764
0.17515664001885692
0.08923814412011628
0.1264863121231848
0.16274637210162984
0.19562783024614405
0.19145260900517505
0.11971482512080027
0.10784223870639845
0.09722841203045017
0.10543701725736672
0.0798108204415982
0.1548829555348536
0.15382522718585195
0.13944900379576333
0.19194151823186173
0.1550499786434847
0.18576873855721657
0.1323536734719572
0.13802955070859382
0.09992297516513832
0.11238618106054474
0.1993541712061583
0.07594434536388679
0.13957929201192243
0.10162125672009886
0.1243955790721285
0.1705348427403235
0.1710770024185451
0.18465795123737205
0.14189630627972447
0.16451941761042188
0.204648898045901
0.07123919491201613
0.15515189189033676
0.08745615842756181
0.14463837435702068
0.10953789865466242
0.1158280044753017
0.09207194877350576
0.14909868496697148
0.1500286765585573
0.18046961391879465
0.13405863941207705
0.14694837849140968
0.12809412383050364
0.1966960264704115
0.18304056986043585
0.26786274746771177
0.14318097340766778
0.18056994723361697
0.13688697949008816
0.1444707730727981
0.10328322316926071
0.163914722891419
0.16867200941038685
0.23609433185563525
0.16835166371176075
0.12956185183032345
0.16974758613436014
0.09821449275410776
0.08828362438687452
0.11102117439560164
0.12345077615482758
0.13444815881421027
0.11873368322114014
0.07546637193525624
0.09395361299409402
0.07480038672351755
0.12331813693798474
0.22665246084731328
0.11625413777805245
0.15401342302114532
0.12840910000358832
0.10901209799439819
0.14611220177764034
0.13746018924509765
0.11536870505438286
0.10695332861410087
0.05209708284842715
0.20084971742281854
0.13257557319523136
0.17978773622380648
0.06527876540649172
0.43643996834806725
0.1809942830683635
0.13689775801968304
0.12276889498444073
0.12376205145394531
0.14767127525374527
0.1774902423916637
0.10456820914657079
0.08081971795092219
0.17429470407887446
0.10202842921785515
0.07953436590919769
0.12822590386282795
0.09878617490330317
0.18262756255881324
0.0891519882836943
0.08829940721378007
0.12134460680734868
0.09516147111503327
0.18019893705394344
0.22846654100238295
0.11882036500465801
0.10637064870138671
0.0698064779446903
0.16233741478747896
0.19439921313463068
0.12460708346518529
0.13104246168955683
0.17670313193982085
0.13359905506041417
0.12398234070063897
0.11916389279520657
0.12747842663510603
0.15911533306381148
0.14510753798079284
0.0962481620311875
0.12593394415962647
0.15713653393248814
0.14040222314186016
0.12117387512397175
0.15296073511836727
0.14977807153214298
0.10792723857503968
0.1573683701891927
0.05722997423740732
0.09610539739119114
0.1050062951047087
0.16805624505647015
0.14593608442249295
0.14528056012556556
0.20488515683698053
0.06538665093413974
0.1508485976907665
0.14390637527573244
0.10744705695673737
0.12742408594081303
0.15010842297399077
0.09678958119001757
0.14502803188620594
0.18721931125671895
0.25619326743168414
0.12552527246828665
0.08913033248095317
0.15327979877233627
0.11973754380816723
0.1490360057446555
0.08670976080916684
0.06806012784214506
0.057440621851208976
0.19566845787474466
0.14104976973781436
0.1528826894035034
0.11859579854456102
0.08200690287193489
0.11991876791329394
0.09048707498724819
0.2002585558058452
0.19917354904422827
0.12319775548823378
0.13067732115364172
0.12030944558093415
0.14415111513247145
0.11060033565325886
0.13766743529194092
0.09797515544721865
0.07891858242469021
0.09067991961839121
0.14771141538227633
0.13412979479632064
0.15524765595855397
0.1401827050310844
0.12617549896001326
0.10421886184880731
0.12695588537903305
0.12291255823495577
0.10877796000654191
0.11826618249166514
0.08901812011924812
0.20690373669122697
0.10802039601582623
0.09834896179102333
0.12876678152984594
0.1765713778474852
0.09074340941535652
0.10378107366122787
0.10341859177896605
0.10743700148747155
0.1352356275488296
0.09034256583920218
0.11963472829705267
0.10242866987262993
0.13925644987563965
0.14070467400492045
0.11867228535015012
0.0831394509695256
0.16083487656857479
0.09318609578977162
0.13025061016295011
0.13363857018186315
0.17145912199617094
0.2286397288998942
0.1586942844119431
0.11290359630835703
0.14201797629460072
0.15521664969453258
0.14707635339368927
0.09845238909097118
0.17573467149893013
0.12931527367593762
0.13402715788600766
0.11247500194961539
0.12748502072867984
0.10065172157203472
0.15293720411207426
0.10344026378036887
0.1298338200083299
0.11642825306559008
0.12295199858061315
0.09781941423517909
0.17794218201226958
0.10377175088130547
0.11802248390759636
0.2973505902314173
0.1371300652457128
0.13489866191015956
0.15294177114186672
0.10250295056708332
0.08975065435378463
0.17044557577774186
0.11797226499374933
0.10963102557175028
0.16074050918085306
0.10472597330963936
0.1297812453773261
0.09114550971921648
0.14974359764469009
0.10009980671686748
0.1373140985849504
0.1516674376152534
0.23491214189987977
0.11533627186905546
0.10617552092651554
0.12324468869438539
0.214925528317465
0.18602504030034814
0.1337171329476134
0.20658768830996627
0.09616056022989465
0.09120656767363901
0.22135972435633072
0.18062783795544668
0.15874037514551004
0.14451244333984917
0.07066146872629589
0.06559043954903683
0.1727395788287677
0.15748393728058524
0.10763289048885556
0.09734924874313204
0.17109587790646966
0.12729427614180144
0.11827960079589601
0.13341185834427247
0.16711895411628097
0.09522114725625286
0.24190105058111738
0.1549874322382844
0.10501274617433261
0.17969898783620292
0.12452003621794634
0.06245333075849626
0.12885884963308508
0.07875627716176202
0.13554175322434708
0.14153635718606858
0.12292418135085142
0.1422522975238803
0.07794346246568058
0.07416515224265639
0.08110045880790792
0.13128909779780604
0.09707263020845358
0.11622217031189205
0.15472535775831261
0.1894198116187952
0.23689644245430017
0.11381147478218091
0.10873912480758652
0.12379461299790542
0.09634473992607309
0.10168724272076936
0.15488998599125117
0.20625730428264816
0.14249159492585398
0.21050654019126866
0.18137379874686543
0.09093072105029122
0.1062351868058803
0.11854954532333188
0.10529532427205623
0.13740672109285898
0.1198688035730412
0.11913074064765014
0.19248374448238428
0.20005464828342634
0.09563679744352095
0.11638532590489609
0.12717879579435581
0.22331851000560318
0.13984407516216202
0.17836254901228543
0.1533027277562148
0.11674684905326507
0.09146181708077832
0.13552714477266184
0.12302376736445768
0.13343331869315794
0.10259137978051729
0.11541182971431707
0.14375965773321756
0.08212425449109328
0.15899587506323715
0.12196552180766705
0.03959829989701722
0.15426698340356365
0.13500608082808277
0.13760155350308728
0.17548183829641845
0.11798734005835479
0.17776696085335889
0.09535678363648735
0.15851557985832776
0.10473434398343101
0.10379692612335936
0.14599165889728571
0.17582727102498477
0.16534757922906204
0.11749746474326657
0.07863096898479444
0.09883975235987151
0.10352227381324865
0.14178160774384085
0.0832129409820878
0.08916703235683698
0.11389850473315677
0.12240498665178572
0.0831798588181039
0.10398025516034905
0.08544466877720808
0.09719151289539255
0.11067135163125454
0.10230600544513972
0.14083524862779587
0.16388456279272048
0.15606057177140767
0.2837983030026128
0.19555487844110542
0.15844194942394269
0.10762804739622964
0.13730104573780677
0.1032122701766023
0.22462558303378016
0.11369522793808431
0.11314010884196064
0.09177507312274932
0.11154353857266319
0.12477326189514772
0.11502922618401915
0.13781210439055142
0.13304236720826737
0.05879638210534773
0.14931920791938325
0.09905819977638823
0.14724106415972815
0.13705652003574004
0.07828114702280789
0.11299937586643842
0.0832319910062126
0.10633799682322298
0.10502611347093903
0.17745018419413555
0.12712249320166577
0.0885901500838867
0.14399766542492948
0.08290796463874343
0.1051618754487961
0.10548539948493166
0.0757715640299416
0.1772058058937718
0.06545272819250997
0.1563466824050503
0.0921180894598939
0.10428867536458018
0.07346773063993484
0.10592253831545005
0.16870860161521106
0.10725756994718484
0.094448931851501
0.10651187526263155
0.07358256308510124
0.1047595283691869
0.11135502404621131
0.06467735321653618
0.12173305533148653
0.17546964760322012
0.11257933883263371
0.08955357030197819
0.12284871927491797
0.144237561846107
0.1304351093015925
0.2594210296416526
0.13972527297421827
0.23154030062739317
0.12471745034621605
0.10870136733968433
0.1117171256233816
0.1779166936306484
0.11610655405049917
0.16569737894810943
0.1476078902626537
0.09990303572107931
0.04494275781007963
0.08483155681330233
0.20037291306956767
0.10637631619516333
0.0707930751192381
0.1193387246270967
0.09213879474729554
0.10633099814534894
0.12222844980770593
0.13811075049385335
0.11756305290851705
0.05456115884292186
0.07481876782765899
0.12235632082017896
0.06621748882000314
0.1260529918276401
0.07906456822810269
0.07755470546984052
0.09558544478157703
0.07370196578518635
0.0851204063497271
0.13941913109397688
0.13850272961382887
0.14389992752337905
0.0718037578788331
0.10446885371606743
0.10883199509854935
0.11967593903423297
0.19228581942142559
0.12184618746236893
0.10988079568951721
0.1195790889661817
0.1120316110588282
0.11286021731933457
0.08479227722306888
0.19785575408624806
0.11332982008700702
0.15081472655765202
0.15083478525965907
0.18965371236033673
0.08021912348088382
0.14187283493446393
0.10001593346167263
0.12663868333018333
0.17309835975485877
0.07420448747175609
0.1258804471292014
0.16013692251409276
0.14570804114834046
0.13177597858028797
0.08116349987532219
0.10250086152815423
0.14184616800527766
0.13054922288340845
0.1085835404616991
0.13437737853329831
0.1299832632313076
0.19277189677682643
0.1748043288827299
0.28243843965204507
0.053645330437118256
0.12032037537976951
0.15944766455074863
0.13206821816231062
0.12488300325549993
0.09059086598623332
0.12048253509060683
0.10701763262454571
0.13686758745511743
0.10017125600170904
0.0933172197463119
0.1369650433708782
0.10634569843090784
0.07568142999907333
0.15741385012809028
0.11805724034124122
0.12099649909527191
0.18587080374341988
0.12437686066528396
0.08397418180634489
0.0815701941316366
0.09066442510008935
0.1296533379184649
0.14662282124327713
0.14223259344579756
0.08770205232731335
0.1358452807484014
0.11769544969001358
0.17547993268720585
0.2931319838119901
0.10554675743314106
0.19592905483785958
0.14662488872718915
0.12668621984801498
0.15372908125039492
0.1547440635366614
0.15431119950388372
0.1128797200721969
0.09426426237828282
0.10450950948421918
0.08266681370624536
0.18008409266723516
0.1507924409384626
0.11960168829872463
0.10748137697922171
0.08861531528759804
0.11897843781990018
0.1360928713023615
0.11023938896571511
0.18717945841987305
0.2757132570667942
0.18867136199142964
0.13962346392818675
0.10578421982451204
0.10842135537002003
0.0903405065294566
0.10335092038076002
0.1611942348719861
0.15127743928883808
0.2273917150776129
0.16770496083432362
0.13082408731618245
0.09607107486932702
0.09534991231372048
0.09759700261487747
0.10963526853194988
0.15616262806295506
0.17812691949934983
0.11040350135076174
0.13352905530235396
0.0729543831509943
0.19652185584876655
0.11080788524939528
0.14664095162718443
0.1305889787490717
0.11780579007619198
0.1214169728516853
0.14015970988958443
0.12504098114807372
0.15927791907695177
0.15271404947064005
0.08942379635987108
0.09723457169362809
0.11658630908301537
0.10186897747258432
0.11216602775007714
0.13950066763378757
0.08498186081821463
0.09034034960045143
0.23399914382451925
0.12868848216375073
0.12307855611446616
0.0922344100689203
0.13161043137479483
0.11443769336924335
0.14549779851308303
0.08853692337285204
0.13765498633107054
0.06512673512476201
0.1425960363156677
0.16494675872578154
0.08389913990564005
0.1137896210100231
0.1206236070430958
0.16972074992154612
0.1284100740697479
0.15257163161846138
0.12038172173900483
0.10229932716507237
0.15976220454475212
0.11008660325898138
0.17157214464977533
0.097998762668471
0.09464651829235432
0.14245507483108846
0.1614066691960219
0.12861288205772875
0.0813072317370972
0.14080204913672015
0.08946361784524004
0.10188594949724325
0.08995930164815036
0.09556335407711211
0.11672851171961554
0.0731095102716349
0.08399773566508655
0.09849277825213916
0.13417116804910986
0.1204912343586904
0.10478247775885029
0.09784839124691402
0.207297748644853
0.17060138024450786
0.11281448746198244
0.09807846806113954
0.13998148850534667
0.12512683065272714
0.1049864432666131
0.11627000341067947
0.14565854190698935
0.0755247614594601
0.1532605464807198
0.1753970381601445
0.17570507886566344
0.10620394280206964
0.12616652321453353
0.0484572684932288
0.10515451008902824
0.1378955123018058
0.07120287624431357
0.09963871102003033
0.14249168853960956
0.1800984961009114
0.12193311521085579
0.20308147459650558
0.12629587563510317
0.11297698892073763
0.08305183180087636
0.12310044825657109
0.06641940471431115
0.10158943491263453
0.1342298610143813
0.11310850357244695
0.0933049725088082
0.06601370426697105
0.07780811568546937
0.11237398647530537
0.19767966577500565
0.1420583981124725
0.19215855759453976
0.17145604820666951
0.07632116748347005
0.14014371119222857
0.13807627310387774
0.10443747410717427
0.11456382005789192
0.16970705816636458
0.08539580939671336
0.1098596444910418
0.12191482533350036
0.10190711160192888
0.11838150318565838
0.15170656272890645
0.11814003240257602
0.1461279879059886
0.04543440115795154
0.1459859588309098
0.1187543475644182
0.15231638851628132
0.10453065994090975
0.1314428751378513
0.12456210446209906
0.09728009072170174
0.14321490041541515
0.07123242905743685
0.10835863373645294
0.10059122946167275
0.1258748338695232
0.1697123239801192
0.14174306527115518
0.10498723260612423
0.12202246133544659
0.15043769237004723
0.06861839891736433
0.07645513555642572
0.11091044149134807
0.17546475788591406
0.11485196658421126
0.09586674290447676
0.12072489082440324
0.09651509095314469
0.1846872226441579
0.15073458473354626
0.12554744125701614
0.09252498992236277
0.18150623104153268
0.13585649708837355
0.09674342023330967
0.12188463874395802
0.1393957804423865
0.11559607397320416
0.10537612589570688
0.07695190832204922
0.09682008220443904
0.11399043343837309
0.09915206621981673
0.05793463962769467
0.11754163231918546
0.12551187812175016
0.13619913594685473
0.20658453509183095
0.09598073224514161
0.08665994965056596
0.04251646476435366
0.31044290622429155
0.15666274580450545
0.22928600238877386
0.20724252805310833
0.13718165915567634
0.10589028512010186
0.13185378930281755
0.072414450138831
0.10441544914932417
0.16160805141963516
0.08279582714577106
0.06557949260593418
0.13167005738883858
0.08162729855050892
0.10433295936782212
0.1560472040065106
0.21261160531477538
0.08355741149911176
0.13453161785285464
0.1498425514295903
0.08604011923725065
0.0720061352641347
0.15690540735691239
0.11166008549942141
0.0761760329910389
0.0999142502615034
0.0781119578284318
0.09016366628670229
0.15653337817054805
0.14398089743084405
0.22047180548047834
0.09535300062446464
0.10876335317114556
0.17010740262942795
0.10351298279187761
0.10369511184109342
0.08609946232775516
0.15098057787309838
0.17981781118260506
0.09807255457518306
0.11999662409890124
0.12031989331117163
0.18328213790443063
0.21236254530852447
0.10765220266922024
0.1408525248002683
0.11517886753388693
0.1464315634252898
0.13587449048280278
0.11564668883167567
0.1406306425977899
0.09843375560230984
0.15698840436523057
0.09073854548471305
0.083746049616668
0.09375419860181929
0.1518017373843114
0.12571393692980262
0.15866182432181372
0.16089797355439311
0.13290907460879997
0.1255468031502803
0.16644163003267415
0.12199028152211325
0.04681805631209845
0.253044873147181
0.11518293760861825
0.13515807386532774
0.07570457215175916
0.07769109673332748
0.1178904476529927
0.1802915768356096
0.19636084965663442
0.06899707217032272
0.12777966064181245
0.14262974169206816
0.16037173935592272
0.1173909393907392
0.1252676700599273
0.0894147907087134
0.06894565025965027
0.11690412204587121
0.09238137224627622
0.07727629069753815
0.11278232864976626
0.0846712760432338
0.07377815487132192
0.26191214906885885
0.16770810238439718
0.15120518986031897
0.0994388308006752
0.1264920771142533
0.11588575444351594
0.10239318070996459
0.10297846411389716
0.11880508917253209
0.08380875152212752
0.09998255664228306
0.09515927411565238
0.10043596470441644
0.11916503618624971
0.08796652727696222
0.09489456552029826
0.19464821438329602
0.0720765027933852
0.16468802407022687
0.09508808669608441
0.08269225268929856
0.15336823208587355
0.09044630258126789
0.20366109052644574
0.0742555899710751
0.1385940762635515
0.08432312191936552
0.1475807101690434
0.150561646941891
0.1286353325061865
0.1157371302533095
0.19135503323825176
0.136458422590019
0.21003055028595546
0.11623625453601141
0.11682731233787678
0.21064528533733098
0.12180207334038629
0.10654096784771067
0.07895676334882347
0.1330135597217725
0.10445838821690727
0.07782229772703576
0.128165608240879
0.1469480641833592
0.08147109900171974
0.10807524637974006
0.04160174690236354
0.07103067836663454
0.07440974653518345
0.18750986548982113
0.13044419742765723
0.08991282643359758
0.1258479183544566
0.09868133035491135
0.06710642417773613
0.07120280106063727
0.0837596519807557
0.16817886566897755
0.11139348724347711
0.15698244225474975
0.0719541397596644
0.044995457680996186
0.09824957459769038
0.15161167448447221
0.06822254547627077
0.14333751285653284
0.10815814417706036
0.06397709852124694
0.13654986106128328
0.11941705427600728
0.08657298640911418
0.10996641569697677
0.0637439171205737
0.1140156766764867
0.09622382280031634
0.13293257856808827
0.08596750907260632
0.22818545153749137
0.13379276602420553
0.08913947976899764
0.12584170290652508
0.16620034031776998
0.08082200699112524
0.17385533793183472
0.04972995280486663
0.10095006897915912
0.11104650398541906
0.16691280565120034
0.08095072066536987
