-242.4751838150465
-407.0660553848574
-462.78528474292483
-510.61939863458065
-522.1453923167776
-603.3235302807595
-635.2910128927908
-680.5638534062282
-684.7461195195456
-696.5080096778147
-712.6051278487201
-725.1113888121329
-761.8067574501038
-756.9549122427312
-769.3219626503533
-758.5332481058853
-754.2047543774283
-787.9751899965567
-790.5686242478719
-798.0100521747535
-815.9192235667558
-808.0422709976892
-806.2851529324789
-839.491330408937
-823.8208967472705
-815.8568563099722
-835.9495233359495
-853.5220102698883
-839.5246940370985
-837.3461970977874
-859.7816351895084
-837.0730879928263
-880.8780592493537
-878.8531798683637
-879.8076324801874
-898.8870615959167
-858.2702865055387
-887.6712507229846
-859.8474497862902
-889.4217321838813
-893.3279022707194
-866.7959166420579
-875.8974774945968
-888.6238512049354
-888.9213461582129
-902.1634941965483
-890.1236956108238
-887.4302824820387
-907.5498516932483
-918.1242828323943
-918.4005385981917
-912.4713312573907
-925.0077196207092
-903.970140870996
-909.0607419153455
-921.1938187835376
-895.873703098975
-923.5738185520297
-922.6638598035297
-946.2913626664058
-963.4310766057381
-934.7831185567392
-946.7135140390193
-944.9915330678366
-967.6133468343183
-954.0739459062163
-970.7554418938985
-975.1486014319822
-956.6622265559661
-917.256817932095
-981.0588075357591
-965.9646119212653
-964.6295889751606
-950.2718954930938
-989.6676974951938
-968.7520745222623
-981.5492469549744
-986.605559843813
-948.449415713125
-978.502621752391
-973.3959043716652
-994.7174238246905
-952.3410621436745
-973.2291722984507
-969.3069451949185
-975.4353464994385
-975.3823141577119
-966.4569933663767
-960.8212724022602
-993.5174292914958
-974.4058593517232
-987.8167629377537
-982.8190355530953
-983.816078058029
-957.4028177523359
-997.1066974158723
-973.4334292378612
-987.2646658642315
-987.1570863167852
-998.780764112011
