70.43644245427932
71.21084995744353
66.35307008734246
66.71830821630515
79.46775204988452
63.765008045033824
72.65969214055211
65.04476162042663
73.37004386305244
72.71413266150307
68.00218761814715
64.84604668221768
63.532228533125604
68.52191509454737
68.09300392385907
68.15375526680201
68.40843919781148
66.92169350809395
63.37205054409696
64.08101404108707
55.46657111633446
58.27172067832043
62.19738541734162
54.77270018545937
55.03563020240639
57.057427146282244
50.32872467752882
49.41404288216225
54.81255697526073
53.343971941143415
51.79507970866434
50.85104972279467
44.347598185188964
45.33192732605324
41.58341774612806
41.30186134259
42.86829628735357
39.92166517067577
40.84617289764833
37.1544054221203
36.78055210475108
42.19856050469299
38.65109269342151
34.10743084324356
31.62008183064619
40.01966364180307
34.4836002610871
33.853225947803516
30.229793499819756
32.934051957985574
32.23804200486549
27.49674201007244
27.027886814309806
29.787044322294303
25.86863249501487
23.640751766650034
31.789861771501535
17.575853519234315
31.233142033753413
25.360749101049986
22.23885369657371
19.250501245506037
22.12004924919089
23.317076883876865
22.046783530386442
18.282258362001993
17.880414097903646
19.83153596822552
16.230238904172094
20.829035483541432
14.33821174281547
18.22983452123347
19.606802168049818
11.375668025523716
10.677433008875397
16.38112083879736
12.221814145872555
14.251360041710468
11.376012847895273
8.6777468949022
15.955017442051892
14.293975404510174
10.31716526316036
11.323850991843837
16.1256113248453
16.784034402974246
16.7096740653174
13.059606087061395
16.268919817147886
8.2368195714981
10.172629447528974
13.886728812802193
15.24564990755971
10.795786213270071
10.738758785067281
7.9998175526928925
15.865464073444574
11.978295408572475
12.881846704411783
3.807717819584317
10.235269371121667
15.641589086310926
13.082600890482599
11.316995666491657
10.042131745934848
5.287607138431564
8.603500448113449
10.188665787601098
8.742823625821424
10.058496919623321
5.473532642361633
11.710832304633506
9.343534835703938
9.720144095906237
8.198998029067361
22.125246172317336
8.571266274356203
15.183038596318408
5.282323641979312
17.317153337479123
8.577000694412588
7.955920251067522
14.682518295822312
13.654093759029104
8.070212635087675
11.859179534941685
11.005828682739319
4.655369882470407
21.1887449434611
4.682273394847285
6.4936300176515545
6.926708871140169
6.806329053148479
8.733218059531584
8.19452441152551
8.108935419900199
11.109932509306367
11.294483983996624
9.211333233405679
6.36503392497343
10.666050297920386
7.750826629780599
3.8235275111528995
17.755144099452384
3.3538030970798727
5.62968706471619
16.74490300999353
5.671619097786189
4.5500455905164765
5.288376512704507
6.874729686350155
16.1871886311484
8.395738204747758
3.6669622775370976
12.59990284565949
10.823090392393492
5.4521609750172635
5.322229450946092
8.955974046379277
6.661699165188067
3.2519482318080524
15.0890088131915
6.383482857029643
4.012827245702327
6.953285788317094
4.684067356188116
2.879936226434809
10.349085262384584
10.304511057908924
3.987791193786
4.876851536426821
4.941545938965288
6.898366636981293
9.177101325274915
8.185899580860506
4.499198819017206
3.5249360337743836
9.980571114331056
2.3048069111431992
3.451627988473145
2.9331865801886647
8.113290897500402
9.000584336312102
7.285447953869001
5.895198848147866
4.323104017971516
3.171357254998041
5.254067487260648
8.801481034574193
2.7914489110963023
9.225225746413487
2.7250044255304933
4.041133655037729
10.165552822239022
2.8367809555256245
1.6750046137497119
10.467932614036998
14.789055688232887
6.68783467167254
3.44869208715231
11.75708005183824
2.607906347416527
2.73353373032306
10.33120201562709
6.047709971098697
14.147153542629896
3.135084777478468
2.7261584127177896
4.333046750742486
6.808707030991996
7.961999487621103
3.7005189763480004
4.510244262491166
9.842826911713166
10.01650296489899
9.902787072088037
5.73626542834819
4.174011759840458
2.3546328634014166
5.515415301385769
15.871112110506518
5.3838874992565575
6.6918879142407635
8.34525337827737
3.0748486648624285
7.581467876187457
4.556608608137088
9.176410771488603
12.619237860182006
10.130184861946972
3.7725703715301813
2.1828196207207187
7.640847195038483
4.7853770107034865
12.876039321286814
12.811016708269584
3.3078540138324106
1.5898818890251705
2.1686238966673104
18.58935020024718
0.9638035232631526
6.415427106225924
3.6314871773557122
2.3291797156890204
7.79995768664831
8.956257226155323
4.5200736638400265
6.791136334421793
3.6162360029353917
15.719326302925205
8.77957966556124
2.3684835666580257
9.801944155555873
4.8398333235355615
1.9868010986201625
6.507418077315057
6.420704963037933
9.75956999756095
6.700859582512102
3.6411038993616454
6.580768384431455
8.116369123700215
3.392201545193025
7.031493422925114
6.19167557433351
2.9617756174310244
4.325391645764104
1.8463200714404593
8.994183699979159
2.2066703972028137
10.89329745480644
2.93748554504635
2.5306486563516724
4.7298448677066025
12.639150441425816
10.505006895906694
5.151160026892022
1.1977798645995459
13.601319500618306
4.844548956538696
10.359617679841607
39.92718455275902
48.74767113946527
16.324912355252753
21.669650964748726
13.954541447438496
21.428514852412206
4.272262785765448
8.004646894988525
4.974802213089297
5.786080913824499
5.966597653267691
1.281282085512193
4.335402877836892
3.159954426914289
7.197397832665435
1.5431263877935075
4.643526792166702
1.614696368624377
10.658573540030522
3.11991826105907
4.8521269376743215
2.85881157558753
6.4215631716036805
3.2423454028951437
5.867231458160471
3.4349984511997538
1.5440915820897847
4.966612437903203
17.646200044577142
3.579434065243723
1.065258794104177
1.6174934634153149
3.1290006392796204
10.538244558349154
3.4009242919774243
0.950637031534048
9.20461206548805
8.928479244537309
5.018407595967633
3.1496700719504607
1.1311290827841223
3.87420296091935
11.01925559129237
14.883614831425932
3.845009766382051
5.663939132217156
4.884766067467418
6.97980021032702
1.7058562635230197
6.436374094448377
11.11772520754118
6.462468039960781
2.527143295402919
6.826076753700508
3.678949938075105
5.055471660930834
4.1663822598893
11.14943726769132
9.67108971406359
10.964368009104563
2.635281972531692
2.0124218437821244
7.170029938454183
11.401912741290595
2.0246624323325344
6.224126297792691
14.639794187091013
5.227875263447791
11.917163539006026
3.138941534406021
14.815987818881704
5.912220429012189
5.060737276586051
2.2107371948161894
13.820152248020664
3.9109505245371876
8.985114804152133
10.811797571870873
4.553267883704928
3.5978718141421426
1.3745151991558975
2.0182655266719856
7.306522182449328
19.031620969912527
4.80334852665733
7.157268977663857
3.1701031399982518
22.69786284164658
3.3643745312367574
2.0944055654969396
2.2301466508022334
2.653459144421211
4.57875774609193
14.509246346320483
8.783446913803328
3.6326879094856124
2.424110847095588
1.6470628745976261
1.6505393295487512
1.7641726179062929
4.405859579296679
2.8434734838442215
3.0220351545660282
4.951750819424073
2.6195486210819254
4.400963456908206
2.819290756888126
8.133757091060994
7.319032234360987
2.878491719294806
3.096598975400838
11.511339733137053
12.72315256546867
1.66580789045404
2.521436763010294
2.119925676354372
6.01035497361024
1.6421909361574796
8.583883719973365
