115.29457614404184
115.11262275688736
116.05717334655479
113.68511548353125
115.09635970935115
114.22495104931019
112.54984794743856
113.50751205995348
115.81478088640284
114.21704661983914
113.95404948517128
113.89501131001225
113.39272656355963
110.68628638684308
114.35093708391543
115.20001845635308
113.5666594141501
113.65087438159519
111.74101580803483
113.96377196121216
112.5165996600257
109.74965559288307
112.39486434629228
111.94884546774405
107.95476489720521
103.52729978536676
106.18988647471534
102.33075224180575
94.81977698195422
101.23456832355923
97.69239120977896
101.75042759874133
97.4965923237624
97.39426704332564
97.64185335014484
97.13806334128203
96.56752694288889
96.93514730079086
97.16070229039369
95.90660432621284
96.57081989139981
95.904569841067
89.96002454450395
90.04996173155749
87.94930722999572
85.38150536936301
84.20065296664062
82.72574679989285
81.69911533995028
84.71805831301654
81.70628758967364
82.45528496452614
80.00034191474208
81.39859685555211
80.28386366522754
79.5841111506003
79.75869152990977
77.2853674882253
78.44967714009462
77.89624742027566
