79.06360124531498
78.48133287154303
79.03446614350213
77.4041278714074
78.47744298843101
78.00229250257986
76.72731510600337
77.22639798298589
78.85266418718409
77.61329099556252
77.7111418426655
77.25111679684674
77.1808911143409
75.20344115391484
77.74099954774644
78.30869477109556
77.12987769395333
77.19599374827632
75.86309668187742
77.83591303832442
76.80250352287293
74.66967242954395
76.63584105346821
76.41143473279034
72.95853062166991
69.45617482153574
70.64466668485713
67.40169981486709
62.42875606724068
65.69310029693887
63.61923799797341
65.02537759964554
61.79019349744585
62.338825790793805
62.82893011880804
61.86389883119089
62.661836784468754
61.555514483769734
61.886642864757114
61.18669023206499
61.31589489230403
60.52510567774596
56.41104278949455
54.65029739100845
53.31849848252756
50.546167781653224
49.53598165904151
48.17053290727404
47.64471248079229
48.51692832254481
47.63100378976045
47.948682189376264
45.596714073216475
46.055952031559414
46.07386977665513
45.31353716694867
45.66726250023312
43.7872967750408
44.58101266165133
44.28331325912475
