6.746122678120931
2.6494579315185547
2.4063589572906494
2.5851022402445474
2.6402605374654136
2.302200714747111
2.3079305489857993
2.3065632979075112
2.306878407796224
2.3165748914082847
2.2992964585622153
2.3010005950927734
2.315107742945353
2.299708922704061
2.306065241495768
2.295370101928711
2.3058454195658364
2.2979424794514975
2.298782745997111
2.306060870488485
2.320425828297933
2.312140941619873
2.310642878214518
2.302877108256022
2.29941455523173
2.3007987340291343
2.3063865502675376
2.3059595425923667
2.298201004664103
2.313795566558838
2.308465321858724
2.3146421114603677
2.305798371632894
2.301917314529419
2.3111722469329834
2.3025263945261636
2.3028687636057534
2.3041652043660483
2.308375914891561
2.3080217043558755
2.3039143085479736
2.3030711809794107
2.308788537979126
2.301886479059855
2.3053251107533774
2.3090591430664062
2.307885011037191
2.300968964894613
2.307471434275309
2.2975821495056152
2.3067060311635337
2.3030730883280435
2.3111199537913003
2.304612636566162
2.3081909815470376
2.306600570678711
2.3056565125783286
2.2997845808664956
2.3044915199279785
2.3032712936401367
2.3049732049306235
2.3039565086364746
2.301891883214315
2.2964560190836587
2.300911029179891
2.3130973180135093
2.313751141230265
2.303255240122477
2.30906875928243
2.312841018040975
2.304762522379557
2.3060576915740967
2.3027846813201904
2.307206630706787
2.3031739393870034
2.30041774113973
2.3094934622446694
2.3000855445861816
2.2954628467559814
2.3061362902323403
2.2985610167185464
2.303975502649943
2.298540194829305
2.306659777959188
2.307840903600057
2.302658716837565
2.2988925774892173
2.2950655619303384
2.2970155080159507
2.3104148705800376
2.314120610555013
2.3129235903422036
2.2931641737620034
2.3018811543782554
2.3122302691141763
2.3108085791269937
2.3071650664011636
2.307749589284261
2.309110720952352
2.294855753580729
2.2992831071217856
2.311621109644572
2.30524214108785
2.3005270957946777
2.3096698919932046
2.306478977203369
2.3008147875467935
2.29732338587443
2.3086353143056235
2.303987423578898
2.296663284301758
2.308493693669637
2.3128934701283774
2.311319669087728
2.3028691609700522
2.301171064376831
2.3049940268198648
2.3039106527964273
2.3133970896402993
2.3088386058807373
2.3105385303497314
2.305974245071411
2.303067684173584
2.30224609375
2.3034276167551675
2.310673793156942
2.305129289627075
2.3029125531514487
2.3055387338002524
2.3044535319010415
2.3012163639068604
2.303866704305013
2.3025116125742593
2.3050730228424072
2.301136016845703
2.3007734616597495
2.301847457885742
2.305103143056234
2.3076647917429605
2.2981415589650473
2.298492113749186
2.3059605757395425
2.304729382197062
2.304664373397827
2.3057096004486084
2.309556722640991
2.3027281761169434
2.31459911664327
2.310786485671997
2.300884167353312
2.3013108571370444
2.297982136408488
2.302390734354655
2.30802321434021
2.3117005030314126
2.298336903254191
2.311349948247274
2.309262990951538
2.3036938508351645
2.301248868306478
2.29833189646403
2.30596661567688
2.2985490957895913
2.294782797495524
2.297353903452555
2.307011842727661
2.298331101735433
2.2926559448242188
2.3099710941314697
2.3086822827657065
2.307754913965861
2.3064913749694824
2.307370742162069
2.305412928263346
2.302111546198527
2.291299263636271
2.306184768676758
2.3004616101582847
2.299877961476644
2.3067508538564048
2.306265433629354
2.29491917292277
2.3060062726338706
2.3111661275227866
2.314375638961792
2.3030340671539307
2.303977648417155
2.30780824025472
2.3027541637420654
2.3135486443837485
2.3106631437937417
2.300371249516805
2.305861314137777
2.302889267603556
2.312207063039144
2.3096529642740884
2.3038674195607505
2.3027976353963218
2.3039189179738364
2.3015507062276206
