-114.83688603897798
-354.10142089804197
-389.81294673928465
-425.74441105209735
-376.29460694712975
-473.107491430599
-510.8494135569867
-484.6674155397899
-557.5839272446347
-543.8538534015005
-632.8878137867572
-569.457897438981
-587.0738938228326
-650.1975301641473
-666.9342454820185
-639.0107055380597
-683.4138241154807
-688.7061653071285
-739.2526900823215
-721.9980977251782
-773.2250490672028
-729.036819627208
-768.8725870369766
-720.5968148444655
-742.1669128809107
-791.823235721632
-827.9113685810072
-833.4315524101257
-778.4261532181418
-727.0555173740959
-868.3649110134845
-876.4124441135864
-776.219780045171
-835.4492207342579
-828.014655550504
-859.1788775272634
-890.6759052902872
-880.712496455364
-907.6123126009093
-900.2329914800582
-856.8502225480321
-905.0424163802977
-845.8901897784202
-896.5858238611353
-904.4530879693098
-848.2833564676997
-916.6664550348361
-863.3869001392944
-857.4851929619565
-939.3299042574272
-891.4594820765307
-886.2020912730749
-877.6051635815835
-963.2785846894512
-948.8260516768777
-833.3388528681021
-951.624720685493
-883.9207617335605
-892.9366266628564
-883.2092760400288
-916.9608129356315
-942.3494691815794
-861.4134003940266
-936.6348146568246
-913.7875779971549
-878.3021821997683
-895.7189087109632
-846.3435125702537
-952.3594352155237
-916.041616128337
-949.497095852953
-964.4849573588042
-994.0289028888474
-883.2815964238434
-966.0407981356168
-872.0745325593905
-963.2001416238222
-966.5434990088511
-1009.4955442753806
-1018.6472333894897
-970.5035982263803
-911.1485370124437
-1015.3275736740658
-925.6120066082423
-922.4099376822397
-891.2245940112848
-967.7013853947687
-996.9886993433473
-954.3662551185503
-970.7216109174738
-973.0127893103981
-926.5101722055866
-999.6052621059154
-979.9482942193334
-975.5575656330531
-964.7147797203284
-986.5828190322296
-903.3663222712855
-955.0120924573889
-929.4110443701942
-986.2581375771404
-1011.1318304302506
-926.6527369978241
-983.7829429499016
-939.8083649516655
-944.7974071315906
-996.5491390354622
-993.1002051775357
-1017.3244559973616
-988.2450440479314
-932.2006048013537
-1020.7672993279822
-1028.4716055827207
-993.286437245558
-992.0916860663946
-986.9099239094467
-978.0681231442821
-974.8270630490396
-988.5252502063453
-991.4854356242764
-967.0018212432685
-978.1981049814532
-1015.1974287994447
-933.1147117878435
-1028.6990997252926
-1029.5083406416502
-1014.280648491899
-966.985516978299
-937.3113088909931
-1014.3363091022737
-983.5610695813658
-997.0892342252116
-976.2314269570162
-974.2078888877745
-1030.5958109456822
-1001.9479870477579
-1008.1205454916449
-981.2422098959646
-986.5922112217696
-1029.0507801463527
-983.5732255168774
-1014.7153041906621
-1033.8437043049369
-1031.7069519066042
-1000.6361183900437
-1038.629793208865
-1005.4500676300119
-984.2652982039385
-981.9857293070736
-988.3933520580766
-980.7465828096812
-976.6496250321788
-960.8303046435256
-977.0028414726257
-982.274643750784
-984.2152330727072
-986.2767763912403
-998.5289935747049
-968.3563897065852
-1030.8434999186873
-997.2811069609382
-1041.502502145855
-1014.0027558265194
-1008.9939280193522
-983.6871559685826
-1023.1975180251258
-964.3347435535923
-1001.0093283598325
-1051.8306231235028
-973.7330058796615
-1028.192125944498
-995.8531534226809
-1021.5062493525343
-1025.3829582792273
-958.7916381205282
-1022.188820599411
-1003.3703776098067
-1029.460353904056
-971.4889629991374
-1047.2143932218376
-1000.9829704999099
-1030.7143098137894
-1095.301903764773
-1028.9428671642384
-1088.3444230369707
-955.7019971713493
-980.7824026291272
-990.1042198585475
-1036.1286611524047
-967.847672941498
-991.3324752150593
-1032.0787517464105
-1104.9875802982788
-1061.4164002765708
-954.5162730722384
-1012.9259680125022
-1061.9551704017797
-1073.4023258609157
-1040.4406353608804
-1070.4092744215293
-1063.7801770383862
-1072.3692343361367
-963.5943719923222
-1079.664738998435
-1003.3032700630927
-1075.0147765924305
-1023.0107086468402
-1028.1116682378927
-1047.773801377292
-1077.5162283248067
-1062.014518623528
-1056.6572653302399
-1100.1466671552525
-1000.7397871358054
-1055.2010447858115
-1032.3112914265575
-1092.5772107092466
-1142.9153023211088
-1063.3965676995467
-1094.8623382407948
-1110.1044102050191
-1158.4673191039792
-1018.0165388792891
-1094.622029711574
-1104.5928664668913
-1019.3156789931284
-1070.773288638361
-1061.0591939457001
-1057.5417978791047
-1062.8090201358093
-1054.0210876453857
-1070.5415678150644
-1117.6152748951715
-1134.215221426454
-1090.258966839808
-1058.1301681676769
-1096.5762553363352
-1086.6139780008298
-1098.5859115365463
-1081.2611182406201
-1046.1545275779363
-1044.3087976341424
-1071.2184278635386
-1003.0869686043208
-1110.282299657022
-1025.1067953790937
-1129.6537451200222
-1084.6827763115755
-1041.1341472963034
-975.361274557729
-1119.980394533153
-1091.50171359728
-1106.4957997546219
-1143.6225993408036
-1066.9518668706517
-1064.4966905160984
-1054.9514272174526
-1115.045899509285
-1100.1110871464425
-1063.9577351544858
-1059.7973557990817
-1072.6776806929145
-1052.397526886606
-1056.8860017841312
-1099.0169906967797
-1083.1860765169292
-1075.346777383633
-1037.4352615187245
-1068.8089391218352
-1040.1366316096573
-1069.725342483015
-1098.980734296658
-935.9502581330488
-1058.547142946775
-998.5036971766827
-1104.6505126343345
-1065.3050548887472
-964.9595259164336
-1153.8974878777008
-1115.1011564401988
-1071.0111036762114
-1105.5867196914787
-1057.1101976946202
-1058.448466622335
-1044.7409587225056
-1073.048453551833
-1065.8387264337407
-1112.9141265535684
-1111.7299596466776
-1075.8035634492398
-1055.1624870465098
-1093.5699032413245
-1053.9163812019858
-1077.454077303135
-1081.846579503354
-1120.729258720776
-1069.8413301225632
-1052.1318828436088
-1166.346518767045
-1073.4540043668264
-1074.633879494008
-1069.5749524914174
-1100.7814221728233
-988.3623565182708
-1008.6837724592829
-1068.9142980795302
-1054.865094601284
-1076.9403797107907
-1117.3648485508384
-1092.1686187455182
-1066.095861271779
-1104.876303523367
-1058.9002993183751
-1088.5979925174317
-1077.8091870815524
-1125.9603015530495
-1083.65142301755
-1114.3817269417548
-1183.5518018309422
-1011.8220559210272
-1110.9813875234622
-1131.2458607046285
-1052.569032620175
-1096.8309692023536
-1098.6549537044516
-1059.0008010644517
-1023.7879130527172
-1062.0143332184734
-1087.2425122129202
-1089.3884564066811
-1082.0500594635712
-1057.1206029455782
-1090.2381887891875
-1150.828068791996
-1141.2165848340856
-1110.217654846231
-1077.443341862771
-1029.3666749286213
-1143.5287536465078
-1094.0152398331375
-1104.8227953531775
-1110.5024355869689
-1077.3644240292535
-1127.735338569786
-1070.1441305057244
-1101.9695133987111
-1096.6134421127733
-1099.2322672830749
-1141.664890341495
-1130.209910993752
-1115.4051156571384
-1099.4345983706312
-1073.7781277741155
-1094.9587949893441
-1079.2090914238433
-1145.471198101747
-1113.6482538726473
-1078.6751459117309
-1041.2688370124536
-1081.9248913136496
-1089.3496754532036
-1046.9590491369572
-999.1438675728812
-1066.66545451896
-1142.7050163366828
-1106.1952320925102
-1053.1257570473829
-1154.690459197018
-1144.5004270203103
-1135.0530262108773
-1100.5136041762094
-1054.174741541735
-1057.0276735186028
-1094.291363676023
-1124.8784772679553
-1088.4950311694827
-1085.502572926508
-1072.5503382787176
-1092.860016185567
-1114.1396232607178
-1164.7306084259315
-1066.044009583337
-1064.2684510490312
-1046.0145522921866
-1082.0830318680557
-1042.3297533604407
-1057.895331510201
-1121.6672379102574
-1081.693001859199
-1042.781296709166
-1084.840839766687
-1082.9546717278968
-1137.8279036305466
-1152.4549345799855
-1058.1062123028364
-1070.333062548242
-1061.6171641077863
-1118.45222040695
-1118.9765048724714
-1044.6879064476434
