2.3083590269088745
2.3029309511184692
2.2994006872177124
2.2925649881362915
2.2810497283935547
2.261564016342163
2.2280181646347046
2.1975185871124268
2.1716448068618774
2.1318745613098145
2.1359225511550903
2.0967953205108643
2.055992841720581
1.994989275932312
1.9438645839691162
1.9225101470947266
1.9790850281715393
1.8766911029815674
1.8660732507705688
1.9084121584892273
1.8457595109939575
1.9003771543502808
1.8800581097602844
1.7937970161437988
1.833131730556488
1.7773720622062683
1.7496978640556335
1.738809883594513
1.723008394241333
1.8058961629867554
1.8028310537338257
1.7279138565063477
1.7014204263687134
1.734637200832367
1.6937021017074585
1.7107393741607666
1.658335566520691
1.6629090309143066
1.5732747316360474
1.6829757690429688
1.6451551914215088
1.6090001463890076
1.6526553630828857
1.5910950899124146
1.5840508937835693
1.5979305505752563
1.4918363094329834
1.6378502249717712
1.5131357312202454
1.4612149000167847
1.5204740166664124
1.4969394207000732
1.5055363774299622
1.5183345079421997
1.4964235424995422
1.4380941987037659
1.5200782418251038
1.404003083705902
1.4250229597091675
1.4392181634902954
1.4576115608215332
1.4064083695411682
1.4243007898330688
1.3834460973739624
1.3749251961708069
1.3125026226043701
1.2985656261444092
1.312288522720337
1.3286913633346558
1.3095558881759644
1.360897421836853
1.5166131854057312
1.4831826090812683
1.3552084565162659
1.3710575103759766
1.260642945766449
1.257007896900177
1.237785816192627
1.3237473368644714
1.293733835220337
1.2036659717559814
1.1985714435577393
1.1123976111412048
1.163493573665619
1.1721464395523071
1.260628879070282
1.2896177172660828
1.327226161956787
1.2421990633010864
1.1411792635917664
1.273607075214386
1.184113085269928
1.1262087523937225
1.2230421900749207
1.2302509546279907
1.204366683959961
1.1203102469444275
1.179475724697113
1.1655951738357544
1.3425690233707428
1.0670399069786072
1.0884654819965363
1.1465240120887756
1.1273200511932373
1.0547873377799988
1.0499708354473114
1.0260150134563446
0.984704315662384
0.9360221326351166
1.0511283576488495
1.0696319937705994
0.9161475002765656
0.9145376086235046
0.9227360785007477
0.9468251764774323
0.8869535028934479
0.8514525592327118
0.8570802211761475
0.7953392863273621
0.8571165204048157
0.7793598771095276
0.8189602792263031
0.7910478413105011
0.7531907260417938
0.7070447504520416
0.7922796308994293
0.7337981164455414
0.6926102638244629
0.6669996380805969
0.7129200994968414
0.6851874887943268
0.663618415594101
0.6456067264080048
0.6536273062229156
0.7998405694961548
0.6822496950626373
0.6817164421081543
0.8403874337673187
0.6931841373443604
0.5517077147960663
0.6104469895362854
0.6273457407951355
0.7313508987426758
0.663669764995575
0.5804256200790405
0.5656529068946838
0.6459769308567047
0.751482754945755
0.6132384538650513
0.5258336514234543
0.6246621608734131
0.694859653711319
0.7147629857063293
0.764882355928421
0.6102957725524902
0.6101036071777344
0.5644747316837311
0.5102501958608627
0.5364281982183456
0.5045928657054901
0.5093369036912918
0.4877816438674927
0.4277278333902359
0.5182443708181381
0.44601982831954956
0.5013096630573273
0.5493517518043518
0.6796154528856277
0.5813314020633698
0.6367526203393936
0.5849694907665253
0.5101403146982193
0.45115798711776733
0.5236208140850067
0.504580095410347
0.43268680572509766
0.40460623800754547
0.4409807622432709
0.3839365094900131
0.4307953268289566
0.5140013694763184
0.6845786869525909
0.5230072736740112
0.6335107088088989
0.6621478199958801
0.763664186000824
0.9254156947135925
0.7366661131381989
0.56483393907547
0.6548297703266144
0.6411938667297363
0.5188344866037369
0.5986301004886627
0.4008091539144516
0.5707926452159882
0.41425685584545135
0.5032605230808258
0.4055180847644806
0.4293913394212723
0.40947099030017853
0.38138313591480255
0.4335738569498062
0.36772771179676056
0.47881029546260834
0.43993937969207764
0.3567954897880554
0.3977612853050232
0.3663473278284073
0.30466631054878235
0.35201525688171387
0.3092647194862366
0.29423199594020844
0.30490967631340027
0.2694173529744148
0.3142387419939041
0.2908908277750015
0.27309558540582657
0.25731829553842545
0.2623242884874344
0.2511921599507332
0.7903192341327667
0.769697017967701
0.5961073040962219
0.42392823100090027
0.3678078353404999
0.39693254232406616
0.42086031287908554
0.28223074972629547
0.3471020311117172
0.2974875271320343
0.30669422447681427
0.3006593734025955
0.3073276877403259
0.25682583451271057
0.2758197784423828
0.2802511751651764
0.23820295929908752
0.21179301291704178
0.2208477035164833
0.21254025399684906
0.2062891125679016
0.17383939772844315
0.20092256367206573
0.15950780361890793
0.17000974714756012
0.16185730695724487
0.20628412067890167
0.19728823751211166
0.16659938544034958
0.16486091166734695
0.1817016638815403
0.17350275069475174
0.29150058329105377
0.30160412192344666
0.42101748287677765
0.6106959879398346
1.0402012318372726
1.37748584151268
1.2110925912857056
0.8067236244678497
0.8797701895236969
0.5761838257312775
0.662635862827301
0.4746396094560623
0.6147876381874084
0.3631114810705185
0.4738367348909378
0.26461027562618256
0.35130688548088074
0.3327489346265793
0.22954020649194717
0.2957261875271797
0.25080251693725586
0.20789802819490433
0.22579994052648544
0.18841052055358887
0.16692309826612473
0.16947847604751587
0.1746692806482315
0.15000709146261215
0.15416238829493523
0.1406073421239853
0.13450603932142258
0.13780837878584862
0.13123883306980133
0.13212228193879128
0.11018296331167221
0.11148146167397499
0.10256576910614967
0.10753146186470985
0.09522086009383202
0.09406446292996407
0.09180022776126862
0.08823662623763084
0.08553504571318626
0.08313078060746193
0.08243909850716591
0.08187168836593628
0.0778578333556652
0.07067078910768032
0.07762913405895233
0.06787144020199776
0.07100076228380203
0.06776551902294159
0.060172516852617264
0.05759307183325291
0.06479664705693722
0.07261100970208645
0.05754123069345951
0.0625324472784996
0.06811363808810711
0.07280687801539898
0.05427055060863495
0.0635223276913166
0.0656195767223835
0.050642555579543114
0.06174677051603794
0.060771264135837555
0.061787378042936325
0.0683189332485199
0.05823325179517269
0.05255129747092724
0.05459285154938698
0.053569477051496506
0.04492507688701153
0.0470110597088933
0.041879406198859215
0.0434779841452837
0.04119926504790783
0.04127061367034912
0.04018794372677803
0.03667834401130676
0.035119444131851196
0.03886038064956665
0.03509697876870632
0.03616061992943287
0.034936025738716125
0.03346390463411808
0.03279363550245762
0.030514588579535484
0.032206226140260696
0.029583838768303394
0.0354822613298893
0.033093249425292015
0.02838381566107273
0.03384433500468731
0.028023594990372658
0.030783035792410374
0.02546634990721941
0.02930536027997732
0.028798830695450306
0.027357107028365135
0.025991286151111126
0.0281728720292449
0.024716646410524845
0.0264552291482687
0.0238880543038249
0.02291836217045784
0.023095833137631416
0.022721542976796627
0.02097644191235304
0.023208558559417725
0.02085261605679989
0.022317559458315372
0.023246758617460728
0.020140656270086765
0.020135730504989624
0.019961749203503132
0.019738472998142242
0.0194805720821023
0.019919240847229958
0.020980485249310732
0.017205892130732536
0.01772150117903948
0.018595553003251553
0.0180851761251688
0.017059403005987406
0.01795749319717288
0.01917218789458275
0.01709719281643629
0.019488291814923286
0.01796754915267229
0.01631826115772128
0.018539108335971832
0.01576160779222846
0.01753335166722536
0.01519143395125866
0.016713443212211132
0.014709103852510452
0.01588377170264721
0.014386000577360392
0.015448238234966993
0.015342548955231905
0.014571179170161486
0.01400862354785204
0.014771178364753723
0.014287718571722507
0.01378833968192339
0.01328002056106925
0.013797806575894356
