2.308938255310059
2.3060169219970703
2.3044090557098387
2.3017244148254394
2.2971350860595705
2.289311008453369
2.2762545490264894
2.2532363510131836
2.219323320388794
2.177649655342102
2.1275509643554686
2.084074754714966
2.0440143823623655
2.009726462364197
1.984337797164917
1.9797848844528199
1.968512225151062
1.9447558879852296
1.9382762241363525
1.9342873334884643
1.912971978187561
1.908215546607971
1.9035423612594604
1.887852792739868
1.8957451248168946
1.8826575326919555
1.861564612388611
1.8619469690322876
1.850367591381073
1.8465532159805298
1.8403238534927369
1.8215534639358522
1.8140888786315919
1.8125952625274657
1.7921284055709839
1.7827963829040527
1.7575150442123413
1.7598072624206542
1.739662127494812
1.724648871421814
1.7089344358444214
1.6976305532455445
1.6789904928207398
1.654982566833496
1.638585271835327
1.6396784353256226
1.6136278343200683
1.5969511413574218
1.5801354932785034
1.5618434166908264
1.5442023015022277
1.5318216371536255
1.5085779786109925
1.4971752977371215
1.4908460569381714
1.4696541786193849
1.4695594596862793
1.4729817748069762
1.4545485830307008
1.4234776568412781
1.4254273295402526
1.410212926864624
1.3820089483261109
1.3855687952041627
1.3606396317481995
1.356561541557312
1.3515914702415466
1.3389280462265014
1.3461736416816712
1.3264379167556763
1.303538601398468
1.303484683036804
1.2901423263549805
1.2782540917396545
1.2678164434432984
1.273845739364624
1.2521245098114013
1.247449426651001
1.2497526609897613
1.2462092113494874
1.225213668346405
1.2101265096664429
1.1943330037593842
1.1915686440467834
1.1795911121368408
1.17533451795578
1.1713036108016968
1.1715489375591277
1.1518257296085357
1.144358413219452
1.1391565108299255
1.1184305357933044
1.113133409023285
1.106989414691925
1.105829302072525
1.1021186482906342
1.0891202664375306
1.0695697021484376
1.076758918762207
1.0477153038978577
1.0544006299972535
1.0440885305404664
1.040072149038315
1.0236663830280304
1.0204100894927979
1.0193883454799653
1.0108807539939881
1.0100302317738532
0.9944933938980103
0.992684166431427
0.9874417436122894
0.9792397499084473
0.9763258039951325
0.9739187157154083
0.984195829629898
0.957762895822525
0.9576745194196701
0.9482354599237443
0.947919362783432
0.9513763904571533
0.9272931247949601
0.9202502679824829
0.9161578023433685
0.9112527179718017
0.90768390417099
0.9182028186321258
0.925168172121048
0.9039679324626922
0.9021997481584549
0.8948625737428665
0.8824638032913208
0.884598935842514
0.8790112936496735
0.8816106343269348
0.8776151466369629
0.8662163603305817
0.8771095705032349
0.8728510153293609
0.8687369412183762
0.8670204460620881
0.8517384028434754
0.8621730697154999
0.8583544790744781
0.8517420136928558
0.8419225656986237
0.8379732763767243
0.8420174646377564
0.8375511288642883
0.8405879521369934
0.8286185944080353
0.835768917798996
0.8139578890800476
0.820147054195404
0.8182101321220397
0.8136963051557541
0.8180316066741944
0.8056902649998665
0.8189424097537994
0.8145873826742173
0.8126217496395111
0.7907544779777527
0.79677494764328
0.8029799392819404
0.796979951262474
0.7839313566684722
0.7782681167125702
0.7840554994344712
0.7747827821969986
0.7875073087215424
0.7706722795963288
0.768314596414566
0.7735667359828949
0.776997356414795
0.7639898186922074
0.7562924993038177
0.7511110627651214
0.7570625567436218
0.7489352530241012
0.7436514902114868
0.759321837425232
0.7485796266794205
0.744682007431984
0.7401924443244934
0.744549018740654
0.7369073927402496
0.7410055023431777
0.7352331727743149
0.7369611501693726
0.7298974502086639
0.7168659335374832
0.7208773818612099
0.7308470034599304
0.7256736654043198
0.7122358238697052
0.7083711850643158
0.7111820709705353
0.7120842581987381
0.7011021935939789
0.7071495461463928
0.7044426506757736
