0.065
0.08
0.11
0.105
0.125
0.14
0.11
0.125
0.105
0.115
0.095
0.09
0.09
0.12
0.135
0.085
0.095
0.09
0.1
0.1
0.09
0.1
0.105
0.085
0.08
0.115
0.135
0.085
0.075
0.12
0.13
0.145
0.12
0.18
0.135
0.17
0.155
0.155
0.165
0.2
0.155
0.18
0.14
0.16
0.17
0.16
0.185
0.19
0.17
0.205
0.195
0.22
0.225
0.195
0.205
0.19
0.21
0.23
0.165
0.18
0.195
0.235
0.215
0.235
0.205
0.225
0.215
0.19
0.255
0.195
0.235
0.255
0.27
0.24
0.245
0.285
0.26
0.245
0.31
0.355
0.3
0.345
0.35
0.335
0.32
0.305
0.27
0.335
0.345
0.32
0.345
0.375
0.345
0.425
0.4
0.375
0.41
0.45
0.395
0.445
0.43
0.405
0.45
0.445
0.37
0.455
0.455
0.455
0.505
0.45
0.465
0.48
0.45
0.45
0.53
0.45
0.45
0.485
0.585
0.53
0.505
0.53
0.51
0.52
0.555
0.49
0.495
0.555
0.605
0.52
0.54
0.485
0.53
0.565
0.545
0.585
0.55
0.58
0.555
0.56
0.555
0.525
0.605
0.595
0.625
0.57
0.62
0.6
0.595
0.615
0.63
0.605
0.64
0.625
0.56
0.655
0.62
0.65
0.63
0.665
0.685
0.665
0.68
0.655
0.655
0.695
0.65
0.64
0.645
0.65
0.65
0.69
0.73
0.69
0.65
0.695
0.68
0.69
0.705
0.71
0.77
0.725
0.645
0.705
0.685
0.68
0.695
0.705
0.685
0.665
0.76
0.74
0.7
0.79
0.77
0.725
0.745
0.755
0.745
0.77
0.755
0.78
0.76
0.7
0.79
0.72
0.75
0.76
0.825
0.795
0.73
0.74
0.735
0.77
0.78
0.83
0.775
0.795
0.77
0.785
0.78
0.785
0.86
0.795
0.83
0.78
0.78
0.81
0.81
0.795
0.85
0.785
0.815
0.86
0.795
0.795
0.84
0.795
0.86
0.795
0.8
0.815
0.805
0.8
0.82
0.785
0.845
0.845
0.785
0.825
0.85
0.795
0.835
0.825
0.765
0.835
0.89
0.82
0.8
0.845
0.845
0.845
0.86
0.82
0.855
0.835
0.79
0.815
0.84
0.83
0.875
0.83
0.875
0.85
0.88
0.79
0.84
0.795
0.79
0.83
0.835
0.855
0.845
0.85
0.855
0.855
0.845
0.865
0.875
0.815
0.885
0.81
0.835
0.88
0.87
0.87
0.8
0.905
0.885
0.92
0.885
0.86
0.83
0.85
0.86
0.85
0.89
0.9
0.865
0.91
0.86
0.84
0.875
0.835
0.88
0.85
0.87
0.865
0.87
0.895
0.87
0.825
0.84
0.85
0.86
0.85
0.86
0.885
0.79
0.91
0.85
0.92
0.85
0.855
0.905
0.91
0.845
0.85
0.83
0.815
0.92
0.91
0.935
0.895
0.9
0.91
0.92
0.885
0.885
0.865
0.87
0.85
0.89
0.89
0.86
0.88
0.86
0.89
0.9
0.88
0.885
0.86
0.845
0.85
0.835
0.85
0.865
0.915
0.935
0.93
0.9
0.925
0.865
0.845
0.85
0.89
0.92
0.895
0.91
0.895
0.88
0.855
0.885
0.865
0.89
0.905
0.855
0.855
0.86
0.875
0.9
0.93
0.905
0.87
0.885
0.93
0.92
0.895
0.89
0.88
