0.5324584245681763, 0.0010886843083426356, 0.060461752116680145 
1.4911752939224243, 0.0005809259018860757, 0.05609995126724243 
1.525107741355896, 8.315885497722775e-05, 0.01903664693236351 
1.7799665927886963, 6.513127300422639e-05, 0.022829195484519005 
1.7440624237060547, 0.00030584304477088153, 0.03402530401945114 
1.4232040643692017, 0.00010148241563001648, 0.023026492446660995 
1.2856863737106323, 5.737620813306421e-05, 0.021059725433588028 
1.4201856851577759, 3.1451618269784376e-05, 0.010494761168956757 
1.2963311672210693, 5.1476785500881306e-08, 0.0 
1.233786940574646, 6.07985157330404e-07, 0.0004460718482732773 
1.0254119634628296, 1.5024455204265541e-12, 8.14582429287114e-12 
0.8681443333625793, 1.1790464782279741e-07, 0.00020454080367926508 
1.0820817947387695, 2.9825581805198453e-05, 0.005882824305444956 
0.9295454621315002, 7.771274249535054e-05, 0.011775370687246323 
1.1260935068130493, 1.4278214621299412e-05, 0.007612389512360096 
0.9121137857437134, 1.205478110932745e-05, 0.008766090497374535 
1.0141618251800537, 5.896548373129917e-06, 0.0033341229427605867 
0.9257095456123352, 0.0, 0.0 
0.7458863854408264, 3.469960796550132e-17, 1.3327606027254899e-14 
0.9219353199005127, 8.724812801119697e-07, 0.0006915412377566099 
0.7759864926338196, 1.3848419939677115e-06, 0.0010590836172923446 
0.637959897518158, 1.5463916724911542e-07, 0.00026177821564488113 
0.6527326107025146, 3.547988626451115e-06, 0.0014364902162924409 
0.6280243992805481, 1.0587964425212704e-05, 0.0040569910779595375 
0.7561155557632446, 2.685423896764405e-05, 0.007069826126098633 
0.6288394927978516, 2.3234973923536018e-05, 0.006990800146013498 
0.6268236041069031, 1.773987605702132e-05, 0.005325239151716232 
0.7103617787361145, 1.807064654713031e-05, 0.007168702781200409 
0.7755330801010132, 3.936584835173562e-05, 0.013322935439646244 
0.8170450925827026, 3.4511049307184294e-05, 0.013885820284485817 
0.7674089074134827, 1.9897075617336668e-05, 0.013633874244987965 
0.9195355772972107, 2.2209878807188943e-05, 0.01200356986373663 
1.0207924842834473, 3.640504655777477e-05, 0.015551120974123478 
1.3311312198638916, 3.5041553928749636e-05, 0.014011653140187263 
1.604124665260315, 4.385795909911394e-05, 0.01880343072116375 
1.722873568534851, 0.00010065501555800438, 0.02732035703957081 
1.6196097135543823, 0.00042908795876428485, 0.06211286038160324 
2.1187448501586914, 0.0019011497497558594, 0.11723112314939499 
3.3331847190856934, 0.00459853932261467, 0.15339578688144684 
2.9723169803619385, 0.007740716449916363, 0.18586517870426178 
3.166416645050049, 0.013871918432414532, 0.2985169291496277 
2.8371896743774414, 0.026324324309825897, 0.31355202198028564 
4.051950454711914, 0.04370218515396118, 0.4101637899875641 
3.9295883178710938, 0.05137423798441887, 0.48965850472450256 
3.140641450881958, 0.04851726442575455, 0.5433176159858704 
3.4938621520996094, 0.07257402688264847, 0.5560428500175476 
2.9854166507720947, 0.07398846000432968, 0.6370670795440674 
3.305863380432129, 0.06624350696802139, 0.588107168674469 
3.7585256099700928, 0.08543333411216736, 0.6316434144973755 
3.8187832832336426, 0.09157346189022064, 0.7062335014343262 
3.393076181411743, 0.09565038233995438, 0.7162334322929382 
3.4609625339508057, 0.08909420669078827, 0.8030732274055481 
3.131242275238037, 0.09673154354095459, 0.7947153449058533 
3.329381227493286, 0.09299007803201675, 0.7933436036109924 
4.216281414031982, 0.09638693928718567, 0.9316785335540771 
3.4071261882781982, 0.10607628524303436, 0.9468657970428467 
3.6967151165008545, 0.11092306673526764, 1.040775179862976 
4.105075359344482, 0.11221273243427277, 1.011724591255188 
3.8707692623138428, 0.12520554661750793, 1.0801483392715454 
3.67224383354187, 0.10721878707408905, 1.0174877643585205 
4.357682704925537, 0.12489239871501923, 1.1977788209915161 
5.478006839752197, 0.12312524020671844, 1.2182676792144775 
4.049489974975586, 0.1489374339580536, 1.2767961025238037 
3.6473660469055176, 0.14733220636844635, 1.3170274496078491 
4.216248512268066, 0.14953558146953583, 1.3713247776031494 
4.300567150115967, 0.1816824972629547, 1.3946729898452759 
4.762601375579834, 0.1639477014541626, 1.5675668716430664 
3.892806053161621, 0.1670653223991394, 1.5958596467971802 
4.913341045379639, 0.1736505776643753, 1.503725528717041 
5.586652755737305, 0.17633084952831268, 1.420086145401001 
4.223324298858643, 0.17923350632190704, 1.5815991163253784 
5.0840983390808105, 0.17784208059310913, 1.7731159925460815 
4.733062267303467, 0.19196286797523499, 1.6428632736206055 
5.779231071472168, 0.200969859957695, 1.637453317642212 
5.930412292480469, 0.19788393378257751, 1.8519108295440674 
5.678843975067139, 0.17623117566108704, 1.7304465770721436 
6.2663254737854, 0.19075870513916016, 1.7498829364776611 
6.135863304138184, 0.182780921459198, 1.6874260902404785 
5.257356643676758, 0.17775456607341766, 1.8178752660751343 
6.559860706329346, 0.20547276735305786, 1.8865771293640137 
7.48574161529541, 0.20634858310222626, 1.8217328786849976 
6.653103351593018, 0.21327222883701324, 1.9847913980484009 
5.629745006561279, 0.2182631641626358, 2.046846866607666 
7.436182022094727, 0.21766866743564606, 2.0423266887664795 
6.167388439178467, 0.21642574667930603, 2.1907315254211426 
6.060666561126709, 0.21875135600566864, 2.101229190826416 
7.0758376121521, 0.2121281772851944, 2.138406991958618 
7.739309787750244, 0.20459400117397308, 2.1397414207458496 
8.063435554504395, 0.21596069633960724, 2.0511975288391113 
7.957522392272949, 0.2051973044872284, 2.2441298961639404 
9.047301292419434, 0.2106480747461319, 2.370570421218872 
8.56727123260498, 0.20771698653697968, 2.267017364501953 
8.555049896240234, 0.2197171151638031, 2.4538722038269043 
10.959400177001953, 0.20048080384731293, 2.49971604347229 
11.512035369873047, 0.22022759914398193, 2.244352102279663 
10.354689598083496, 0.2322954684495926, 2.4282498359680176 
10.69476318359375, 0.22052738070487976, 2.2888097763061523 
8.63890266418457, 0.21387521922588348, 2.6696791648864746 
9.734379768371582, 0.21772001683712006, 2.663391590118408 
10.783112525939941, 0.22746147215366364, 2.3397367000579834 
10.212100982666016, 0.23303288221359253, 2.4364335536956787 
9.988978385925293, 0.25239935517311096, 2.830221176147461 
14.267979621887207, 0.272697389125824, 3.3409423828125 
9.947630882263184, 0.3018226623535156, 3.675145149230957 
11.627216339111328, 0.3054957985877991, 3.4189517498016357 
11.243927001953125, 0.3112061619758606, 3.471560001373291 
11.871562004089355, 0.3217615783214569, 3.5111329555511475 
11.720921516418457, 0.3508776128292084, 3.6009273529052734 
12.257974624633789, 0.2845076024532318, 3.983444929122925 
10.99704647064209, 0.33865442872047424, 3.8676412105560303 
11.293764114379883, 0.34039559960365295, 3.738151788711548 
11.911223411560059, 0.3257845938205719, 3.973010301589966 
13.176101684570312, 0.3368987441062927, 4.01813268661499 
12.305248260498047, 0.36690253019332886, 3.5561490058898926 
11.394214630126953, 0.31474408507347107, 3.785071611404419 
12.52755355834961, 0.34796661138534546, 3.959963083267212 
12.507086753845215, 0.3798404037952423, 3.574122428894043 
13.461773872375488, 0.37143680453300476, 4.080384731292725 
15.520695686340332, 0.3457704782485962, 3.923419713973999 
13.607101440429688, 0.35223519802093506, 3.9603683948516846 
12.458919525146484, 0.3897216022014618, 4.741217136383057 
12.988142967224121, 0.3302299976348877, 4.231505393981934 
12.665754318237305, 0.3676224648952484, 3.836993455886841 
13.817959785461426, 0.3719335198402405, 4.265280723571777 
10.441731452941895, 0.34076476097106934, 4.1243791580200195 
13.014872550964355, 0.40295934677124023, 3.943634510040283 
13.80241870880127, 0.38904282450675964, 4.097020626068115 
16.032501220703125, 0.3984695374965668, 3.7785613536834717 
14.480692863464355, 0.3569759130477905, 3.7426788806915283 
12.765008926391602, 0.32770901918411255, 3.3017566204071045 
12.839400291442871, 0.36343398690223694, 3.8913137912750244 
16.420495986938477, 0.3808180093765259, 4.249449253082275 
12.627972602844238, 0.3058112561702728, 4.480205059051514 
15.591996192932129, 0.37244924902915955, 3.7748656272888184 
16.371335983276367, 0.3650359809398651, 3.7546262741088867 
15.445108413696289, 0.32963377237319946, 3.524019956588745 
14.308809280395508, 0.35776615142822266, 4.070206642150879 
18.261106491088867, 0.3613159954547882, 4.382701873779297 
14.806611061096191, 0.3047589659690857, 3.5597658157348633 
13.684632301330566, 0.31800320744514465, 3.9741830825805664 
16.030488967895508, 0.3567880392074585, 4.372779369354248 
12.71640682220459, 0.3412896990776062, 4.533776760101318 
14.975375175476074, 0.3333421051502228, 3.5273101329803467 
20.499448776245117, 0.34803032875061035, 4.03781795501709 
16.029014587402344, 0.3239578902721405, 3.7928247451782227 
18.82264518737793, 0.37772905826568604, 3.897524118423462 
19.300403594970703, 0.3461064398288727, 4.325006484985352 
17.158775329589844, 0.3640163838863373, 3.4854674339294434 
19.553852081298828, 0.3240342438220978, 3.9864606857299805 
13.074809074401855, 0.3375750780105591, 3.740055799484253 
18.69501495361328, 0.3461833894252777, 3.831958293914795 
16.63622283935547, 0.35031065344810486, 3.545992612838745 
22.081920623779297, 0.33674517273902893, 3.577179431915283 
19.54851531982422, 0.36037060618400574, 3.7657907009124756 
17.962862014770508, 0.3703746497631073, 3.585517168045044 
22.746103286743164, 0.3817122280597687, 3.985309600830078 
11.110262870788574, 0.4149743616580963, 3.976374387741089 
16.84307289123535, 0.3589533567428589, 3.6627421379089355 
16.144786834716797, 0.354693740606308, 3.45487642288208 
16.766605377197266, 0.3581889569759369, 3.318293333053589 
16.259763717651367, 0.39773911237716675, 4.0981316566467285 
21.16676902770996, 0.40995562076568604, 3.1549110412597656 
19.29584312438965, 0.372801274061203, 3.2881739139556885 
22.09987449645996, 0.3638921082019806, 3.0841434001922607 
20.427003860473633, 0.34161561727523804, 3.334791660308838 
21.18048095703125, 0.3542737662792206, 3.5265772342681885 
13.766532897949219, 0.35477665066719055, 3.583209991455078 
18.645408630371094, 0.32167938351631165, 3.0961906909942627 
19.217472076416016, 0.3412710428237915, 3.2828445434570312 
18.802579879760742, 0.3309113681316376, 3.377758026123047 
21.538959503173828, 0.36082887649536133, 3.6075963973999023 
20.969648361206055, 0.315654993057251, 3.021231174468994 
22.172212600708008, 0.37401527166366577, 3.1422574520111084 
23.567598342895508, 0.3216746151447296, 3.522789478302002 
20.03908348083496, 0.3221142888069153, 3.550879716873169 
36.66815185546875, 0.359956294298172, 3.280437707901001 
13.523404121398926, 0.353818416595459, 3.5377542972564697 
25.843149185180664, 0.3857845962047577, 3.1054913997650146 
18.95754051208496, 0.35765451192855835, 3.072655200958252 
24.63683319091797, 0.34936538338661194, 3.0215792655944824 
16.969684600830078, 0.35682475566864014, 3.657627582550049 
22.92849349975586, 0.3566993176937103, 3.0997092723846436 
23.5316104888916, 0.334023118019104, 3.2324154376983643 
28.348257064819336, 0.3846709430217743, 3.3383684158325195 
19.008586883544922, 0.31824564933776855, 2.865360736846924 
26.441892623901367, 0.37977439165115356, 2.814081907272339 
26.832592010498047, 0.3510376214981079, 2.746551036834717 
31.48560905456543, 0.36976683139801025, 2.9355790615081787 
17.96482276916504, 0.31243687868118286, 2.5337753295898438 
25.750667572021484, 0.360455721616745, 3.006067991256714 
31.650165557861328, 0.35359105467796326, 2.788377046585083 
24.44495391845703, 0.2969590723514557, 3.0124378204345703 
25.005762100219727, 0.3338319957256317, 3.159066915512085 
20.640384674072266, 0.30836138129234314, 3.0314815044403076 
25.930850982666016, 0.3292522728443146, 3.102429151535034 
25.800521850585938, 0.3683773875236511, 2.7980973720550537 
27.447948455810547, 0.33461499214172363, 2.9742162227630615 
25.308500289916992, 0.31762033700942993, 2.6109113693237305 
30.149744033813477, 0.33094125986099243, 3.206239700317383 
27.944072723388672, 0.33681485056877136, 2.630723714828491 
29.171689987182617, 0.3454000949859619, 3.171459197998047 
27.663515090942383, 0.33271169662475586, 2.7590584754943848 
24.28908920288086, 0.2960260212421417, 2.717700958251953 
26.499326705932617, 0.3273952007293701, 2.946457862854004 
28.0289363861084, 0.354714572429657, 2.9599452018737793 
30.418901443481445, 0.336277037858963, 3.060407876968384 
23.575857162475586, 0.3365594446659088, 3.1926071643829346 
28.178466796875, 0.29355666041374207, 2.84932279586792 
24.3942928314209, 0.3118590712547302, 2.5380661487579346 
31.45241355895996, 0.3510984182357788, 2.530423641204834 
26.936229705810547, 0.3263404667377472, 2.7906837463378906 
29.234128952026367, 0.3169517517089844, 2.866187810897827 
27.93070411682129, 0.3521355390548706, 2.482276201248169 
32.31520080566406, 0.3147837221622467, 2.768002986907959 
26.49788475036621, 0.31618762016296387, 2.681161403656006 
31.336029052734375, 0.312461793422699, 2.6445093154907227 
35.138084411621094, 0.31871867179870605, 2.8241524696350098 
29.87629508972168, 0.3321547210216522, 3.013596534729004 
59.26420974731445, 0.3405788540840149, 2.728224039077759 
21.154441833496094, 0.3777306377887726, 3.16422963142395 
21.218225479125977, 0.3665201961994171, 3.204643487930298 
18.535690307617188, 0.351509690284729, 3.1718246936798096 
23.03165626525879, 0.4255422055721283, 2.950733184814453 
26.397178649902344, 0.342154324054718, 2.7509353160858154 
22.79378890991211, 0.3007385730743408, 2.8436279296875 
27.463626861572266, 0.3085687458515167, 2.7288267612457275 
27.91807746887207, 0.3225521743297577, 2.653913974761963 
30.484495162963867, 0.31301331520080566, 2.9963631629943848 
26.957279205322266, 0.322098970413208, 2.770759344100952 
31.998411178588867, 0.33892008662223816, 2.707322359085083 
34.07732391357422, 0.3330444097518921, 2.823559284210205 
43.26942443847656, 0.33173808455467224, 2.748155117034912 
26.32654571533203, 0.33865782618522644, 2.6875650882720947 
31.104408264160156, 0.32984259724617004, 2.352365016937256 
35.55119323730469, 0.31422102451324463, 2.633168935775757 
26.95541000366211, 0.2914193570613861, 2.2541303634643555 
36.09074020385742, 0.3199433982372284, 2.2462782859802246 
33.71904373168945, 0.30514997243881226, 2.3324015140533447 
35.726287841796875, 0.2905547320842743, 2.9470579624176025 
33.30064010620117, 0.2760131061077118, 2.437392234802246 
35.56267547607422, 0.3097975552082062, 1.9888100624084473 
36.65369415283203, 0.2871045172214508, 2.470531940460205 
30.053958892822266, 0.3507516086101532, 2.9228310585021973 
32.47581100463867, 0.2966180741786957, 2.6426401138305664 
36.536407470703125, 0.2940475642681122, 2.4850926399230957 
34.075931549072266, 0.30788153409957886, 2.661848306655884 
37.086299896240234, 0.3405293822288513, 2.823176145553589 
50.81312561035156, 0.3264917731285095, 2.3763766288757324 
44.366085052490234, 0.3715149760246277, 2.544583559036255 
33.491092681884766, 0.311654269695282, 2.5280745029449463 
44.83782958984375, 0.37392669916152954, 3.0283939838409424 
28.086692810058594, 0.34560444951057434, 2.7677907943725586 
27.541610717773438, 0.30219343304634094, 2.493084669113159 
36.70939636230469, 0.3101882040500641, 2.695998430252075 
40.53308868408203, 0.30213677883148193, 3.022775173187256 
33.85774230957031, 0.2836949825286865, 2.181751251220703 
38.148624420166016, 0.3144291639328003, 2.537262201309204 
29.243305206298828, 0.2685483694076538, 2.139394760131836 
36.16911697387695, 0.2835608422756195, 2.8215115070343018 
34.96886444091797, 0.28542134165763855, 2.45112943649292 
37.271732330322266, 0.2874222695827484, 2.26255202293396 
41.928062438964844, 0.2932533323764801, 2.750270366668701 
41.74495315551758, 0.3219514787197113, 2.4332094192504883 
32.15430450439453, 0.2937319874763489, 2.4504764080047607 
35.18869400024414, 0.29840919375419617, 2.6372554302215576 
39.669464111328125, 0.2893524765968323, 2.259225606918335 
36.3948860168457, 0.2749236822128296, 2.2520360946655273 
41.296939849853516, 0.2951495349407196, 2.7361133098602295 
32.706565856933594, 0.29100778698921204, 2.6191744804382324 
35.024147033691406, 0.2926560342311859, 2.209894895553589 
49.68061065673828, 0.31658846139907837, 2.5309903621673584 
42.84086227416992, 0.28555402159690857, 2.3815619945526123 
42.31428909301758, 0.3242621123790741, 2.258920907974243 
39.26087188720703, 0.26345083117485046, 2.391080379486084 
32.3758659362793, 0.27503693103790283, 2.139235258102417 
42.178802490234375, 0.2953847348690033, 2.477463960647583 
47.31382751464844, 0.3436521291732788, 2.5084943771362305 
40.81352233886719, 0.290494441986084, 2.459294080734253 
39.971099853515625, 0.2926614582538605, 2.0155038833618164 
50.529598236083984, 0.3046703338623047, 2.4622414112091064 
38.99799346923828, 0.27457496523857117, 2.31005859375 
37.04905700683594, 0.277448445558548, 2.25771427154541 
43.35913848876953, 0.29305970668792725, 2.453343629837036 
36.13179397583008, 0.2568207085132599, 2.3723771572113037 
58.04819107055664, 0.33122286200523376, 3.075120210647583 
30.94797706604004, 0.3004390001296997, 2.2408366203308105 
33.62590408325195, 0.3001292645931244, 2.2808332443237305 
35.16484069824219, 0.29777824878692627, 2.5988407135009766 
33.921791076660156, 0.2527438700199127, 2.370271921157837 
55.33867263793945, 0.30988097190856934, 2.796215295791626 
41.93293380737305, 0.2925530672073364, 2.1269898414611816 
37.06957244873047, 0.2761463522911072, 2.2542619705200195 
46.50099563598633, 0.3091035783290863, 2.3225491046905518 
39.331966400146484, 0.28569304943084717, 2.1826248168945312 
35.86402893066406, 0.3273578882217407, 2.506671190261841 
41.880104064941406, 0.3183070421218872, 2.3303160667419434 
41.52722930908203, 0.31989341974258423, 2.53477144241333 
45.89993667602539, 0.3031485378742218, 2.322389602661133 
37.960166931152344, 0.273982971906662, 2.3096423149108887 
37.756282806396484, 0.25925007462501526, 2.539512872695923 
47.361473083496094, 0.2836149036884308, 2.1888487339019775 
39.034690856933594, 0.25201961398124695, 2.1066665649414062 
50.818450927734375, 0.33769744634628296, 2.1614928245544434 
50.042118072509766, 0.30072665214538574, 2.3283820152282715 
40.785926818847656, 0.2860583961009979, 2.330704689025879 
42.65212631225586, 0.27393996715545654, 2.105968713760376 
60.196006774902344, 0.32288262248039246, 2.130199670791626 
38.88824462890625, 0.3028474450111389, 2.173720359802246 
37.45380783081055, 0.2578839063644409, 2.2721970081329346 
37.868995666503906, 0.2854231595993042, 2.4363129138946533 
45.690277099609375, 0.3144541084766388, 2.1261234283447266 
51.68980026245117, 0.3078574240207672, 2.5447335243225098 
32.24304962158203, 0.292613685131073, 2.0201447010040283 
37.624237060546875, 0.3008398413658142, 2.469726085662842 
42.5380859375, 0.29011300206184387, 2.55352783203125 
36.52518844604492, 0.3054811656475067, 2.488431453704834 
49.06066131591797, 0.28947389125823975, 2.591611862182617 
46.261009216308594, 0.2930631935596466, 2.262324094772339 
54.313533782958984, 0.34197038412094116, 2.111670732498169 
41.46519470214844, 0.2808326482772827, 2.311279296875 
53.74781799316406, 0.30161672830581665, 2.0855839252471924 
51.939918518066406, 0.32700780034065247, 2.2733914852142334 
45.36495590209961, 0.24669897556304932, 2.358844518661499 
38.22306442260742, 0.27372750639915466, 2.3918120861053467 
37.735721588134766, 0.2743304967880249, 2.0531299114227295 
61.479637145996094, 0.30449122190475464, 2.607990026473999 
45.20551681518555, 0.27230140566825867, 2.2047064304351807 
51.51033401489258, 0.2743900418281555, 2.4704370498657227 
49.20017623901367, 0.30855339765548706, 2.1969969272613525 
44.05514907836914, 0.27366480231285095, 2.27836537361145 
51.15751647949219, 0.3017621636390686, 2.161383867263794 
47.619842529296875, 0.3014920651912689, 2.2084569931030273 
56.506839752197266, 0.2941960096359253, 2.1868534088134766 
43.01711654663086, 0.27013126015663147, 2.3027894496917725 
55.613895416259766, 0.28058046102523804, 2.331791877746582 
43.596527099609375, 0.2878301739692688, 2.015338897705078 
48.9985237121582, 0.2904919385910034, 2.307375192642212 
46.264644622802734, 0.28349965810775757, 2.018234968185425 
53.75559616088867, 0.2916308045387268, 2.349215030670166 
47.710472106933594, 0.29916897416114807, 2.0080556869506836 
49.377410888671875, 0.28390517830848694, 2.1167638301849365 
49.89208221435547, 0.30914801359176636, 2.2293848991394043 
43.7948112487793, 0.2709182798862457, 2.299032688140869 
43.45539093017578, 0.3382590115070343, 2.2643258571624756 
47.70279312133789, 0.2861882150173187, 2.10038423538208 
46.62180709838867, 0.27607160806655884, 2.057751178741455 
52.73124694824219, 0.28692153096199036, 2.1349031925201416 
45.389129638671875, 0.2499941736459732, 2.0477805137634277 
60.592044830322266, 0.31513121724128723, 2.219046115875244 
46.127662658691406, 0.2886970639228821, 2.0490829944610596 
63.196346282958984, 0.26851242780685425, 2.266519784927368 
45.540557861328125, 0.30184486508369446, 2.159769296646118 
52.16149139404297, 0.26156455278396606, 1.812722086906433 
66.01780700683594, 0.2584145665168762, 1.7272281646728516 
41.87812805175781, 0.29416537284851074, 2.3775277137756348 
54.402774810791016, 0.312311053276062, 3.0540647506713867 
41.93364334106445, 0.2954614758491516, 2.2981529235839844 
46.04656219482422, 0.279369056224823, 1.7812200784683228 
54.6566047668457, 0.27662861347198486, 2.277017831802368 
40.177310943603516, 0.2684834897518158, 1.9388359785079956 
47.916500091552734, 0.29683786630630493, 2.3560774326324463 
63.170047760009766, 0.30184584856033325, 2.247731924057007 
49.60451889038086, 0.2912776470184326, 1.7901489734649658 
60.93964385986328, 0.27931466698646545, 1.6968039274215698 
50.1429328918457, 0.2569674551486969, 1.7121024131774902 
58.18727111816406, 0.29570868611335754, 2.581098794937134 
47.07343292236328, 0.2627551257610321, 2.1532983779907227 
54.61094284057617, 0.2746933400630951, 2.3023974895477295 
59.31282043457031, 0.3037278354167938, 2.4485907554626465 
57.03335189819336, 0.3069770932197571, 1.921995997428894 
46.52676010131836, 0.28740012645721436, 2.0425338745117188 
46.37690353393555, 0.28478410840034485, 2.2385523319244385 
62.48225402832031, 0.2860710620880127, 2.049765110015869 
50.98866271972656, 0.2657534182071686, 2.0042357444763184 
60.43145751953125, 0.29548972845077515, 2.021230936050415 
52.0888557434082, 0.27347972989082336, 2.009704113006592 
52.56537628173828, 0.25659430027008057, 1.9532792568206787 
55.12685012817383, 0.24962159991264343, 2.235823631286621 
58.548828125, 0.2674708366394043, 2.422667980194092 
60.20412063598633, 0.29966095089912415, 2.1674294471740723 
69.23201751708984, 0.2943660616874695, 1.8606561422348022 
57.008323669433594, 0.27164706587791443, 1.9771429300308228 
55.537357330322266, 0.28731995820999146, 2.2749783992767334 
64.51139831542969, 0.282005250453949, 2.268636703491211 
83.84942626953125, 0.2716856896877289, 2.2687578201293945 
43.11398696899414, 0.29421550035476685, 1.9660392999649048 
52.01726150512695, 0.33360153436660767, 2.589297294616699 
51.0228271484375, 0.28472089767456055, 2.033318519592285 
48.64761734008789, 0.29523712396621704, 2.140334367752075 
56.130130767822266, 0.2912214994430542, 1.8764441013336182 
52.87797546386719, 0.26490187644958496, 1.9394346475601196 
61.53976058959961, 0.28379157185554504, 2.2197883129119873 
47.33194351196289, 0.25945398211479187, 1.9091318845748901 
64.49140930175781, 0.3132028579711914, 2.21998929977417 
70.04891204833984, 0.30783405900001526, 1.898414969444275 
50.6524772644043, 0.2884577512741089, 2.1495602130889893 
69.93673706054688, 0.27005255222320557, 2.0029525756835938 
44.86899948120117, 0.2662046551704407, 1.8698623180389404 
52.759803771972656, 0.30357468128204346, 1.972027063369751 
56.86084747314453, 0.2916528582572937, 2.0897529125213623 
44.520206451416016, 0.27133235335350037, 1.7837817668914795 
70.81464385986328, 0.3043675124645233, 1.9437721967697144 
62.0378303527832, 0.29676955938339233, 2.098736047744751 
54.4376335144043, 0.28460174798965454, 1.8095752000808716 
56.2543830871582, 0.30523234605789185, 1.8863487243652344 
62.485511779785156, 0.31491127610206604, 1.8241106271743774 
60.73836898803711, 0.2955988943576813, 2.1737945079803467 
87.94779205322266, 0.31439876556396484, 2.1825644969940186 
55.204647064208984, 0.28183114528656006, 1.7955729961395264 
55.4719352722168, 0.30184218287467957, 1.8548048734664917 
50.492671966552734, 0.2644062638282776, 2.2737019062042236 
52.72185134887695, 0.28631654381752014, 2.2582106590270996 
51.57866287231445, 0.2717485725879669, 1.993911623954773 
67.92274475097656, 0.28864938020706177, 2.216658115386963 
64.31061553955078, 0.31667664647102356, 1.8514639139175415 
54.06542205810547, 0.3043546676635742, 1.6026078462600708 
55.52158737182617, 0.2594446539878845, 2.0411837100982666 
71.51922607421875, 0.311871200799942, 2.0989768505096436 
54.79763412475586, 0.30593958497047424, 2.103745222091675 
55.147621154785156, 0.28242820501327515, 2.5827648639678955 
62.02369689941406, 0.28247329592704773, 2.7384214401245117 
55.76353454589844, 0.26806190609931946, 1.736217975616455 
65.27403259277344, 0.2716447412967682, 1.8357789516448975 
51.063663482666016, 0.3138177990913391, 2.4507410526275635 
80.4054946899414, 0.29576316475868225, 2.692892551422119 
47.27912521362305, 0.3078289031982422, 2.2113630771636963 
52.725791931152344, 0.2858877182006836, 2.0006632804870605 
41.10558319091797, 0.24997736513614655, 1.9239519834518433 
50.87299728393555, 0.2794554531574249, 1.7943252325057983 
52.317806243896484, 0.27957379817962646, 2.012362480163574 
60.91953659057617, 0.26661133766174316, 2.286801815032959 
70.49667358398438, 0.2942879796028137, 2.1351218223571777 
58.25259780883789, 0.26920488476753235, 2.3112735748291016 
55.18030548095703, 0.2354741245508194, 1.5315264463424683 
49.13429260253906, 0.25776728987693787, 2.0729176998138428 
57.826045989990234, 0.30987614393234253, 1.8950586318969727 
60.66999816894531, 0.2678322494029999, 1.923872947692871 
60.53371047973633, 0.2831297814846039, 1.7030843496322632 
62.53942108154297, 0.29475894570350647, 1.6585204601287842 
60.263702392578125, 0.260353147983551, 1.9438153505325317 
74.89261627197266, 0.31782805919647217, 1.835291862487793 
52.95406723022461, 0.30511274933815, 2.075690269470215 
55.132240295410156, 0.2858830392360687, 1.9359638690948486 
56.9297981262207, 0.28528809547424316, 1.5958776473999023 
55.43891143798828, 0.2538987398147583, 2.0720391273498535 
66.70870208740234, 0.2599281966686249, 2.1113736629486084 
54.38055419921875, 0.23104745149612427, 1.5921175479888916 
57.49885177612305, 0.2816261351108551, 2.0334861278533936 
62.26267623901367, 0.2803812623023987, 2.1037497520446777 
46.32966232299805, 0.2634486258029938, 2.01589035987854 
44.75172424316406, 0.2902544438838959, 2.3702824115753174 
74.81884002685547, 0.3046569228172302, 1.7573554515838623 
67.66944122314453, 0.2817119061946869, 2.030224323272705 
53.54045486450195, 0.294879287481308, 1.6457710266113281 
58.5384635925293, 0.3024471700191498, 1.7708934545516968 
62.62938690185547, 0.26806148886680603, 1.801459550857544 
67.22233581542969, 0.26542457938194275, 2.1010892391204834 
52.1385383605957, 0.27507174015045166, 1.445042371749878 
70.67072296142578, 0.26591411232948303, 1.8657981157302856 
54.69033432006836, 0.26039233803749084, 1.6180630922317505 
67.32819366455078, 0.23617126047611237, 1.8752985000610352 
49.514827728271484, 0.2715923488140106, 1.8335078954696655 
58.05543518066406, 0.28737860918045044, 1.900854229927063 
64.3787612915039, 0.2992079257965088, 1.9144715070724487 
61.01169967651367, 0.2828148901462555, 1.839324951171875 
58.77798843383789, 0.26955461502075195, 1.645283579826355 
64.71977233886719, 0.2721492052078247, 1.8330916166305542 
57.8603515625, 0.25330352783203125, 2.052841901779175 
63.98008728027344, 0.26684099435806274, 1.9522801637649536 
53.86684799194336, 0.2706019878387451, 1.9886642694473267 
57.21299362182617, 0.27541425824165344, 1.824115514755249 
73.8074722290039, 0.2634270489215851, 1.6980677843093872 
56.993839263916016, 0.3114713132381439, 2.0948379039764404 
81.80461883544922, 0.2921951115131378, 1.7979159355163574 
45.53663635253906, 0.2268901914358139, 1.5986660718917847 
65.95928192138672, 0.2760964632034302, 1.80141019821167 
61.251068115234375, 0.2928488850593567, 1.8507609367370605 
69.54533386230469, 0.28229403495788574, 1.754166603088379 
58.33466339111328, 0.24761565029621124, 1.9122092723846436 
61.1102409362793, 0.24700459837913513, 2.8683319091796875 
69.32237243652344, 0.28061386942863464, 1.7781647443771362 
65.2826919555664, 0.2737559974193573, 1.765932321548462 
60.358585357666016, 0.27338436245918274, 1.7731786966323853 
54.72028350830078, 0.25428396463394165, 1.7534540891647339 
62.60601043701172, 0.2549871504306793, 2.104893445968628 
59.94819259643555, 0.28320133686065674, 1.7206825017929077 
62.059173583984375, 0.26334062218666077, 1.706543207168579 
55.04534912109375, 0.2646709978580475, 1.8975204229354858 
68.64025115966797, 0.289000004529953, 2.053605794906616 
65.06733703613281, 0.28703659772872925, 2.0319764614105225 
56.31728744506836, 0.2512766122817993, 1.5953084230422974 
58.99492263793945, 0.28402402997016907, 1.707831621170044 
77.6107406616211, 0.2868286073207855, 1.9594372510910034 
59.474151611328125, 0.2583066523075104, 2.158217191696167 
75.60552978515625, 0.2821708917617798, 2.2497897148132324 
66.61933898925781, 0.27483707666397095, 1.862084984779358 
70.91214752197266, 0.2683906853199005, 1.599292278289795 
64.964111328125, 0.27666422724723816, 1.778665542602539 
85.8856430053711, 0.26954832673072815, 1.8780992031097412 
59.0373649597168, 0.2467481642961502, 1.6255316734313965 
58.637657165527344, 0.25171929597854614, 1.9225306510925293 
74.2540512084961, 0.2822763919830322, 1.759215235710144 
54.641178131103516, 0.25508761405944824, 2.1275830268859863 
70.59485626220703, 0.24013279378414154, 2.031364917755127 
59.74958801269531, 0.27137506008148193, 1.5545629262924194 
64.36264038085938, 0.28000038862228394, 1.8214747905731201 
57.62889862060547, 0.23894527554512024, 1.6112843751907349 
72.30652618408203, 0.2781990170478821, 1.962349772453308 
90.99382781982422, 0.2585335969924927, 1.8922364711761475 
49.1105842590332, 0.2511429786682129, 2.0393753051757812 
60.016082763671875, 0.2507236897945404, 1.8115907907485962 
60.62717819213867, 0.26993846893310547, 1.5690566301345825 
73.8226547241211, 0.27514687180519104, 1.6513149738311768 
46.46931457519531, 0.25487133860588074, 1.9499167203903198 
54.832069396972656, 0.27581286430358887, 1.9116649627685547 
61.89727783203125, 0.28627312183380127, 1.5657867193222046 
67.36408996582031, 0.28267136216163635, 1.8119595050811768 
85.18404388427734, 0.28708693385124207, 1.7356668710708618 
49.41910934448242, 0.27701130509376526, 1.915026068687439 
61.10960006713867, 0.28216344118118286, 2.4470508098602295 
51.55288314819336, 0.3082330822944641, 1.813048243522644 
55.5492057800293, 0.25520777702331543, 1.5584077835083008 
68.2548599243164, 0.2975539565086365, 1.73471200466156 
57.4510498046875, 0.25388750433921814, 1.6945054531097412 
65.52741241455078, 0.27637046575546265, 1.832836627960205 
56.35591506958008, 0.2632012665271759, 1.6285206079483032 
55.40248107910156, 0.25171542167663574, 1.63137686252594 
84.88115692138672, 0.28419139981269836, 2.5093324184417725 
61.10877227783203, 0.2513467073440552, 2.005901336669922 
59.24599075317383, 0.28312739729881287, 1.8281519412994385 
63.940635681152344, 0.2651813328266144, 1.713317632675171 
63.287628173828125, 0.2353932112455368, 1.6599434614181519 
71.45890045166016, 0.271902471780777, 1.4477458000183105 
70.40108489990234, 0.25636088848114014, 1.821502923965454 
62.163063049316406, 0.2722034752368927, 1.8316082954406738 
67.14995574951172, 0.28316730260849, 1.8410793542861938 
69.45071411132812, 0.2522120475769043, 1.5007232427597046 
63.728248596191406, 0.24713517725467682, 1.3019130229949951 
70.46685028076172, 0.2807168960571289, 2.243161678314209 
65.46776580810547, 0.27279871702194214, 1.7872740030288696 
63.69108200073242, 0.2327108383178711, 1.9740123748779297 
70.20904541015625, 0.2628428339958191, 1.765932321548462 
71.65267181396484, 0.2725522816181183, 1.68740975856781 
59.731651306152344, 0.291670560836792, 1.5522395372390747 
73.04017639160156, 0.24621249735355377, 1.6288552284240723 
66.93289184570312, 0.29809537529945374, 2.074218988418579 
76.59420013427734, 0.2525958716869354, 1.6859612464904785 
80.38227081298828, 0.2855667769908905, 1.8707082271575928 
67.40934753417969, 0.2407650202512741, 1.5956453084945679 
70.8002700805664, 0.2812763750553131, 1.8882319927215576 
64.6773452758789, 0.2732270359992981, 2.0000033378601074 
71.76217651367188, 0.2534194588661194, 1.7437318563461304 
62.848995208740234, 0.2638110816478729, 1.7114535570144653 
80.54319763183594, 0.2638899087905884, 1.8144683837890625 
98.60779571533203, 0.29222390055656433, 1.8305906057357788 
75.09658813476562, 0.27137815952301025, 1.861183524131775 
72.63435363769531, 0.2815394103527069, 1.8266708850860596 
103.87097930908203, 0.2522892951965332, 1.5062916278839111 
63.954898834228516, 0.32341358065605164, 1.4717847108840942 
73.55703735351562, 0.2555173337459564, 1.7720896005630493 
63.749534606933594, 0.238895982503891, 2.0913774967193604 
61.64522933959961, 0.248318612575531, 1.6096203327178955 
64.99850463867188, 0.2695380449295044, 2.1269946098327637 
68.54947662353516, 0.2737860083580017, 1.6225253343582153 
73.47948455810547, 0.2689668834209442, 2.204590082168579 
64.7099609375, 0.2345249354839325, 1.513264775276184 
68.48631286621094, 0.2822517156600952, 1.5751912593841553 
78.19439697265625, 0.2926136255264282, 1.9574393033981323 
81.69294738769531, 0.27320194244384766, 1.742843508720398 
66.19597625732422, 0.2954704165458679, 1.443779468536377 
68.68745422363281, 0.26476404070854187, 1.9077569246292114 
74.93313598632812, 0.25568515062332153, 1.4875411987304688 
68.72132110595703, 0.2824200391769409, 1.8410544395446777 
85.82958221435547, 0.3019542694091797, 1.9039117097854614 
67.80812072753906, 0.2438783198595047, 1.8766016960144043 
75.80909729003906, 0.26196518540382385, 1.8190639019012451 
52.186275482177734, 0.2644471228122711, 1.5625807046890259 
74.85787200927734, 0.269042044878006, 1.4669140577316284 
58.851932525634766, 0.2521752417087555, 1.7740315198898315 
80.54219055175781, 0.2942703664302826, 1.9904909133911133 
63.39297103881836, 0.2854224145412445, 1.7931963205337524 
81.92090606689453, 0.2584114968776703, 2.1793429851531982 
59.719764709472656, 0.27561530470848083, 1.6634546518325806 
64.54145812988281, 0.2501828968524933, 2.2719955444335938 
61.0006103515625, 0.28479722142219543, 1.5682003498077393 
77.01029968261719, 0.25254884362220764, 1.4834198951721191 
65.85115051269531, 0.235965296626091, 1.700092077255249 
64.31962585449219, 0.27586886286735535, 1.7278109788894653 
77.66338348388672, 0.29625457525253296, 1.802644968032837 
63.52634811401367, 0.268046498298645, 1.355566382408142 
82.21398162841797, 0.264346182346344, 1.8540616035461426 
71.0210189819336, 0.2838888466358185, 1.4905272722244263 
77.11567687988281, 0.27491283416748047, 2.3841147422790527 
64.29935455322266, 0.2735600769519806, 1.5571444034576416 
80.8289794921875, 0.27490511536598206, 1.8812201023101807 
68.6984634399414, 0.22815123200416565, 1.9158949851989746 
62.40987014770508, 0.26844358444213867, 1.6575690507888794 
71.55632019042969, 0.2859838306903839, 1.7228648662567139 
63.03825759887695, 0.24910572171211243, 1.5226738452911377 
56.705997467041016, 0.28666597604751587, 2.057888984680176 
78.19695281982422, 0.3106183111667633, 1.5767908096313477 
62.09506607055664, 0.2903923988342285, 1.696218490600586 
75.56461334228516, 0.287765234708786, 1.6287784576416016 
71.02141571044922, 0.2854144275188446, 1.5014324188232422 
67.07683563232422, 0.28210341930389404, 1.6098712682724 
74.5528564453125, 0.29715418815612793, 1.5672553777694702 
59.77299880981445, 0.26357170939445496, 1.645062804222107 
76.87175750732422, 0.28941142559051514, 1.9441300630569458 
68.5146484375, 0.2380688339471817, 1.8604577779769897 
66.24177551269531, 0.2668432295322418, 1.570446252822876 
82.86212158203125, 0.2848632037639618, 1.4971392154693604 
80.64164733886719, 0.2385730743408203, 1.5408589839935303 
65.54890441894531, 0.2515091001987457, 1.4977139234542847 
62.42109298706055, 0.24545104801654816, 1.8574154376983643 
79.43665313720703, 0.2425174117088318, 1.7869247198104858 
60.89737319946289, 0.24506326019763947, 1.516406774520874 
71.17713165283203, 0.2469669133424759, 1.2405164241790771 
82.76728820800781, 0.32181134819984436, 1.9249862432479858 
67.27254486083984, 0.2832009196281433, 1.7041492462158203 
67.03272247314453, 0.2954428791999817, 1.3654935359954834 
69.60735321044922, 0.26449599862098694, 2.0973527431488037 
67.66769409179688, 0.2993434965610504, 1.531885027885437 
61.21363830566406, 0.24997329711914062, 1.2899214029312134 
71.65923309326172, 0.29115942120552063, 1.8442599773406982 
61.10159683227539, 0.2514055073261261, 1.6402839422225952 
89.56280517578125, 0.2847895324230194, 1.733162522315979 
66.81499481201172, 0.2452104538679123, 1.6530801057815552 
61.44405746459961, 0.2477848380804062, 1.1413143873214722 
64.74200439453125, 0.25136837363243103, 1.5867708921432495 
61.604705810546875, 0.24856719374656677, 1.160244345664978 
73.74771118164062, 0.26205921173095703, 1.4849079847335815 
70.08132934570312, 0.2745051980018616, 1.8864752054214478 
70.0826187133789, 0.24779890477657318, 1.3615316152572632 
80.03720092773438, 0.25986120104789734, 1.4475008249282837 
57.919029235839844, 0.24329841136932373, 1.5384126901626587 
74.4425277709961, 0.2708699405193329, 1.7520865201950073 
67.72854614257812, 0.23262940347194672, 1.591139316558838 
64.52394104003906, 0.2850320339202881, 1.249716877937317 
99.4759750366211, 0.29395461082458496, 1.7676732540130615 
62.50127410888672, 0.28608208894729614, 1.650939702987671 
60.65627670288086, 0.28384801745414734, 1.7080261707305908 
68.83118438720703, 0.2589467167854309, 1.4940874576568604 
77.36720275878906, 0.28155821561813354, 1.3999369144439697 
67.68770599365234, 0.2857840061187744, 1.4295434951782227 
69.01901245117188, 0.277673602104187, 1.3795632123947144 
66.79389953613281, 0.2770755887031555, 1.6674468517303467 
70.70098876953125, 0.2930734157562256, 1.82400643825531 
97.55364990234375, 0.29658541083335876, 1.724831223487854 
74.80723571777344, 0.26628997921943665, 1.849729299545288 
93.50819396972656, 0.29776531457901, 1.907954454421997 
102.18707275390625, 0.29076090455055237, 2.009700298309326 
66.33625030517578, 0.2606469988822937, 1.7560230493545532 
65.45793151855469, 0.27463653683662415, 1.5429608821868896 
68.19271087646484, 0.2536650598049164, 1.6972005367279053 
82.37642669677734, 0.335358202457428, 2.005171298980713 
73.14823150634766, 0.27290040254592896, 1.6312267780303955 
58.703819274902344, 0.24717992544174194, 1.5603212118148804 
60.61495590209961, 0.2553770840167999, 1.8193070888519287 
74.80941772460938, 0.2619316279888153, 1.5941544771194458 
69.26172637939453, 0.26653918623924255, 1.792690396308899 
66.69464874267578, 0.2797323167324066, 1.6444612741470337 
75.8612289428711, 0.2805107533931732, 1.8761264085769653 
62.6215705871582, 0.24888230860233307, 1.3950518369674683 
75.53968811035156, 0.2702622711658478, 1.5162394046783447 
70.97482299804688, 0.25282296538352966, 1.7460243701934814 
73.09394836425781, 0.2603166997432709, 1.6969962120056152 
67.5777816772461, 0.24789808690547943, 1.4309653043746948 
72.6440200805664, 0.24104918539524078, 1.7820760011672974 
75.7743148803711, 0.26208221912384033, 1.7237670421600342 
93.9808349609375, 0.3097255229949951, 1.681002140045166 
67.54685974121094, 0.2732710540294647, 1.7921147346496582 
78.50450134277344, 0.2905068099498749, 1.7848360538482666 
70.81663513183594, 0.25307074189186096, 1.4187575578689575 
89.60587310791016, 0.28325945138931274, 1.562302827835083 
73.00123596191406, 0.2869175374507904, 2.0680599212646484 
78.55036163330078, 0.23259586095809937, 1.7576931715011597 
69.76611328125, 0.25999706983566284, 1.657416820526123 
67.09980010986328, 0.21628348529338837, 1.435289740562439 
68.85684967041016, 0.24764148890972137, 1.5556319952011108 
76.71176147460938, 0.2582797408103943, 1.6267948150634766 
63.174232482910156, 0.23219455778598785, 1.5862864255905151 
94.86357116699219, 0.2632395327091217, 1.9070122241973877 
69.32327270507812, 0.28409385681152344, 1.7981505393981934 
77.14812469482422, 0.2614366412162781, 1.5780798196792603 
60.53940963745117, 0.25685617327690125, 1.4825313091278076 
55.51784896850586, 0.2575295865535736, 1.4782601594924927 
67.88920593261719, 0.28174614906311035, 1.642970323562622 
79.31690979003906, 0.29060599207878113, 1.9647470712661743 
103.64337158203125, 0.2902539372444153, 2.141519784927368 
69.85913848876953, 0.268259197473526, 1.5760728120803833 
82.07005310058594, 0.2637755274772644, 1.9251080751419067 
69.93465423583984, 0.2671079635620117, 1.7935751676559448 
87.50467681884766, 0.25247320532798767, 1.7208800315856934 
68.21705627441406, 0.2597498297691345, 1.4273812770843506 
93.3840560913086, 0.29586052894592285, 1.4263746738433838 
58.10343551635742, 0.2568413317203522, 1.5244139432907104 
56.665077209472656, 0.26416704058647156, 1.8347046375274658 
68.29487609863281, 0.2709830105304718, 1.51005220413208 
90.91983795166016, 0.25298061966896057, 1.6112949848175049 
69.66155242919922, 0.22986550629138947, 1.3106545209884644 
84.26618194580078, 0.24382872879505157, 1.3112670183181763 
139.70947265625, 0.2559439539909363, 1.3165491819381714 
85.16776275634766, 0.283992737531662, 1.314467191696167 
91.39421844482422, 0.2820664644241333, 1.9167592525482178 
97.6874008178711, 0.27342474460601807, 1.488680124282837 
97.69940948486328, 0.2454720437526703, 1.7706902027130127 
70.41917419433594, 0.23658469319343567, 1.346181869506836 
57.22968292236328, 0.23472686111927032, 1.3732833862304688 
82.29946899414062, 0.2568857669830322, 1.4304229021072388 
113.48894500732422, 0.3144873380661011, 1.9270762205123901 
71.98860168457031, 0.2486886978149414, 1.2293356657028198 
46.80944061279297, 0.24896541237831116, 1.4236811399459839 
86.37586212158203, 0.28540346026420593, 2.189988613128662 
55.3260383605957, 0.26583585143089294, 1.5330810546875 
68.49353790283203, 0.267147034406662, 1.7327319383621216 
66.94454956054688, 0.25665149092674255, 1.5320444107055664 
99.55182647705078, 0.3246215879917145, 1.4548776149749756 
63.67759323120117, 0.29265591502189636, 1.8278672695159912 
72.36217498779297, 0.29928329586982727, 1.5042823553085327 
64.3629379272461, 0.29581204056739807, 1.908121943473816 
81.38851165771484, 0.3701423704624176, 1.7981293201446533 
79.26370239257812, 0.31321489810943604, 1.5717765092849731 
76.12467193603516, 0.25148189067840576, 1.8843027353286743 
91.85089111328125, 0.30531537532806396, 1.9381554126739502 
82.06134796142578, 0.28859755396842957, 1.512231707572937 
78.48555755615234, 0.28145796060562134, 2.0926525592803955 
64.28010559082031, 0.25273430347442627, 1.442635178565979 
79.6263656616211, 0.2893236577510834, 2.0895164012908936 
76.65840148925781, 0.2777475416660309, 2.1822669506073 
126.95252990722656, 0.3021445572376251, 1.9453870058059692 
58.86727523803711, 0.28459373116493225, 1.748550534248352 
74.49193572998047, 0.25450560450553894, 1.2696651220321655 
65.7320785522461, 0.28870105743408203, 1.828413724899292 
75.1773681640625, 0.29470095038414, 1.8632513284683228 
58.261566162109375, 0.2523253858089447, 1.503406047821045 
78.9463119506836, 0.30761170387268066, 1.730716347694397 
71.28535461425781, 0.29284557700157166, 1.6668962240219116 
71.21973419189453, 0.2751822769641876, 1.8280572891235352 
73.0819320678711, 0.2928245961666107, 1.8785582780838013 
75.33300018310547, 0.31557103991508484, 1.5063014030456543 
83.94031524658203, 0.313909113407135, 1.697011113166809 
74.24003601074219, 0.275802880525589, 1.7653781175613403 
92.51851654052734, 0.296764999628067, 1.740975260734558 
69.27742004394531, 0.2687869668006897, 1.472701907157898 
77.869140625, 0.2729608118534088, 2.0387556552886963 
62.497169494628906, 0.27165648341178894, 1.793502926826477 
87.38063049316406, 0.3161890208721161, 1.7627816200256348 
78.65367126464844, 0.2975492775440216, 2.0562632083892822 
75.2688217163086, 0.2528403699398041, 1.5962659120559692 
68.38672637939453, 0.2592944800853729, 1.888865351676941 
80.26142883300781, 0.27875807881355286, 1.8337163925170898 
92.15638732910156, 0.28587397933006287, 1.6921823024749756 
66.97438049316406, 0.28052031993865967, 1.6965887546539307 
110.0274887084961, 0.29958605766296387, 2.3285374641418457 
76.32125854492188, 0.29899415373802185, 2.1206815242767334 
72.92704010009766, 0.30524927377700806, 1.6597245931625366 
72.77241516113281, 0.29418039321899414, 1.6169512271881104 
96.00379943847656, 0.3078928589820862, 2.1100332736968994 
79.97599029541016, 0.27780652046203613, 1.8729290962219238 
87.37862396240234, 0.3116725981235504, 2.2079849243164062 
95.06233978271484, 0.30916163325309753, 1.7618980407714844 
91.67207336425781, 0.30023372173309326, 1.7652667760849 
101.31147003173828, 0.28839337825775146, 1.6031204462051392 
70.9193115234375, 0.3183271586894989, 2.1494505405426025 
79.31729125976562, 0.2916145622730255, 2.1645100116729736 
89.17703247070312, 0.2673167288303375, 1.9522231817245483 
65.86497497558594, 0.3259730637073517, 1.9961398839950562 
67.89749908447266, 0.30298754572868347, 2.076040744781494 
85.2868423461914, 0.26425454020500183, 1.9292694330215454 
74.49349212646484, 0.28296205401420593, 1.4677754640579224 
76.38858032226562, 0.29692894220352173, 1.6272032260894775 
100.67008972167969, 0.3202567994594574, 1.9941486120224 
71.05900573730469, 0.29593393206596375, 2.2962679862976074 
69.15009307861328, 0.3023293912410736, 1.862918496131897 
76.363525390625, 0.25348806381225586, 1.693893313407898 
68.30479431152344, 0.22289714217185974, 1.3217957019805908 
75.9817886352539, 0.22928236424922943, 1.903744101524353 
70.47456359863281, 0.2710093557834625, 1.9483472108840942 
65.1708984375, 0.24640288949012756, 1.7704548835754395 
81.41813659667969, 0.33587536215782166, 1.7293295860290527 
84.00813293457031, 0.2852734923362732, 1.9987096786499023 
69.48558807373047, 0.2789616882801056, 1.7926862239837646 
73.34800720214844, 0.2186272293329239, 1.4548367261886597 
84.2080307006836, 0.2665097415447235, 2.2493131160736084 
79.43244934082031, 0.2805887460708618, 1.717529535293579 
74.22073364257812, 0.2807701826095581, 1.6087629795074463 
70.81900787353516, 0.30377429723739624, 2.2749249935150146 
91.85894012451172, 0.23122547566890717, 1.7688534259796143 
79.12602233886719, 0.2592625021934509, 1.9269959926605225 
71.55767059326172, 0.27367088198661804, 1.768441915512085 
78.19039916992188, 0.2523021399974823, 1.8220683336257935 
83.3577880859375, 0.2834175229072571, 1.675413727760315 
93.91226196289062, 0.29651081562042236, 1.7262279987335205 
82.786865234375, 0.2998240292072296, 2.182283639907837 
86.2893295288086, 0.2824508547782898, 2.021815299987793 
60.087615966796875, 0.275267094373703, 1.393157958984375 
81.60794830322266, 0.2959059774875641, 1.657010555267334 
190.09933471679688, 0.26636016368865967, 2.5263960361480713 
68.4048080444336, 0.33612075448036194, 2.0699198246002197 
109.1413803100586, 0.307817280292511, 2.176548719406128 
63.71969223022461, 0.2805619537830353, 1.5094720125198364 
79.61316680908203, 0.3222042918205261, 1.9556630849838257 
76.69830322265625, 0.2553614377975464, 1.7259533405303955 
84.67033386230469, 0.26901060342788696, 1.8402128219604492 
83.89541625976562, 0.2671701908111572, 1.5222487449645996 
59.34923553466797, 0.25623780488967896, 1.7343614101409912 
80.19327545166016, 0.28329500555992126, 1.7553677558898926 
69.81244659423828, 0.2693125009536743, 2.0617735385894775 
85.52584075927734, 0.27405792474746704, 2.0643105506896973 
76.0461196899414, 0.2685214579105377, 2.293726682662964 
89.17452239990234, 0.27913257479667664, 2.4427061080932617 
64.63851928710938, 0.25306716561317444, 2.1285417079925537 
91.76666259765625, 0.29535841941833496, 1.9162160158157349 
83.40631103515625, 0.30745652318000793, 1.5374767780303955 
82.67266082763672, 0.25884464383125305, 1.6590056419372559 
82.26216888427734, 0.31909435987472534, 2.349616765975952 
79.78726959228516, 0.27846193313598633, 2.6822047233581543 
101.7824478149414, 0.3493231534957886, 2.0516839027404785 
69.7339859008789, 0.2987351715564728, 2.354295253753662 
75.74636840820312, 0.23616740107536316, 1.624505877494812 
78.64149475097656, 0.2682984173297882, 1.6009681224822998 
56.62315368652344, 0.29881149530410767, 2.1890628337860107 
85.46012115478516, 0.29678431153297424, 1.8313881158828735 
71.98039245605469, 0.2828194499015808, 1.987621545791626 
97.47891998291016, 0.30097103118896484, 1.9659894704818726 
87.88504028320312, 0.31904715299606323, 1.5619795322418213 
71.23833465576172, 0.2557428181171417, 1.9173707962036133 
108.75885009765625, 0.26370903849601746, 1.7210967540740967 
78.13270568847656, 0.28090187907218933, 1.737898588180542 
96.406982421875, 0.3193506598472595, 2.0294711589813232 
79.50623321533203, 0.2607763409614563, 1.7888213396072388 
72.1836166381836, 0.2649584710597992, 1.6469261646270752 
90.33726501464844, 0.33650365471839905, 1.5941526889801025 
73.6753921508789, 0.28619498014450073, 2.1190273761749268 
101.02899169921875, 0.2733626067638397, 1.8303442001342773 
93.5806884765625, 0.32219722867012024, 2.2816760540008545 
63.95668029785156, 0.2754552662372589, 1.8528658151626587 
70.61920166015625, 0.25286486744880676, 1.9912868738174438 
67.98099517822266, 0.23251724243164062, 1.432323694229126 
84.60865783691406, 0.3261381983757019, 1.8887015581130981 
89.6500473022461, 0.26346978545188904, 2.172724962234497 
70.55746459960938, 0.26015448570251465, 1.8180944919586182 
95.31948852539062, 0.24436670541763306, 1.9346508979797363 
61.94927215576172, 0.23488324880599976, 1.7779799699783325 
83.08873748779297, 0.2505827248096466, 1.825640082359314 
85.6659164428711, 0.2561732232570648, 1.5868667364120483 
72.98104095458984, 0.25248822569847107, 1.9975451231002808 
90.77132415771484, 0.2778732478618622, 1.8939533233642578 
88.12174987792969, 0.27331259846687317, 1.9250750541687012 
80.60782623291016, 0.29283255338668823, 1.7729750871658325 
71.1387710571289, 0.2579309046268463, 1.5724847316741943 
83.68263244628906, 0.27889975905418396, 2.0230419635772705 
73.62071228027344, 0.2726452350616455, 1.6425063610076904 
100.04985809326172, 0.2938843071460724, 1.9289360046386719 
78.43810272216797, 0.3043825924396515, 2.47880482673645 
78.35336303710938, 0.2594289779663086, 1.8727376461029053 
128.52972412109375, 0.30157244205474854, 1.8235644102096558 
75.36174774169922, 0.28499263525009155, 1.479674220085144 
95.42390441894531, 0.2935306429862976, 1.6205250024795532 
80.09727478027344, 0.2422436624765396, 1.2734425067901611 
113.287109375, 0.23545633256435394, 2.1776680946350098 
67.02786254882812, 0.2846076190471649, 1.4310486316680908 
80.08914947509766, 0.2598792314529419, 1.5753568410873413 
97.95833587646484, 0.27337053418159485, 1.4856836795806885 
87.8262710571289, 0.2566123604774475, 1.7641254663467407 
87.99256134033203, 0.26657918095588684, 1.7864094972610474 
65.99076843261719, 0.2394721955060959, 1.7331324815750122 
82.35736083984375, 0.25841036438941956, 1.6976410150527954 
116.21134185791016, 0.27561813592910767, 2.353762149810791 
70.75458526611328, 0.2655958831310272, 1.8370842933654785 
81.46995544433594, 0.29155993461608887, 2.296208620071411 
77.60210418701172, 0.2607513964176178, 1.7873716354370117 
71.52871704101562, 0.2586999833583832, 1.6149882078170776 
65.25416564941406, 0.2607366740703583, 1.4813252687454224 
78.31178283691406, 0.2840747833251953, 2.032991409301758 
73.72392272949219, 0.24039149284362793, 1.7476156949996948 
83.09766387939453, 0.26667365431785583, 2.0444231033325195 
87.08892059326172, 0.2860243022441864, 1.7427773475646973 
81.96675109863281, 0.2914741039276123, 2.1307435035705566 
81.5787124633789, 0.2903456687927246, 2.013892412185669 
87.63888549804688, 0.24412018060684204, 1.785220980644226 
84.58997344970703, 0.25181055068969727, 1.6816374063491821 
129.42987060546875, 0.2952888309955597, 1.917820692062378 
77.81975555419922, 0.25705891847610474, 1.4935364723205566 
77.1442642211914, 0.27875110507011414, 1.909798502922058 
79.59557342529297, 0.251838356256485, 1.8318136930465698 
81.72966766357422, 0.23781335353851318, 1.4920552968978882 
96.20375061035156, 0.24741359055042267, 1.5387635231018066 
74.26686096191406, 0.28234416246414185, 1.7868620157241821 
94.71460723876953, 0.295146644115448, 1.8282458782196045 
114.20296478271484, 0.30609726905822754, 2.0073142051696777 
106.72225189208984, 0.3002423346042633, 1.8624314069747925 
97.15524291992188, 0.2975832521915436, 1.488289713859558 
78.03451538085938, 0.262478232383728, 1.423860788345337 
84.95986938476562, 0.27857324481010437, 1.660367727279663 
89.18159484863281, 0.26075196266174316, 1.5700843334197998 
92.92363739013672, 0.2983320653438568, 1.9520496129989624 
86.74211883544922, 0.2820223271846771, 1.6434575319290161 
84.8962631225586, 0.3114055097103119, 2.306581497192383 
94.91377258300781, 0.32891085743904114, 1.9197005033493042 
82.81796264648438, 0.271818071603775, 1.5434809923171997 
103.00286102294922, 0.2581155300140381, 2.5243799686431885 
100.73026275634766, 0.2752781808376312, 1.7562392950057983 
72.14734649658203, 0.263313889503479, 1.4981131553649902 
89.20364379882812, 0.2940439283847809, 1.8049665689468384 
94.40137481689453, 0.276544451713562, 1.7594077587127686 
82.29718017578125, 0.2758900821208954, 1.77531898021698 
90.02737426757812, 0.28289222717285156, 1.5232301950454712 
78.2922134399414, 0.25350120663642883, 1.8310106992721558 
82.10723876953125, 0.268458753824234, 1.6080220937728882 
71.48509216308594, 0.24187685549259186, 1.7446554899215698 
82.59245300292969, 0.2717629671096802, 2.1205508708953857 
89.60115051269531, 0.26577556133270264, 1.748500108718872 
79.30696868896484, 0.26870080828666687, 1.525488018989563 
94.87316131591797, 0.2612941563129425, 1.6190202236175537 
83.01419830322266, 0.2601991593837738, 2.0387942790985107 
86.38785552978516, 0.28131741285324097, 2.0856821537017822 
79.30549621582031, 0.3001146912574768, 1.9852228164672852 
115.22161865234375, 0.29749754071235657, 1.9789950847625732 
91.01803588867188, 0.28359362483024597, 2.093477725982666 
85.81948852539062, 0.3045356273651123, 2.1478962898254395 
72.41460418701172, 0.24418552219867706, 1.6978602409362793 
104.6481704711914, 0.2682575285434723, 2.068981885910034 
69.01370239257812, 0.24065670371055603, 1.5272945165634155 
84.88392639160156, 0.24348314106464386, 1.8440558910369873 
110.23099517822266, 0.28229260444641113, 1.4824758768081665 
70.69561004638672, 0.28425133228302, 1.730215072631836 
85.52255249023438, 0.2633879780769348, 1.436617136001587 
153.05601501464844, 0.3005506992340088, 2.4730873107910156 
80.54290771484375, 0.2834247648715973, 2.146909236907959 
72.85517883300781, 0.26750990748405457, 1.8904659748077393 
69.97201538085938, 0.24638356268405914, 1.6364794969558716 
73.36803436279297, 0.25455379486083984, 1.5250110626220703 
107.49456787109375, 0.27378883957862854, 2.0274953842163086 
80.45558166503906, 0.27637729048728943, 1.6517560482025146 
105.27743530273438, 0.29129087924957275, 1.6800287961959839 
63.8979606628418, 0.26211151480674744, 1.628015398979187 
99.76356506347656, 0.29851603507995605, 1.7723406553268433 
70.9023208618164, 0.24861575663089752, 1.9815809726715088 
87.81895446777344, 0.24210144579410553, 1.6502406597137451 
78.13214111328125, 0.26435384154319763, 1.6551494598388672 
79.37861633300781, 0.26510336995124817, 1.8037000894546509 
80.39440155029297, 0.27668479084968567, 2.0065910816192627 
98.7477035522461, 0.27339813113212585, 1.5950500965118408 
73.15599060058594, 0.23172035813331604, 1.4403434991836548 
76.5843276977539, 0.26555484533309937, 1.3478670120239258 
104.19290924072266, 0.2391541451215744, 1.607250452041626 
69.14717864990234, 0.25146719813346863, 1.5517404079437256 
90.880126953125, 0.26298803091049194, 1.7312380075454712 
76.46092987060547, 0.26158133149147034, 1.9302394390106201 
81.21592712402344, 0.27121442556381226, 1.8391226530075073 
93.69859313964844, 0.23491066694259644, 1.906111478805542 
93.8216552734375, 0.2610335648059845, 1.8910343647003174 
90.9745101928711, 0.23710323870182037, 1.6170028448104858 
97.36005401611328, 0.2948315143585205, 1.9271655082702637 
96.72089385986328, 0.2738933265209198, 1.4701186418533325 
73.20903778076172, 0.24018020927906036, 1.5797723531723022 
92.32418060302734, 0.27356693148612976, 1.7641836404800415 
98.36787414550781, 0.2636052370071411, 1.867676019668579 
75.25713348388672, 0.2930516004562378, 1.5457878112792969 
73.64200592041016, 0.2921413481235504, 1.5497467517852783 
94.22761535644531, 0.2666890025138855, 1.7585150003433228 
88.1844482421875, 0.25713130831718445, 1.82252037525177 
88.24413299560547, 0.24987076222896576, 1.508247971534729 
84.86286163330078, 0.2832919955253601, 1.5870511531829834 
64.03547668457031, 0.24275855720043182, 1.5435954332351685 
72.14906311035156, 0.2530567944049835, 1.2570655345916748 
87.92683410644531, 0.30246564745903015, 1.3617583513259888 
108.69328308105469, 0.2628416419029236, 1.5886061191558838 
68.21411895751953, 0.27838706970214844, 1.7580384016036987 
93.6424789428711, 0.2705051302909851, 1.5804648399353027 
71.4796142578125, 0.2296900749206543, 2.062535285949707 
87.31210327148438, 0.27214962244033813, 1.5466355085372925 
96.64932250976562, 0.24605393409729004, 1.7035866975784302 
66.9787368774414, 0.27341026067733765, 1.4238754510879517 
108.04656219482422, 0.2937292456626892, 2.153707981109619 
100.13256072998047, 0.2767697870731354, 1.4967516660690308 
73.7073745727539, 0.2773480713367462, 1.7820402383804321 
89.7256088256836, 0.2812865972518921, 1.4651991128921509 
85.62120819091797, 0.28292396664619446, 1.7671632766723633 
79.30448913574219, 0.2554711103439331, 1.4679006338119507 
71.27688598632812, 0.2738434374332428, 1.5291693210601807 
67.82147979736328, 0.24857383966445923, 1.501708984375 
103.25288391113281, 0.2922613024711609, 1.9605433940887451 
107.43431854248047, 0.31133586168289185, 2.283474922180176 
95.5069351196289, 0.2571485638618469, 1.5276042222976685 
103.32140350341797, 0.34333401918411255, 1.5597774982452393 
93.8576431274414, 0.2511470913887024, 1.7910807132720947 
77.09290313720703, 0.2473989874124527, 1.3617634773254395 
84.17839050292969, 0.254695326089859, 2.130366325378418 
80.19660949707031, 0.28632402420043945, 1.7777949571609497 
93.69629669189453, 0.28837350010871887, 2.021296262741089 
82.0985336303711, 0.30237188935279846, 1.822122573852539 
114.98981475830078, 0.2515818774700165, 1.6629016399383545 
107.93904876708984, 0.28262245655059814, 1.4625986814498901 
78.9741439819336, 0.24063152074813843, 1.460972785949707 
115.43618774414062, 0.284014493227005, 1.7950700521469116 
86.13587951660156, 0.24183249473571777, 1.5550278425216675 
72.83319091796875, 0.2776155471801758, 1.5718178749084473 
114.2655029296875, 0.3143053650856018, 1.8549838066101074 
85.89279174804688, 0.2663502097129822, 1.832462191581726 
73.53559875488281, 0.24564532935619354, 1.5403037071228027 
131.358154296875, 0.27683448791503906, 1.6415674686431885 
87.26793670654297, 0.3161371350288391, 1.8894399404525757 
157.56385803222656, 0.2617882788181305, 1.859959602355957 
151.52867126464844, 0.2814406752586365, 1.956641674041748 
162.78656005859375, 0.2723597288131714, 2.0159287452697754 
67.65956115722656, 0.249715656042099, 1.846177339553833 
91.56063842773438, 0.28826797008514404, 1.6492620706558228 
73.5273666381836, 0.3020322918891907, 1.3304439783096313 
84.89031219482422, 0.2830931544303894, 1.7658874988555908 
96.69038391113281, 0.3028492033481598, 1.679568886756897 
78.23284149169922, 0.2654406726360321, 1.8098840713500977 
91.48867797851562, 0.2598673701286316, 1.9350495338439941 
60.6284294128418, 0.2782365083694458, 1.6693713665008545 
113.51210021972656, 0.3038080930709839, 2.1226563453674316 
68.2913818359375, 0.29974162578582764, 2.128187417984009 
179.33596801757812, 0.2841620445251465, 2.344141721725464 
104.20344543457031, 0.32872819900512695, 2.4019670486450195 
72.87979125976562, 0.28466883301734924, 1.9464019536972046 
77.3375244140625, 0.27017465233802795, 1.8065987825393677 
125.80305480957031, 0.261902779340744, 1.4770411252975464 
78.57335662841797, 0.31211817264556885, 1.7963554859161377 
87.41767883300781, 0.31167173385620117, 2.427724838256836 
114.13277435302734, 0.2505146861076355, 1.9861279726028442 
119.47409057617188, 0.29325392842292786, 1.6784647703170776 
123.30696868896484, 0.2641041874885559, 1.6916084289550781 
79.19776153564453, 0.26911553740501404, 2.1033105850219727 
82.52315521240234, 0.2860364615917206, 1.6939843893051147 
104.4540786743164, 0.3250991106033325, 2.0045950412750244 
80.96437072753906, 0.28976938128471375, 1.605416178703308 
124.44834899902344, 0.2953033149242401, 2.1393370628356934 
72.12397003173828, 0.27273276448249817, 1.783079743385315 
112.3867416381836, 0.2818923890590668, 1.85114324092865 
157.5209503173828, 0.2836291193962097, 1.7916901111602783 
67.33345794677734, 0.29631099104881287, 1.8187754154205322 
81.22753143310547, 0.265663206577301, 1.822180151939392 
95.70479583740234, 0.2677891254425049, 1.6328383684158325 
87.27871704101562, 0.26305410265922546, 1.4641245603561401 
83.8843002319336, 0.24994724988937378, 1.1722873449325562 
86.25904846191406, 0.25974151492118835, 1.6262664794921875 
89.11441802978516, 0.2515217065811157, 1.5370535850524902 
101.83116912841797, 0.2939951419830322, 1.799904465675354 
131.068115234375, 0.32770735025405884, 2.545809030532837 
79.32525634765625, 0.2992072105407715, 2.0489680767059326 
101.12393188476562, 0.3190927505493164, 1.7666114568710327 
129.1121063232422, 0.26177266240119934, 1.9776921272277832 
85.48820495605469, 0.28556469082832336, 1.9385409355163574 
84.69927215576172, 0.2511656880378723, 1.7388408184051514 
66.3801498413086, 0.2531261444091797, 1.4851493835449219 
83.253662109375, 0.24380074441432953, 1.8977034091949463 
83.32344818115234, 0.2735453248023987, 1.6172511577606201 
301.1562194824219, 0.28410056233406067, 1.8806121349334717 
67.25340270996094, 0.3728604316711426, 3.4613265991210938 
86.46836853027344, 0.3177810609340668, 2.0752103328704834 
80.98804473876953, 0.25255995988845825, 1.7630088329315186 
80.40129852294922, 0.24251115322113037, 1.6390265226364136 
95.00651550292969, 0.25390440225601196, 1.5289005041122437 
99.98098754882812, 0.28796640038490295, 1.69794762134552 
83.88275146484375, 0.25255873799324036, 1.8118140697479248 
107.24211883544922, 0.3022521734237671, 1.7024590969085693 
88.74612426757812, 0.2970293164253235, 1.4736812114715576 
83.52325439453125, 0.27504661679267883, 1.2852532863616943 
132.8583221435547, 0.2642936408519745, 1.641973853111267 
78.89119720458984, 0.2922988831996918, 1.945095181465149 
94.89671325683594, 0.2831001579761505, 1.8652288913726807 
78.83552551269531, 0.27796322107315063, 1.904594898223877 
110.1651382446289, 0.2600034177303314, 1.5797350406646729 
106.72747802734375, 0.27115797996520996, 1.3287571668624878 
101.15379333496094, 0.27601245045661926, 1.6284900903701782 
85.13680267333984, 0.23230761289596558, 1.6862462759017944 
127.56443786621094, 0.35037878155708313, 1.6787139177322388 
78.52912902832031, 0.24274572730064392, 1.5615352392196655 
70.5504150390625, 0.24959056079387665, 1.2640467882156372 
268.9320983886719, 0.28937241435050964, 2.338383197784424 
63.60749816894531, 0.3169284462928772, 1.9865484237670898 
72.66064453125, 0.25477856397628784, 2.383758783340454 
75.14302062988281, 0.26451146602630615, 1.8243556022644043 
97.98123931884766, 0.24716520309448242, 1.9059994220733643 
81.66773223876953, 0.2721845209598541, 1.9878371953964233 
91.54688262939453, 0.24747686088085175, 1.8965187072753906 
100.58206939697266, 0.28705787658691406, 1.8515242338180542 
116.03181457519531, 0.2476891279220581, 1.6781530380249023 
99.37095642089844, 0.2629207670688629, 1.2419222593307495 
82.47126007080078, 0.28009697794914246, 1.5223371982574463 
98.71849060058594, 0.319766640663147, 1.6265441179275513 
103.45108795166016, 0.25541001558303833, 1.7811540365219116 
72.82907104492188, 0.26461368799209595, 1.6571335792541504 
112.96367645263672, 0.2970731258392334, 1.2714074850082397 
74.52902221679688, 0.22200889885425568, 1.4870034456253052 
113.001708984375, 0.2649323344230652, 2.0576939582824707 
104.76417541503906, 0.2611832022666931, 1.455947756767273 
99.7548828125, 0.24575860798358917, 1.439863920211792 
107.09371185302734, 0.26605352759361267, 1.465084195137024 
85.60588836669922, 0.23875243961811066, 1.2477957010269165 
99.74371337890625, 0.27278536558151245, 1.582711935043335 
122.46585083007812, 0.25573474168777466, 1.970137357711792 
67.48934173583984, 0.2678336799144745, 2.0179760456085205 
101.146484375, 0.24016201496124268, 1.4134405851364136 
105.17234802246094, 0.2764906585216522, 1.9146260023117065 
71.95368957519531, 0.2480035126209259, 1.7578439712524414 
80.12721252441406, 0.26118865609169006, 1.5130914449691772 
134.11972045898438, 0.3117338716983795, 2.1415774822235107 
77.16100311279297, 0.22451624274253845, 1.6896300315856934 
115.48273468017578, 0.2646144926548004, 1.410487413406372 
90.85770416259766, 0.27210190892219543, 1.6380897760391235 
102.97893524169922, 0.2991047203540802, 1.8759095668792725 
79.40913391113281, 0.2626994550228119, 1.7183380126953125 
89.94265747070312, 0.2965067923069, 1.6314589977264404 
80.92253875732422, 0.30102241039276123, 1.580065131187439 
118.82034301757812, 0.25575220584869385, 1.5487067699432373 
83.50205993652344, 0.2643013000488281, 1.99347984790802 
97.1412582397461, 0.2808966338634491, 1.5960732698440552 
92.67474365234375, 0.2719701826572418, 1.0109816789627075 
117.39791870117188, 0.3001426160335541, 1.6454977989196777 
95.03363037109375, 0.2994450032711029, 1.7458758354187012 
101.20097351074219, 0.24564090371131897, 1.6321303844451904 
80.92250061035156, 0.26622095704078674, 1.4772233963012695 
114.4491195678711, 0.27469292283058167, 1.8128116130828857 
73.9130630493164, 0.302621990442276, 1.7854281663894653 
98.04618072509766, 0.27250272035598755, 1.8483800888061523 
100.91159057617188, 0.2689741849899292, 1.5186740159988403 
67.99520874023438, 0.2804257869720459, 2.1605849266052246 
93.54170227050781, 0.2841462790966034, 1.7544413805007935 
86.94336700439453, 0.23300915956497192, 1.8330259323120117 
89.73466491699219, 0.24421735107898712, 1.2493126392364502 
92.4240493774414, 0.23997795581817627, 1.2943283319473267 
101.88224029541016, 0.2725463807582855, 1.7786983251571655 
79.50382232666016, 0.27368125319480896, 1.646769642829895 
132.65567016601562, 0.24627365171909332, 1.6510522365570068 
87.54377746582031, 0.26559895277023315, 1.4928128719329834 
81.22712707519531, 0.24190635979175568, 1.626482367515564 
93.94786071777344, 0.27345383167266846, 1.7810033559799194 
105.99120330810547, 0.28442642092704773, 1.6041085720062256 
94.97671508789062, 0.25195005536079407, 1.9137985706329346 
93.82592010498047, 0.2713976204395294, 1.809891939163208 
106.74181365966797, 0.29419901967048645, 2.1547415256500244 
100.62236785888672, 0.3009988069534302, 1.8537828922271729 
116.67163848876953, 0.28834545612335205, 1.6659282445907593 
86.92802429199219, 0.23941537737846375, 1.4673969745635986 
67.95069122314453, 0.2771247327327728, 1.6246763467788696 
113.88819885253906, 0.2872943878173828, 2.065985679626465 
99.09640502929688, 0.2720277011394501, 1.614123821258545 
86.18573760986328, 0.2732325494289398, 1.4173402786254883 
82.81482696533203, 0.2574039697647095, 1.5051699876785278 
154.95225524902344, 0.2793867886066437, 1.582160472869873 
70.94783020019531, 0.3085416257381439, 2.2764103412628174 
93.3917465209961, 0.25591209530830383, 1.7020212411880493 
99.2860107421875, 0.25016912817955017, 1.5230119228363037 
94.08647918701172, 0.2399677038192749, 1.6093552112579346 
107.11235809326172, 0.2874608635902405, 1.6388201713562012 
102.62337493896484, 0.2557874023914337, 1.695480227470398 
97.56974029541016, 0.2677302658557892, 1.7489463090896606 
87.34722900390625, 0.2843272089958191, 2.016472101211548 
114.80916595458984, 0.26950597763061523, 1.8424371480941772 
95.18753051757812, 0.23913563787937164, 1.441614031791687 
70.66539001464844, 0.2805345952510834, 1.5472396612167358 
120.20293426513672, 0.2611013948917389, 1.637772560119629 
81.63951110839844, 0.25044432282447815, 1.2931489944458008 
110.26790618896484, 0.2692919671535492, 1.3109546899795532 
82.94839477539062, 0.2473859041929245, 1.2964729070663452 
82.67594146728516, 0.24970464408397675, 1.3632032871246338 
126.3957748413086, 0.2909378111362457, 3.494180202484131 
97.0185546875, 0.2747747004032135, 1.4163901805877686 
98.67804718017578, 0.2529091238975525, 1.462220549583435 
95.53601837158203, 0.2621380090713501, 1.52601957321167 
77.41446685791016, 0.2781660854816437, 1.5897411108016968 
97.54564666748047, 0.2757549285888672, 2.14445424079895 
97.72782135009766, 0.26070937514305115, 1.3537161350250244 
78.99134063720703, 0.30622929334640503, 1.5380951166152954 
96.87474822998047, 0.2661074697971344, 2.0015995502471924 
96.11715698242188, 0.29189521074295044, 1.316678524017334 
78.13170623779297, 0.28444936871528625, 1.2004046440124512 
75.75113677978516, 0.23899142444133759, 1.4630160331726074 
80.21573638916016, 0.22045210003852844, 1.72509765625 
96.12698364257812, 0.29109305143356323, 1.5622261762619019 
80.5160140991211, 0.2868001163005829, 1.3752427101135254 
134.0705108642578, 0.29241910576820374, 1.6985896825790405 
132.8713836669922, 0.25970855355262756, 2.1208207607269287 
126.28950500488281, 0.28113099932670593, 1.7644672393798828 
111.93775177001953, 0.2912777066230774, 1.616322636604309 
90.40184020996094, 0.2806161344051361, 1.6351580619812012 
93.75480651855469, 0.2239559292793274, 1.4554896354675293 
91.48912811279297, 0.2753066122531891, 1.3520160913467407 
100.87101745605469, 0.3111799359321594, 1.5574138164520264 
93.35301971435547, 0.25471943616867065, 1.6786525249481201 
72.73995971679688, 0.2794339060783386, 1.5550272464752197 
104.61051177978516, 0.25965702533721924, 1.739240288734436 
84.05095672607422, 0.2499629408121109, 1.55403470993042 
108.80441284179688, 0.28147774934768677, 1.68046236038208 
76.60257720947266, 0.2703990042209625, 1.688742995262146 
102.26263427734375, 0.277320921421051, 1.428412914276123 
76.03854370117188, 0.2678389251232147, 1.8389770984649658 
95.20056915283203, 0.24326956272125244, 1.358953833580017 
139.5706024169922, 0.2843805253505707, 2.2905917167663574 
84.80608367919922, 0.28205978870391846, 1.6185312271118164 
85.46076202392578, 0.2851674556732178, 1.8023459911346436 
115.75708770751953, 0.27970051765441895, 1.6510533094406128 
76.31182861328125, 0.2866863012313843, 1.8111240863800049 
90.11267852783203, 0.29065489768981934, 1.785767674446106 
94.73189544677734, 0.306657075881958, 2.2429304122924805 
107.19328308105469, 0.28235962986946106, 1.4494926929473877 
80.3670883178711, 0.2825864255428314, 2.135493755340576 
82.6542739868164, 0.2333204448223114, 1.505180835723877 
92.59172821044922, 0.23674838244915009, 1.3510711193084717 
89.5619888305664, 0.29141879081726074, 1.8214796781539917 
71.12596893310547, 0.2792210876941681, 1.741553783416748 
85.3179702758789, 0.266626238822937, 1.6692010164260864 
89.40511322021484, 0.27824661135673523, 2.0967538356781006 
126.92412567138672, 0.3058152198791504, 1.7221075296401978 
76.23968505859375, 0.29790955781936646, 1.5753456354141235 
92.8303451538086, 0.2451583594083786, 1.5459843873977661 
90.54379272460938, 0.3072951138019562, 1.5861732959747314 
89.75602722167969, 0.24996839463710785, 1.4898309707641602 
101.2489242553711, 0.290119469165802, 1.5632898807525635 
121.13506317138672, 0.27299222350120544, 1.535270094871521 
61.36278533935547, 0.27085593342781067, 1.4063076972961426 
161.03927612304688, 0.2687506079673767, 2.2683722972869873 
151.23838806152344, 0.31945186853408813, 2.2084333896636963 
94.96184539794922, 0.2551786005496979, 1.3721513748168945 
84.7890625, 0.25218674540519714, 1.5136932134628296 
81.1196517944336, 0.22543840110301971, 1.2912514209747314 
90.15863037109375, 0.2934610843658447, 1.9241960048675537 
136.08627319335938, 0.29257872700691223, 1.9548691511154175 
111.53107452392578, 0.3163568079471588, 1.5393743515014648 
97.61922454833984, 0.23929814994335175, 1.6904646158218384 
77.90434265136719, 0.2610638439655304, 1.4762018918991089 
131.7810516357422, 0.29023629426956177, 1.8519905805587769 
100.70614624023438, 0.2528759837150574, 1.490740180015564 
71.21479797363281, 0.24300211668014526, 1.4956694841384888 
86.85945129394531, 0.28817179799079895, 1.572279691696167 
189.20494079589844, 0.3225724697113037, 2.5886125564575195 
61.149227142333984, 0.2641579508781433, 1.8397483825683594 
75.11819458007812, 0.28828808665275574, 2.0110034942626953 
82.42786407470703, 0.2727033197879791, 1.7794357538223267 
93.99769592285156, 0.2893538475036621, 1.8764106035232544 
83.8476791381836, 0.24384845793247223, 1.2431455850601196 
97.93545532226562, 0.30036020278930664, 1.9732120037078857 
86.9455795288086, 0.26855331659317017, 1.3923871517181396 
81.5482406616211, 0.2484881430864334, 1.5669970512390137 
133.76402282714844, 0.29178518056869507, 2.2899792194366455 
74.4932632446289, 0.2745465934276581, 2.327833414077759 
81.80072784423828, 0.2686796486377716, 1.9445725679397583 
84.73931121826172, 0.23838302493095398, 1.4021999835968018 
80.76016998291016, 0.23908738791942596, 1.4221264123916626 
97.24996948242188, 0.24051855504512787, 1.6942931413650513 
91.5024185180664, 0.26847514510154724, 1.35134756565094 
90.8775634765625, 0.27093690633773804, 1.3347102403640747 
118.42019653320312, 0.26737046241760254, 1.7589619159698486 
79.41869354248047, 0.2814994156360626, 1.226360559463501 
91.72468566894531, 0.30382242798805237, 1.5534247159957886 
122.80812072753906, 0.29489269852638245, 1.3372461795806885 
93.95982360839844, 0.2946840524673462, 1.8766876459121704 
125.650634765625, 0.2736812233924866, 1.742119550704956 
175.1428680419922, 0.2872544825077057, 1.849853515625 
89.33016967773438, 0.2659035325050354, 1.8074191808700562 
106.87174224853516, 0.26797640323638916, 1.6408144235610962 
127.79576110839844, 0.25803953409194946, 1.3341326713562012 
92.56764221191406, 0.2770255506038666, 1.5865017175674438 
164.9914093017578, 0.2774646580219269, 1.2086141109466553 
60.21405792236328, 0.271370530128479, 1.9003595113754272 
91.86781311035156, 0.25341495871543884, 1.807340383529663 
82.96746826171875, 0.2587864398956299, 1.4668450355529785 
79.47608947753906, 0.31078875064849854, 1.398645043373108 
111.98748779296875, 0.2772058844566345, 1.5711989402770996 
62.080867767333984, 0.2294658124446869, 1.2781580686569214 
88.39485931396484, 0.23722554743289948, 1.6661733388900757 
141.54881286621094, 0.308174192905426, 1.97008216381073 
77.93618774414062, 0.2953687310218811, 2.381676197052002 
67.2414321899414, 0.23549886047840118, 1.5281623601913452 
90.53741455078125, 0.2612895965576172, 1.8630083799362183 
92.95076751708984, 0.344068318605423, 2.1620383262634277 
85.10588836669922, 0.24862641096115112, 1.4015921354293823 
116.5473861694336, 0.2615821957588196, 1.9621928930282593 
95.16886138916016, 0.24312074482440948, 1.6239222288131714 
93.74005126953125, 0.2837682068347931, 1.562269687652588 
88.15306091308594, 0.2590588927268982, 1.5165714025497437 
82.49504089355469, 0.2724243700504303, 1.991944670677185 
126.8088150024414, 0.2953183352947235, 1.3767240047454834 
91.81967163085938, 0.31470802426338196, 1.5727941989898682 
84.01809692382812, 0.24198144674301147, 1.8136563301086426 
89.5014419555664, 0.25270116329193115, 1.2129884958267212 
94.05345916748047, 0.2392810881137848, 1.5435312986373901 
87.73822784423828, 0.27431440353393555, 1.8378946781158447 
102.5081558227539, 0.2780064046382904, 2.0053231716156006 
84.8625717163086, 0.30012786388397217, 1.6644386053085327 
129.38209533691406, 0.2847044765949249, 1.4983530044555664 
104.26377868652344, 0.29209578037261963, 1.312242031097412 
69.28675079345703, 0.30018243193626404, 1.6394044160842896 
99.50611877441406, 0.24887584149837494, 1.7465870380401611 
118.91587829589844, 0.3671298027038574, 1.9576481580734253 
90.88653564453125, 0.29182350635528564, 1.813685655593872 
100.24153137207031, 0.272038072347641, 1.3730052709579468 
80.81155395507812, 0.26682248711586, 1.4693673849105835 
85.89617919921875, 0.23024030029773712, 1.3769656419754028 
92.8316421508789, 0.25328412652015686, 1.5221785306930542 
94.76805114746094, 0.23400567471981049, 1.433683156967163 
90.59835052490234, 0.24705936014652252, 1.4667128324508667 
101.3704833984375, 0.2613671123981476, 1.8023582696914673 
95.55628204345703, 0.26612183451652527, 1.409796118736267 
108.50790405273438, 0.2912296950817108, 1.8838965892791748 
84.62274169921875, 0.2481093853712082, 1.4235141277313232 
99.67412567138672, 0.2580817639827728, 1.6651688814163208 
156.28289794921875, 0.27267688512802124, 1.8575598001480103 
83.2168197631836, 0.2268163412809372, 1.3401260375976562 
90.17517852783203, 0.26568543910980225, 1.4763449430465698 
90.67958068847656, 0.24464662373065948, 1.7070600986480713 
123.5655746459961, 0.2634311616420746, 1.7421773672103882 
147.54354858398438, 0.2776690721511841, 1.9974541664123535 
64.10330200195312, 0.22754046320915222, 1.3109660148620605 
83.95186614990234, 0.2715143859386444, 1.3003368377685547 
70.3570785522461, 0.2597249746322632, 1.3276636600494385 
74.79853057861328, 0.27701377868652344, 1.8209214210510254 
104.61441802978516, 0.2872375249862671, 1.741802453994751 
183.5272979736328, 0.28655245900154114, 2.0428128242492676 
81.56731414794922, 0.292319118976593, 2.0271103382110596 
100.09062957763672, 0.27113544940948486, 1.356489896774292 
114.5615463256836, 0.2964288294315338, 1.963613748550415 
93.4966049194336, 0.25192373991012573, 1.4734926223754883 
108.50900268554688, 0.27583783864974976, 1.2889018058776855 
100.04523468017578, 0.27715882658958435, 1.5705894231796265 
120.69365692138672, 0.2538365423679352, 1.664642333984375 
79.86017608642578, 0.27224618196487427, 1.9663139581680298 
91.00933074951172, 0.2509227693080902, 1.4269951581954956 
120.3073959350586, 0.2703714072704315, 1.580085277557373 
159.99021911621094, 0.25134697556495667, 1.6748056411743164 
84.10577392578125, 0.26899057626724243, 1.4018069505691528 
79.31961822509766, 0.24906858801841736, 1.3485820293426514 
86.44862365722656, 0.24365997314453125, 1.9292627573013306 
80.60767364501953, 0.30288243293762207, 1.889887809753418 
81.37291717529297, 0.2925523817539215, 1.8498516082763672 
89.9595718383789, 0.2836693227291107, 1.5512635707855225 
107.45825958251953, 0.2731257975101471, 1.2830216884613037 
76.80120086669922, 0.23875872790813446, 1.421162724494934 
96.80420684814453, 0.29627031087875366, 1.5269286632537842 
92.26680755615234, 0.28821760416030884, 1.8403557538986206 
89.10054016113281, 0.2582333981990814, 1.5026283264160156 
80.47622680664062, 0.2631060481071472, 1.5832130908966064 
181.77395629882812, 0.2947528660297394, 2.0219130516052246 
95.01821899414062, 0.2630588710308075, 1.9309507608413696 
78.97966003417969, 0.25587865710258484, 1.927168369293213 
78.51020812988281, 0.27272355556488037, 1.8541874885559082 
110.558837890625, 0.26641809940338135, 1.6524513959884644 
109.54234313964844, 0.29177552461624146, 1.70162034034729 
87.45732116699219, 0.24102485179901123, 1.2063592672348022 
96.2280044555664, 0.2730082869529724, 1.315830111503601 
85.30912780761719, 0.23393379151821136, 1.2582402229309082 
103.9266586303711, 0.2699049413204193, 1.19189453125 
83.81220245361328, 0.23896671831607819, 1.4359382390975952 
83.30784606933594, 0.28955185413360596, 1.7072535753250122 
111.0787124633789, 0.2779671251773834, 1.9515514373779297 
84.71275329589844, 0.25133392214775085, 1.8296808004379272 
102.31175231933594, 0.2566097676753998, 1.5080645084381104 
97.31768798828125, 0.29601946473121643, 1.6679620742797852 
195.3416748046875, 0.3172140121459961, 1.9823728799819946 
83.55049896240234, 0.28245994448661804, 1.5603166818618774 
104.5674057006836, 0.27140456438064575, 1.4919594526290894 
103.43282318115234, 0.2666372060775757, 1.835268259048462 
98.2165756225586, 0.2781173586845398, 1.4038931131362915 
68.86609649658203, 0.24797476828098297, 1.2895718812942505 
93.71934509277344, 0.2600938379764557, 1.2478885650634766 
110.92192840576172, 0.27442315220832825, 1.6992558240890503 
117.91880798339844, 0.28621935844421387, 1.5816068649291992 
83.3239517211914, 0.23453326523303986, 1.6922088861465454 
98.13764953613281, 0.2753238081932068, 1.8724223375320435 
170.09637451171875, 0.2648894190788269, 1.8438878059387207 
107.77448272705078, 0.3014335334300995, 1.3793306350708008 
113.53571319580078, 0.30508142709732056, 1.961854100227356 
76.0108871459961, 0.287676602602005, 1.8571927547454834 
128.345458984375, 0.2534221410751343, 1.9290155172348022 
75.83094024658203, 0.27150818705558777, 1.572878360748291 
104.52294158935547, 0.2831966280937195, 1.331613540649414 
157.7661590576172, 0.29978442192077637, 1.7684792280197144 
55.222816467285156, 0.2756916880607605, 1.7700059413909912 
107.80049133300781, 0.2619938850402832, 1.5567564964294434 
85.10906219482422, 0.3072909414768219, 1.5162372589111328 
94.20750427246094, 0.2886548340320587, 1.6470099687576294 
84.65557861328125, 0.2960067093372345, 1.9822099208831787 
71.08597564697266, 0.2792847156524658, 1.901752233505249 
106.04972076416016, 0.2403164952993393, 1.7249433994293213 
100.62149047851562, 0.23471195995807648, 1.9932198524475098 
118.6630859375, 0.2675471007823944, 2.01830792427063 
83.43754577636719, 0.2771768867969513, 1.425973653793335 
87.80680847167969, 0.28384456038475037, 2.115102767944336 
636.28857421875, 0.2886507511138916, 3.0191879272460938 
155.57147216796875, 0.3260535001754761, 1.932934045791626 
93.79642486572266, 0.27267757058143616, 1.985457181930542 
115.31664276123047, 0.2800741493701935, 1.86998450756073 
106.47624969482422, 0.25904473662376404, 1.3543446063995361 
110.28944396972656, 0.2548375129699707, 1.559035062789917 
81.38937377929688, 0.26108524203300476, 1.7798411846160889 
78.46894073486328, 0.24676108360290527, 1.4770411252975464 
117.54058837890625, 0.22891144454479218, 1.4803763628005981 
88.5479507446289, 0.24955615401268005, 1.4851375818252563 
118.05207061767578, 0.2857130169868469, 1.5813500881195068 
83.34657287597656, 0.25536471605300903, 1.409730076789856 
82.36790466308594, 0.2647852897644043, 1.6493918895721436 
102.7509994506836, 0.27551519870758057, 1.7106388807296753 
87.59585571289062, 0.2648434042930603, 1.2992019653320312 
97.44532012939453, 0.26893532276153564, 1.445655345916748 
