1.0, 1.0, 135.0 
1.0, 1.0, 135.0 
1.0, 1.0, 135.0 
1.0, 1.0, 135.0 
1.0, 1.0, 135.0 
1.0, 1.0, 135.0 
1.0, 1.0, 135.0 
1.0, 1.0, 135.0 
1.0, 1.0, 135.0 
1.0, 1.0, 135.0 
1.0, 1.0, 135.0 
1.0, 1.0, 135.0 
1.0, 1.0, 135.0 
1.0, 1.0, 135.0 
1.0, 1.0, 135.0 
1.0, 1.0, 135.0 
1.0, 1.0, 135.0 
1.0, 1.0, 135.0 
1.0, 1.0, 135.0 
1.0, 1.0, 135.0 
1.0, 1.0, 135.0 
1.0, 1.0, 135.0 
1.0, 1.0, 135.0 
1.0, 1.0, 135.0 
1.0, 1.0, 135.0 
1.0, 1.0, 135.0 
1.0, 1.0, 135.0 
1.0, 1.0, 135.0 
1.0, 1.0, 135.0 
1.0, 1.0, 135.0 
1.0, 1.0, 135.0 
1.0, 1.0, 135.0 
1.0, 1.0, 135.0 
1.0, 1.0, 135.0 
1.0, 1.0, 135.0 
1.0, 1.0, 135.0 
1.0, 1.0, 135.0 
1.0, 1.0, 135.0 
1.0, 1.0, 135.0 
1.0, 1.0, 135.0 
1.0, 1.0, 135.0 
1.0, 1.0, 135.0 
1.0, 1.0, 135.0 
1.0, 1.0, 135.0 
1.0, 1.0, 135.0 
1.0, 1.0, 135.0 
1.0, 1.0, 135.0 
1.0, 1.0, 135.0 
1.0, 1.0, 135.0 
1.0, 1.0, 135.0 
0.046887735016896546, 2.817810974542966, 18.265674209418506 
0.07001396579138291, 2.7725786428990298, 21.249997826794317 
0.06068745622606711, 2.783577074583042, 21.024288340770223 
0.0818419853576624, 2.7901432902138255, 17.281987797849112 
0.0675248530428117, 2.7884158535153825, 19.448004614643818 
0.060103079822917, 2.807560942543343, 17.86535698055497 
0.08532910369154398, 2.7686328500376205, 19.71513624656286 
0.0652297092285905, 2.7987228391202095, 18.366405972912045 
0.05238948403525431, 2.816088914904613, 17.755416143117944 
0.080224281831034, 2.743892804416117, 23.74419335663466 
0.05828984835836399, 2.7943311741050154, 19.896161967443764 
0.08206329021169327, 2.785523304961723, 17.875809651588792 
0.05803118043778473, 2.8151529901030963, 17.120136976981 
0.0758174813229358, 2.79194852686672, 17.851588894396492 
0.061671260180527286, 2.7864544646243474, 20.50302715134197 
0.0675473123981559, 2.7811986525671015, 20.419294729690233 
0.06470307690328468, 2.8201914401695687, 15.539240195164783 
0.06328850977201536, 2.7791415609116012, 21.271940457711747 
0.06911055104708348, 2.784726940478938, 19.73193864398714 
0.06902143268818842, 2.7862834919326387, 19.533835176188372 
0.061374178071117155, 2.7834392217648745, 20.95019102214106 
0.058800089661528276, 2.796329205582092, 19.557545142111273 
0.05675036015990229, 2.794495980503716, 20.081744010411537 
0.06438698540328612, 2.8082810668756477, 17.18981294234391 
0.07215494948103866, 2.7888841790835928, 18.75971764377479 
0.053904757970670514, 2.82181592083224, 16.77770836160708 
0.0663514959010393, 2.7981397074206136, 18.293687551576912 
0.062205911919263876, 2.798180175108748, 18.847878251218415 
0.08645444855970401, 2.7644857669607963, 20.123070904732497 
0.05868938067924699, 2.828491671796164, 15.230557915819482 
0.06459298667050369, 2.809278958137967, 17.027287450856427 
0.0807320031722171, 2.7768391127836654, 19.227899345955887 
0.08850680232600185, 2.7747877129642236, 18.455240435819572 
0.05579678183059693, 2.83719120155115, 14.446622243464251 
0.06961683281976101, 2.8068087398674324, 16.682547687228894 
0.049295413429782865, 2.8445690008391615, 14.32830407369253 
0.04853177757668852, 2.8263306862041397, 16.893567389588124 
0.0707596871560821, 2.8056083026494285, 16.69032137625606 
0.06634283334457818, 2.8209518703195764, 15.21521500533913 
0.06876385783329286, 2.8129923892943296, 15.962906637771031 
0.0432902412649369, 2.870002724785117, 11.705449583242649 
0.05770969078476072, 2.8393026832237815, 13.90332950884676 
0.05983119456107967, 2.8298250736646855, 14.89640378952171 
0.059689741086880854, 2.8430772117655208, 13.126461364925797 
0.05691550635982165, 2.837032890162839, 14.316966469440773 
0.06230451424958403, 2.846443541034148, 12.319012536696146 
0.05687222249076842, 2.835470246078486, 14.533766743150608 
0.055032708447300085, 2.8561495054752273, 11.990401120458799 
0.05394301853869472, 2.860095273961282, 11.604830512503137 
0.05230486656413288, 2.8556925189446587, 12.420352956313105 
0.07474367402804123, 2.812846162198112, 15.175372109469375 
0.05595693386514925, 2.836021955971559, 14.582849872044427 
0.06737893249248617, 2.834927508937093, 13.188630407006897 
0.05044417253037219, 2.8479695810826495, 13.714143262242104 
0.06841231565999835, 2.8210925635583606, 14.916841305521508 
0.047098325307593183, 2.8590133357666625, 12.674925754975487 
0.050469168428471184, 2.862331678614396, 11.771885649212846 
0.05933543822241948, 2.84197981015863, 13.32244146855832 
0.04445356810613246, 2.8762832742988818, 10.700526275323124 
0.05798004167486572, 2.8373726900143326, 14.127381221958208 
0.05351944384095971, 2.853487135899513, 12.55411173503628 
0.0441012817900828, 2.869144569327236, 11.711810099161905 
0.04907440711287503, 2.859687595814747, 12.317129604771043 
0.03770801552766319, 2.8805325897823524, 11.037518283147863 
0.03435841515250913, 2.9026125475795785, 8.508920031168199 
0.05229682218170357, 2.8628735830678673, 11.451995291307933 
0.04979468012832968, 2.8618956851656634, 11.9218006853109 
0.040754458490658375, 2.884134755732104, 10.139956079927101 
0.047474225025009205, 2.8626719509219485, 12.130266247160627 
0.04946258224681292, 2.86708875555496, 11.265569396760654 
0.03754144163858803, 2.8835869770523295, 10.647663476726102 
0.03979899060996788, 2.880174470858887, 10.80358270170462 
0.046196687683891964, 2.865216506130448, 11.959218835064132 
0.04149989981816155, 2.865370969697552, 12.572432615378682 
0.029995246228215342, 2.8833307082117887, 11.700996150599469 
0.06561905395360541, 2.8334358916463867, 13.627582344001063 
0.042861398431371045, 2.8815679934688916, 10.202032093464538 
0.03452973292695965, 2.876890451811264, 11.958275060339783 
0.04777125222169881, 2.858093816515595, 12.708215720465311 
0.043443950992213085, 2.8849680933081467, 9.664374019451435 
0.02690984189958936, 2.8960320636503827, 10.402842750753823 
0.03651974847982936, 2.8839867309047493, 10.73162528308186 
0.03798082691151069, 2.874764134622979, 11.7794301928439 
0.043404397717086506, 2.8709470544779347, 11.562553953672108 
0.042562874417524724, 2.883968193557171, 9.918305823416091 
0.031691649058381004, 2.896300524923097, 9.721056512500478 
0.0371071817095018, 2.8860606204709547, 10.372346705638412 
0.03734929325635619, 2.888557053876292, 10.002643137092434 
0.03322188332160679, 2.905382807377706, 8.28836675559279 
0.03329607989919837, 2.8953004254200736, 9.639471781898306 
0.03197334417606629, 2.89129383005137, 10.358931479296073 
0.03563735842162199, 2.8926324367992815, 9.683577645178016 
0.03241643264208043, 2.89810120130766, 9.38011941678505 
0.03734650566870865, 2.889126148384047, 9.926191702878032 
0.02677367332866594, 2.910001471046442, 8.535355509360334 
0.040497185477857384, 2.899990791317329, 8.03412313264985 
0.03344407152795797, 2.8907762244464217, 10.230260043458728 
0.02562181208890853, 2.9114349986806682, 8.49733054610716 
0.035230561098754776, 2.886919182309092, 10.509784639940664 
0.030791530481665576, 2.8941970960083148, 10.126535423852582 
0.02953729491639215, 2.8976471825128014, 9.830095547058825 
0.03275625836270009, 2.8950577027721804, 9.745115246791137 
0.027940071217353084, 2.9051887473950964, 9.027609487319292 
0.035820056409927636, 2.8782101560360345, 11.60592131979511 
0.027153926194444147, 2.8970976292796617, 10.226040010995725 
0.027419929951926846, 2.9077415372525803, 8.753201927391551 
0.03428169892941364, 2.9015161550055875, 8.667289718774903 
0.024742514767479205, 2.9181854647663323, 7.704722762935466 
0.028512233068991585, 2.899629384751501, 9.700881594233547 
0.02287794898358247, 2.9185717405548215, 7.904291912315452 
0.02730259408643847, 2.9069451310291314, 8.87655710939808 
0.023637918610772062, 2.9221099783076747, 7.32403391600972 
0.02104824682122709, 2.916686764290481, 8.405773499919409 
0.03744018231731023, 2.903781263958252, 7.935104752799021 
0.02876475575637445, 2.896972447760385, 10.025477525237445 
0.02290159155634195, 2.9279632023618563, 6.633252821043287 
0.01811849414521048, 2.922812517907315, 7.974313372909001 
0.02686622160920703, 2.904521149188069, 9.262704942367831 
0.025150356701230565, 2.9090105512916113, 8.888277420966359 
0.032925400652856276, 2.899969503816258, 9.059187896669556 
0.023068121727861265, 2.919168612411649, 7.798040891166084 
0.029681763939960384, 2.904698533175158, 8.858659889458977 
0.032533050324162795, 2.8950122550220163, 9.781383778265814 
0.024084443522116958, 2.9207123331013265, 7.452435155835132 
0.02388183559482244, 2.917654109357878, 7.892647431385456 
0.03184021550478969, 2.9105140013546937, 7.782180723969707 
0.026392453674512362, 2.9318526419895505, 5.636912085351482 
0.019528253838469456, 2.94202196099156, 5.190720997946037 
0.022013136732853437, 2.9333242825066517, 6.029448402666777 
0.022759244261568338, 2.9292775361033065, 6.475034650741871 
0.025977611171381945, 2.9324756838139323, 5.608805176982631 
0.021790476721066546, 2.928648028019368, 6.690801860041276 
0.02196915948467464, 2.9401727224654706, 5.110845936730441 
0.020238272280917718, 2.942392177583019, 5.044889268368532 
0.0208666022488778, 2.9335103449573476, 6.159112127159578 
0.021481331101933697, 2.929183701778929, 6.660220561083503 
0.017971453668836675, 2.94276966755754, 5.299948634439212 
0.027370209637302276, 2.9301783842042046, 5.730939831396579 
0.02257742666805516, 2.9323957244175864, 6.078624603438404 
0.02238169934461837, 2.9333101225859415, 5.981604039374413 
0.027742490916885534, 2.9259813382967654, 6.247283056157167 
0.020179415916763685, 2.9421178102730474, 5.089874464375527 
0.01765587584763022, 2.937122613669546, 6.104903915181232 
0.02376623042288818, 2.913669943262324, 8.446116552496383 
0.018192850822170568, 2.9384230669527236, 5.856851100389233 
0.02261362485789765, 2.935685707695173, 5.629590105335481 
0.016084574294910836, 2.9377133387737713, 6.237281735727904 
0.01763612775909581, 2.9465686425153703, 4.832356012947079 
0.01683802120514371, 2.9398594919879657, 5.845835718930222 
0.022741629708266403, 2.9324669129327625, 6.046846743461132 
0.018981948005289198, 2.94363512525087, 5.046695110418389 
0.025922779493680242, 2.9374003811754252, 4.951373309670742 
0.01787613443059459, 2.944767635766985, 5.043091023326814 
0.019956326186841504, 2.943826641165931, 4.88929940737575 
0.01862327315847828, 2.950733083147598, 4.1368918986796706 
0.026453468063237326, 2.926338585775521, 6.373072731767631 
0.022862420842858205, 2.9348854702217686, 5.70403470627533 
0.01937093514757877, 2.948756258221327, 4.302828895197691 
0.01951715378604616, 2.9345516609294697, 6.200710013405336 
0.022935882583724962, 2.922452717472171, 7.372538992454047 
0.01675195341637427, 2.9349799606337363, 6.516191603235121 
0.022608573517045857, 2.92151082799609, 7.5438807957267 
0.021512690184082885, 2.937064610080046, 5.592064464342576 
0.026518335302137264, 2.9277353485111575, 6.175752685205251 
0.02178911217103368, 2.9351515417578184, 5.813011719604975 
0.018401477620622036, 2.9454271954275444, 4.883129138497583 
0.018823911003500504, 2.9389505658311563, 5.700445627321301 
0.021185525686613867, 2.930766274912887, 6.4865069190673585 
0.01665339635371473, 2.944501148031971, 5.244136507932494 
0.022828598993394244, 2.9372142536831984, 5.39421488865991 
0.01846722210595834, 2.9419654717700525, 5.341586326738552 
0.028176113096860276, 2.938137601444422, 4.54764853692698 
0.03034145787408013, 2.9262227071748894, 5.863837718389157 
0.018005984561605546, 2.9428503721603003, 5.284391842542763 
0.022101330892929313, 2.9375991544729354, 5.440434475608299 
0.018366616450107783, 2.9516372955692187, 4.049471877390954 
0.015739964429310097, 2.959434339899834, 3.3514689155655533 
0.01892887932042092, 2.956822271348721, 3.2735946596658323 
0.02046683086167575, 2.949412351612657, 4.066310365965072 
0.017892159580537696, 2.952446025822198, 4.004344970630756 
0.016035896359515987, 2.955559140199557, 3.8346700645251524 
0.02056439168920998, 2.9356664154911467, 5.908841030651884 
0.012935520478062661, 2.9517223754618183, 4.771184048116089 
0.015034133347166617, 2.9503842451091624, 4.668518908395468 
0.025462079695394473, 2.940151461994235, 4.642171871900037 
0.011659435638349583, 2.9595608904657706, 3.8852559759437866 
0.020318057226406457, 2.91736568575816, 8.41269469708361 
0.015665036030357925, 2.933232326415417, 6.8988560698203445 
0.014007854961447757, 2.9550126634818152, 4.182230010159506 
0.017812044469222143, 2.9493967623548043, 4.426811078756389 
0.019866861273366537, 2.946538657958664, 4.535254903675849 
0.016486687284690684, 2.950761672799348, 4.421471388654784 
0.02022441306625035, 2.9462730208737984, 4.522846418093456 
0.025336517788528638, 2.9195187488410275, 7.4445390050099585 
0.023949678986484025, 2.9372717709637954, 5.235104256712262 
0.018950226000754015, 2.9405759791488926, 5.46396230479772 
0.021605349100787468, 2.947665658137438, 4.148414022839555 
0.025453931319680465, 2.923096809727387, 6.945649958645817 
0.023122400685930238, 2.944207889984782, 4.4104107594539235 
0.0194773610210607, 2.944295662625434, 4.890641807723247 
0.01331374365489864, 2.9533568735980116, 4.499466670857133 
0.01732494297748848, 2.9397471453096995, 5.795268081229633 
0.020694040518798702, 2.934100521752105, 6.102734093428031 
0.02386285418512192, 2.92727855176009, 6.595910197396456 
0.01519049258830592, 2.947162820546612, 5.0823027267860805 
0.017572908021452265, 2.94731877301343, 4.739623060290982 
0.012693566111827813, 2.9569406646808063, 4.0993788429943425 
0.013251304977658557, 2.950924299003106, 4.836293462596807 
0.01940048594339311, 2.9404104068998995, 5.425529466155435 
0.014625058321967772, 2.955622716158269, 4.016550445168063 
0.015346902000241707, 2.9414492475325718, 5.832519813070208 
0.020805283878773947, 2.9387692145483646, 5.457442712336321 
0.02200615693349485, 2.9290200792260923, 6.61145811845576 
0.01757242611272431, 2.939641796319166, 5.776079971694755 
0.012962369519964614, 2.956511046256394, 4.121088870191555 
0.02257792650165661, 2.9349081472299057, 5.739380046239083 
0.01386887719959191, 2.9567358058591724, 3.968367787066813 
0.013873639454513297, 2.945122799153328, 5.535480787941443 
0.021783309893995646, 2.9287473148876626, 6.678365654476089 
0.013796385779652849, 2.9520151159183334, 4.615447270771845 
0.017270636702937405, 2.943462849391837, 5.300979377205412 
0.01854035499835687, 2.9354219537079924, 6.215088324642836 
0.01955589044829058, 2.938791191930826, 5.623143878819307 
0.014267582964775805, 2.9561149112205265, 3.9983632849841473 
0.01706566814681678, 2.9535364803455697, 3.9687099535278474 
0.020709786068979108, 2.943573959708493, 4.8216943200413 
0.017159990852852837, 2.9558613529355884, 3.642118588560411 
0.019331745039836958, 2.9316518101278675, 6.617220052359925 
0.01542693217541377, 2.9497800875165807, 4.69705234158071 
0.015480205602621155, 2.9366420401338553, 6.463496825575694 
0.015778988713068515, 2.939612790226707, 6.022109843130311 
0.020079008246825222, 2.946972313526353, 4.4480715606209635 
0.01767050930588083, 2.9353298827076766, 6.344947078169704 
0.014753501078159238, 2.953791954260471, 4.246363529284927 
0.02055229445481524, 2.949281592756292, 4.072425226500437 
0.015361773986860259, 2.9523879625614806, 4.353785565974005 
0.019558732038579132, 2.945145905701139, 4.764873905138051 
0.025940110088145764, 2.9344756111936947, 5.343877626951531 
0.020215734242096953, 2.936436462451688, 5.8519534463389595 
0.019140114571681844, 2.958146974983172, 3.0662429100946915 
0.018437205801199594, 2.9493834294848935, 4.34421423637745 
0.021203136774569364, 2.9321078398666036, 6.303018153441711 
0.01648883234096945, 2.940301477070459, 5.833308229457161 
0.02159128657389259, 2.9398543177132463, 5.204843421236239 
0.01812995779354227, 2.947722679494735, 4.609893966082611 
0.019756985505412526, 2.953881240615332, 3.5588394736994364 
0.018927396738715022, 2.9550445363704374, 3.5137890302644044 
0.021752418561073125, 2.940588931039238, 5.083917803957948 
0.018770613254503347, 2.9357500385496444, 6.139712006440004 
0.01594868851165596, 2.9433397417197353, 5.496061918762259 
0.021446427336738266, 2.9431918453234918, 4.773833190869028 
0.021247643944774738, 2.940863991350358, 5.1149292351571 
0.013200178737764362, 2.9530561602981353, 4.5553942301534995 
0.02067986102304354, 2.9471211007852287, 4.346870155883237 
0.0199100262007117, 2.9351937098066156, 6.060995639010723 
0.017507390145613852, 2.941118092786271, 5.585559804195467 
0.013543691567272672, 2.960225797797825, 3.5411189357118267 
0.015647761723391895, 2.9526157162915467, 4.284430467983285 
0.017786051832642827, 2.9489842582374326, 4.4860081405398695 
0.015120749298175114, 2.9511266884411658, 4.5565959051889955 
0.014480514293924338, 2.9481028928490747, 5.051240035695199 
0.01845094586230056, 2.948123915366127, 4.512393734162266 
0.02001566608205767, 2.955540977393913, 3.2998531307439434 
0.020619780032068106, 2.9258963822872674, 7.220318086889659 
0.01675554181042805, 2.9363839542209305, 6.326168035766581 
0.016158496647252902, 2.9378647419104746, 6.206862794706758 
0.01913962896705875, 2.9438737420511396, 4.99319491254326 
0.015134517862258551, 2.9482947637972936, 4.93704697596047 
0.015396255750517066, 2.9559576318913034, 3.8672251683542207 
0.01623956084024602, 2.936386512398608, 6.395480112754615 
0.0165982187718514, 2.946287051671252, 5.010488490181005 
0.02521833314691662, 2.941542187107635, 4.487329765635633 
0.018825125555699058, 2.9524865149960346, 3.8729285255159427 
0.017356539444877184, 2.934698437226613, 6.4725781493487515 
0.020656267840212857, 2.92365796233165, 7.517578926798486 
0.019891311543660445, 2.9165865048066832, 8.575494792703585 
0.015622280576366384, 2.927561508588022, 7.6701884628075465 
0.016103747610562134, 2.937402665674534, 6.276634206512026 
0.02706745783908959, 2.9149400684163562, 7.828983955514835 
0.012932806193719795, 2.9454459394830748, 5.618869333632801 
0.023668631964989084, 2.9197939882507855, 7.632546270870468 
0.015376727455877209, 2.961948691320797, 3.061068465149057 
0.02297292876190483, 2.9287261644569775, 6.520622415450875 
0.018295925402635867, 2.937145820639876, 6.0153642842609125 
0.025326054928201672, 2.892289451945435, 11.121906572059059 
0.012779162289078067, 2.9429476684900897, 5.976877844812356 
0.021127229621076545, 2.935082934293337, 5.911627871554212 
0.02529502888595058, 2.940907708515014, 4.5626304508697535 
0.016817277944827357, 2.9391996991852793, 5.937708087435625 
0.02001180891350645, 2.9523718853355647, 3.7282012763753336 
0.01965473606562949, 2.9418814544659213, 5.1926142782406615 
0.015782878975868175, 2.946267904095627, 5.123144285348172 
0.02170913313205984, 2.955365673860487, 3.0949010560062304 
0.014047596644544639, 2.9619496143186317, 3.240376519971196 
0.022212675041788657, 2.9488737672178686, 3.90333029494632 
0.024052301680773085, 2.922523033370877, 7.2123297680272245 
0.018174391689455307, 2.9495623421330546, 4.3555409339612305 
0.02041155579540544, 2.9382421271346058, 5.581752804448561 
0.015317731493268755, 2.9406967984197876, 5.938038461737386 
0.025704530391687103, 2.9278722199583016, 6.2671387027515735 
0.02444690061787422, 2.9373883923525157, 5.152235448997374 
0.023799714576124797, 2.9282517868721296, 6.473047304485611 
0.01714744218459054, 2.9406129188612877, 5.702351258806439 
0.01627437577157201, 2.9570467687245894, 3.601645493018212 
0.019402362298856078, 2.948951057345481, 4.272288348014493 
0.022588064553740884, 2.9468099988338348, 4.131261442677332 
0.025646218973595352, 2.949952026712456, 3.2942368323831133 
0.01596199676938417, 2.944183834910256, 5.3803127232486405 
0.02184013412671316, 2.9395175330648486, 5.216714929139145 
0.017708052926564445, 2.9408656154457082, 5.592554769743209 
0.017047347824358895, 2.9445741721106464, 5.181094808774297 
0.015533874648955594, 2.941703508772966, 5.772953238040512 
0.022006100268686254, 2.9372733369714514, 5.497275972581377 
0.013679890502573492, 2.918483297350837, 9.157969639789581 
0.024185651991807864, 2.925439782331859, 6.8005663663049525 
0.01771565280751015, 2.932112906265179, 6.773144525186988 
0.017994054964970637, 2.93075313228646, 6.91912972105679 
0.013861082896785597, 2.9438107277028056, 5.714305569055195 
0.01730277864229053, 2.9261309904301935, 7.6364411752146415 
0.024426605720294998, 2.910912474049928, 8.729224231019888 
0.020522396295478054, 2.9474420029518895, 4.32480610160541 
0.024671009909428086, 2.9231997972570327, 7.037441032527745 
0.018751787527899067, 2.9335780842704695, 6.435467307220186 
0.01548859397711858, 2.95426407938567, 4.083389096023593 
0.02549311716472662, 2.9008177598315474, 9.948031605503006 
0.01887934406208175, 2.9392280667615402, 5.6554995388110285 
0.02170652302520141, 2.942771076184761, 4.795524106655047 
0.018254533167901765, 2.949981541680291, 4.288129895493963 
0.018583576484835163, 2.940199117303633, 5.564336338556798 
0.025648232883032966, 2.915644884680053, 7.925429128983379 
0.028323904689326312, 2.901507902396321, 9.472706043437574 
0.0173176009467136, 2.9406092124905596, 5.679880185968158 
0.02087054876663407, 2.9409064646897547, 5.16010318338755 
0.019428560423604108, 2.916164869201158, 8.694887000657113 
0.0181477338466602, 2.94664161066219, 4.7534384913051655 
0.017565574806190323, 2.9479535820818854, 4.654913820109712 
0.026939507325342452, 2.9294097393845115, 5.892851694169668 
0.024260665979299472, 2.9292540572073005, 6.2755123698089665 
0.01908405337505055, 2.918167497176277, 8.471040675570764 
0.023412117421667104, 2.9283915127426376, 6.506509927818845 
0.016349844226448234, 2.9303984291614813, 7.188983092629531 
0.020405396340647405, 2.940420566322643, 5.288495040455842 
0.02731771468916394, 2.9505255975730575, 2.991152844600116 
0.023624601507016126, 2.934166055961478, 5.698261241753314 
0.0174336147551444, 2.948554230129981, 4.591640940508085 
0.01814191458435075, 2.955351527653147, 3.5783852979378463 
0.023833632040803236, 2.9165851810965417, 8.043460226458457 
0.028613501321492638, 2.919261741524309, 7.036842215816791 
0.04000026310256001, 2.914922798102761, 6.085386737281692 
0.0254777107469953, 2.9018987356909234, 9.804179730881053 
