0.4307344358431579
0.41850534761281605
0.4589325466326305
0.411541278358154
0.4538448899469343
0.457722062476769
0.45888866250690774
0.3877300559993713
0.47507373171467937
0.465192811091512
0.43221248973006476
0.4272043388422733
0.4700583257982808
0.45871090250355856
0.46091030720054826
0.4606316290143448
0.3882743298046051
0.4330914777892423
0.43865794698763555
0.40174910927423135
0.41567168518694864
0.4445063812392099
0.4753601668479805
0.41751187572830833
0.4279118498898871
0.4111801432231055
0.4676865988200711
0.41955875574443746
0.4133944732870924
0.42289694595206445
0.41130294307448345
0.4172294233509335
0.47021257218127976
0.4117908286883534
0.48598552491807717
0.4659501535277213
0.4436362562572352
0.4342434754260399
0.4084856960802309
0.42259423242461297
0.44976797095641563
0.41118876533024873
0.43962407596237646
0.4062557388354556
0.4636940033891783
0.42231862913078977
0.4523679877412484
0.4403286209063871
0.4380719288840272
0.41097766607313113
0.42273824107468405
0.41636517666245937
0.39934672216116557
0.43156000329739486
0.45374800965258605
0.4312531795816213
0.3976856483155132
0.4037007147678032
0.41671251136946924
0.36816218735710265
0.42772084642802516
0.4209417586777067
0.4183187354956904
0.395066117292725
0.35640227616107956
0.3774925540051153
0.3713084541707544
0.3430646310822206
0.3170953586457237
0.402420209334468
0.3656627974786242
0.33113060671029276
0.40410489920303566
0.3137032381143026
0.39682374294624073
0.3325053604431279
0.3452279976985422
0.3132843527822725
0.3215281122153805
0.3375405507840319
0.2945750635889818
0.3540447985727666
0.3073246721092457
0.3142684280254324
0.3207222469803375
0.28649397594811316
0.31124032512822186
0.3369616755211408
0.2846960948462585
0.31178027834348415
0.33294168684614417
0.29254055121046607
0.3148652657797809
0.30947020158927013
0.3176096913142962
0.3211248605748132
0.3016657408344032
0.29629690085928284
0.25715574946615005
0.276041858670761
0.2801315588747851
0.2665312792848332
0.25967260867288583
0.2699544262977892
0.2658993406478779
0.26460045426740625
0.3102940833839815
0.2671459048110906
0.27870099270536053
0.2987053988132334
0.24606434133092653
0.26970693728701994
0.29643625807240265
0.2743590147264542
0.3168338491122157
0.2917964470225133
0.2323352302916022
0.2643967138234234
0.23529833609727532
0.3169437977860892
0.2797440165537946
0.222743393353311
0.2556986684657736
0.2412054788810523
0.23818287668505056
0.2211722942060589
0.22418821846834525
0.25474767034448476
0.2216261526728521
0.20700899034111936
0.23021990268529835
0.21442163398721115
0.2492814802412858
0.19865864361765095
0.21298990175042146
0.20255574444523466
0.2277558139452393
0.2045917521542502
0.19571770953383588
0.2199869175280084
0.18841490724385815
0.21430618075808416
0.18532561480017645
0.23350086218188196
0.2044961063388718
0.2075647886290992
0.22993296599401855
0.23471081230257237
0.20434732991297544
0.19958588032348057
0.2253604373102793
0.1936182413961676
0.19993369560688734
0.1988567776596045
0.1804134737096554
0.16435593039432836
0.18915107526828767
0.17471922679147014
0.1683032681587048
0.18365996814126895
0.17876125151594063
0.1739046937227571
0.1325054119647135
0.1436535781418394
0.1515961240505897
0.17027475331625086
0.14745977684680234
0.14646146869306878
0.15382460806967288
0.15410579555702272
0.16611329596575505
0.16715031034757882
0.13097384318745317
0.15541678363729786
0.2069137892382596
0.17262926658201425
0.15876122023260814
0.16669776219481863
0.15714869243688218
0.15365723089020372
0.11628751885677013
0.12254942102530893
0.13511640922719692
0.12252746540183965
0.15781788798946347
0.13606788675809892
0.1227883070150459
0.15589355835036595
0.18025301815928518
0.13936071081962723
0.11895310905719132
0.10851102369549899
0.14305735076609988
0.1466796305643173
0.1149876598512056
0.12164180466255697
0.10608566311675455
0.11317662788450715
0.11092296221576768
0.11431570497056269
0.12702242790065246
0.11510772378589974
0.12209767845883954
0.16099663770892023
0.1287458608122642
0.11830911087155127
0.09693621333072766
0.0806431647873533
0.11318347088615976
0.08058819779958461
0.0893826517485372
0.09726884160810619
0.109911542579212
0.10810488142687229
0.1066367884261025
0.12619679841705939
0.13008790761202785
0.09543516732055247
0.1050577460434244
0.1001121177794605
0.08431253124375314
0.08249893170067178
0.07119291320744045
0.11655783168804429
0.1014280167047105
0.09569171362971012
0.10260663744622836
0.0913934053405599
0.07358075569048653
0.10133256069903011
0.09154772426729395
0.07969577602644425
0.0649179811157787
0.06035763184981417
0.07936872890337633
0.06808607477449999
0.05928993420370229
0.09842078251124163
0.13336801887855518
0.07511405217476431
0.07924519696942818
0.06830779107052332
0.07350271496184922
0.08536820097990257
0.04732887197903248
0.06831420083928044
0.08215109264356554
0.05552358938831731
0.058517031759558975
0.09947664548119592
0.08627456626139626
0.07787368265487846
0.09102545144395147
0.06860207965955337
0.07797715918092223
0.09707026813258822
0.05844080924780894
0.06209663020487343
0.05490940079093595
0.06722039974225273
0.08955266806723375
0.07340213835307705
0.06262920405025359
0.04455746010736728
0.06206568471018765
0.06662443574637206
0.07077351384108402
0.08161306451036052
0.055873868696176575
0.07242288039195233
0.08771924230388116
0.08904682532397849
0.05105089141366667
0.06180321812556937
0.07494408563334505
0.06016389440137705
0.0751014821915458
0.05256398882368323
0.08098483410378933
0.049331000533697135
0.060851045870238374
0.04794216449711941
0.051821891774447994
0.05122984239482405
0.06706699993383793
0.032523287732706053
0.0630565474741516
0.053045197170734915
0.058806299657885044
0.04343193893004782
0.04857295143122791
0.0518574173180463
0.05399891306849632
0.04296029503269133
0.06487129022409323
0.0601439346643492
0.06739774685484444
0.07259783953707746
0.04986749139369852
0.05362748364778833
0.04455920635915379
0.056587086841196454
0.07022623464032086
0.051530124519612766
0.05707495399607772
0.054148010839925466
0.07314759473995477
0.04710981177289132
0.06174606499533071
0.04400747851022572
0.06333571500484401
0.042178971830339286
0.056814953690707964
0.05242599295417859
0.07008383567585506
0.08136890335017205
0.05890449239940498
0.061944591142976256
0.042010352747893165
0.0650201778337668
0.05560619340016392
0.04763322760350051
0.06566593080454149
0.049536664755400125
0.06327473760165432
0.04281597040751488
0.04353752362558676
0.031959559529700664
0.046523489952006815
0.04476268689255991
0.05755172889259294
0.04951302006918104
0.024972066640307735
0.037468805655643776
0.02469316072256263
0.05146808685459128
0.11168075897808269
0.07346569460580979
0.04341269781013248
0.018775314784421303
0.05263611323613897
0.04663418834696041
0.026605252266276674
0.044804532326742
0.0972262271763978
0.07099609290110279
0.07473218267656058
0.033617064938393636
0.02982444668586925
0.03879328979339272
0.033378247469261
0.05475825458790623
0.0695550456526318
0.07695523584013916
0.04479579863853965
0.028906824837782768
0.03924390226375106
0.04002814849336883
0.05150840197965611
0.03760152027441868
0.032795039221627895
0.0374304271045376
0.025622517632936773
0.05893593757454261
0.050004582040225426
0.04015480935471927
0.03804736264994934
0.0259870315774692
0.02939178573552031
0.0376047861227005
0.04362554227538381
0.0801051476454065
0.025726112062865205
0.037838614662212264
0.04853903884774513
0.038834025826280975
0.07646536082058687
0.02157088964318488
0.029894621957603895
0.07356686292694725
0.025225925296992018
0.040971817936358075
0.03418937444756121
0.04198432885475452
0.03266979172267331
0.04495100152921395
0.043014952013822265
0.05759196507641714
0.025734169013469605
0.04483458388492259
0.06636049827719515
0.0599619188821712
0.03639796309331598
0.056010177351209396
0.03770951728689809
0.05287632343794467
0.05377622380914272
0.027166402223935515
0.03423379275632359
0.049777324295721785
