0.47022155085192296
0.4525456283636357
0.41942474599670154
0.4592376310498484
0.39695560513278855
0.42135030007170093
0.45122939861521194
0.425195226402876
0.43154285714236273
0.3853820334210099
0.4840849870772955
0.40315288040907155
0.44303415701960636
0.4224413177384759
0.40517086252432816
0.40060217498290923
0.39873772813221825
0.4302951384524596
0.42997349723143513
0.4585389481505491
0.48671193972384463
0.48901819990527245
0.4333322405351609
0.4320721391262272
0.3481542341290943
0.43618837001943783
0.3973222071227665
0.4402185433376838
0.4642491423726631
0.4166237479805397
0.46492291183515627
0.47151600394380805
0.4306686530876819
0.4283320486185051
0.44373008444012585
0.49485759656824824
0.44841776129012834
0.45987712557552046
0.41565287168124854
0.4477828515839467
0.36787195589547883
0.4224537130282153
0.41126335419130766
0.40482419732666236
0.4158855774160904
0.4035118775322072
0.40385326537119076
0.4622099256048554
0.41447648131352965
0.45825454640773033
0.4377717866738271
0.4187534270885353
0.4188919794243602
0.39898501412110393
0.4988366293630773
0.4445430078127417
0.4193741850177264
0.41919060928686974
0.43343172534819574
0.44832102639368876
0.41501174413938124
0.449066191920281
0.36560439795667676
0.4204352146469503
0.42408791953517544
0.4734026398938922
0.4484875303894831
0.4274306236873574
0.46824131226210003
0.4718287867506803
0.4220063900102943
0.4455560948485122
0.4278755176142888
0.3853572035714778
0.4242800627298619
0.4455999536997712
0.4915653010529856
0.4051378017746358
0.4708703950322169
0.3905650567572375
0.43720636956290715
0.47082871730838505
0.4750507863985229
0.3999218087694887
0.39097386042368576
0.4190338825472214
0.4061705123306969
0.3957181571712417
0.4059329640274773
0.3599041635471006
0.4306792447918571
0.36281447328009087
0.3994707380709011
0.3850868189200965
0.4006839077576377
0.39979569674448073
0.37237987178699694
0.4174118334178551
0.3717563431795841
0.36465286618004195
0.390597033919552
0.37859504673338157
0.40145687348625625
0.38114977219626994
0.3874335849511733
0.38387310186461093
0.3756912570910245
0.407853946484591
0.34626317477446
0.37968238721245445
0.3851486310912167
0.36336579510281164
0.3774424670864978
0.3462635013982997
0.33673675395205
0.3577297120548201
0.32622519540192757
0.32609944410293795
0.32077257282182164
0.33140458594921823
0.3280950166405209
0.34367341771378496
0.2829847128864395
0.35240047462316754
0.3464035874979425
0.3194718530320043
0.36418498798985943
0.3535185927591686
0.26234487972269477
0.3355969129675304
0.337295739409355
0.31236826368148357
0.26821847499052087
0.2838424552051771
0.33520676117725157
0.26304741574382656
0.3116708303881382
0.309944812300688
0.2643020509609154
0.2557269367826609
0.28062518000225045
0.27075873679065143
0.245302310665696
0.2836066986925574
0.2496716051101191
0.23000413436584244
0.24495709088388487
0.25567816053238196
0.27312399730009074
0.22731254681137986
0.22599695411978574
0.22037958377791989
0.23067545600628162
0.27465858281598626
0.2529857022438868
0.23955728754364727
0.24582787962149708
0.2284899400112601
0.22738863160074066
0.21911021535422154
0.2035061266028627
0.20064268817868694
0.21113685734488483
0.25993509800978054
0.19100607006031642
0.19094597021963292
0.16159654762123793
0.16786979290381365
0.17760696200480092
0.19937194280877865
0.21135405642549468
0.2102178154380261
0.1830278712941645
0.14679981002150627
0.19875946091509464
0.18536513517762115
0.15228759621327573
0.19452642799424294
0.16917365623132674
0.1268235488106311
0.15569738916001957
0.15266463829451957
0.14702148262209397
0.1924122605034871
0.16012981024710937
0.13670372180115622
0.1396454711855182
0.14100194820577205
0.15942644318712754
0.1696694937044945
0.12626141958873238
0.12574655403190146
0.12889779180243788
0.12302448148987459
0.1563378691606412
0.12273723563566609
0.13904788053531678
0.13883984596614427
0.12676654450883626
0.14616279426090129
0.1309755478544352
0.13357430442204235
0.11805831870020055
0.12077642802741713
0.10942821202287578
0.11730207558641335
0.12075540184733458
0.14152125509220037
0.13513044455491208
0.12979603106515025
0.10765502933263382
0.14231455628746695
0.14150323400351397
0.14055558282991348
0.08710586958293616
0.12467489101816041
0.12241711686572436
0.0968921075850943
0.10991102796907237
0.1366106218311757
0.11820687188606022
0.12121703047087685
0.10246220907562682
0.0947078197233149
0.09599153748246561
0.09059068646193509
0.10967240763971366
0.13434575460407217
0.09474224913615889
0.1226193141821423
0.07675192132217283
0.07471354668339843
0.11743168443242763
0.10675209465922963
0.11223025957775637
0.09185547937628051
0.07654216406836538
0.08099560936467327
0.06957568275852828
0.08158413486854417
0.06568680437679365
0.07493786734943778
0.0671136444755618
0.09881354240755762
0.10961283454146546
0.08259385592659342
0.07482361945201026
0.09112688311891398
0.0820567171983308
0.08672748621391035
0.08029006560068923
0.10210684518821127
0.08105453001547727
0.09218595320074316
0.09600726961327434
0.08152087398835157
0.08062994118214516
0.05187336467993528
0.06435873057420177
0.07373307390299416
0.12431965452153833
0.0741220210750405
0.07299288389036525
0.08955551601282358
0.07891862220402507
0.08934467545046614
0.06088949068094111
0.0517927153216718
0.08124948316267147
0.0730469055901813
0.07331993150801519
0.08576991405702816
0.09447936877282768
0.041987197187982474
0.07208287445226727
0.061632939503631905
0.055981297470763185
0.05380673293330968
0.07164824614500594
0.0476777018340166
0.05799129646584176
0.09694392667871314
0.09950288936264864
0.08457028190852676
0.09599825906506419
0.06578148934746046
0.08462871808097472
0.08630103893498384
0.04532942860594419
0.05692992190692492
0.07025645602731317
0.08557755308567104
0.09886223193996782
0.06110252582092062
0.036665915363218345
0.050575934052421036
0.0679433019221254
0.06680562409033647
0.057213985478882796
0.04404582169131202
0.08536372205524716
0.05762169883012136
0.0647097178157008
0.04563906318300522
0.0694886817160272
0.05151296952835633
0.04719053767993691
0.06474295050022945
0.07714715418255487
0.08300964685683775
0.06390089219381247
0.06894149215570972
0.05130391872967993
0.03913946841312649
0.04528174804115422
0.04836050944677302
0.043137323431710124
0.02801832390540279
0.038030231767192876
0.055660318105806766
0.09083129192529955
0.06242390392585186
0.06954201619138088
0.054632941821843174
0.05902564298110408
0.06902706284544172
0.04799162438984406
0.06326678229095208
0.053183526896450575
0.034338889045743545
0.0360422353776308
0.053020547893898005
0.06183973927128861
0.0454475667376018
0.05871480794327444
0.060848163711294166
0.0644074044665817
0.06695992889741495
0.04742089781535952
0.06483666268306951
0.04130627853500927
0.058965829357234094
0.08988305602208758
0.06333319923252796
0.04048612381405277
0.04854839032720613
0.044797826273466776
0.04535795355744248
0.03517549486884807
0.06305299047387619
0.04250349983395852
0.06911048046222981
0.040986556244021664
0.06871610484587355
0.04539913557977182
0.06464159853511486
0.050857861508872615
0.052369870853292054
0.025135730379262415
0.0329798196155487
0.033834671925494185
0.023809437795559357
0.03341290799699766
0.049418266379946126
0.08426178818754483
0.039597262875452024
0.04482138673491705
0.040353831213050494
0.05089445396062468
0.04573488639933045
0.0713553998495849
0.049051054994739475
0.03979155012630765
0.030332717948596023
0.047264855520176195
0.044608576185145445
0.029284646792664862
0.034013798740294934
0.039759546516508225
0.03466579187456777
0.04981767636470991
0.035818441133005224
0.03586409607613359
0.022132096438591695
0.04760206403584205
0.028766925021005873
0.06147159151107463
0.031307035304700324
0.03635641122127368
0.06272578700700578
0.03775470069045121
0.025488453082025027
0.04903280107940373
0.028117099902330953
0.050071545059343574
0.032186956087993164
0.03261893373364817
0.11623294099956258
0.037027484419355855
0.03624090398786782
