0.503170942634765
0.4943787835110983
0.5040357451715192
0.5024502738541367
0.5018737388296339
0.5001441337561257
0.4989910637071202
0.5041798789276448
0.5030268088786394
0.5038916114153935
0.49956759873162293
0.49971173248774864
0.4925050446814644
0.5030268088786394
0.5001441337561257
0.4916402421447103
0.4904871720957048
0.5076390890746613
0.4897665033150764
0.4998558662438743
0.5057653502450273
0.4942346497549726
0.5057653502450273
0.4811184779475353
0.49956759873162293
0.5046122801960219
0.4943787835110983
0.5008648025367541
0.49509945229172675
0.4963966560968579
0.5015854713173825
0.4897665033150764
0.5033150763908908
0.5115307004900548
0.5103776304410493
0.4981262611703661
0.5020178725857596
0.5064860190256558
0.5070625540501585
0.4943787835110983
0.49610838858460654
0.503170942634765
0.4935139809743442
0.5053329489766504
0.5086480253675411
0.4988469299509945
0.5188815220524647
0.5138368405880658
0.5193139233208417
0.5059094840011531
0.5134044393196887
0.5243586047852407
0.5309887575670222
0.5181608532718363
0.5229172672239839
0.5110982992216777
0.526520611127126
0.5183049870279619
0.5360334390314212
0.5332948976650331
0.5371865090804266
0.5471317382530989
0.5328624963966561
0.5445373306428366
0.5515998846929951
0.5521764197174979
0.539780916690689
0.5503026808878639
0.5586624387431537
0.563995387719804
0.5585183049870279
0.5614009801095416
0.564427788988181
0.5742288844047276
0.5762467569904872
0.5703372729893341
0.569904871720957
0.5740847506486019
0.5713462092822139
0.5884981262611704
0.578120495820121
0.5850389161141539
0.5866243874315364
0.5843182473335256
0.590948400115307
0.5939752089939464
0.5856154511386567
0.5929662727010666
0.5872009224560392
0.6050735082156241
0.609685788411646
0.594119342750072
0.6004612280196022
0.6036321706543673
0.6083885846065148
0.5962813490919573
0.606947247045258
0.6102623234361487
0.6204958201210724
0.6079561833381378
0.6043528394349956
0.6118477947535312
0.6072355145575093
0.6114153934851542
0.6160276736811762
0.6298645142692418
0.623378495243586
0.6294321130008648
0.6364946670510233
0.6282790429518593
0.6363505332948977
0.6268377053906025
0.6359181320265206
0.628423176707985
0.6383684058806572
0.6334678581723839
0.6333237244162583
0.6405304122225425
0.6232343614874604
0.6422600172960508
0.6359181320265206
0.6474488325165754
0.6380801383684059
0.6454309599308158
0.647592966272701
0.6524935139809743
0.6516287114442202
0.6419717497837993
0.6503315076390891
0.6547996540789853
0.6452868261746901
0.6419717497837993
0.6445661573940616
0.6497549726145864
0.6526376477371
0.6555203228596137
0.6605650043240127
0.6526376477371
0.6595560680311329
0.6565292591524935
0.6465840299798212
0.6578264629576247
0.6552320553473624
0.6656096857884116
0.6493225713462093
0.6562409916402422
0.6568175266647449
0.663591813202652
0.6624387431536466
0.6543672528106083
0.6565292591524935
0.6504756413952147
0.6615739406168925
0.647592966272701
0.6618622081291439
0.6611415393485154
0.6543672528106083
0.6706543672528106
0.6573940616892476
0.6558085903718651
0.6706543672528106
0.6697895647160566
0.6611415393485154
0.6568175266647449
0.6699336984721822
0.6676275583741712
0.6725281060824445
0.674113577399827
0.676419717497838
0.6614298068607668
0.6731046411069472
0.6735370423753243
0.6579705967137504
0.6739694436437014
0.662727010665898
0.6716633035456904
0.6653214182761603
0.6785817238397233
0.6586912654943787
0.6735370423753243
0.667771692130297
0.6579705967137504
0.6739694436437014
0.6647448832516576
0.6775727875468435
0.6716633035456904
0.6782934563274718
0.6622946093975209
0.6752666474488325
0.6710867685211876
0.6666186220812914
0.6744018449120784
0.6774286537907178
0.6611415393485154
0.6767079850100893
0.6857884116460075
0.6810319976938599
0.6800230614009801
0.6941481695012972
0.6849236091092534
0.6533583165177285
0.6797347938887287
0.6670510233496685
0.6790141251081003
0.676419717497838
0.6849236091092534
0.6742577111559527
0.6800230614009801
0.6805995964254828
0.6768521187662151
0.679590660132603
0.6765638512539637
0.6813202652061112
0.6718074373018161
0.6733929086191986
0.6820409339867397
0.6807437301816085
0.6891034880368982
0.6872297492072643
0.6793023926203516
0.6911213606226578
0.6931392332084174
0.692850965696166
0.6914096281349092
0.6921302969155376
0.6937157682329201
0.6886710867685212
0.7019313923320841
0.6798789276448545
0.6981839146728164
0.6947247045257999
0.6891034880368982
0.6872297492072643
0.7030844623810897
0.7009224560392043
0.697463245892188
0.7043816661862208
0.6971749783799366
0.7022196598443355
0.6994811184779476
0.711155952724128
0.7055347362352263
0.7063995387719804
0.7092822138944941
0.7052464687229749
0.6989045834534447
0.7144710291150187
0.7104352839434995
0.7035168636494668
0.7118766215047564
0.716633035456904
0.711155952724128
0.7059671375036033
0.7164889017007783
0.7071202075526088
0.7118766215047564
0.7182185067742866
0.714326895358893
0.7069760737964831
0.7255693283366964
0.7343614874603632
0.7270106658979533
0.7124531565292591
0.7144710291150187
0.7242721245315653
0.7236955895070626
0.7101470164312482
0.7223983857019314
0.713894494090516
0.7141827616027674
0.7174978379936581
0.70841741135774
0.7146151628711445
0.7141827616027674
0.7179302392620351
0.7209570481406745
0.738541366388008
0.7232631882386855
0.7306140098010954
0.7097146151628712
0.7382530988757567
0.7195157105794177
0.7069760737964831
0.7378206976073797
0.7365234938022485
0.727154799654079
0.7213894494090516
0.7294609397520899
0.7219659844335543
0.7310464110694724
0.7215335831651772
0.7156240991640243
0.733064283655232
0.7301816085327184
0.7186509080426636
0.7316229460939752
0.7320553473623522
0.7309022773133468
0.7307581435572211
0.7284520034592101
0.7281637359469588
0.742721245315653
0.7421447102911501
0.7457480541942924
0.7280196021908331
0.7373882963390026
0.7208129143845489
0.7340732199481118
0.7209570481406745
0.7464687229749207
0.7283078697030845
0.7310464110694724
0.7311905448255982
0.7314788123378495
0.7350821562409916
0.7418564427788988
0.7373882963390026
0.7342173537042376
0.7287402709714615
0.7388296339002595
0.7284520034592101
0.748630729316806
0.7424329778034016
0.7552608820985874
0.7386855001441338
0.7407033727298934
0.740415105217642
0.745892187950418
0.7610262323436149
0.7522340732199481
0.7345056212164889
0.7421447102911501
0.7469011242432978
0.7474776592678005
0.7443067166330355
0.7561256846353416
0.748630729316806
0.7386855001441338
0.7443067166330355
0.7451715191697895
0.7414240415105218
0.7434419140962814
0.7391179014125108
0.7438743153646584
0.7356586912654943
0.7556932833669645
0.7428653790717786
0.7519458057076968
0.7588642260017296
0.7421447102911501
0.7417123090227732
0.7530988757567022
0.754107812049582
0.7525223407321995
0.7365234938022485
0.7536754107812049
0.7616027673681176
0.7473335255116749
0.7469011242432978
0.7685211876621505
0.7568463534159701
0.7474776592678005
0.7522340732199481
0.7401268377053906
0.7470452579994235
0.7505044681464399
0.7519458057076968
0.759152493513981
0.7587200922456039
0.7594407610262324
0.7656385125396368
0.7676563851253964
0.7603055635629864
0.7578552897088499
0.7555491496108389
0.7605938310752378
0.7551167483424618
0.762323436148746
0.7543960795618334
0.7437301816085328
0.7643413087345057
0.7551167483424618
0.754107812049582
0.7567022196598443
0.7643413087345057
0.7578552897088499
0.7620351686364947
0.7706831940040357
0.7706831940040357
0.7721245315652926
0.7672239838570193
0.7709714615162871
0.7705390602479101
0.7631882386855001
0.7683770539060248
0.7718362640530412
0.7715479965407899
0.7706831940040357
0.7604496973191122
0.7662150475641395
