-1.5971884201861044e-07
3.034719459013842e-07
-1.3207422597627945e-07
1.4831254026468844e-07
2.2665650207611238e-07
4.662390811455533e-08
4.033227280207748e-07
1.6605394751878812e-07
-7.856371686751677e-08
2.63501788826799e-07
-4.759469721832876e-08
1.8892742722586234e-07
-1.2628940817674602e-07
-3.128227568063114e-08
3.604156399097934e-08
-8.378185536679985e-08
7.850403457189579e-08
2.1339419967116095e-08
-6.172500681053383e-08
1.1674483727993879e-07
1.190824078969279e-07
1.899683800896751e-07
-3.1701358833787975e-07
1.1507148559632578e-07
-4.333727838937347e-07
-3.4782080309520407e-07
-3.777130582393942e-06
-8.294231592293887e-05
-0.0009275248885216757
-0.0019866430962860197
-0.0023598441335571083
-0.004816563470304688
-0.004556170929616952
-0.0035621345814284434
-0.0062004953633176835
-0.007347484428669625
-0.005416499151310041
-0.005017206464291407
-0.006733044480402179
-0.009827668402033876
-0.01019688182381108
-0.008483002999008518
-0.009385529917342634
-0.008651420945213383
-0.009742758876768141
-0.012281138495544295
-0.01477972209369414
-0.011702626788094552
-0.012466068217392023
-0.011095999990828486
-0.014327477487851455
-0.01597622692070687
-0.01752202805367237
-0.01888052793547616
-0.021750416722909182
-0.02276453124888038
-0.021276957320357934
-0.020972873758759128
-0.019148844607389463
-0.02161436379346625
-0.019920660765081078
-0.022510464395468624
-0.023873821148777844
-0.024139781786570766
-0.023531616386598207
-0.02482370868733063
-0.02996242935532877
-0.026225078094694893
-0.028893801757514898
-0.026219310176940968
-0.027541339139680477
-0.02826874972235831
-0.02457016511102089
-0.031000642554194064
-0.031104714740308202
-0.03293121406237896
-0.035399291834149645
-0.03632561968533735
-0.03450788657122749
-0.03792036572675398
-0.03522819253974914
-0.036451618051860306
-0.0356326527869495
-0.042214690764738515
-0.032168230559240195
-0.036806184365542526
-0.037290191389426276
-0.03828989711097942
-0.03688920542422857
-0.039685689109353516
-0.04064418370624378
-0.04010087924795182
-0.043464032789509735
-0.03787211819383547
-0.04067363247984229
-0.044762217666119763
-0.03931921202050936
-0.04059042963292231
-0.04706776122499187
-0.04148870241279526
-0.04260661209565999
-0.04929287477146108
-0.03931970140424518
-0.049440832277870245
-0.0538451139904786
-0.04883760599633535
-0.040330352316996484
-0.0449039871135438
-0.04510628677532298
-0.04925417474872337
-0.04293028054804646
-0.04669288565796043
-0.04647398645554542
-0.05005321066847658
-0.048173976693730886
-0.0467374925799344
-0.05099179899440794
-0.044546730640374926
-0.0500840253528413
-0.05275477665507108
-0.05170058468662797
-0.051349899856190026
-0.04493071431015821
-0.0498595677494983
-0.05601965034645086
-0.049913562264440936
-0.05577959397757434
-0.04644188702898223
-0.049391066151870056
-0.0503548423993563
-0.052625045877719566
-0.04486447440395652
-0.05361591202525002
-0.04996701896228663
-0.05049936033136587
-0.052863946464623245
-0.05918852897839699
-0.053790091875800645
-0.05586741479690856
-0.05377229074827295
-0.059420861568200256
-0.053457446041092836
-0.05734364846711727
-0.0498920915136428
-0.054383762451894406
-0.05610458094390555
-0.056408100879528154
-0.05646437981788057
-0.06053714312726693
-0.05683871583402061
-0.051093581530479756
-0.0520618957054868
-0.05954038011232072
-0.059278817544103725
-0.058460449484996624
-0.05407760406958
-0.04961386270533609
-0.050829985722105626
-0.06095156694878961
-0.05942731276213379
-0.0518487319590725
-0.05268753354971202
-0.055453594878399
-0.056723565519749115
-0.060443723848649246
-0.054242902876761895
-0.05537619112703584
-0.05887827432274156
-0.05876724896739355
-0.057650205524563965
-0.05933967453811292
-0.06129693457427186
-0.05448791775432964
-0.05165076657249995
-0.056961040375565056
-0.0588782547298516
-0.05278606149023661
-0.0541938548239001
-0.06203298728766593
-0.05975504731978049
-0.06413484366169034
-0.062043270666952664
-0.05558535901167181
-0.05684442658508368
-0.05494662355156091
-0.05645557671580808
-0.06482128410841394
-0.06229363406039828
-0.06286482709435912
-0.05825027735055544
-0.060436567573449736
-0.057912087849802625
-0.06214912885412611
-0.05885358293105721
-0.06057765764930116
-0.05873514515723669
-0.06079465996553198
-0.0655327630221096
-0.0625836164505837
-0.0581170211944012
-0.061167542799703885
-0.06494193911505708
-0.06234689390313721
-0.06305925755096412
-0.05746115637837118
-0.059900866179211074
-0.06486351806010125
-0.05774126543171956
-0.06134805755136084
-0.059117724472487025
-0.057138726141461184
-0.06676068727092101
-0.06323801359797647
-0.06443378857791669
-0.06201259314602879
-0.06024304843372128
-0.05924651327506342
-0.06724299062338567
-0.07207994015604266
-0.07112412693600953
-0.06743446469226057
-0.06529705352705976
-0.06099301842070691
-0.06058004745632025
-0.06968013671029495
-0.06613469191557977
-0.06550003513171854
-0.0651154340655648
-0.06609434058889174
-0.06976058737770681
-0.06845015029611771
-0.06378825798970703
-0.06387031738408032
-0.06554957235933626
-0.06305132257559411
-0.062152865356732895
-0.06351256599639583
-0.06162007671342004
-0.06282057585831397
-0.0685579735357227
-0.07078614247992346
-0.0682291701663408
-0.06376365955606708
-0.0606128329428502
-0.06750099584705865
-0.05933606659966817
-0.05929538258681024
-0.06892699759118158
-0.058517528906818606
-0.06524687752693259
-0.06817317996455399
-0.07145996853745293
-0.06726836429015534
-0.06562237405642264
-0.06635444416905906
-0.06556157160986098
-0.06474125845056626
-0.06541908426760114
-0.062124680878379336
-0.058558022239496514
-0.0604495403204909
-0.06596267654034639
-0.053959361789980356
-0.06535687392235566
-0.06696080173283019
-0.06645999081150526
-0.06736808705229438
-0.06429714935673243
-0.07332866168395463
-0.07357236083532452
-0.07233817457109952
-0.06871410558267196
-0.07256822758124695
-0.06976560916108879
-0.06735998956521289
-0.0721278007370704
-0.06516938622047012
-0.06808282400637443
-0.0665366853677049
-0.06842881479316819
-0.06617542297717079
-0.06712052269849365
-0.06720335932487174
-0.0679218202352166
-0.07201588101397562
-0.06933800149678605
-0.07132020907338814
-0.0689226661422719
-0.07045656704494703
-0.06842503768187702
-0.06789604226357365
-0.06918204359643537
-0.06438158416087146
-0.06198231130018568
-0.07073226599503711
-0.0641576931395834
-0.06867112174195383
-0.06748068708879772
-0.07191108573586658
-0.06875181495908324
-0.06906339480335331
-0.06625184865133889
-0.06204074637717818
-0.07206037055652921
-0.0619642606342636
-0.07260987177391307
-0.06810771107117257
-0.06271122409027516
-0.06980443220616192
-0.0741945827666748
-0.0724815024920256
-0.07181322745453597
-0.06792806939138843
-0.06981213004204824
-0.07381443213671446
-0.07068063306104078
-0.07484877951197043
-0.07254391466923268
-0.07259804237121005
-0.0634334744809081
-0.06977505235048516
-0.06041985981232222
-0.062353402340136733
-0.07303158675911814
-0.06892445813968741
-0.07890863392607007
-0.07400961419044963
-0.07136816565059956
-0.07492940038379212
-0.06573468074516804
-0.06744934768555905
-0.07138373937397918
-0.07244640999973674
-0.07801212452596902
-0.06975711253902936
-0.06697840946630171
-0.06392102166704239
-0.06844600753524879
-0.06898889186717745
-0.07145382848211909
