0.5002031394275162
0.4988740817305918
0.5031198080118147
0.50042446388366
0.5018820577164367
0.4971755584271737
0.5004798464491362
0.49715678310316813
0.49854119732614394
0.5033220138786357
0.4957924263674614
0.5021969501163092
0.4994462901439646
0.5021408533884542
0.5028613623776998
0.500110725621909
0.501458048798494
0.49994461061260664
0.5026394477463177
0.4994829751089445
0.5017161837977486
0.5023439518659333
0.5054450145815644
0.5040230309293571
0.503821303304412
0.5038957202466674
0.49461015948021264
0.49959400605300064
0.5021592293212269
0.5145029153443058
0.5241313097743806
0.5254938157651837
0.5384672179562906
0.5426050358118585
0.5559904005907329
0.5615032486709982
0.5636168955841087
0.5620200826934436
0.5614248800295312
0.5697880511040544
0.5743180895434244
0.5756848556449826
0.5810880637779582
0.5734268315187304
0.5776940967992026
0.5860770707219843
0.5841514726507714
0.5913720569783748
0.6000664402775727
0.5987891317188423
0.6007751937984496
0.6015070921985816
0.6058033077377436
0.6091130640277675
0.6096327735744602
0.6148364227161952
0.6190423450363643
0.615518068731313
0.6150666223747832
0.6273764258555133
0.613950225241858
0.624736939265276
0.6096345514950167
0.6245892560457817
0.624976921088586
0.6282623943298018
0.6247831383116164
0.6267990257583586
0.6221114802510151
0.6236987818383167
0.6289798330501588
0.6308930483257651
0.621999852300421
0.6208054930045406
0.6187294673507807
0.6284407054829901
0.626665682329925
0.6237583545659319
0.6253645929481263
0.6233483428065254
0.6234959769690707
0.6303200324831125
0.6281379208505611
0.6277679362267493
0.6243126545374027
0.6230851574323576
0.6290007013917088
0.6272431873569161
0.6343732693372716
0.6235003137805013
0.6229598995642862
0.6281800391389433
0.6300479881875231
0.625812167749557
0.6278563254457529
0.6290471443866061
0.6211785556047851
0.6248661818450294
0.6332151823955102
0.6270447915512721
0.6334736375719983
0.6153647371529829
0.6159867085102455
0.6301081619845694
0.6248245808405347
0.6343200944928392
0.6281052748145141
0.622022820427606
0.6230524994462083
0.6222870219991141
0.624437227839693
0.6223567184559177
0.6158930615560725
0.6371188067636417
0.6295626499354124
0.6316780505815027
0.6292686528593052
0.6296474063134576
0.625549359234775
0.6278468864198442
0.6165632845960715
0.6233708694849548
0.6187769863822563
0.6212423369525075
0.6211058615089325
0.6309202997526672
0.6201358635457432
0.6312331598567896
0.6291537439078423
0.6313554628364657
0.6224527466036621
0.6160463742430956
0.6321465504505835
0.6279009703722835
0.6243265185622555
0.6202975597149925
0.6232552987223986
0.6257383343177791
0.6404577334809893
0.6322025765014211
0.621175775916153
0.6237769983385638
0.6359373846267444
0.6223781388478582
0.6234173710826474
0.6354066632193248
0.6210510776498376
0.6232322859358269
0.6228860497747581
0.6238091721438593
0.6356451732033385
0.6267075241822344
0.6192252298829352
0.6285440047253397
0.6206909278807116
0.6268271076332497
0.6317227123398915
0.624266578102513
0.6295516655587562
0.6314546192743513
0.6132319279332497
0.6239893675933105
0.6268739384092755
0.6326244277063949
0.6228727527778803
0.6301981476698277
0.622899974153528
0.6209850107066381
0.6270904862110975
0.6222673559822748
0.617815349403817
0.63397341211226
0.6430548890775535
0.6183127192172789
0.6340535549399815
0.6383434224125203
0.6240632037508768
0.6362595983461311
0.6315906070004431
0.6246630976555289
0.6317537643932684
0.621326244277064
0.6402790079716564
0.6319793205317578
0.6244323845387086
0.6319462393383303
0.6378807458002584
0.629023922031896
0.6290018832391714
0.6321520856404578
0.6302092945996826
0.632585265022885
0.6427912128484401
0.6383143743536711
0.6304925780961524
0.634514581026209
0.6272895125553914
0.6241137370753324
0.629458681042759
0.6325054434070192
0.6318742156935114
0.6306618922809997
0.6357295741383128
0.6318859843450008
0.6306482575310101
0.6280262769412459
0.6329604607376232
0.6375420067210754
0.6301137202776547
0.6323404569445983
0.6244322168470032
0.6374372601121937
0.6383677991137371
0.6390816477188838
0.6250969099568059
0.6341517445080302
0.6296063806218152
0.63312167749557
0.6382263900169829
0.6344244750341366
0.6413380593708462
0.6371223871777827
0.6457471943295925
0.6278975343274767
0.6378571955992025
0.6420897175558428
0.6303585274895691
0.6321249261665682
0.6322861678171952
0.6345507588906533
0.6292180462231411
0.6254385640949883
0.6355782011519716
0.6341292393991955
0.6421716985310401
0.6415150060910333
0.634534445839179
0.6448850001845904
0.6410502603493482
0.6266056400413407
0.6413826212193952
0.6361924454454824
0.634004061288536
0.6344101901421451
0.641287892774065
0.6339176969920649
0.6340445953927939
0.6431207558311189
0.6371423297027875
0.6407530454042082
0.6389155647484671
0.641361739836798
0.6399512699350266
0.6422797238935439
0.6297047970479704
0.6399306068212018
0.6390119627824545
0.6458533343179972
0.6409319155220795
0.6341715593958864
0.6345288170614715
0.6464855286473715
0.6462225832656376
0.63987446926343
0.6369342095547516
0.6388232688616565
0.6518433774956637
0.6442392909896603
0.6450136561600355
0.6376126458856551
0.6471652148235641
0.6478447003247711
0.6458256440540341
0.6440333776399351
0.6295201861633362
0.6315983757844224
0.636417337369859
0.647874852420307
0.6312525379305253
0.645304193738925
0.6432476359338062
0.6301587301587301
0.6396057149185956
0.6447455874750757
0.6419949056812728
0.6338168530616765
0.6447397563676633
0.6371452821137311
0.6382531010041347
0.6319577735124761
0.6500166131354524
0.6435215946843854
0.6427569403425871
0.642490680249511
0.6401786373366797
0.6449743457236721
0.645921004060539
0.6425696880191988
0.6451886862122443
0.650225208594846
0.6559441592495476
0.6348497156783103
0.6422031896042528
0.6465571349455418
0.6475279695750101
0.6421849049640155
0.6396645981087471
0.6432236866393473
0.6418020679468243
0.6298224240410529
0.6383127906118533
0.6465832318086167
0.6371890455451391
0.635558180744241
0.6513758079409049
0.6484879813905402
0.6489719074162944
0.6500738552437223
0.6535124958470228
0.638149392607909
0.6428044007974599
0.6526603404349592
0.6482356415177912
0.6593434996123029
0.6548744460856721
0.6537084210137705
0.6495218402688033
0.6407974893852686
0.643382217132725
0.6414174972314507
0.6461725933311178
0.6533067611455565
0.6503950963739753
0.6477843426883308
0.6529987082487544
0.6525189149289536
0.650642445724413
0.6494959565747203
0.648552864737153
0.6513070447496677
0.6441672509871942
0.6455995274660367
0.6471000849115812
0.6456742298468917
0.6423559822747416
0.6464008859357696
0.6400014766141238
0.6480271656885542
0.650753212228622
0.6452803721067591
0.6452208598020387
0.643213296398892
0.6456710356285768
0.6547232472324723
0.6518592371035044
0.6448194372646038
0.647977262660564
0.6575934406854779
0.6417601890135853
0.6430971458110254
0.6507936507936508
0.643089310777868
0.6433447728698476
0.650136622110627
0.6476798700579571
0.6467461518585508
0.6356385924749843
0.651698670605613
0.6387165854378969
0.6438775886891358
0.6501384530182758
0.6431604208971755
0.6490457381224851
0.6509061381168567
0.6509061381168567
0.6518704531186529
0.6446348127907835
0.6442737378586992
0.6407340398035668
0.6543360283530845
0.6514015585182996
0.6411751679338599
0.6491746371727168
0.6414050105154411
0.6521867503229378
0.6540293107903578
0.6582881187022478
0.6514083207205877
0.6420290925201211
0.6474323476206298
0.6568982062449251
0.6525142139850846
0.6450433819457264
0.6548388287855851
0.6534101399505188
0.6550692520775623
0.6537127251254797
0.653655834564254
0.642205898637924
0.6465269063261239
