27093
27083
27092
27082
27086
27086
27083
27086
27095
27092
27086
27079
27087
27079
27090
27092
27088
27080
27086
27084
27088
27097
27078
27084
27084
27088
27083
27090
27088
27085
27083
27079
27094
27086
27076
27092
27078
27084
27090
27084
27081
27091
27078
27082
27093
27096
27082
27081
27086
27084
27083
27091
27086
27082
27097
27084
27087
27083
27097
27088
27072
27089
27093
27081
27088
27084
27087
27084
27093
27087
27094
27090
27079
27081
27091
27083
27101
27080
27089
27082
27084
27077
27084
27079
27085
27089
27087
27089
27091
27094
27085
27081
27090
27078
27097
27084
27087
27081
27084
27098
27086
27086
27079
27087
27090
27090
27093
27077
27087
27093
27087
27080
27085
27082
27088
27086
27088
27098
27078
27092
27074
27073
27090
27096
27085
27083
27087
27089
27089
27084
27076
27083
27095
27087
27092
27090
27095
27084
27084
27082
27092
27077
27088
27086
27085
27096
27090
27083
27089
27089
27083
27092
27088
27096
27091
27091
27074
27080
27090
27094
27087
27088
27084
27090
27079
27090
27084
27087
27096
27082
27089
27081
27089
27084
27087
27080
27087
27082
27095
27082
27076
27078
27082
27091
27074
27090
27091
27096
27079
27083
27091
27092
27090
27082
27079
27075
27078
27082
27088
27078
27092
27086
27100
27082
27069
27086
27091
27085
27082
27089
27084
27090
27081
27082
27084
27086
27077
27090
27089
27099
27095
27083
27088
27096
27099
27087
27090
27088
27090
27091
27089
27090
27091
27081
27088
27088
27090
27092
27098
27095
27075
27095
27084
27087
27082
27078
27088
27091
27091
27076
27087
27087
27078
27090
27087
27086
27092
27093
27095
27087
27093
27088
27091
27092
27079
27082
27093
27086
27079
27089
27081
27092
27095
27092
27083
27084
27083
27094
27085
27075
27093
27095
27091
27098
27076
27101
27094
27073
27088
27088
27087
27079
27091
27088
27082
27090
27090
27066
27087
27097
27082
27079
27076
27091
27091
27089
27091
27096
27080
27089
27084
27091
27086
27093
27094
27084
27085
27087
27085
27096
27077
27087
27088
27090
27092
27085
27075
27090
27082
27080
27090
27086
27078
27089
27092
27088
27099
27089
27084
27088
