-106.08809947743661
-248.37045874729964
-356.20210839661075
-427.43566399728746
-416.90566231275386
-515.5171132445895
-628.2923353401148
-659.7872813811324
-679.3366818226559
-636.8844428443014
-708.5045982593662
-707.4559224849576
-675.8481225564447
-815.6043177367376
-691.4501537470751
-804.1626887791593
-765.8160448701169
-848.6685168485686
-784.576826908219
-882.1240229718562
-874.1079025805836
-851.8785320246163
-836.3856837402487
-886.3324877958343
-882.7662590277587
-921.1429346380099
-923.0986065931723
-900.2356686301075
-869.1879640655338
-970.7317246450505
-956.1442526047218
-950.9737549454953
-934.5169507237108
-963.4039044805536
-905.8396516898429
-902.1517935739437
-940.0068444399767
-729.1821767018994
-841.4688848576076
-887.4600962786608
-836.3133441763864
-935.9739290694116
-892.7282670249401
-943.6114885213789
-876.3910313995791
-927.3099551670988
-908.476553849771
-868.9794963872489
-969.9876416882439
-864.438395433023
-984.0486253550355
-928.7522989550666
-912.4509248509653
-889.041771355929
-895.5994909850644
-940.3978525573659
-955.374155322151
-945.8761597216969
-948.0831775933924
-923.573748704973
-972.6114062143604
-939.9004185098997
-1025.1702927065567
-992.8425765955392
-1000.0775817727819
-1010.5025215954847
-945.788736567251
-1011.0747193349919
-969.5100707291438
-959.1372386950283
-983.8839500677977
-979.2806740165316
-946.4883408344967
-887.6569871857693
-974.3676517558209
-1010.7652244209684
-985.5596877084652
-1041.5998978346167
-973.0552296347462
-973.0395596284822
-979.5538281901902
-996.9735822991026
-989.5280887532123
-950.4864782951247
-951.2615199380077
-1003.345275914725
-991.3825423907786
-956.4683645991652
-1010.5000015849798
-981.1053684395804
-1005.360634244104
-983.7336583294219
-965.7781812282795
-963.7137280674608
-984.8703579253435
-1060.699652944932
-975.619545059025
-1042.6113166764308
-982.527326169708
-962.6872604844716
-1021.0667866854601
-944.5365989577602
-1006.1463299066248
-1050.905554740082
-983.5662586588255
-984.9134186220841
-1016.3999237275459
-1065.0870293272494
-966.4048149484984
-1014.7459339513465
-994.6601247294968
-1018.3019852436764
-982.0772507358605
-960.6129155136609
-1066.6825052538948
-1013.2925267286704
-1032.5976570738314
-978.9031968452562
-1039.1859922979918
-1061.9210094398177
-992.2810541251456
-983.0961725029027
-1066.2756090656692
-1012.6710933989763
-988.0908567043538
-1071.7236525172918
-1025.9980374904865
-1013.5707327390501
-1053.2902041600903
-1045.253407366399
-1028.7870961936987
-1028.5147501235836
-999.0387507917735
-1033.5742092222115
-1033.462050883423
-1011.4979069311294
-1034.9105923791446
-1057.1125924195483
-1053.9321684770182
-987.1833627548576
-1019.8920184748833
-1019.82259167416
-1054.6135153098844
-1023.9375785505268
-994.3240688485159
-993.6762793455885
-1063.522860298694
-1015.5047379166867
-1028.3314106721834
-1053.6921904344515
-1088.1891520146473
-944.821083319579
-1060.2384082274818
-991.7618500973697
-1077.4742537932777
-1073.3259908828377
-1025.7096418147914
-1072.9502841877825
-1063.8002847573007
-1066.6843790940836
-969.6123742340876
-1025.5251050152128
-1068.4591181222263
-1026.2294871997385
-1013.1967304659562
-1025.9313081195096
-1042.5116036117356
-963.1194428412567
-1070.1267156466631
-1064.895982840811
-971.7216150704684
-1061.1706677289076
-1013.9563525741648
-966.1505278645546
-1022.6660575687605
-1040.228760544683
-1020.6279401286668
-1070.150010605933
-1010.4705305860635
-1001.8386310299798
-1095.255010900363
-1017.124331980244
-1078.7854127839137
-1051.0488573172843
-994.0390881730917
-1019.5003501999546
-1026.3129800698007
-1010.3096588385497
-1073.5683332138778
-1044.9281634478502
-1102.7123686942696
-1105.6728661407328
-1037.1464045170887
-979.2783144650884
-1002.7275481604635
-1026.2571795781453
-1069.2983878766986
-1063.2514141602135
-1012.991047639802
-975.7022346890589
-1059.251723813339
-1041.2686385022641
-1018.4338006749399
-1070.807738290706
-1021.0832085049768
-1009.534578618869
-963.2571767775665
-1098.0771501209815
-1078.1840502421062
-1074.9241713134336
-1010.8979391715895
-1063.712016629501
-1111.2252575511664
-1012.7376789755665
-1040.12071798441
-1088.5448361249037
-1049.099666828281
-1044.1963352149642
-1062.426312988353
-1041.7427618358056
-1098.0416984379012
-1118.123120392992
-1072.802180120083
-1056.1271551427708
-1061.7527448470603
-1016.4634208544879
-1058.1460896478573
-999.4923978814496
-1044.3525627924244
-1047.1234221480822
-1026.2740273990541
-1039.1864380097725
-1085.6532016449692
-1037.138724295746
-1006.7823254938976
-1018.2305872832105
-1079.9328805717505
-1122.9696069099534
-1056.548291416795
-1069.9373835330837
-1042.9941693874591
-1118.522729506515
-1053.5155180810202
-1091.4923415206408
-1063.466497842135
-1049.5451995777971
-1068.7967556653448
-1068.373832057899
-1058.9880955745357
-1041.0339592767994
-1076.8297288921517
-1099.9860098843283
-1038.8777759534094
-1117.003946510279
-996.7420346255593
-1077.9126215294493
-1029.782966685407
-1083.6408426257926
-1065.0983240817075
-1033.2797557490533
-999.613174080289
-1018.839250770533
-1074.5330756460557
-1037.1461713549118
-1065.7465317730612
-1070.6174933966336
-1023.8175440327102
-1045.819488632847
-1012.1800660684075
-1050.2689591886851
-1024.4149037392485
-1100.468231165353
-1080.503458981223
-1035.6155777145439
-1102.496669196187
-1036.5719823591025
-1021.3043513947249
-1061.3495560856493
-1043.172662936466
-1115.6655206635523
-1031.2599753617121
-1081.0308417378458
-1024.1985860385805
-1069.1211731959957
-1042.4269422589334
-1095.328382733842
-1089.4175607743957
-1075.0266227140114
-1055.4183716662053
-989.2874208257791
-1110.6875189839395
-1061.6159938042153
-1062.3817919520704
-1055.494273226026
-1047.186793698951
-1059.767424399864
-1074.6649022259062
-1045.3449522855697
-1082.1547699064156
-1053.5257578746814
-1105.0428343311721
-1060.0349030472303
-1073.8685583732497
-1073.7933310208746
-1100.495634813264
-1032.080341607752
-1057.6436573977762
-986.7528698433173
-1035.1999746589033
-1059.689974108772
-1044.487016496524
-1114.1577955613113
-1018.9442453518719
-1077.5298503822005
-1053.3445904154173
-981.9368324817067
-1046.5062886985816
-1098.979498993063
-1024.811778802827
-1044.5285918902903
-1063.8155654584857
-1091.3256136218147
-1050.4186034224963
-1006.8451182405713
-1096.2943013867302
-1061.26849979526
-1014.1298593870351
-1010.0110357132316
-1040.5170900250826
-1033.4082602200933
-1036.9361196213486
-1086.7897011483778
-1064.6572641363725
-1052.6158911387126
-1135.5606057520763
-1136.9245986222102
-1087.592976059712
-1037.7372730684951
-1068.6035755139562
-1079.2958320295306
-1068.2210430360176
-1045.108427343234
-1073.449999509283
-1051.6644281736562
-1064.926371435604
-1068.3280141946855
-1088.148480983967
-1070.45244790019
-1092.8917547593094
-1070.3285022431137
-1090.1094154751916
-1046.8842271258573
-1043.9773232186903
-1069.0670133767553
-1124.1494706561307
-1065.4106818185726
-1029.9686702674544
-1029.1928329467773
-1099.5386021931965
-1027.7087735010425
-1016.4418297306472
-1099.1776287779562
-1027.7735515357183
-1014.5233408520479
-956.996870748314
-1070.8940575022093
-1071.3372946815311
-1032.6266916480981
-1072.049261370735
-968.5622825387499
-1054.1486067973392
-1020.0250491021385
-1006.0605047700551
-1042.3813953668298
-1056.628663631672
-1034.746008537185
-915.0833191580616
-926.3394406278369
-942.6151192356164
-970.7527496266254
