836.1284578121409
767.7241745713178
687.99959815979
601.9288063363468
610.8206003660314
586.027526478487
581.1326693142162
587.6509570447137
573.6941192716711
584.2774211928423
567.8493048679128
589.5360556030273
566.057580651676
599.9242627042883
591.1117299562342
581.4866663719627
572.7096344263414
524.4558808539896
524.0007342215146
519.6709767420151
517.3645006292006
508.92455281425924
504.8772009232465
494.74145590838265
520.463279872221
496.71999557943906
484.211324413524
486.48571922751034
475.74965500775505
480.46865960962634
485.37352391860065
462.2630561918371
464.4318191573199
471.13719728582043
472.47240070118625
478.1968459409826
488.2359142303467
464.75130778144387
452.54205654593073
490.3539252157772
455.8954704239789
479.1064646058924
483.31956961239086
472.97502337287455
479.3095926531623
463.2778024112477
470.67481366774615
481.6433782779469
466.5383120278751
467.10209411172303
461.4781907564051
447.5902271270752
440.45420726327336
444.4274576837876
427.62258914723117
434.61139332715203
426.82317358129166
421.7666591644287
416.13432657802804
416.9593079892327
419.54805869158577
431.6801802848367
403.09859217026656
406.921015586853
410.19431390201345
400.84559835546156
404.17984537236833
404.1380540668263
398.858864216524
399.08720649719237
375.8589793844784
383.89148826374725
379.20583979438334
387.08303369858686
385.9271433460011
376.70859073638917
392.38553714303407
382.8084934032665
383.0863489846622
382.1481477759866
379.04362884521487
378.00804031596465
385.4317206281774
379.1095821268418
388.2392663417143
376.57402157951805
370.8704796959372
359.6344462271298
370.34312433354995
365.2916137493358
339.3078099419089
373.155983913646
345.7893468587539
342.29903159646426
362.56499168171604
349.6936437853645
338.9017725349875
344.110910355063
343.7367681099387
342.842748002445
338.54085122501147
325.8490205091589
332.59133837082805
350.8654028006161
330.6168968290441
333.17598655251896
328.5875619798548
331.31844839208264
332.74141891255096
349.6604841613769
336.60332773993997
335.9460565365062
337.4359951131484
332.0098647330789
327.5765671584185
325.6093351005105
319.9666022603652
318.97894770453956
342.8464921996173
325.48914366329416
331.61958094204175
306.1877879266178
321.95844711079314
318.5888777766508
322.2762116578046
313.9925903971055
314.20330393847297
304.4603513717651
310.26661890815285
302.82001553479364
309.31718476463766
300.5499682190839
293.8383020558077
289.7973084124397
284.4177251232372
288.4553849657844
292.24427206600416
292.36007617277255
292.70811825471765
285.50812089134666
297.7581621080286
285.2281923585779
284.2688469090181
279.15822396446674
281.2944055736766
271.38130848155305
259.44801971772137
289.87371727887324
259.6611016262279
281.83994997585523
284.2356072616577
276.8794147267061
276.00530503777895
278.4454735251034
265.09767387838923
274.6877304054709
275.2864495389602
283.66140584272495
270.01027294607724
270.55321145562567
260.5956646593879
262.3942030356912
280.95116297329173
279.62090945748724
270.15409289752733
269.52578417385325
267.7736344124289
267.0735874804328
263.5883772692961
258.03646711798274
274.92179188223446
278.581390543545
266.1071166633157
250.87232525993795
257.59749404009654
260.96790894115674
255.3134756043378
261.1969581121557
255.15589531393613
248.3831228648915
251.39761629216812
260.4672681382123
263.2109910516178
255.91172024895164
250.779030158099
256.1238021110086
254.00072342031143
247.61946665483362
246.0740797401877
253.362467027552
258.2047420344633
244.71206698024974
258.26428873398726
265.50299100988053
246.93015483295216
247.76159531088436
253.4691210084803
246.83946843315573
240.60316178714527
255.23660745957318
