0.2550941449574413
0.24876556857542928
0.2494486104984561
0.2499173310798398
0.24695088249382807
0.24833418759610457
0.24871171967020023
0.2423753073732888
0.24877567429281486
0.24683960540738034
0.2516575806689259
0.24433775562559554
0.25344979448032884
0.27790642114161795
0.33166127893583025
0.38562307353588726
0.4241087835354649
0.46163715678727224
0.47151828592537864
0.4763293943870015
0.4861917003305178
0.4952100221075903
0.518896154272415
0.5151249451994739
0.5263389905223717
0.5314292015880018
0.526511115193827
0.5438492577647799
0.5542597278761874
0.5601346899934119
0.5595626811461276
0.55487331237285
0.5774030850789678
0.5765132373942656
0.5917932124866713
0.5886712157898598
0.6165053861603067
0.6198216710086963
0.6188873852456018
0.6289238902962881
0.64473199144732
0.6287792929477571
0.6264622831787011
0.6505957634598412
0.6458418452624151
0.6244928070822575
0.6250366568914956
0.6625426777781857
0.634263820470717
0.6673044374126131
0.6686449424948393
0.6957534955981357
0.6836816720257235
0.6876455180442375
0.7011221806599756
0.6659030446349394
0.6970163477750898
0.6724030152601581
0.707882649281375
0.6849476199228083
0.6907581627006087
0.6870745809851424
0.7076559266922849
0.7036777712264151
0.7055612922259921
0.728792524456125
0.7098209361326617
0.6951417004048583
0.7084391446763093
0.6728147848770989
0.6916056379494351
0.7217217956290608
0.721841620626151
0.6897234651213966
0.7179609687970891
0.6981614825103256
0.7136338747946706
0.7396800825593395
0.7281767955801105
0.7192589875275128
0.7308005628378879
0.6587897526501767
0.7336753389519971
0.7288179433174444
0.6804394466227713
0.7537165145716809
0.7107837748708365
0.7440623499427473
0.7450272579932223
0.7413144500995795
0.7028759846125664
0.7541073988311832
0.7437163867852047
0.7221117738016346
0.7564354991613798
0.7416369845408145
0.7357213061046194
0.7087185531695458
0.7249648954253196
0.755259878308042
0.7669018976927858
0.7584375345800598
0.7521806623299823
0.6501434139883798
0.7054930509596293
0.7601680979353188
0.7493061641834649
0.7458442694663167
0.7347081055296665
0.7109478324761205
0.7779118668860852
0.7669330010262425
0.7519445259759319
0.7522823424627032
0.7479773018488011
0.7634974595167598
0.7519822976212428
0.7630397998970058
0.7801003038400995
0.7400915196693483
