1.0, 1.0, 33.75 
1.0, 1.0, 33.75 
1.0, 1.0, 33.75 
1.0, 1.0, 33.75 
1.0, 1.0, 33.75 
1.0, 1.0, 33.75 
1.0, 1.0, 33.75 
1.0, 1.0, 33.75 
1.0, 1.0, 33.75 
1.0, 1.0, 33.75 
1.0, 1.0, 33.75 
1.0, 1.0, 33.75 
1.0, 1.0, 33.75 
1.0, 1.0, 33.75 
1.0, 1.0, 33.75 
1.0, 1.0, 33.75 
1.0, 1.0, 33.75 
1.0, 1.0, 33.75 
1.0, 1.0, 33.75 
1.0, 1.0, 33.75 
1.0, 1.0, 33.75 
1.0, 1.0, 33.75 
1.0, 1.0, 33.75 
1.0, 1.0, 33.75 
1.0, 1.0, 33.75 
1.0, 1.0, 33.75 
1.0, 1.0, 33.75 
1.0, 1.0, 33.75 
1.0, 1.0, 33.75 
1.0, 1.0, 33.75 
1.0, 1.0, 33.75 
1.0, 1.0, 33.75 
1.0, 1.0, 33.75 
1.0, 1.0, 33.75 
1.0, 1.0, 33.75 
1.0, 1.0, 33.75 
1.0, 1.0, 33.75 
1.0, 1.0, 33.75 
1.0, 1.0, 33.75 
1.0, 1.0, 33.75 
1.0, 1.0, 33.75 
1.0, 1.0, 33.75 
1.0, 1.0, 33.75 
1.0, 1.0, 33.75 
1.0, 1.0, 33.75 
1.0, 1.0, 33.75 
1.0, 1.0, 33.75 
1.0, 1.0, 33.75 
1.0, 1.0, 33.75 
1.0, 1.0, 33.75 
0.06934821529522, 2.7666383840597066, 5.535452271771214 
0.07715204747420736, 2.7586477528349946, 5.541756739564422 
0.07884862021485417, 2.760894327598848, 5.408675511287536 
0.06070635045721081, 2.7966278827981412, 4.814969627631892 
0.09056128977844517, 2.747211587128015, 5.475165404406972 
0.08769951894447857, 2.762921594234934, 5.041537430194812 
0.08366562577869033, 2.7189183112610147, 6.662792124909944 
0.08984085849963282, 2.7149350709498026, 6.588812381081568 
0.07616657644388203, 2.778974091080003, 4.889002471068875 
0.09598322483342916, 2.6940315712979066, 7.087000630567424 
0.08260724407878739, 2.714573755586775, 6.84514126128726 
0.06912225617319144, 2.7723218296480208, 5.351262103534082 
0.07255701125385228, 2.73242254895499, 6.581939842951566 
0.09992129461162473, 2.7055662615802505, 6.564794978524215 
0.08188521021366399, 2.678585994903139, 8.084096827307903 
0.07909081231320149, 2.7169465391757504, 6.883739387247874 
0.07266035790244862, 2.7439708136799794, 6.188697959093046 
0.06922533630435225, 2.7384890752482733, 6.489638610098896 
0.08551521071583702, 2.7209759872425052, 6.5309220689059515 
0.051504218795253846, 2.7734590971459347, 5.907488086984878 
0.08944143330309949, 2.696761462423611, 7.215652269223518 
0.09715296022640323, 2.681802671770512, 7.460247420104115 
0.07900473408180529, 2.678532549833156, 8.183116667870049 
0.09354733349468365, 2.6116818533463424, 9.948514944115393 
0.07689857979049232, 2.690584521784534, 7.84744532184285 
0.08923162123909946, 2.71194823026914, 6.710180011596921 
0.09552710015683684, 2.6525803984675753, 8.501371921426093 
0.06711279933400152, 2.6995516242220345, 7.875075704983795 
0.07994033205303747, 2.6671689632000644, 8.53506128520781 
0.08458801214666228, 2.6801168798188706, 7.941209896163267 
0.08398642730463429, 2.732197726573427, 6.203784806615421 
0.07488616054450907, 2.7307809321520566, 6.558735621490889 
0.05145721168268876, 2.74348248064797, 6.920785383840265 
0.08511284026511907, 2.642478274639606, 9.193799871965549 
0.05830704389197289, 2.7377252012724265, 6.883911725701519 
0.0683623686667602, 2.7030441940599874, 7.715028507972276 
0.07420361242722695, 2.7114372390721146, 7.234621261897226 
0.05102116391911074, 2.76477890659114, 6.2167476202790235 
0.043357546521168085, 2.7235781189442503, 7.865921290542138 
0.08471572519600636, 2.703943483149977, 7.132751718323076 
0.06508374424644507, 2.6768156847479703, 8.710894271438493 
0.06002070597546805, 2.7393429025755496, 6.771478211403143 
0.033338281066890914, 2.7531825862301673, 7.204920728724282 
0.0838706476336565, 2.7026046770550773, 7.206457791755233 
0.038641642811691856, 2.785881341904861, 5.922349265816334 
0.04691283014728965, 2.7599537217456165, 6.51825387361442 
0.04679647683940207, 2.7556330690479642, 6.668002826301395 
0.042504502613251186, 2.79756925890434, 5.3975105487813115 
0.051492607717509596, 2.7591016866125444, 6.3924425663606685 
0.03900709879452956, 2.78532135756038, 5.928914598021803 
