0.06
0.11
0.09
0.04
0.1
0.11
0.14
0.08
0.08
0.13
0.13
0.12
0.07
0.12
0.11
0.07
0.08
0.12
0.1
0.11
0.07
0.11
0.09
0.1
0.07
0.07
0.12
0.12
0.08
0.11
0.14
0.15
0.11
0.07
0.08
0.08
0.1
0.07
0.07
0.09
0.05
0.1
0.12
0.09
0.1
0.1
0.07
0.08
0.11
0.05
0.09
0.06
0.07
0.12
0.06
0.08
0.1
0.11
0.07
0.11
0.1
0.14
0.08
0.11
0.11
0.11
0.1
0.11
0.08
0.13
0.09
0.08
0.14
0.08
0.08
0.09
0.11
0.1
0.09
0.11
0.11
0.1
0.11
0.09
0.1
0.11
0.1
0.08
0.06
0.09
0.08
0.15
0.15
0.18
0.08
0.13
0.1
0.11
0.12
0.14
0.17
0.22
0.14
0.18
0.11
0.23
0.17
0.2
0.25
0.27
0.21
0.16
0.22
0.2
0.21
0.24
0.24
0.26
0.26
0.28
0.22
0.29
0.23
0.31
0.26
0.23
0.3
0.22
0.26
0.31
0.28
0.31
0.25
0.3
0.27
0.23
0.21
0.32
0.3
0.28
0.28
0.34
0.29
0.31
0.3
0.37
0.29
0.39
0.32
0.37
0.32
0.38
0.27
0.27
0.33
0.25
0.37
0.28
0.32
0.39
0.36
0.29
0.33
0.36
0.37
0.38
0.36
0.33
0.29
0.35
0.35
0.39
0.38
0.35
0.37
0.29
0.33
0.32
0.4
0.35
0.37
0.37
0.39
0.33
0.4
0.35
0.4
0.42
0.47
0.39
0.33
0.35
0.4
0.36
0.46
0.42
0.32
0.37
0.39
0.38
