-492.6129198859653
-895.665546507632
-1030.642793519802
-1196.7235866745502
-1269.7729713476099
-1334.9785671143736
-1445.7594929193433
-1561.7342773726766
-1570.5069938768142
-1605.5750205957495
-1658.7299131420552
-1662.3709745000324
-1696.600526565624
-1707.660917670806
-1723.5604796206217
-1728.0011089017605
-1741.7669684966029
-1742.305477268888
-1765.9885728302725
-1797.0569559974128
-1754.6801296433002
-1789.0163146104858
-1764.7532851232736
-1816.0971530715435
-1820.1856165881406
-1821.1573649401914
-1805.4650180328513
-1819.3077501776095
-1826.4573252167181
-1804.7328531708197
-1823.0242180846878
-1823.5208159532592
-1822.1499583890652
-1823.7732157051846
-1817.0841562352475
-1831.9595833005499
-1842.3475064101378
-1818.9448384651075
-1826.4204643936519
-1876.8784690965408
-1851.7259920671652
-1881.4038755588622
-1887.804616123579
-1887.587737458577
-1850.4070311632202
-1876.605668632905
-1900.4591982149964
-1897.0633973758931
-1873.1653613049837
-1889.7344584532823
-1905.1733791839456
-1891.7543474531851
-1874.8900856632756
-1903.945274461502
-1889.0216265493095
-1919.413251542367
-1891.9704377233134
-1910.5285011038395
-1966.873034725822
-1951.258386910244
-1930.0619611694915
-1936.5718073551125
-1938.6590965958003
-1938.4783069194775
-1951.131370074376
-1937.0758122448672
-1969.456229187301
-2002.8918705076967
-1968.8596346163636
-1953.1109181625584
-1970.6064457463992
-1989.273430485296
-2015.942358658777
-2006.8284293079828
-1956.711445216319
-1970.7557234922292
-1989.6750979310527
-1991.7047461921004
-2033.4792100806937
-2004.4069334635803
-2011.2193614363105
-2002.5245374345102
-2051.513939880082
-2015.0593458419728
-1991.731845873792
-2023.3496918158507
-1983.0708025891633
-2017.320838819748
-1992.3603591557362
-2030.368183371015
-2020.6814347398224
-2022.2418639558186
-2030.849740701829
-1990.673694267092
-2054.9039468629667
-2051.3250629732393
-2034.6167714629694
-2010.405073048379
-2035.4561420458754
-2063.2450670721405
-2036.236856758877
-2032.1218170599914
-2011.253815275798
-2010.6811724839051
-2035.3915677183613
-1986.9233261036081
-2029.7416381835938
-2087.45133408099
-2041.9977025036562
-2047.0034135574413
-2056.0443572998047
-2029.0506243954337
-2056.414410848753
-2069.2099521148825
-2033.777712058117
-2048.937711453551
-2053.6006565907555
-2035.7454399361995
-2034.1734451366262
-2031.0964333050624
-2039.9183095778335
-2047.1650106421014
-2065.8715808018687
-2058.8530819427347
-2047.4361121733607
-2077.197130899294
-2055.142317279255
-2058.4895097633107
-2032.5495267027363
-2083.0602810394143
-2044.8856504178161
-2094.1047920841743
-2048.9421777228044
-2055.335050537688
-2076.6154950761115
-2024.7390653781981
-2031.050687455453
-2046.1180716419672
-2078.910512553572
-2038.6398923611755
-2090.1640401541904
-2030.1235260443664
-2072.4366549089623
-2062.0323372791163
-2056.5623988291663
-2061.948735675541
-2059.2609571122443
-2073.203644883576
-2082.877022259608
-2085.875777764343
-2052.2103244004093
-2046.3360219657138
-2041.590941515014
-2076.9550446424437
-2065.319803463904
-2098.2275580094324
-2067.4344913428426
-2082.723712288373
-2102.5094439610484
-2089.2653332750942
-2040.5830183707142
-2092.7245485567933
-2055.634654402168
-2067.5644186300124
-2087.9597851360013
-2086.9438561896013
-2106.7629646192795
-2093.6961309785524
-2080.0929868435974
-2086.9211383114493
-2088.6287192394384
-2101.8605753821785
-2096.8873086359827
-2077.426126127559
-2083.741514450001
-2087.153581809094
-2099.113027925175
-2091.700956082457
-2087.1026000253396
-2085.0943145751953
-2066.197618023479
-2096.491640497723
-2081.777715384678
-2027.017657727427
-2088.202963878758
-2121.166410545602
-2094.192846072229
-2057.548754796033
-2090.057358511251
-2074.6415500008097
-2082.428941482616
-2078.232381667006
-2084.7965059687176
-2087.987155715436
-2104.4922233690017
-2065.0009273872556
-2092.871905647748
-2082.6133768524605
-2038.1709571946853
-2077.8906478520253
-2073.3110488240754
-2101.7878095437
-2054.7942683504657
-2082.4398634490244
-2087.5800293113384
-2090.7702433509285
-2084.7205915405852
-2085.3804741448134
-2090.110537343681
-2089.157720339807
-2110.932584645059
-2092.6565957453577
-2095.0787592883357
-2074.92020390949
-2089.616048080661
-2041.2150804329822
-2071.320107265671
-2112.5616716863983
-2096.5039567992585
-2096.0580916562917
-2086.6793844213985
-2105.9424558522014
-2093.734600121376
-2111.3397084457615
-2088.5173842443673
-2080.770285945368
-2083.5028100036334
-2103.5231501140865
-2116.510580343093
-2093.6274850854375
-2126.170444217338
-2068.7984770282187
-2109.063029935575
-2123.023700442924
-2099.6190024281
-2109.490931723355
-2118.03528714293
-2104.8414025329303
-2069.1630871668813
-2081.886794754679
-2133.52492259238
-2081.522203707582
-2072.8775401183216
-2096.2894180080903
-2103.5238532477647
-2088.071755504156
-2117.82449890426
-2078.6951832703503
-2117.9651539879387
-2088.8229106884996
-2116.442208168066
-2103.548696002689
-2095.6204657532026
-2091.294315790113
-2120.4762899389766
-2053.018745024622
-2109.852552585692
-2103.10976391833
-2100.2313583157074
-2110.0787690510683
-2100.1198979237633
-2118.7918329464883
-2106.888424480131
-2079.7556231168774
-2088.5904257534803
-2091.164194911577
-2082.864131764778
-2107.4216440209843
-2109.7604535722053
-2106.1373021274944
-2112.29691007352
-2109.369480729668
-2074.8173917797503
-2123.453603590834
-2086.269856258591
-2129.234062158666
-2118.6244895175737
-2091.7862223403713
-2076.4305094497463
-2095.541668498686
-2101.318131216329
-2102.2803767416713
-2076.3060027931538
-2113.01109039162
-2104.0322350235347
-2097.455250744571
-2114.998815744409
-2132.5772650117556
-2090.756076758507
-2111.2471642516803
-2108.6454652903767
-2104.5160035047484
-2100.7533608386866
-2121.3954181399954
-2102.174669961794
-2091.550174224998
-2120.944310699029
-2084.638121907745
-2083.920485076181
-2123.0411166512004
-2110.556278391472
-2129.3251227790147
-2060.4854603717677
-2103.6521845813045
-2112.7398745279174
-2089.708803511344
-2093.913938477141
-2072.889190673828
-2099.6153857335094
-2134.2070977088965
-2101.1215989533193
-2124.7533952613576
-2102.864343362962
-2098.7340077675913
-2082.9335137679113
-2099.5211758003416
-2123.622206339904
-2072.3892916277123
-2115.33382404924
-2129.2676310607044
-2106.116846165951
-2093.4812785505683
-2109.356265678225
-2141.280046291261
-2119.5115838796605
-2085.6007316553196
-2104.638253379207
-2103.2227752107015
-2103.4933521578096
-2102.3520880965825
-2127.005162677494
-2081.5170369803623
-2125.132485773891
-2118.651290387339
-2123.8071214576466
-2115.6751723447683
-2106.5787113424726
-2130.622226733167
-2123.234405589895
-2103.571677619247
-2112.958034641935
-2113.7576174623027
-2118.6031760265478
-2085.4249094741604
-2098.8219991385654
-2091.173048335794
-2105.179713967852
-2118.509247549337
-2099.8564346819694
-2091.0955726659695
-2093.584434473119
-2136.7867074396936
-2138.345953918746
-2123.4027280400715
-2113.0049447154547
-2123.031358619437
-2112.937206467181
-2114.403247995964
-2083.150463953967
-2119.14831224776
-2116.019045355196
-2052.337791840612
-2138.9450715413027
-2110.9910336173543
-2121.80318758273
-2113.592376781301
-2101.8926618675487
-2133.579889451158
-2111.922840208804
-2123.635320437463
-2131.0590224424245
-2104.624805540835
-2121.9765536773825
-2116.652687181229
-2102.7592517436965
-2129.9036768330216
-2109.6401474215972
-2124.585932003943
-2131.1320451492384
-2129.367070057946
-2115.027755231089
-2105.809668952255
-2092.875367801901
-2119.8625205523595
-2125.0683671128695
-2088.575943137797
-2112.318233038012
-2123.218775021521
-2122.961965334924
-2116.8050265922366
-2134.197700175064
-2079.7144340768245
-2117.4694216036683
-2107.5195682760664
-2108.548142636557
-2164.3794575189527
-2123.1859121458224
-2105.885680646128
-2112.981823889565
-2096.887927593213
