-88.8662338737294
-316.38847040907245
-341.3553788661957
-409.05914730892005
-450.49000299756773
-452.03146145722576
-505.9793431825727
-505.5527566481974
-500.11702062927674
-523.6578741340994
-550.7076819856591
-589.8864154815674
-558.109547802221
-619.5309284290421
-591.1154594064873
-620.4157785210654
-601.6097398105069
-686.5313794824565
-586.5387560184871
-655.9694909603796
-667.2817136639746
-693.4150364956009
-707.897536879388
-689.4721056501442
-685.9525304776486
-738.4016071212626
-731.7788095028601
-717.6756142856918
-718.3233409774638
-732.1814884292745
-746.169625148595
-694.7299724828417
-719.0772640114633
-759.6888862859423
-778.9531350002111
-758.1730570124688
-775.0436275339572
-752.8425620538052
-762.3304631776899
-780.6330793505517
-759.3528630978593
-760.9017995852176
-788.8396581623042
-756.889931215304
-767.5875199554123
-817.3714718640408
-725.102989954369
-793.1158541028744
-754.758768409212
-797.1039004816073
-851.5616740289136
-732.3278225381798
-798.4827663742493
-789.3674559147559
-765.6526980890292
-807.4904506719001
-795.7447060023513
-814.451355036174
-770.6238929891141
-827.7445744665984
-829.6196973925439
-814.8799070732616
-833.1468690890018
-876.1162375289703
-849.3062326863547
-811.3062754657781
-818.60263555295
-840.9838676786868
-820.8856087622241
-852.4492317003625
-811.9250744169003
-820.7080471894451
-850.3486435970414
-852.7518477484444
-810.9960155219675
-835.8363055291577
-820.2929732732683
-859.1457679962443
-861.1621621390369
-860.310930091644
-864.0566228527889
-933.5216679082853
-837.925747946044
-860.5325016618889
-842.6868762769432
-837.8790102495211
-911.5756366765388
-820.9491417385707
-863.5529213308174
-825.4079683250355
-912.2419876383843
-915.6072066164462
-888.1596210515388
-854.6888337358137
-845.659574793878
-878.4411678670723
-852.8937818781237
-853.1652342894367
-837.5564929525428
-831.8333461797126
-889.6440172284563
-885.6835622341833
-939.4829360034978
-910.7512791713822
-905.1201114832797
-904.0408478496231
-870.3859503202349
-932.6587174495804
-880.3273063017944
-885.4636457211503
-960.5711749067931
-870.1601830509221
-920.2939607495459
-879.3536144194202
-901.0946841507315
-867.8438681843124
-834.0113937074893
-901.1106618720794
-880.7325148894408
-877.4032264691647
-917.6154233985973
-902.7992775284241
-898.1447297925147
-886.0362356667207
-851.5953912534446
-916.8357544123569
-892.9882410887246
-883.9841656551183
-905.372097692757
-897.3811026020585
-856.960414636915
-915.2926761858931
-893.707427782433
-883.4329140565105
-866.3862992491678
-899.9590501250508
-921.080380341717
-920.8319948855961
-917.1918628728279
-881.8299137365038
-898.5838204677974
-899.3664303360698
-870.1829825962815
-850.3687663479386
-908.1456326101428
-885.2291559950213
-868.0109891802351
-930.0430118703397
-878.4517332772228
-832.7764838744547
-862.7063733417297
-822.5928090977892
-873.036777402753
-925.6275310070715
-902.1897852888732
-894.401306366252
-835.5336915989902
-843.1689980408855
-859.1369198237625
-870.3046867245826
-842.4983647248455
-868.3152350666367
-850.5366277962088
-870.3063479806775
-891.4138697953982
-927.7804380755558
-943.4438326470206
-898.2491095712252
-917.0308751970808
-909.6837752511568
-920.84853929894
-936.3888480641017
-875.1130231340355
-890.9048857109569
-896.6822312613514
-854.2185476071367
-916.4572428386903
-909.0090115872499
-904.6596962492042
-920.1044510279861
-883.0856622535491
-923.1206830461449
-868.9719408939932
-891.5054395354797
-895.1914138793945
-954.0647330774325
-870.7204947961825
-893.7633673409435
-912.0378469841503
-911.8986710566227
-871.8585659878277
-900.0000089574083
-898.9265376919898
-940.7750196724295
-939.6704210655712
-942.3910570768552
-892.5978192124411
-913.9117098300256
-937.384853256083
-893.094040095249
-907.4965915078315
-926.2918550010039
-864.7603175974338
-943.6093152482933
-905.7364137774316
-941.4753722431503
-895.1768640714271
-955.7338533490617
-911.0478905160851
-921.3147123105058
-972.3965308554818
-955.3609254961816
-965.5262847347794
-932.1471373210444
-935.4906960603232
-934.3644011310328
-879.5749095711752
-924.4706478386282
-916.5578557665103
-964.2103439513768
-945.4947457714616
-960.5272515198894
-890.1378749107646
-979.432322426377
-913.2706267811427
-922.0177793591936
-914.011367665273
-891.1056037951853
-934.3341871243771
-949.0874180125298
-959.4112014413994
-913.4654093234338
-931.9330027303963
-926.3161153726488
-937.4653937972595
-947.724410279889
-962.5400618972066
-945.9727237737068
-1005.5997591464319
-919.1527313562198
-970.6774855996961
-938.3365215764982
-949.7697206657624
-934.6948155376399
-978.9123842292857
-939.8311887277621
-996.435763635368
-929.1901874720493
-960.0431137084961
-957.7653378994665
-938.0205251078739
-991.4812388197283
-946.4789381383736
-971.092361236287
-1003.7554056042823
-967.2403839949136
-955.0020497781094
-938.6963230026103
-943.7008854518427
-971.1366061540408
-948.5625932261208
-987.9222914303574
-937.2957044583615
-933.5430986101383
-958.4322849701498
-978.2300838443721
-982.7400151457742
-995.4154274129422
-929.8156995840162
-949.7578245858166
-939.5334806709647
-943.51984215674
-953.5487496919721
-973.7960337255603
-974.237014128783
-955.4738735038543
-977.7486827885994
-981.7102604803638
-973.6799285400693
-960.7709829027408
-938.5574906964168
-936.3205055700284
-979.7020088980131
-989.5073150563463
-955.3274218122535
-948.1459281199446
-996.0792817802072
-943.9775432515368
-959.5066898648984
-1008.0911359876116
-955.1227116451086
-965.9782157077967
-951.6050896109822
-982.8804579405027
-967.9462571901696
-985.1636714823892
-986.6597301135554
-991.4123984363591
-1020.8646124010888
-970.4740886331718
-939.9105497698918
-1002.4501137064996
-911.2323393420638
-983.5560059948502
-941.7305792870923
-1000.2979057882434
-992.8267217618283
-990.7654709147515
-1010.169374483768
-976.6350068422122
-1004.1564295225054
-999.2415965427862
-1004.9092314889498
-964.2189765466708
-991.2335118267024
-980.8014012630855
-1043.6493942403347
-992.9282697160668
-944.2826045027404
-996.7342363161462
-972.6856618150373
-1070.0489859179916
-991.7328344327267
-997.7047182956588
-948.7867109708696
-966.701662669672
-989.9746852500416
-953.6678107787516
-1001.5276283549371
-984.0582255247598
-1006.3993733129769
-1025.9865248136432
-958.8664725472994
-987.9590769170601
-989.1542751633118
-947.393455166683
-978.7478166384118
-1018.282670315181
-1022.1402394838423
-982.3371269012166
-960.6585962549548
-985.8641808055272
-1012.6925712478495
-975.8593833858722
-999.382649189958
-1005.7777797128552
-1000.0142928595855
-965.8949337540386
-940.2950592219272
-979.8421498236255
-995.3380834632945
-993.3286148677363
-950.353006309438
-980.0006745596912
-981.3876309617658
-1020.6270520486564
-998.0632861306734
-1020.1012235088883
-1012.3039907295013
-958.3947870842765
-1026.9969140168662
-986.879824662877
-929.8405603515768
-945.3212894190137
-979.576734863709
-924.5910502995285
-958.568693089708
-979.7638895623038
-978.1794217724666
-975.222044467926
-1025.2445868019745
-942.8844629448151
-940.8884833661195
-988.9839921755212
-1007.410461497084
-972.9785477825415
-978.3402842227543
-981.920080559276
-1008.7743858979127
-958.7011644238623
-968.2804611241706
-996.4416637955425
-1033.5499277203996
-950.5651664778451
-952.5316092589192
-1046.6035082808164
-985.7697231925537
-942.4668301733855
-968.9976329981723
-969.6461992397486
-970.9679784596524
-1047.5110052233545
-1011.5715010099321
-1020.3336458117049
-1023.7308794538551
-975.019082069397
-970.7460584551375
-1023.7729519817317
-988.5277190943744
-1005.5712246672015
-991.800696934495
-1024.2400509130175
-1029.0585747834677
-1006.0517711461148
-1015.1110595587259
-948.5342948904662
-1016.149509180372
-963.8402082140201
-1019.1725944447741
-1048.583800378247
-971.42634902045
-1006.4696882907475
-1034.1855322757615
-1053.8944900637475
-977.9978239558568
-1020.3891454322315
-950.998183205863
-1061.6606509663234
-977.9461597906095
-1048.9576493423676
-1033.0331208951006
-988.445728081409
-1014.8289571744259
-990.982617601056
-984.9003715515137
-1034.8596192832306
-1039.2909148029078
-1028.2793565197526
-1041.0678738745573
-979.7133198319194
-1057.038024652784
-1059.4660033110147
-958.2259767300615
-983.7783195370826
-996.7341101815767
-996.7484810374608
-1036.2478620760908
-995.6403927312833
-1022.342662026949
-971.4533108506247
-1046.8002397055939
-831.8704087979326
-965.3982152571187
-970.1545630660013
-995.713026670652
-1005.9631793654968
-960.491577375715
-966.3826437263846
-1014.8659824121778
-938.6421371887777
-1047.1078876245801
-1042.3556818338197
-986.0712131250684
-974.5014351862613
-961.7161102651436
-1007.9482925272433
-1007.4009552714981
-1021.2154315765773
-1006.4968146921318
-1021.0480705599919
-985.9714248336364
-1014.9286838781054
-1049.4847842064974
-995.834187873056
-913.5701292519258
-1075.6455599348121
-999.8813579951492
-980.1245264305132
-983.0282002386646
-1043.4417321748822
-1002.6924101169978
-1073.650569360947
-1018.2784405467667
-1018.0771309616409
-1034.9292017856492
-1008.4416694017215
-1029.0188014663267
-1016.9824468309635
-992.5131018674263
-963.4563020902259
-964.5260540971132
-1055.940640957556
-977.6312871023873
-953.8747989797147
-1006.0509981128657
-1039.8576363893312
-994.7122651037769
-985.1090533176315
-955.420854310009
-1032.8211566532884
-1038.5750368421322
-1014.9469248691452
-1013.4753382049988
-1012.4230976282993
-967.560132106888
-1025.383634549435
-1009.4769434706072
-966.9005898092395
-986.8759185643954
-1035.9767273876155
-972.5011811300973
-1003.8756378565994
-1044.4491434632062
-1007.2024983201071
-987.5348484003655
-968.9293179734846
-1011.9720760595019
-1005.9833784549036
-1046.0262960273528
-1019.4540005710637
-1002.8498190763955
-975.2050553081192
-1015.1874382429033
-994.9357563981386
-1039.0792283031428
-995.1988341340394
-1001.3232617244543
-949.2406668261947
-1009.7722505676412
-963.0153237191316
-975.5795462064654
-979.387676738133
-972.4497012200757
-1002.9911432444492
-988.6394918566552
-975.7611340451464
-992.9205475120901
-1011.7391589512334
-1010.6332691228279
-1001.093543186366
-994.0911415848776
-988.9920480930916
-1038.4395616477896
-1032.7116311331777
-1001.1468008166162
-974.4888066799841
-988.4745150771097
-957.4352419844298
-991.1507663192036
-1002.9234979576039
-1044.15068981135
-1028.3120403824566
-988.6208113019711
-1043.3778985192841
-1000.3991848598017
-1048.3310910875553
-1007.7396630126739
-982.8942670109116
-975.7295402455553
-1059.3362890938731
-973.4284890700724
-1002.349636755257
-979.3818401800138
-1008.9769902273873
-1000.4586619773758
-987.1906705749369
-893.0429820592436
-976.4041573355131
-985.5450169037435
-1043.4680714117032
-978.7558540629449
-1030.080369254139
-944.299916098051
-1039.4296679630459
-1010.9880736163843
-1020.7188395919087
-1033.2148539552065
-1064.573893894659
-1052.1339055711978
-1022.1060204583907
-994.3484926669397
-999.6461219609341
-1011.9669431169457
-1004.8928643877261
-955.9409314627959
-973.9859514503836
-978.9141894188997
-997.4553512145426
-1017.3973169059396
-1029.4104828522584
-995.5086105738845
-999.5380193407291
-996.6887266925562
-969.4236239495679
-1003.2418267972001
-999.340737601307
-1079.5947812517113
-1005.6965570182443
-1022.3968457730017
-1017.3447211167522
-956.6523514852346
-980.0793240805652
-1049.8108940659283
-1029.6283134389146
-976.0605963011768
-985.4385461896379
-1006.6468888755156
-1005.1469507306535
-973.341132021396
-995.2690931213236
-1010.1141323909582
-1024.3702483310879
-1023.8686790822823
-988.1410254986487
-974.3715801773784
-1054.1264527133692
-992.8053529975571
-1044.4681777597589
-1025.1697332257422
-983.234777076222
-964.123768779719
-1036.4273905887783
-1012.1209673480453
-1018.8613999892618
-1033.3972814328204
-1018.3328282543432
-996.0870031731151
-1016.8674334588452
-1045.2394690112533
-994.2831268667061
-1002.9921789213876
-945.682532016362
-995.8351770917945
-1026.886241502851
-1039.3069776731118
-972.7318579415295
-1001.778567483492
-1041.8418008679541
-1020.902809160892
-1015.2092879464693
-988.3093591493981
-1042.993194865289
-1024.5314551380193
-990.7990159832428
-951.5163292216363
-1014.094810307583
-1046.43593374591
-1030.2968535378714
-1004.4855870041891
-1027.5101033148364
-1016.9792303994437
-996.2579463085282
-1023.7805668305014
-992.3757350244255
-999.7818448966908
-1031.556119473181
-1013.5213254144259
-1025.9733555294642
-1002.4414251808809
-1007.6600237694856
-999.3969184260502
-993.6237615068383
-1002.0795442099883
-1006.8412389666121
-1035.1515549566145
-1053.7530052684178
-944.1252857279554
-1003.7132813997358
-974.0435690478744
-997.4719051735424
-976.8316233536907
-1081.4438586012225
-992.4485929435658
-1069.237154523903
-1029.6555182555012
-1041.6884969907387
-974.9263487976289
-1051.8180670782785
-1014.6064794130415
-1004.3776654751501
-987.863882260902
-933.0836615161361
-1015.4497764355668
-997.2959331708533
-1023.686125532489
-995.3330933267825
-1017.3163872121651
-991.9308884879139
-1014.8034689716089
-995.8048619778357
-1023.5882740912036
-1035.927889458487
-1044.6982905129405
-1022.0684998414226
-1044.3087664274412
-1009.605042430842
-1034.2749331821906
-1038.8978859553827
-1042.449742753929
-1031.6349905851846
-1014.1916561304965
-1033.0058704269265
-1044.2042100139868
-1023.4227159446644
-1042.2191098649926
-1071.3622657963049
-996.3478773598359
-1009.5271866967745
-1020.3761992231707
-1022.7096341748104
-1036.5878284489997
-992.5665449160282
-988.7056001279956
-1046.9276272782656
-1024.9666199906965
-1046.9451372556598
-1000.534562798304
-1109.3615321756524
-1051.178573287536
-1023.9653774867548
-1025.0479857899318
-1002.8186513241207
-1049.2541468967902
-1048.9371339673194
-1043.3978369169147
-1025.2735096762115
-1014.9885338578268
-1066.6453326929395
-1032.0317116318463
-1017.1087467514466
-991.7408022568604
-1050.7372552746924
-1019.3527708677487
-1041.1082947989491
-1079.5795406448508
-1010.63683272745
-1040.9754234563525
-1075.701006666522
-1012.3220170636043
-1022.357291658348
-1018.4229762264501
-1000.6031406081726
-999.2649291497524
-1020.7218171770328
-1066.9909111629022
-1019.0115846651737
-1024.095236911952
-1033.9619942959223
-976.1150637653386
-972.1347631605986
-1029.7489843814174
-1023.3852819282317
-1033.5557773781713
-1024.624289646327
-972.0243076609673
-1044.2140952850057
-1042.5982630631634
-984.4608860907153
-1028.3233212745079
-1033.4741871379247
-962.1359056490604
-983.4832467765451
-1092.5039280686424
-999.628205843061
-1002.3244282731386
-989.1271732365974
-1016.7863633699507
-1040.7895546315985
-981.7054337118274
-1009.7832713617343
-1034.5968326319044
-1026.086565819856
-1134.624106380427
-1033.448735281686
-1027.6464000840053
-1060.7509179516373
-1011.6957881383806
-966.1862529226553
-1015.9412803293388
-1022.6254746668807
-1012.2155432433725
-1010.4509436081503
-994.7768095319516
-1035.9631139808725
-1034.8112685658107
-1067.7174286886911
-1030.391136775507
-1030.2650769492177
-1031.8373529844196
-1038.9251747131348
-1036.937968209525
-985.6041416977054
-999.7284208859238
-1010.4936485335091
-1013.102909765511
-1023.0473406782775
-961.223288634113
-1011.7836994590047
-984.4271098341898
-1025.0618470093914
-1008.4037523704154
-1055.366227461913
-999.5017937633479
-1042.0829130154905
-1026.028551814712
-1003.7166141082193
-1030.9031029594278
-1012.5985105104536
-1019.41337346585
-1023.7694437080455
-1069.5848898130043
-1007.0963528512794
-1026.9161171244684
-1044.4728021554859
-1002.2907925989026
-1068.7852961460007
-1043.4379649474242
-1060.073515776162
-1036.360903463631
-1010.4644034911539
-1030.5421671778242
-1068.1055008618632
-986.2610741909419
-1049.5800381954584
-1050.8419626717255
-1004.2848796666226
-958.1957791586902
-1058.8051625902408
-1055.6416942560784
-1062.971656341419
-1048.8145904541016
-1030.6000688855893
-1066.761104084621
-1010.800686491984
-1072.8060825383552
-1049.3944775946786
-1014.7794909254412
-1076.9060437211367
-1023.9385032119038
-1009.6923137557841
-1047.4590171207892
-1008.2746834442994
-968.8844490229526
-1042.7081701632972
-1066.8086335012847
-965.5064006163695
-1073.4104913952194
-949.0531596602681
-1047.4998647030268
-983.448298953404
-1031.0582426285075
-1028.628094895978
-1030.923470345613
-1006.5895754511112
-988.090950825504
-992.0246259029781
-1010.9273467799213
-1058.7240656202084
-1018.6399581053547
-1061.7467421059296
-1049.1998208660946
-1051.7789445680992
-1081.2388215822593
-1013.5739738161319
-1005.8832407086809
-1055.6381590923415
-1010.4530816479264
-1001.6716129222763
-992.0280793091961
-1071.1465103470277
-994.5250259648974
-1066.455575372571
-1020.9383808029032
-1023.0734051677669
-1016.5532642257548
-998.9080393069258
-1030.0701914635774
-1037.0329917836411
-1000.7453808650793
-1037.905274293133
-1036.0683133134219
-999.5246168475285
-995.6233730494419
-1002.0441125531063
-1033.4822851163206
-938.6612906054916
-1008.0492895607637
-1052.2722420380494
-1048.3378557668668
-1025.5453961096077
-1038.0322004656925
-1012.2680660497363
-1072.1229850198622
-1067.3074225131597
-1007.1012933677601
-1041.2515575306438
-1012.1809157968681
-1034.117921526187
-1027.2801861807566
-1052.563213205783
-1065.2535910918334
-1024.674163034029
-1010.648478998202
-1085.440674683758
-1003.8163693864769
-1054.2963323515153
-1032.832349821786
-1051.7685503023806
-1020.4568468878202
-1022.8776655464529
-1027.9282366315895
-1029.6446929379044
-1008.5784982743664
-1020.5106541999032
-1009.278483738409
-1010.6646270751953
-1042.9354003478434
-1000.7287361644139
-1079.9335164221648
-1013.7954614585805
-1043.7353548424267
-990.8186506779394
-1014.47694354191
-1042.643282881407
-1041.5248408807772
-1041.8108006949738
-1036.421957434895
-1044.3746962814687
-1075.1643170508269
-1025.22938889655
-1024.2422102099267
-1039.7004403800609
-1033.7279573511855
-1026.1456151231428
-1064.6293284335984
-1024.5179244959465
-1036.7080192031146
-1056.6406742434635
-1028.2940362769866
-1013.3707977009711
-989.5374979036991
-979.2094718006169
-1060.9469057600074
-1046.61204362027
-1066.2530455188216
-989.8477866449089
-985.097068510323
-1039.1675042303923
-1030.1022532275904
-1018.6796912612202
-1052.0898261738714
-1016.2102965239053
-1022.9916466686213
-1025.3765267278548
-1029.2888242697047
-1037.7052824564068
-1010.3083401617603
-1021.4242045678825
-1076.966654946871
-1024.717881363129
-1058.898516788661
-977.3029329175147
-1019.7361003840081
-1035.5599179668961
-1048.757376751053
-1058.360192129545
-999.415588914791
-1054.7732773540176
-1025.2101216761866
-999.1862173704343
-981.5242546028065
-995.329909779201
-1064.4182726958088
-976.1092631438069
-1016.7017081786539
-1030.3135333551425
-1016.0475008599112
-1041.8458060505234
-1022.7301640020353
-1009.7290266161767
-1031.7737530503318
-1028.819551271813
-951.1988900710489
-989.122137764904
-1083.465182438075
-1004.6715398770626
-1013.117546462567
-1001.3486512799129
-1030.3133567025727
-1018.0699807639434
-1053.8774563352638
-971.9434604199133
-1026.2179934064918
-1058.4235585649437
-997.992065857504
-1064.35650670417
-1013.039843051233
-1053.9486350300156
-996.267006900823
-1005.4433902490919
-1007.7566987242654
-1064.003908032569
-1027.9700446440795
-1070.2194167587245
-998.6968559193834
-1016.4840085751542
-1040.0159328496345
-1034.7625210842239
-974.879076496463
-1015.4030179888289
-1077.1204071401435
-1016.3956896969091
-1005.3141682348519
-1027.7037474908561
-1022.1905592869375
-1041.6194848746898
-1063.2818478802653
-984.761742487132
-1057.2101201431774
-995.2517097687053
-1043.0454493727639
-984.4620726932989
-1052.4096577902822
-1040.074632787259
-1055.680912004453
-1030.6066157795558
-1059.3973257831324
-1067.1107857784377
-1058.3743178465656
-1024.164990826188
-1041.827831927861
-1063.715684159894
-1046.2337561188458
-1017.2141064082351
-1028.5731973024172
-975.054320491363
-1036.6203020755377
-1030.094641391362
-1046.3444936164071
-1012.5052764749972
-956.305020982974
-1023.590765837197
-1001.527148255678
-972.5123522649302
-1040.478929537479
-1074.9988195472788
-992.822888240636
-1014.145047312585
-1021.8819484175923
-1052.3050374895613
-988.7968414342292
-1032.7798951184639
-1003.8014412215937
-1042.0673572148119
-1061.136884921065
-1069.4846230756457
-1028.6299207455645
-1034.6613864185654
-990.8487980209778
-978.8490228029056
-1023.7517866508983
-1028.4561373808674
-1031.4678826376658
-1034.745274730932
-1033.6465236093397
-1040.3945166864128
-1043.9997305112465
-995.8058806980881
-1039.1460021366584
-1026.0064921869296
-1012.8495625469172
-1052.5681455391589
-1041.849563135165
-1012.2124024328784
-1041.0387937599253
-980.2379410734801
-998.8631226905038
-1020.9691981422567
-1031.7486811218976
-985.0153392185674
-1003.791950689298
-978.8087706164779
-1019.7278140861297
-1008.0770333281188
-1001.5259353423787
-1080.248335080726
-1012.082207884744
-1051.7044545824283
-1042.3977879943134
-1016.6888825603735
-1027.1736805728663
-1028.8247319872135
-1033.7983292374656
-1059.8994069322248
-1007.4339961114331
-1115.2519126696006
-1029.4883487469683
-999.3520813701309
-1007.656574391873
-995.8838847329683
-1033.3777097987238
-1002.9222064140802
-1023.7744957219775
-1022.6801914500298
-1043.2951482612395
-975.9004460361516
-1007.1675651942459
-1048.8260823187427
-1055.803491431976
-1048.17887308553
-977.9172345099048
-1036.7539814476654
-1016.8912426066175
-1027.4098843013014
-999.4367143684459
-1024.9592012957992
-984.8961111407414
-1004.8944176647151
-984.5812340852256
-1047.459298588405
-1044.8511843102
-1044.6298234975227
-1048.8527271591615
-1067.1097800352863
-1079.882459355292
-1035.0481739222446
-1041.1353879197736
-1054.2368945540668
-998.9739272393913
-1019.6861626455717
-989.8651433080156
-1007.5259992385579
-1024.2774435382023
-1009.8177834983184
-1047.5704175824317
-1042.1064039569035
-1032.0931551211347
-1046.4676305646094
-1051.6591199892703
-1046.2255202854906
-989.2456942228513
-1082.1994097255101
-1047.2888035640538
-1044.4455672469094
-1038.125332288653
-1032.0844309006895
-1033.609576038111
-1007.3197646675823
-1047.6513032289308
-982.7084217606304
-1017.5681625415232
-1022.6630952425093
-1008.1621269154772
-1014.7307716619189
-1074.9274757599162
-1013.2450197745707
-1062.1037413695149
-1045.745930324091
-1075.5495503505813
-1033.4255443376915
-1044.6847915471158
-993.1621489836791
-976.7973964726814
-1074.3305351221672
-1057.6506341595516
-1077.077017828683
-1063.7561856641948
-1020.3412899480802
-1075.9997092273748
-1015.6988676641589
-1048.9593440260842
-1040.5243751323112
-1028.778671585511
-999.8854154069847
-1021.4161242636565
-1045.4421423796182
-1024.4474576967898
-961.4978715415313
-1037.4739132284003
-1026.936648734262
-1045.248204418432
-1061.7978678195277
-973.4449835982279
-1061.188787353373
-1050.4020221745857
-1075.3241283381096
-1064.6837483521933
-1000.2188938176521
-1010.5371638146516
-954.3047427819154
-996.2630459170475
-1034.6549354747076
-1075.1220371923714
-1021.009228929181
-1041.2636957124014
-1094.8960510681723
-1019.5594638574903
-970.8079386559602
-1027.3886803065504
-1004.6006485413168
-1016.1208812098637
-1003.9553145192494
-1012.5148254465834
-995.9125130956418
-1034.9703199896858
-966.5994218877543
-1032.681309646535
-1002.4870934263568
-1010.6021542950211
-1077.708651177237
-1022.5540499464373
-992.5399116623067
-988.6872433100906
-1019.5758988211088
-1039.0675785563817
-1030.5826447388836
-1045.7568166322797
-999.0857548223478
-1065.825513197997
-1097.91370295587
-1009.9363943416381
-998.0744937201526
-1058.4182997373778
-1049.3081557371906
-1014.1951716770635
-1051.6048440131071
-1020.2574423317598
-1070.4249415174822
-1004.2132651783595
-1034.763843389315
-1032.367299618008
-1006.080146718248
-1021.1279467288579
-1039.6162738621792
-1043.5304264086428
-1056.656260980624
-1052.1738328176125
-1027.9226125289347
-1018.3701902906471
-1048.1025811132984
-1048.2478390631275
-1050.8501904389568
-1037.459399143112
-1023.8557880437263
-989.9542040468376
-1076.8799429207204
-1009.9056425540247
-998.2334650342709
-1029.7760202283057
-1010.5458123750776
-1057.9877374595571
-1038.6777996704957
-995.6514124112708
-1043.1934213549177
-1061.3737058550398
-1060.802545458357
-1044.6403270970995
-1034.761442309228
-965.4938345869011
-999.8222729335322
-1092.6659986549448
-1046.3076182035643
-1009.283069940371
-998.5146566373165
-1007.6100930900217
-1049.5505703899348
-993.0985705117199
-1086.2913620672493
-1021.7816654811396
-1045.9284904159117
-1057.6337457817292
-1015.5981077390296
-1024.8239658747877
-1026.822578073662
-1050.7976840500519
-1070.1959052397826
-1021.1025191289242
-1049.5699785892095
-1042.752343133231
-1011.1466802436614
-1070.0616214030256
-1006.8402549351487
-1074.4563010385102
-1000.1698960010136
-1001.5734052078747
-1079.4812830809121
-1021.3092840319482
-1014.0600274344471
-1004.9037090907588
-1003.6122713534631
-1050.4531307398715
-1026.8421211242676
-1047.266476328128
-1030.7937269210815
-1047.3483260680582
-1033.5340576884903
-1090.2052075038446
-1007.5003048727446
-1048.020154436058
-974.364964257891
-1024.0791317592157
-1063.4013286840136
-1057.7563476785322
-1054.290302401391
-1068.538971731596
-1031.5101856160386
-1031.646422341605
-1066.3226791809652
-1034.329644140796
-1026.3814852883881
-1048.2042880905008
-1056.7631452685205
-1041.6235710215346
-1029.0011040161703
-1012.1916397308635
-1089.58041234774
-1053.3864816683474
-1030.2114925206265
-996.8166673606801
-994.0487557170547
-972.1193178390788
-996.5028903996833
-983.1689141531971
-1048.773902349383
-1010.5085164185996
-1027.510169813566
-1004.6898512082679
-1012.9505961242123
-1062.4209840364545
-1073.7806407179787
-1015.8718696665541
-1041.9339668773046
-1056.5643832839537
-1068.5810544379403
-1023.4925457250292
-1054.3620968756275
-1056.649413313821
-1030.222603307706
-1007.3146567478358
-1036.1238390664073
-1025.6100793285905
-1057.181512066137
-1022.1902188486027
-1073.4124804345247
-1016.8992340052239
-1063.9958781393889
-1051.767357478632
-1046.079557628275
-991.3228453876816
-970.3074896447013
-995.1616474579428
-1002.6373925810663
-1102.885813757638
-1035.4589947852019
-1015.2351675869148
-999.7681423080302
-1051.243596549346
-1027.5991113252728
-1038.6940152177187
-1068.8730233138967
-995.9828608905044
-1048.8744322128384
-1068.4116234467408
-965.4641925419602
-983.9538434108841
-1047.9955038834955
-1031.0137495950003
-1026.1724522670852
-1004.0020288485233
-1035.7501817507164
-1004.8782243817766
-1072.9304724519498
-1041.2947138135678
-1040.7581751190614
-1014.4093683545834
-1004.6765981656368
-1031.746106602321
-1086.4864005685968
-1022.2061573723767
-1030.091810137312
-1091.5451182071295
-1024.132324325704
-1062.7696102891014
-1051.7871250081284
-1021.2865342469973
-1062.1324232760992
-1011.1954224042803
-1030.1026410076106
-1044.0459178675
-1024.3606639710542
-993.7816951430847
-1069.7551295913267
-1026.736102968733
-1034.7626738715394
-1037.5327399423188
-1044.6395411446829
-1010.3716175400208
-981.7879390894809
-1013.9203358119893
-1030.509979693689
-1005.2589657774596
-1039.843169167777
-1006.8691635666606
-1000.2015838623047
-1046.827056243041
-1007.4661684749283
-1090.003780329339
-1080.808098784117
-1069.4515803684699
-1067.502590429003
