-1.2865903338552603e-06
-5.058863878710427e-06
2.4268356242966613e-06
-2.099143899227817e-06
2.658045555464655e-06
2.5380865392020295e-06
4.176295713129228e-06
4.843821942256088e-07
-1.731736967641754e-06
5.910550932864265e-07
8.152689812544649e-07
-1.4636990156278297e-06
-1.0825739795686075e-06
-8.380620302526034e-07
5.190319720969132e-07
-4.2332675065319586e-08
1.294775181980684e-07
-8.010557614470138e-08
1.081508233670521e-06
4.77231172748642e-07
7.682671920533701e-07
1.374710605733465e-06
-3.647721983884471e-07
4.540295929657773e-07
1.0605396826991839e-07
1.1064248195444436e-06
-2.15880730211372e-06
9.59370184654377e-07
2.5642394208442197e-06
1.3300028790330092e-07
8.397197616369227e-07
-9.547492890128272e-07
6.174559436033964e-07
-3.6996215899391397e-06
-1.9027685509912717e-06
1.9583477350359112e-06
-2.057092433307561e-06
1.2375133773801003e-06
6.858176358243944e-07
-1.0388188150386144e-06
7.98181329080538e-07
1.1133368129061373e-06
-1.916412999085943e-07
-1.2420635075615937e-06
1.828610698520101e-07
3.704969475628983e-07
-3.700900522757468e-06
-1.2497249702107376e-06
-5.000149399928181e-06
-1.6932735813805912e-05
-4.4813737236031743e-05
-0.00011642261075637435
-0.0002740384229888388
-0.0009021737640022647
-0.003166183569462929
-0.005709699003204536
-0.00646239847099817
-0.0085343273514415
-0.010219021426585678
-0.0139504894151509
-0.011610811727835254
-0.018568346451502293
-0.01677930212624195
-0.022263510470760854
-0.02156101992919243
-0.023066995737318824
-0.02435071587896333
-0.022974747059274516
-0.027294775292444718
-0.02200845529641559
-0.024479964806098483
-0.024864751320119845
-0.018608117883961675
-0.02463333954614016
-0.02882749449060951
-0.02575052354277348
-0.028171025209974075
-0.024957596436775965
-0.02760263930894606
-0.028561767525992394
-0.030766955843331584
-0.02986483034797974
-0.027794349032522862
-0.0371194858689286
-0.035994304275925565
-0.028633841604191794
-0.030298048059546178
-0.033026894500391354
-0.031979027256790186
-0.031781877899586176
-0.03430940914890527
-0.03336831144989878
-0.03583082080762919
-0.035531566279413486
-0.03475461777810368
-0.03784327880127467
-0.03463515080109213
-0.03736623887869654
-0.030118816934551717
-0.04013507798247572
-0.03865336308208582
-0.03621361695749316
-0.03957796664393511
-0.04505224662944503
-0.04079408361093669
-0.04929441224337311
-0.04563579085354869
-0.05355115952978795
-0.04369554742859582
-0.05394214659195376
-0.04629131394957754
-0.05601945245415316
-0.061546006635065334
-0.048337850405315304
-0.04762886043783912
-0.04504671835550858
-0.05287323628116639
-0.06312871772649994
-0.06376434030861075
-0.057130370396382524
-0.059903372093082365
-0.06552447703713123
-0.06623771354933763
-0.07294687371559372
-0.08189566243946346
-0.07463892538546829
-0.08186833084290547
-0.07004204881055633
-0.0723607435775277
-0.07800406206838845
-0.07837545764117505
-0.07760818924031689
-0.07908695987812007
-0.07370765088769834
-0.08436010447252984
-0.08007701227338426
-0.0855268863703592
-0.081609275086873
-0.08861886988359628
-0.09658444951790544
-0.08133080072512137
-0.09669888136298975
-0.09654601497928642
-0.09585449913696896
-0.08435270895168598
-0.08977287150018158
-0.10350819717028312
-0.08900960004772596
-0.09274879991922373
-0.09513419930939027
-0.09347686575820094
-0.10369932301630039
-0.10327241576624356
-0.09787780577788979
-0.09514400278848986
-0.09009133377230473
-0.09349536339533494
-0.10267417458173592
-0.10472968231869458
-0.11250796624188943
-0.10095102102216762
-0.11456332813244537
-0.10363029685592459
-0.11201992096628324
-0.11316741579898938
-0.12270956209212679
-0.1122288042185871
-0.11222611851147955
-0.10946316521159859
-0.11948731040350304
-0.1216735999284458
-0.1133175667671461
-0.11791990674851884
-0.11412795088232457
-0.11220023019694238
-0.11871328836409933
-0.11678268599070711
-0.12026540248779245
-0.11756338245896054
-0.1200264919646329
-0.11261894352591285
-0.12798813465673664
-0.12786990287499117
-0.1380016024837116
-0.12068424738749373
-0.1267166954855765
-0.11998496731648797
-0.11837350923035826
-0.13301069974418608
-0.12773233457266736
-0.11969236331328767
-0.12275103366105444
-0.12887791442697705
-0.13576584782082296
-0.13131365251688776
-0.12981560770923825
-0.13027848031646508
-0.13490744548622297
-0.13302166236796276
-0.13419855764127134
-0.12989670027064562
-0.14197079702371662
-0.1503454270227576
-0.12685448508537997
-0.1335392660602996
-0.14398937286972174
-0.1401405199473801
-0.14382650159664312
-0.1409283717235868
-0.1294522492908701
-0.15180102202715137
-0.13270386960572017
-0.1481749076258889
-0.13604034697164863
-0.1462028358879495
-0.13754110448792028
-0.14154574961089292
-0.14319595480917133
-0.1403629388917701
-0.14192687458689174
-0.14755622173921304
-0.14346613589897408
-0.14419683794574684
-0.15002004852870368
-0.1590832876007197
-0.1488046643081709
-0.1603899531534225
-0.166358517208201
-0.15347126898815006
-0.11998439111429254
-0.1190513124526371
-0.13663833412182977
-0.14895829775698982
-0.15547189741365372
-0.14768578899457777
-0.1613490618207419
-0.15935568399845368
-0.16211957193928242
-0.15250963789157673
-0.1493456604362633
-0.15300156774368429
-0.13963294960545003
-0.14370377351688693
-0.1503699298782815
-0.14996777679599513
-0.15235594444165718
-0.14376107084002637
-0.14163028485729673
-0.14800237920049422
-0.15124384728839732
-0.1467225106587539
-0.1496023985939229
-0.15253826672606136
-0.14677549053583974
-0.14355761262326402
-0.16514529406269024
-0.16884819840076745
-0.16019323973354244
-0.1578683885928106
-0.13965381586962822
-0.14504007256079104
-0.16487409653193597
-0.16860288480288146
-0.15938547974525338
-0.1520826633556098
-0.16137842130997487
-0.15604226851904515
-0.17596229459352208
-0.15427017208212376
-0.1558847632087458
-0.16207312306706806
-0.15816894405165233
-0.15776635107073572
-0.17270767498945963
-0.17172462730947452
-0.17524444674085912
-0.18146259265561257
-0.17040555982116593
-0.17558862129011737
-0.14686877119530867
-0.1689107428167513
-0.1635348231184043
-0.16622549794562813
-0.16755756156085583
-0.1638866350256456
-0.17406945324434217
-0.16715994284140623
-0.1668794381685452
-0.16880759523005529
-0.1769224557822274
-0.17949070922884455
-0.1798409359606867
-0.16537838912899455
-0.15944261955189054
-0.16467710682255332
-0.17968758943164506
-0.15515306111008254
-0.1711563987653136
-0.17153960150078557
-0.16025693244819825
-0.17198583536056056
-0.16868487734364748
-0.16761916975409205
-0.16667816130774876
-0.1807450711263627
-0.19447327209078633
-0.18676727944942115
-0.17283962993165863
-0.1744702074050148
-0.17049641142200148
-0.1731681264378989
-0.17819545759652067
-0.16986404163634172
-0.17064986302418642
-0.1736823383156502
-0.17350673024496494
-0.16894823437034096
-0.17726005665949343
-0.17507285524099583
-0.1640951972570665
-0.1655822575289739
-0.17002436074896068
-0.1646178715539375
-0.16681684131785307
-0.18033364096931118
-0.17375305957645865
-0.1759009570515919
-0.1847457163838438
-0.1775729381050142
-0.19515498246662832
-0.17778978734985337
-0.17480416089073167
-0.17375137412347638
-0.18659059287044585
-0.18653656094236307
-0.180076222813126
-0.18214286004583682
-0.19413756010013156
-0.1626602887840671
-0.17794617049423936
-0.17717635633921774
-0.19605923390385055
-0.18395719872701757
-0.18141238739894283
-0.17733175778752922
-0.1844348499257963
-0.17388557956858713
-0.1743725616879727
-0.17517154408116667
-0.18741604906053783
-0.1723310046653319
-0.1719262848623217
-0.18866199151557025
-0.1869554521927979
-0.18997619661807258
-0.1878397589600924
-0.16845974284690945
-0.18541650444350724
-0.17449322066480114
-0.1693646903385833
-0.19169738617069024
-0.18607318658630626
-0.18360292518829008
-0.18508602909675118
-0.1712137441534961
-0.1853865032698015
-0.19169973650698288
-0.18539141371743195
-0.17823284446403453
-0.1874287324519785
-0.17764036628752433
-0.18679213476359785
-0.1856008486453152
-0.17947369666710014
-0.1848882089013852
-0.18105053600816545
-0.1874485898393846
-0.15898541070323455
-0.1761318813807713
-0.18206097673053942
