-20.970441836020296
-213.26777170176777
-326.10376906844806
-382.2177586825389
-357.80736253733903
-401.207254802281
-440.9875023544959
-404.24476699896576
-444.48814687189065
-473.02261978725215
-529.4367696474184
-524.9349500908041
-576.5774399536961
-556.68410222148
-527.5099545019978
-600.6761006589206
-557.8792489789566
-554.1106185249563
-623.0713510085951
-604.4411399409456
-637.3092501838253
-665.6510308103741
-666.7943563551273
-662.3862283747151
-679.3370863232973
-707.8542232873305
-641.4590905747324
-704.5402837069529
-701.63146917775
-709.1301234263294
-735.8422182371031
-754.8595606965839
-735.7146354261434
-704.1161773688389
-737.9996797813559
-763.4602958751175
-752.3435909500662
-760.6897215325878
-766.2067573835265
-742.1114103929052
-742.2730338764641
-744.1677776192719
-743.9029651947741
-736.1252996775339
-796.8096595800148
-789.2131348555943
-766.5729500167774
-740.0027066896547
-739.997222211001
-754.5948448541029
-802.9786137454914
-781.5304082114742
-838.0893681409224
-853.8237360108574
-813.9691379475144
-818.3066497130214
-775.8127135510715
-773.9733916408611
-844.6433046448906
-749.3787006882002
-832.6544311946293
-758.8707489922361
-775.7288448681246
-853.5005384481178
-818.3705021322899
-845.0463523504869
-887.8641651441466
-827.3612812420107
-823.4487629386614
-796.4561134655521
-845.9096777933948
-831.7495802933315
-807.9823611277454
-756.6142416540182
-820.1261669374862
-856.3039122302578
-834.4156905019058
-845.8598067265636
-870.0259212817786
-869.0092204111927
-817.9035667968246
-860.6440467249672
-892.4852888842798
-847.8424856347858
-844.8580220594721
-817.9223434250309
-834.6868165506506
-909.188861073188
-859.8601735492922
-885.2566499170267
-896.1210903671553
-867.121877335996
-861.9126351014623
-834.3499005155743
-821.7692435642458
-850.5375590054495
-862.8479480630947
-852.8984277428322
-904.495655491667
-882.2329481592718
