2.690896987915039, 8.277184679172933e-05, 0.014169816859066486 
3.08146333694458, 3.8786965887993574e-05, 0.014122200198471546 
3.062340021133423, 7.051359602883167e-07, 0.001360307214781642 
4.123773574829102, 2.883807859177523e-08, 7.346651545958593e-05 
8.375808715820312, 6.309173841145821e-07, 0.0006157314055599272 
15.290334701538086, 1.0465635568834841e-05, 0.0031677945517003536 
28.088376998901367, 0.0007331038941629231, 0.02945280261337757 
26.59676742553711, 0.0035871455911546946, 0.08446846902370453 
26.696317672729492, 0.004601016640663147, 0.11228417605161667 
31.821949005126953, 0.004417127929627895, 0.14520461857318878 
35.75074768066406, 0.004611696116626263, 0.15345966815948486 
45.458152770996094, 0.005918439012020826, 0.15730157494544983 
49.923248291015625, 0.0062610190361738205, 0.18678435683250427 
54.71086883544922, 0.007626158185303211, 0.1969587802886963 
54.044029235839844, 0.008355329744517803, 0.2305036336183548 
65.55962371826172, 0.010124947875738144, 0.33158445358276367 
62.97592544555664, 0.01079782098531723, 0.2977026402950287 
69.64500427246094, 0.01161698717623949, 0.2694636881351471 
80.16199493408203, 0.012510565109550953, 0.29997679591178894 
75.94672393798828, 0.01376568153500557, 0.3116646111011505 
63.31193542480469, 0.01586746983230114, 0.3128359317779541 
85.83637237548828, 0.015961874276399612, 0.34414348006248474 
68.61405181884766, 0.018397042527794838, 0.391633003950119 
69.55707550048828, 0.019396334886550903, 0.42590105533599854 
97.46903991699219, 0.023879198357462883, 0.4556141793727875 
64.00056457519531, 0.023250415921211243, 0.4394861161708832 
79.61314392089844, 0.02798500843346119, 0.5119646787643433 
68.64937591552734, 0.031407035887241364, 0.5349713563919067 
77.0557861328125, 0.032871320843696594, 0.5101585388183594 
65.66539764404297, 0.03942085802555084, 0.5950594544410706 
70.37407684326172, 0.037296783179044724, 0.636731743812561 
61.988765716552734, 0.044877789914608, 0.5060346722602844 
57.9993782043457, 0.042988069355487823, 0.5480336546897888 
65.37371826171875, 0.04540162533521652, 0.5533194541931152 
56.49477767944336, 0.038487084209918976, 0.5653653740882874 
66.45397186279297, 0.041282523423433304, 0.5865304470062256 
63.47010040283203, 0.04598701372742653, 0.576953113079071 
54.303287506103516, 0.042668603360652924, 0.6095873117446899 
62.56817626953125, 0.046440690755844116, 0.6187570691108704 
58.77777099609375, 0.043895404785871506, 0.669252872467041 
64.69063568115234, 0.03856063634157181, 0.5855640769004822 
45.63075637817383, 0.045048754662275314, 0.5912742018699646 
56.55760192871094, 0.04696420952677727, 0.680998682975769 
53.681095123291016, 0.042095817625522614, 0.6936044692993164 
74.8170166015625, 0.04245901107788086, 0.6823774576187134 
55.59479904174805, 0.04752236232161522, 0.7093576192855835 
51.509883880615234, 0.052506979554891586, 0.6617521643638611 
51.502933502197266, 0.05811194330453873, 0.5909966826438904 
57.73851013183594, 0.05231764167547226, 0.6746885180473328 
51.824851989746094, 0.048830922693014145, 0.6764215230941772 
59.41985321044922, 0.054604023694992065, 0.6668208837509155 
47.36598587036133, 0.05028321221470833, 0.6325758099555969 
44.21397018432617, 0.04980406165122986, 0.7050774693489075 
50.154930114746094, 0.05316543206572533, 0.7067527174949646 
50.67634582519531, 0.05304398760199547, 0.6631704568862915 
58.594852447509766, 0.055272236466407776, 0.6232379674911499 
47.71727752685547, 0.055631499737501144, 0.7010427117347717 
47.898250579833984, 0.058667950332164764, 0.7185069918632507 
59.633033752441406, 0.05384029075503349, 0.739673376083374 
47.01633071899414, 0.05388864502310753, 0.7600743174552917 
135.12472534179688, 0.0586056225001812, 0.7260487079620361 
50.657188415527344, 0.06117447838187218, 0.7173861265182495 
44.0320930480957, 0.06006612256169319, 0.8440732359886169 
44.04678726196289, 0.0545264296233654, 0.7614996433258057 
45.97040557861328, 0.05997093394398689, 0.693838894367218 
49.461570739746094, 0.057587575167417526, 0.7467766404151917 
50.730751037597656, 0.06390932202339172, 0.7358894348144531 
43.325401306152344, 0.05516110733151436, 0.6939669847488403 
44.2221565246582, 0.064301036298275, 0.7261409759521484 
40.2730827331543, 0.05794798210263252, 0.7075367569923401 
54.041412353515625, 0.06256181001663208, 0.729080319404602 
43.59281921386719, 0.06088707968592644, 0.8817834258079529 
56.5419807434082, 0.06441404670476913, 0.6688366532325745 
44.10834884643555, 0.05796109512448311, 0.8680110573768616 
47.47060775756836, 0.06172662228345871, 0.6731582880020142 
34.40263366699219, 0.05940094217658043, 0.7281263470649719 
46.51374816894531, 0.06308654695749283, 0.7277701497077942 
44.37202453613281, 0.06215750426054001, 0.7398625016212463 
41.8939208984375, 0.051194097846746445, 0.6893993616104126 
41.46504592895508, 0.06094292178750038, 0.7114844918251038 
38.000823974609375, 0.06265798956155777, 0.7195632457733154 
40.67810821533203, 0.062761589884758, 0.805437445640564 
43.54793930053711, 0.05878020450472832, 0.7030631899833679 
40.712615966796875, 0.05434003099799156, 0.7603873610496521 
37.555912017822266, 0.058624520897865295, 0.6496253609657288 
38.71202850341797, 0.05688392370939255, 0.7599949240684509 
36.2642936706543, 0.049569860100746155, 0.6636366844177246 
46.95176696777344, 0.053972311317920685, 0.6583112478256226 
42.27524185180664, 0.06214973330497742, 0.8081912994384766 
33.8941535949707, 0.06017370894551277, 0.854485273361206 
38.70488739013672, 0.054329801350831985, 0.8469467163085938 
36.91569137573242, 0.053315915167331696, 0.7957179546356201 
39.85006332397461, 0.059780556708574295, 0.860437273979187 
59.029640197753906, 0.05277286842465401, 0.7584598064422607 
44.374046325683594, 0.05508335307240486, 0.7459732890129089 
34.139644622802734, 0.056253582239151, 0.823093056678772 
38.982181549072266, 0.05265679582953453, 0.752368152141571 
37.499359130859375, 0.057432081550359726, 0.6670120358467102 
35.952430725097656, 0.04965987056493759, 0.6920573711395264 
42.10478973388672, 0.050267286598682404, 0.909447431564331 
46.92401123046875, 0.05388212949037552, 0.7826637625694275 
36.5521240234375, 0.056425828486680984, 0.8351921439170837 
28.521900177001953, 0.05832959711551666, 0.9797552824020386 
26.040063858032227, 0.05703507736325264, 0.9021819233894348 
27.844005584716797, 0.05759178847074509, 0.9126776456832886 
28.955886840820312, 0.06405855715274811, 0.924728274345398 
27.919090270996094, 0.05761057883501053, 1.0313796997070312 
29.324867248535156, 0.06314561516046524, 0.9008902907371521 
30.647632598876953, 0.06457819044589996, 1.0168676376342773 
29.736684799194336, 0.0607135146856308, 0.9013979434967041 
34.327213287353516, 0.06084536388516426, 0.8999701142311096 
35.59614944458008, 0.0661860778927803, 0.9499470591545105 
32.69989013671875, 0.06098375469446182, 0.9713934063911438 
35.595191955566406, 0.06441211700439453, 0.8439576029777527 
34.002071380615234, 0.06164103001356125, 0.8276833295822144 
38.538360595703125, 0.06607231497764587, 0.8705832362174988 
39.87296676635742, 0.060726962983608246, 0.8824422359466553 
41.00754165649414, 0.0602029524743557, 0.9082801342010498 
40.362586975097656, 0.05786943435668945, 0.9208859205245972 
39.5744514465332, 0.05994955822825432, 0.7699960470199585 
33.264739990234375, 0.05971717834472656, 0.8750299215316772 
37.50267028808594, 0.0625423863530159, 0.8669710755348206 
39.51884078979492, 0.06449736654758453, 0.8376606106758118 
35.292236328125, 0.06563766300678253, 0.9525868892669678 
39.442691802978516, 0.06695400923490524, 1.0330156087875366 
43.06126403808594, 0.07021719217300415, 0.9969464540481567 
41.000614166259766, 0.06689086556434631, 0.9695486426353455 
35.31281280517578, 0.0651678591966629, 1.0503441095352173 
36.92253112792969, 0.06789784878492355, 1.0168497562408447 
39.90219497680664, 0.06872665882110596, 0.9914517998695374 
41.163604736328125, 0.07215633243322372, 1.0992302894592285 
41.27337646484375, 0.06881342083215714, 1.1103768348693848 
34.367164611816406, 0.06656207889318466, 1.053572654724121 
36.95069122314453, 0.0688941553235054, 1.0880255699157715 
42.26457595825195, 0.06746472418308258, 1.0985077619552612 
36.915496826171875, 0.07481648027896881, 0.9110184907913208 
45.298797607421875, 0.07048826664686203, 1.0200456380844116 
50.11598205566406, 0.07137187570333481, 1.2166849374771118 
37.55146408081055, 0.06732857972383499, 0.9432846307754517 
36.412925720214844, 0.06848747283220291, 1.0093679428100586 
38.63412094116211, 0.06724053621292114, 1.039648175239563 
39.066871643066406, 0.07007119059562683, 1.2093191146850586 
37.06363296508789, 0.06821702420711517, 1.1519595384597778 
36.785888671875, 0.07140006870031357, 1.1821181774139404 
35.03339385986328, 0.07409591972827911, 0.9729292392730713 
41.73194122314453, 0.07539089769124985, 1.1879327297210693 
34.61534881591797, 0.0725855752825737, 1.116788387298584 
35.93065643310547, 0.07286861538887024, 1.2274450063705444 
40.982608795166016, 0.07232366502285004, 1.2861698865890503 
38.21002197265625, 0.08017856627702713, 1.1168533563613892 
49.56761932373047, 0.08045549690723419, 1.3319060802459717 
32.230743408203125, 0.06809897720813751, 1.1444032192230225 
39.224151611328125, 0.07228585332632065, 1.2672326564788818 
36.195255279541016, 0.0749601274728775, 1.3920069932937622 
40.39865493774414, 0.0765170305967331, 1.2117010354995728 
37.835933685302734, 0.07345888018608093, 1.3430145978927612 
36.98466110229492, 0.07317616045475006, 1.2473233938217163 
37.68843078613281, 0.07270772755146027, 1.3656805753707886 
41.45891189575195, 0.07172822207212448, 1.2480889558792114 
36.13225555419922, 0.07975822687149048, 1.3728101253509521 
43.34861373901367, 0.08587691187858582, 1.1231836080551147 
34.793209075927734, 0.07183974236249924, 1.2165887355804443 
41.37078094482422, 0.08574831485748291, 1.275335669517517 
42.21220397949219, 0.07664662599563599, 1.2987570762634277 
38.91078567504883, 0.08073896914720535, 1.4702714681625366 
37.10204315185547, 0.07302533090114594, 1.2632231712341309 
35.9085693359375, 0.0770566463470459, 1.3708051443099976 
37.3052864074707, 0.07698803395032883, 1.5184441804885864 
44.42098617553711, 0.07793831825256348, 1.343684434890747 
36.421241760253906, 0.07560575753450394, 1.6243829727172852 
37.56753158569336, 0.07672873884439468, 1.311010479927063 
46.222503662109375, 0.08210305124521255, 1.307813048362732 
42.21999740600586, 0.08168603479862213, 1.316811442375183 
34.981441497802734, 0.07464618235826492, 1.4481757879257202 
38.9134521484375, 0.07957319170236588, 1.3652820587158203 
38.34059524536133, 0.08161693811416626, 1.408931851387024 
40.13246536254883, 0.08017833530902863, 1.5367182493209839 
40.46521759033203, 0.08430304378271103, 1.4922621250152588 
38.82642364501953, 0.07924918085336685, 1.5003963708877563 
38.906673431396484, 0.08150821924209595, 1.5680193901062012 
38.572628021240234, 0.08528228104114532, 1.5828402042388916 
40.645145416259766, 0.0769139900803566, 1.5268689393997192 
39.06172561645508, 0.08333796262741089, 1.533123254776001 
32.9841194152832, 0.07664622366428375, 1.3818435668945312 
47.17085647583008, 0.08422330021858215, 1.3175257444381714 
42.772274017333984, 0.08666138350963593, 1.4112581014633179 
33.37217330932617, 0.08426880836486816, 1.508298397064209 
37.05447006225586, 0.08528868854045868, 1.4950571060180664 
35.53335952758789, 0.08465509116649628, 1.6411548852920532 
42.50497055053711, 0.08222497254610062, 1.6686186790466309 
36.4129638671875, 0.08248884975910187, 1.4238331317901611 
36.059364318847656, 0.08681827783584595, 1.4652045965194702 
41.89763641357422, 0.0814487636089325, 1.3540681600570679 
36.545772552490234, 0.08746835589408875, 1.86378812789917 
36.48158264160156, 0.09091650694608688, 1.5568454265594482 
39.779335021972656, 0.08495574444532394, 1.5283918380737305 
42.7169075012207, 0.08707467466592789, 1.6571738719940186 
36.197776794433594, 0.0808742567896843, 1.8526768684387207 
43.938297271728516, 0.08895932137966156, 1.6485605239868164 
42.66307067871094, 0.09018751978874207, 1.5607035160064697 
36.09446716308594, 0.08517707884311676, 1.686320185661316 
40.56912612915039, 0.08716637641191483, 1.3445122241973877 
34.82465362548828, 0.08586740493774414, 1.559353232383728 
37.74211883544922, 0.08428770303726196, 1.8881738185882568 
37.6414680480957, 0.08128391206264496, 1.5908704996109009 
34.39908218383789, 0.08323462307453156, 1.6070753335952759 
41.61719512939453, 0.08073713630437851, 1.4392695426940918 
38.520484924316406, 0.0866905003786087, 1.4104423522949219 
38.51374816894531, 0.08781473338603973, 1.601228952407837 
39.283302307128906, 0.08720431476831436, 2.060739755630493 
43.178001403808594, 0.08895346522331238, 1.448514461517334 
39.78491973876953, 0.08886463195085526, 1.470453143119812 
37.548004150390625, 0.09435904026031494, 1.8335790634155273 
39.36482238769531, 0.08325023949146271, 1.7927498817443848 
40.62826156616211, 0.0886567234992981, 1.635800838470459 
37.837791442871094, 0.0892077386379242, 1.6613115072250366 
35.8056526184082, 0.09218759089708328, 1.8196107149124146 
40.39210891723633, 0.08708956837654114, 1.551961064338684 
40.25404357910156, 0.08772659301757812, 1.676464319229126 
36.23995590209961, 0.09044213593006134, 1.5677227973937988 
34.9379997253418, 0.0898486077785492, 1.469417691230774 
39.25676727294922, 0.09067603200674057, 1.5463190078735352 
38.76661682128906, 0.08470716327428818, 1.5844454765319824 
45.474822998046875, 0.09189024567604065, 1.6621099710464478 
37.863922119140625, 0.09015791118144989, 1.6206316947937012 
39.84025573730469, 0.08870876580476761, 1.7871209383010864 
66.58686065673828, 0.08917082101106644, 1.6513164043426514 
37.84931945800781, 0.08829019963741302, 2.4158568382263184 
39.1041259765625, 0.09439582377672195, 1.8154891729354858 
35.10469055175781, 0.09018310159444809, 2.2313828468322754 
37.85426712036133, 0.08886834979057312, 1.599741816520691 
37.38160705566406, 0.0947190672159195, 1.7921284437179565 
38.98027801513672, 0.08770870417356491, 1.6203340291976929 
39.9072380065918, 0.08745255321264267, 2.3114707469940186 
37.592201232910156, 0.08532390743494034, 1.8570549488067627 
41.24980163574219, 0.08747057616710663, 1.5147305727005005 
41.27067184448242, 0.08699589222669601, 1.6301987171173096 
35.13606643676758, 0.08869282156229019, 1.8018457889556885 
34.227935791015625, 0.08993344753980637, 1.5412489175796509 
38.34877014160156, 0.0908893421292305, 1.63785982131958 
38.435176849365234, 0.08552323281764984, 1.6157894134521484 
36.63725662231445, 0.08951873332262039, 1.6300787925720215 
40.773101806640625, 0.09028515219688416, 1.643133282661438 
38.198394775390625, 0.09435392916202545, 2.197781801223755 
34.47854995727539, 0.08476544916629791, 1.747876763343811 
39.001617431640625, 0.09065895527601242, 1.9137362241744995 
38.78628921508789, 0.08460637927055359, 1.686172366142273 
36.66301727294922, 0.0851498544216156, 1.7009419202804565 
39.11132049560547, 0.09782547503709793, 1.4586787223815918 
36.5203971862793, 0.09142821282148361, 1.939825415611267 
37.914730072021484, 0.09459109604358673, 1.6293011903762817 
38.81863021850586, 0.0923735499382019, 1.748192548751831 
54.79508972167969, 0.09180432558059692, 1.6071146726608276 
41.55391311645508, 0.09066959470510483, 1.6040997505187988 
38.65746307373047, 0.09915988892316818, 1.8430551290512085 
36.71970748901367, 0.08789858222007751, 1.7409900426864624 
39.594642639160156, 0.09793472290039062, 1.8704431056976318 
39.12510299682617, 0.09752755612134933, 1.8190745115280151 
41.34562301635742, 0.09576793760061264, 1.7551345825195312 
35.89813995361328, 0.09310496598482132, 1.4674663543701172 
39.99707794189453, 0.09251154959201813, 1.5677536725997925 
36.629947662353516, 0.08854551613330841, 1.752630352973938 
40.426063537597656, 0.0924057736992836, 1.8773633241653442 
40.65613555908203, 0.08659758418798447, 1.6267282962799072 
41.85071563720703, 0.09429655969142914, 1.8069531917572021 
36.15818786621094, 0.08911944925785065, 1.5650554895401 
42.37425231933594, 0.09097947925329208, 1.724076271057129 
43.189117431640625, 0.09023711085319519, 1.4800390005111694 
40.265647888183594, 0.08624265342950821, 1.9009002447128296 
38.21802520751953, 0.0926426351070404, 1.7908740043640137 
41.302528381347656, 0.08658000081777573, 1.6093500852584839 
41.98018264770508, 0.0883394256234169, 1.8627746105194092 
42.747901916503906, 0.09274263679981232, 2.2054200172424316 
37.32596969604492, 0.0868387222290039, 1.8232463598251343 
38.799461364746094, 0.0849275067448616, 1.7596461772918701 
40.329532623291016, 0.09318926930427551, 1.8699941635131836 
45.132774353027344, 0.09367837756872177, 1.7329283952713013 
39.69392013549805, 0.09081695973873138, 1.4579954147338867 
50.85435485839844, 0.0928141251206398, 1.756413221359253 
41.7236213684082, 0.09545794129371643, 1.8678689002990723 
