-74.11726584742146
-300.8333638186828
-320.07581951211677
-387.6067877738707
-436.5492737523971
-431.808137629988
-487.704658033661
-480.76403868198395
-547.0562365571475
-557.095013460256
-641.109982081822
-601.2461283108056
-599.7151921531572
-664.4314060299077
-654.936417482965
-633.3426978643039
-689.2443527713899
-694.9646900985648
-712.1212912704538
-673.9833082207887
-631.8771867839971
-709.9649083361647
-701.7827812581568
-752.7777834773613
-750.4118115121868
-734.642962442565
-743.0225945222213
-733.3467324604087
-776.8491165758827
-739.412490317349
-713.1955528292239
-782.3185042104413
-769.5073583576536
-702.8068564190843
-760.1140569080405
-816.1468339208084
-773.9805128739176
-777.9311565188219
-745.9068351297335
-768.175571402097
-801.3330973128569
-757.5641848920128
-783.5496349071028
-807.5201901730304
-785.9720871393582
-788.6205261511736
-750.0603740006547
-795.8313016935427
-751.2391514931955
-808.1179591873274
-804.36802880775
-839.5479882939071
-871.7600829304638
-825.2846018444009
-830.8574387862386
-820.9974766656551
-802.4027469476797
-830.3431256817233
-858.4336353776641
-836.6900901267056
-850.422391856321
-821.3512094559208
-842.508908636559
-827.3511554788334
-845.5306016333092
-846.8642071842598
-799.2408468184933
-811.303676677739
-816.9237755982008
-804.5526674112417
-820.7735336584979
-878.594240601711
-799.4925193303192
-842.866834543817
-815.4998184063468
-845.1461966993622
-840.5498369542136
-848.769095196702
-878.1610545496786
-861.873312251359
-800.4701809685351
-784.6128250376969
-852.0085122947869
-833.7563574654715
-834.6427393618817
-832.5843249048505
-848.294790931561
-826.864189271004
-845.4673637706563
-873.121976641466
-872.4203363937168
-851.3964289080712
-851.9620186590379
-848.0293259335003
-846.0651361843408
-887.2173373314643
-890.0489872523716
-834.2588378141553
-872.4450878371841
-898.3145197855163
-861.7336198569443
-858.5357132309592
-885.510407399472
-883.0938651265087
-861.8515032227688
-850.4048376830492
-793.6613841210642
-874.4524240098241
-837.8101445387036
-882.889991241666
-892.4179259269469
-870.7674249130459
-904.1619586329306
-890.2801247785718
-870.3705836177421
-848.2516817541166
-894.2491712438346
-911.2419108026039
-849.4523970256753
-886.2685679070961
-855.2588276137955
-859.7077636499009
-889.682152107564
-868.186098986507
-910.9321759483232
-901.3720009799378
-929.6657348052697
-912.2065959778799
-924.1926407879948
-931.0759021301973
-909.7339795371904
-893.387003489903
-917.214831936744
-864.5106986436975
-900.6710378233738
-917.8140524938908
-878.3775443217721
-892.5716625864055
-923.5510805894702
-930.8507408458516
-862.1660525941629
-914.173070529639
-880.7139462941253
-891.5784184328422
-937.5586556289603
-901.8723523539882
-867.0565836682298
-869.3015909150998
-909.3357524432345
-910.02638898577
-867.4340122416272
-922.080150955833
-922.2562627836306
-913.8270402196365
-924.8092159499771
-939.6870021029002
-883.8919832662503
-861.6547141009212
-919.2771508177304
-867.544668804116
-880.5405524601035
-907.2650397164481
-928.1581786019461
-913.7440265180878
-897.8460722365138
-930.7709601617629
-964.1215682491179
-982.164484560215
-908.10289279217
-916.9259852890594
-928.9310254918814
-929.5442461286273
-927.5434384675619
-937.9495844731133
-894.6543501664966
-914.8471214188958
-904.0631261728876
-926.6701467399773
-860.1818429401943
-903.949944983979
-971.3939301539126
-920.9194100375549
-918.4372376296927
-958.4803083745016
-923.7746240378525
-904.4592818510697
-944.5315449094992
-895.0847852768436
-937.253474486039
-915.8040236372003
-921.8700160584691
-923.1007464712117
-965.8368646120696
-896.606428014518
-963.1982774866342
-923.5920309251354
-943.6865242813041
-947.5757319103188
-925.3937614985874
-922.763067394907
-950.4444837086761
-936.5614429069554
-976.4743913219821
-924.7667053503924
-966.3974042268393
-935.1162230671825
-984.1913999566285
-988.9228746319696
-921.6919514880202
-978.8385232406827
-933.5658707245154
-945.9779771286221
-950.2934608019991
-957.9451675063455
-955.9083058141892
-985.387481082969
-974.1199345742502
-940.2149141373172
-993.2230899037304
-986.5007504757648
-980.2049821686635
-966.4610681160254
-962.9529440216205
-1011.3975050965762
-952.3980221023209
-959.1756462062009
-926.2198078489523
-963.8533607913602
-983.6285098027524
-913.5475627991461
-971.6418815999536
-939.2695162373204
-955.6826097690565
-968.4197686630459
-924.6419537627752
-927.8679982550133
-990.2611713848905
-981.4881275326426
-972.0284394119193
-984.985101726198
-968.1483362171507
-957.1426385273032
-916.2276213685489
-964.7208582794611
-980.0991931554909
-946.096293304373
-942.2467242693572
-980.6506176082769
-983.6278735042167
-962.2385591779437
-932.1033006373639
-926.7580050982638
-1025.6025403633646
-942.2807197219216
-962.5540973294165
-982.3657437161916
-945.3305844074021
-944.8436858357372
-967.6974684192288
-1000.6203484579165
-971.2184805057016
-1012.2662794227424
-973.0783184420678
-937.220274454987
-977.9877538724978
-980.6472133908953
-983.4993834956999
-990.8480531894667
-959.3219833242179
-1023.3674665530157
-985.7845594344601
-946.9527844240039
-1037.1546834778676
-979.6727751718688
-999.381090155395
-992.1913360121064
-1015.6869544807117
-1011.8728639145601
-986.4028849096342
-1045.5464690160093
-1017.6391222905454
-1023.5597598871328
-1006.6934204453147
-1034.119736078148
-1005.532278390524
-972.1142854295018
-1047.2758166757048
-1023.3935109503258
-991.2154889436362
-991.4116981084445
-972.3990649166195
-1015.0455148318946
-1049.1866455341815
-937.9820237884873
-993.5442385343912
-1099.3263658444453
-1010.8946513580287
-998.1718602422195
-996.9112725148003
-1006.3556093136835
-1007.6760106592135
-1029.2741291204356
-999.9759080069406
-983.5176380350842
-976.6680007881832
-992.3364255307457
-934.1198741444795
-991.2173309084458
-988.8611436131912
-1010.6543695827783
-985.5528537205288
-933.3305243215253
-980.296793049931
-1020.8738311205042
-968.9052864813035
-1006.1610378142326
-978.3065452311995
-983.0760387649185
-988.5495437762704
-1008.7583996293731
-934.4588603621804
-974.373040054251
-974.638672648487
-915.3923003772437
-1002.3471148442563
-981.2176895844772
-939.7692442775322
-883.3935885099771
-1003.1436124177573
-911.1542635755055
-980.5773190968597
-962.5918828902707
-990.9432702569918
-988.328516656902
-975.1440698210545
-959.2047330091626
-987.2174098898189
-998.1445860972602
-997.6674948222077
-990.1368517897646
-950.779672191989
-935.5833841139271
-968.7066199307068
-1007.4251168224669
-999.9648259246404
-1020.8722841992357
-983.8453726702571
-1000.6097776703022
-980.5510567344279
-990.9273592953308
-1037.311548892254
-981.7799444594142
-1009.6738727059782
-995.6561583242109
-972.7826616840978
-955.9461080577516
-977.2442546088574
-976.250066924205
-1030.6021958452216
-986.0280354231734
-1000.0750141121824
-1009.441902784708
-1028.6862814723072
-968.8195849124188
-971.2992763607183
-968.81787671911
-1006.8495235179427
-962.2976028600596
-986.8485467796502
-1006.0725189068351
-973.410270339333
-947.8710222002549
-1015.1337119247506
-1033.8037032377886
-978.2277608071604
-973.369484905823
-999.0524034104589
-993.9567278321438
-1003.1338241506832
-986.1361499557846
-1004.516657868838
-1008.4443674746747
-1034.7334708640103
-940.9983417493407
-996.4561082690542
-951.9346665764734
-1014.3592795798306
-1007.7828186492217
-987.6308707136163
-1008.4269944731541
-972.1141379835419
-978.5727235293059
-1033.254140616562
-1040.9579598211474
-1003.5832835254581
-1042.3678735126548
-1026.4097658851729
-982.588662406816
-986.6876302974015
-980.6783783644576
