-74.11722772297222
-300.8333073277627
-320.0758096721315
-387.60678710585915
-436.5492673974982
-431.80813712897935
-487.70465789302705
-480.7640386204566
-547.0562366977815
-557.095013460256
-641.10998165992
-601.2461294007192
-599.7151905710247
-664.431405744245
-654.9364175884405
-633.3426973017679
-689.2443517166348
-694.9646900985648
-712.1212909891858
-673.9833082207887
-631.8771864466953
-709.9649083361647
-701.7827818206928
-752.7777820710213
-750.4118120747228
-734.6429621612971
-743.0225942409533
-733.3467351324547
-776.8491165758827
-739.412490879885
-713.1955525479558
-782.3185044917093
-769.5073586389217
-702.8068564190843
-760.1140569080405
-816.1468339208084
-773.9805128739176
-777.9311565188219
-745.9068352000504
-768.175571402097
-801.3330973128569
-757.5641848920128
-783.5496368759788
-807.5202020038657
-785.9721306655814
-788.6205951321509
-750.0605305087182
-795.8318441364622
-751.2398928804881
-808.1194335832024
-804.370493770195
-839.551999562347
-871.7656517556186
-825.2907644966231
-830.863989060925
-821.006189289181
-802.4124469537339
-830.3557103196597
-858.4473476146223
-836.705295967067
-850.4366299238073
-821.3668129564979
-842.5270971307008
-827.372008591753
-845.5554697326801
-846.8921472575807
-799.2680288042341
-811.334007184077
-816.957163199851
-804.5839946149132
-820.8055287725914
-878.6295560493996
-799.530550090948
-842.9138561547627
-815.547014755038
-845.1916255950928
-840.5964111952188
-848.8101885747251
-878.2026137250909
-861.9201876732611
-800.5207519091769
-784.6637761032526
-852.0654768350487
-833.8073118710847
-834.6956299109393
-832.6411710510605
-848.357013245332
-826.9178518831455
-845.5354936133881
-873.1846337296446
-872.4884850989838
-851.4671054545636
-852.0230899758053
-848.0930149236582
-846.134528727026
-887.2987664921493
-890.1221287635065
-834.322340213758
-872.5095906059863
-898.3971957720919
-861.8114053225188
-858.6089408628402
-885.5841763887537
-883.1643192976851
-861.9300377489784
-850.477757467103
-793.7324130677957
-874.5290262248659
-837.8822381155832
-882.9683504060666
-892.5007393832581
-870.8514116524551
-904.2498801183042
-890.3589855405042
-870.4594008977512
-848.3350759057955
-894.3386438607071
-911.3333961029756
-849.5503904632709
-886.369641774261
-855.3578606530818
-859.8125481671452
-889.7996883798854
-868.2962366271129
-911.0576541742422
-901.4966786468084
-929.7923393425305
-912.3322847186146
-924.3179403647849
-931.2069180923672
-909.8623332362021
-893.5114583221998
-917.3502933484618
-864.6357631771245
-900.7973515207317
-917.9450629098075
-878.511057427402
-892.7024621216383
-923.6917213228991
-930.9916701075119
-862.2979237077423
-914.3128293648293
-880.8533993206815
-891.7169075188
-937.6993918001377
-902.0156190582135
-867.19568732477
-869.4416159001364
-909.479734429566
-910.1667124313144
-867.5683006251462
-922.2218421021914
-922.4020446214807
-913.9771958628008
-924.957996069561
-939.8340601415678
-884.0308993741664
-861.7995154033608
-919.4258724335701
-867.6925774851153
-880.6895838355139
-907.4232285495178
-928.3179737214119
-913.8975696475825
-897.9999533534599
-930.9290407945483
-964.2931166618101
-982.3332710969283
-908.2665522702828
-917.0807793459036
-929.0921971896827
-929.7138356679046
-927.7060448431199
-938.1226865333347
-894.8051842456589
-915.0196488727622
-904.2298599629908
-926.8339858428674
-860.3375709111789
-904.1138635450794
-971.5682353621804
-921.084061143585
-918.6055329845798
-958.6567081064672
-923.9514032794583
-904.630354780206
-944.7025007959885
-895.2556669261598
-937.4357073164206
-915.9742482268865
-922.0334347579886
-923.2714369110248
-966.0195139168594
-896.7707108088902
-963.3790285312635
-923.7632793479252
-943.8705039310016
-947.7558176945981
-925.5798278052686
-922.9363799908194
-950.629797979434
-936.739501882808
-976.6635774005942
-924.9418296989758
-966.5859741351571
-935.3014615054504
-984.3912979688513
-989.1164937151193
-921.8681267241728
-979.0324466591057
-933.7387322983983
-946.1599462131202
-950.4811879028373
-958.1386349585748
-956.0929959116993
-985.583430364934
-974.3079535137124
-940.3911120507025
-993.4211503745224
-986.6945559242354
