-58.363761250770864
-306.71985211350403
-379.6700011486282
-380.19854233561574
-440.67994129163327
-478.1757504511539
-449.14965815917685
-477.99864123603714
-496.6970263010895
-538.9097826557775
-521.0138155908628
-570.6303747502341
-551.9306700921828
-583.8576363066924
-572.4671124576973
-602.8833399478192
-609.2287219702373
-588.4418745172738
-632.0014374772525
-643.5585176494264
-596.5312017537482
-595.5640612131989
-639.4190510165307
-659.0520330683976
-650.4496393159787
-688.771791291127
-652.3448396673949
-673.4796222739506
-706.5264448526268
-671.6342825559976
-705.8682306702785
-691.7443249258578
-695.5435966104956
-695.2805830080938
-703.2248896223059
-676.7087523464783
-709.8519197982578
-683.1602471347229
-765.677597995178
-737.4022358309838
-736.6474163213633
-741.0094739017399
-740.9770147613666
-704.5516789893401
-713.3017295450659
-758.3310591658139
-757.7285420641921
-782.2127228134788
-736.6615553121962
-749.2652673501573
-747.4415738857286
-744.3074197725217
-740.4033397683351
-767.2479331899898
-767.3338395571379
-793.09949662169
-734.9334373660901
-766.3971378396733
-771.9198599784605
-762.3745654409382
-775.2087390653548
-785.0488459811232
-780.2161861564706
-803.4633423765683
-813.0824410091348
-781.6757812412104
-780.869515379453
-797.6601228494249
-826.7219949537708
-783.1375587568855
-789.7152840926351
-769.1560439711892
-793.1030686901462
-784.6320241409512
-798.0366353329425
-801.1745416491812
-800.0253380630423
-790.4108114638087
-796.5126245032807
-801.8908096172843
-784.6312651040917
-807.8564961868497
-764.2214923190631
-717.5365560329454
-760.2881175449917
-832.6455365018361
-731.8335636508081
-769.620536856937
-792.0672193298691
-769.141801728631
-789.6737755982008
-823.4823943107359
-788.1405618553338
-840.7506824363761
-843.3993676532798
-796.0448388690772
-784.6654960702641
-807.1717731106665
-826.65340329535
-787.1906942727928
-820.2444785860827
-774.4357724870954
-828.0263440356276
-863.0712082682667
-827.598797734432
-862.2291541736796
-817.6142105594759
-829.2984148631997
-872.4562402892223
-808.8943270054831
-788.3057968561551
-842.5663982844023
-865.7928787310552
-840.757771452451
-834.1445581989904
-823.4361428115775
-855.164116837462
-843.9912070349064
-889.3971601916897
-868.5592428462296
-818.1415166547222
-812.7612620059247
-862.3895983410321
-881.7792057298844
-873.8907068841469
-829.7236946563017
-869.4447465887816
-880.1955290236232
-878.9840005619735
-904.6891765330794
-870.6667149451471
-849.1049266762448
-840.4862371161237
-849.1189068209741
-849.6694702179201
-831.8411895998063
-855.9136615524643
-876.3696893261325
-900.8032621040871
-854.0550767749136
-897.2258959299958
-858.2961145853667
-907.4651467635335
-853.6340072385726
-858.8850693241243
-859.8382441085605
-799.7141739805722
-887.9200682749946
-830.9363024926955
-891.8615263662031
-891.9066604007774
-875.2292770350583
-872.7971698040237
-876.1144006966446
-880.5602482123309
-864.4804907416418
-873.4486147972846
-852.6729535924674
-851.3257156583021
-885.4822185182352
-894.9850690639513
-895.0019610224781
-881.2059982581072
-889.8550990407917
-888.705049590581
-891.717739074461
-862.3180549814954
-888.3069038918491
-903.8841761575866
-873.794796394313
-859.721904072344
-904.6521368367331
-894.9767590360158
-874.4516739383821
-884.8318252915061
-924.7619074808288
-912.4669612761467
-876.7858873710105
-926.6219714467976
-928.0586836854434
-913.793707781673
-868.1273868050993
-866.5457276638751
-879.9086464033699
-905.5208158009613
-895.7017279769967
-895.8320014180126
-933.1712311775453
-862.1369778329876
-897.310395069386
-867.7589902306482
-898.3270954975884
-877.5543740268128
-894.1669603514781
-924.8263268888271
-954.5363000263267
-892.3191787262666
-914.254764363513
-939.1666931996148
-949.4450588006578
-908.354239749469
-913.5293123095815
-863.2754171345091
-912.5962941657563
-892.8282507267966
-902.963372929305
-955.1407760057581
-875.4260811871648
-923.6796053345852
-908.3426744663221
-853.786045399679
-948.3119503386009
-920.8057295012584
-949.5011932794949
-909.6791360037668
-956.2102575225215
-900.2507491397419
-966.8062953685286
-909.3588909201908
-913.532721453548
-925.6323187691825
-951.0615467300064
-942.2723205496089
-906.6980857497537
-909.3813619833388
-915.6547172036588
-921.897765744117
-899.5344208088889
-925.797616774036
-977.6560298506565
-945.6911780537548
-953.4993297383533
-857.0209847375545
-945.6656402025354
-936.3878323954921
-900.4803187198903
-927.9152061708512
-907.199798170872
-932.9630502489855
-920.1508479843491
-952.2290446197932
-955.3324517808202
-893.5402381826656
-938.1536063268986
-936.0679444343813
-959.5512372205884
-949.1231946285968
-912.0879650907033
-880.6686870205787
-977.1406629008632
-950.9641127520442
-909.5861218008578
-917.6743538500526
-930.2056770324707
-955.9310276717085
-900.4572935412007
-1004.5475676927698
-918.7118408625028
-983.0373900672807
-955.9502705077422
-968.7116434189581
-920.8467352642991
-968.7905783587337
-895.8028884395476
-963.3057148028079
-934.115521813318
-948.2605437880837
-928.0862780100739
-930.5140972928517
-880.8812049654772
-940.3597117393248
-985.3944021479874
-984.550559988769
-992.7096312562442
-964.6289835283833
-1020.7473853326613
-939.6022152878721
-1011.3223674440164
-981.5945556086879
-990.0988718815114
-954.3848878183672
-961.6445836713237
-962.0922117453017
-946.2944810181718
-1015.7709655410134
-930.8512654458323
-970.5955460016629
-952.8722925493794
-898.4614882930632
-968.932231182327
-1038.5208394977903
-1021.0674785490959
-935.2614255984258
-984.0491678440077
-966.7367912855017
-996.3946550079205
-981.2817067111142
-933.0925391808083
-979.1606603877335
-1012.4582453389322
-981.4226202854912
-934.9033479119227
-957.8522874430028
-970.3643443024104
-968.7020075925484
-971.9841790265202
-932.147222211284
-990.8604155685495
-966.9043323323474
-1000.6259472754693
-952.6940136746877
-937.66960026262
-925.6442592638429
-952.660522003877
-956.2332408571024
-982.2731222513085
-948.9491074909263
-1006.475328928864
-1006.6044352658882
-982.2167169597292
-951.938840699086
-963.6465295360935
-988.957526281682
-1006.7846000425277
-929.5697973796299
-978.9237766529558
-947.0442933816514
-1010.9807706911993
-999.5328788581531
-977.7596335828579
-984.2865655872679
-972.4680715683968
-975.6800799391787
-976.183597687752
-978.0834832828715
-988.2513469045613
-984.1429929953017
-994.5022058794575
-1000.7502901850758
-947.0400904114895
-1005.2249991421326
-955.0084797380157
-962.2197306233068
-971.6384061470559
-1001.6337317541447
-974.2704343663931
-1011.8975017916772
-993.9101865917856
-993.1367079211819
-978.0611367643154
-972.808156641947
-975.5068128032069
-956.5757559675226
-965.8538175530148
-996.6441317088044
-1004.3924317162158
-1013.2474865891417
-1003.9886792705905
-1033.3367228705763
-1041.0012543849682
-981.8302804160228
-937.3786268102408
-1056.0098221950268
-1003.9697723037087
-965.4586006551294
-996.9740983813589
-1002.7837343765294
-970.9182870223226
-961.5854130230741
-1009.2640433597126
-963.8385936192104
-993.6347904073477
-986.4657859978039
-979.1314900481756
-961.4301148867278
-1026.0077982080697
-1009.7054052045269
-1006.6933912286012
-1003.8306422431348
-1029.498154354535
-1014.5357833370085
-1010.5855203971336
-1055.756386752502
-958.6529397744737
-997.2174614409697
-966.7329286847796
-971.0929211702215
-995.7577637417526
-991.351571289625
-994.831159143404
-1033.2129987725464
-1001.6368586193032
-994.5047473292196
-994.5966026464365
-992.1533821299329
-1032.5028931753975
-984.2568164069531
-989.3222359512259
-1039.4114881946196
-1030.296703953897
