0.372342973947525, 0.002040805062279105, 0.14536269009113312 
0.8691427111625671, 0.001953789032995701, 0.15142515301704407 
0.898411214351654, 0.00039643567288294435, 0.07903734594583511 
0.8436366319656372, 0.00017939895042218268, 0.058155905455350876 
0.9094053506851196, 0.00018023532174993306, 0.04785393550992012 
0.6519529223442078, 0.0001632634230190888, 0.04914827644824982 
0.6889945864677429, 7.341000309679657e-05, 0.02942156046628952 
0.7346904873847961, 5.34232021891512e-05, 0.025039657950401306 
0.6257416009902954, 2.031749681918882e-05, 0.013939603231847286 
0.5880411863327026, 8.289170182251837e-06, 0.007935804314911366 
0.5677364468574524, 3.6304472814663313e-06, 0.00249851169064641 
0.3787476122379303, 7.716628829257388e-07, 0.0005319357733242214 
0.45300737023353577, 4.1427829273743555e-06, 0.002083246363326907 
0.4140240550041199, 1.2793531823263038e-05, 0.005256072152405977 
0.40688690543174744, 7.961051596794277e-05, 0.025785023346543312 
0.43340715765953064, 3.5072265745839104e-05, 0.021431446075439453 
0.3267654776573181, 3.917901267413981e-05, 0.02092665247619152 
0.3089810907840729, 2.208615478593856e-05, 0.014090077020227909 
0.4694212079048157, 2.120734097843524e-05, 0.011149989441037178 
0.35288307070732117, 4.154607086093165e-05, 0.01511459518224001 
0.3264788091182709, 4.1421448258915916e-05, 0.01300069224089384 
0.27574825286865234, 4.267296026227996e-05, 0.01852901466190815 
0.22749215364456177, 3.179002305842005e-05, 0.019913578405976295 
0.22073499858379364, 3.4351869544479996e-05, 0.012667541392147541 
0.25383520126342773, 3.5525918065104634e-05, 0.013170897960662842 
0.2514127790927887, 3.5052649764111266e-05, 0.012621499598026276 
0.21985328197479248, 1.9399272787268274e-05, 0.013996441848576069 
0.15352730453014374, 1.6341989976353943e-05, 0.012956665828824043 
0.22436046600341797, 1.8000344425672665e-05, 0.015115953981876373 
0.2803981602191925, 2.869862328225281e-05, 0.020112628117203712 
0.3301410675048828, 3.2787833333713934e-05, 0.015697050839662552 
0.36039334535598755, 7.692784129176289e-05, 0.02084379456937313 
0.5235261917114258, 4.949391586706042e-05, 0.019975580275058746 
0.6032383441925049, 3.668548379209824e-05, 0.017335671931505203 
0.6552144289016724, 3.937682413379662e-05, 0.022197779268026352 
0.8135572671890259, 3.5203494917368516e-05, 0.023341042920947075 
0.743025004863739, 5.8496058045420796e-05, 0.027083903551101685 
0.8333089351654053, 7.552581519121304e-05, 0.027395257726311684 
1.0993257761001587, 0.00014493642083834857, 0.03905372694134712 
0.771960973739624, 0.00012290528684388846, 0.03202648088335991 
0.9432911276817322, 0.00017070081958081573, 0.04351947456598282 
1.025647759437561, 0.00035770871909335256, 0.05060365051031113 
1.005216121673584, 0.0004311713273636997, 0.06634521484375 
1.135688066482544, 0.0007605014252476394, 0.09747147560119629 
1.424100637435913, 0.0010516835609450936, 0.13036368787288666 
1.320744276046753, 0.0018653379520401359, 0.14360158145427704 
1.1419459581375122, 0.0033752871677279472, 0.19146522879600525 
1.8035780191421509, 0.002990567125380039, 0.20159965753555298 
1.7730263471603394, 0.004109689500182867, 0.20757029950618744 
2.102585792541504, 0.009538711048662663, 0.30683669447898865 
1.6983970403671265, 0.017053602263331413, 0.387635737657547 
2.2560129165649414, 0.021294986829161644, 0.4232137203216553 
1.9797263145446777, 0.027415556833148003, 0.4581664502620697 
2.2100393772125244, 0.026294639334082603, 0.41533324122428894 
2.262005090713501, 0.02849075011909008, 0.4384453594684601 
1.7478796243667603, 0.035724855959415436, 0.5355177521705627 
2.0503549575805664, 0.04314418509602547, 0.7344460487365723 
2.714775562286377, 0.04875984415411949, 0.4661714732646942 
2.2157444953918457, 0.057362135499715805, 0.6109955906867981 
2.437685251235962, 0.04965690150856972, 0.8162299394607544 
2.5312466621398926, 0.054457493126392365, 0.7675422430038452 
2.1563503742218018, 0.0608072467148304, 0.791511058807373 
2.532747745513916, 0.06566444039344788, 0.852445662021637 
2.89605712890625, 0.05722590163350105, 0.6985343098640442 
3.673656702041626, 0.07148482650518417, 0.8124990463256836 
2.791869640350342, 0.07195897400379181, 0.9068161845207214 
3.0955541133880615, 0.08818690478801727, 0.9416502714157104 
4.708987236022949, 0.0869440883398056, 0.8168582916259766 
2.410372734069824, 0.08376216143369675, 1.0774705410003662 
3.173222541809082, 0.0870627611875534, 1.0472490787506104 
3.8314812183380127, 0.09899045526981354, 1.02704918384552 
4.38006067276001, 0.10681085288524628, 0.8967297673225403 
3.9397950172424316, 0.09261953830718994, 1.2218531370162964 
4.108614444732666, 0.10103238373994827, 1.0338325500488281 
3.9278042316436768, 0.09275400638580322, 1.0726295709609985 
4.531445026397705, 0.10580521821975708, 1.0276211500167847 
4.182983875274658, 0.09940586239099503, 1.1815061569213867 
5.617745399475098, 0.09579508751630783, 0.94466233253479 
4.059823513031006, 0.10657654702663422, 1.0297133922576904 
2.837371826171875, 0.09376559406518936, 1.0259114503860474 
3.920124053955078, 0.09770679473876953, 0.9946216940879822 
3.4416868686676025, 0.10211728513240814, 1.0422488451004028 
4.303145408630371, 0.10797272622585297, 1.17464280128479 
4.181970596313477, 0.09149633347988129, 1.2530640363693237 
4.504153251647949, 0.11590265482664108, 1.1207501888275146 
5.011878490447998, 0.10050536692142487, 1.2928112745285034 
3.9636313915252686, 0.09600957483053207, 1.143925666809082 
4.1892781257629395, 0.12062686681747437, 1.282927393913269 
6.165042877197266, 0.10051742941141129, 0.9719948768615723 
6.349445819854736, 0.11197555065155029, 1.1365461349487305 
6.462169647216797, 0.11985419690608978, 1.2840001583099365 
5.910208702087402, 0.11161115765571594, 1.3460135459899902 
5.921950817108154, 0.09785805642604828, 1.208343505859375 
5.5278778076171875, 0.09580318629741669, 1.0981861352920532 
5.847712516784668, 0.11023328453302383, 1.013045072555542 
7.527345180511475, 0.10731765627861023, 0.971400797367096 
5.1758270263671875, 0.0986206904053688, 1.3772499561309814 
7.207186222076416, 0.11265194416046143, 1.0788116455078125 
6.556784629821777, 0.10949703305959702, 1.094042181968689 
4.452138900756836, 0.10070794075727463, 1.4743282794952393 
6.425986289978027, 0.11313287913799286, 1.1275854110717773 
5.136123180389404, 0.10572667419910431, 1.4565224647521973 
5.050407886505127, 0.10999367386102676, 1.0667585134506226 
5.535871505737305, 0.09129045903682709, 1.2334192991256714 
6.6153340339660645, 0.11159470677375793, 1.2780680656433105 
5.499730110168457, 0.11792905628681183, 1.2887792587280273 
6.6368088722229, 0.11581328511238098, 1.438827633857727 
7.960088729858398, 0.1159762442111969, 0.9599475860595703 
6.506655693054199, 0.11533235758543015, 1.4734963178634644 
5.345463275909424, 0.12075304239988327, 1.33995521068573 
7.4018635749816895, 0.11880376935005188, 1.4338853359222412 
8.927399635314941, 0.11939115822315216, 1.2818740606307983 
5.2412638664245605, 0.11498034745454788, 1.3794993162155151 
6.330216884613037, 0.11919097602367401, 1.2326098680496216 
10.975469589233398, 0.12859420478343964, 1.3922077417373657 
7.450007915496826, 0.12643079459667206, 1.3785710334777832 
6.810800552368164, 0.11520857363939285, 1.1878856420516968 
9.012633323669434, 0.13314953446388245, 1.2643589973449707 
6.163611888885498, 0.127176433801651, 1.3895492553710938 
6.667605400085449, 0.11461658030748367, 1.3960460424423218 
8.746987342834473, 0.11878212541341782, 1.2288589477539062 
10.379586219787598, 0.12984931468963623, 1.0089584589004517 
7.358030796051025, 0.11914508789777756, 1.39194655418396 
8.794892311096191, 0.14129586517810822, 1.2419400215148926 
8.414403915405273, 0.14054276049137115, 1.2070473432540894 
11.265894889831543, 0.1392657309770584, 1.4209578037261963 
10.171167373657227, 0.14277082681655884, 1.419752836227417 
7.638172626495361, 0.11897308379411697, 1.278870940208435 
10.311225891113281, 0.12081307172775269, 1.2330749034881592 
10.748003005981445, 0.15548495948314667, 1.2163089513778687 
5.994482517242432, 0.10826868563890457, 1.303866982460022 
8.081097602844238, 0.11078792810440063, 1.229232668876648 
12.208375930786133, 0.14010225236415863, 1.6116694211959839 
15.568026542663574, 0.1595563292503357, 0.9884892106056213 
11.039095878601074, 0.14152708649635315, 1.3717176914215088 
10.705062866210938, 0.13627299666404724, 0.9435610175132751 
11.010443687438965, 0.17059597373008728, 1.4073151350021362 
12.100616455078125, 0.14850816130638123, 1.0634254217147827 
9.958633422851562, 0.1314854621887207, 1.3368277549743652 
10.967621803283691, 0.14827290177345276, 1.114449381828308 
15.813611030578613, 0.14634256064891815, 1.5799334049224854 
13.298041343688965, 0.14230404794216156, 1.2643930912017822 
10.145898818969727, 0.12271467596292496, 1.1193071603775024 
12.221051216125488, 0.12210116535425186, 1.0700409412384033 
13.348483085632324, 0.15215644240379333, 1.1493699550628662 
10.122553825378418, 0.13772188127040863, 1.1695870161056519 
12.965424537658691, 0.1532547026872635, 1.7790207862854004 
12.246918678283691, 0.13549211621284485, 1.2581301927566528 
8.619786262512207, 0.13373561203479767, 1.3294141292572021 
10.606391906738281, 0.12994197010993958, 0.8285499215126038 
16.792085647583008, 0.1428564041852951, 1.209714651107788 
14.54980754852295, 0.13935384154319763, 0.9008437991142273 
16.910934448242188, 0.16352051496505737, 1.1531920433044434 
8.33962631225586, 0.12382623553276062, 0.9762071371078491 
16.65501594543457, 0.15800966322422028, 1.1252292394638062 
11.218676567077637, 0.14567139744758606, 1.160936713218689 
18.781246185302734, 0.1385704129934311, 0.9621778726577759 
13.993633270263672, 0.15973791480064392, 1.0078697204589844 
12.677836418151855, 0.12517689168453217, 0.9885513782501221 
13.85517406463623, 0.15921732783317566, 1.0687360763549805 
15.688273429870605, 0.16527804732322693, 1.4276899099349976 
17.209590911865234, 0.1583426296710968, 1.2982265949249268 
24.998676300048828, 0.14848409593105316, 1.3445942401885986 
18.514781951904297, 0.1426476538181305, 1.6922078132629395 
19.730140686035156, 0.14003190398216248, 1.1582530736923218 
15.061284065246582, 0.15221132338047028, 1.1848924160003662 
14.6646089553833, 0.1504674255847931, 1.6852725744247437 
17.241235733032227, 0.14657071232795715, 0.9307654500007629 
17.3225040435791, 0.16787338256835938, 1.1968942880630493 
12.660285949707031, 0.12925727665424347, 0.9548514485359192 
21.64609718322754, 0.17279817163944244, 1.1834384202957153 
14.401416778564453, 0.1640145629644394, 1.6845148801803589 
12.199065208435059, 0.1537618637084961, 1.222866415977478 
13.56969165802002, 0.1711571365594864, 1.3694167137145996 
16.263774871826172, 0.17306844890117645, 1.3856908082962036 
21.42804527282715, 0.15325649082660675, 1.0376136302947998 
17.171663284301758, 0.15993180871009827, 0.8999770283699036 
19.575462341308594, 0.18076083064079285, 1.1071679592132568 
14.09011459350586, 0.12521116435527802, 1.1693098545074463 
16.995107650756836, 0.13495862483978271, 1.2524809837341309 
16.678144454956055, 0.156932070851326, 1.015188455581665 
20.799924850463867, 0.1370219886302948, 1.5297565460205078 
21.049163818359375, 0.16651684045791626, 1.0886876583099365 
16.687007904052734, 0.17158034443855286, 0.940849781036377 
26.237930297851562, 0.1953556388616562, 1.0915558338165283 
21.586734771728516, 0.18282683193683624, 1.7574795484542847 
14.31848430633545, 0.1579241305589676, 1.3602780103683472 
21.540542602539062, 0.14529949426651, 0.9526473879814148 
21.015766143798828, 0.1841563582420349, 1.2039283514022827 
17.260404586791992, 0.1708889752626419, 0.9700915217399597 
39.499855041503906, 0.18022112548351288, 1.0889447927474976 
18.934581756591797, 0.18350425362586975, 1.668069839477539 
14.975910186767578, 0.17124700546264648, 1.024770736694336 
24.347394943237305, 0.1462264209985733, 1.0992423295974731 
18.882831573486328, 0.15127134323120117, 0.9574620723724365 
22.6917667388916, 0.1927061378955841, 1.3959585428237915 
25.97503089904785, 0.17473244667053223, 0.8981172442436218 
36.584991455078125, 0.1692458540201187, 1.3433111906051636 
18.019943237304688, 0.14872218668460846, 1.060407280921936 
20.387760162353516, 0.15880323946475983, 1.2134941816329956 
24.17373275756836, 0.16507403552532196, 1.1169984340667725 
22.51316261291504, 0.19804291427135468, 0.9640141725540161 
35.95195770263672, 0.1887437403202057, 1.0387378931045532 
26.06290626525879, 0.17352741956710815, 0.9943417310714722 
24.15172004699707, 0.1581384688615799, 1.0628653764724731 
21.83456802368164, 0.16308897733688354, 1.1384315490722656 
18.054765701293945, 0.15227489173412323, 1.0409055948257446 
33.00331115722656, 0.18823733925819397, 1.4896515607833862 
27.880868911743164, 0.19031807780265808, 1.341074824333191 
24.92403221130371, 0.19125032424926758, 0.9440207481384277 
39.98006820678711, 0.21173422038555145, 0.9785279035568237 
25.018661499023438, 0.15798723697662354, 1.2991340160369873 
21.20435333251953, 0.16222350299358368, 1.8193129301071167 
22.62130355834961, 0.19370093941688538, 0.9669462442398071 
23.076396942138672, 0.19900478422641754, 1.4369946718215942 
23.70332908630371, 0.16464881598949432, 0.9732380509376526 
19.28476905822754, 0.18295204639434814, 1.5753321647644043 
37.00770568847656, 0.1576659381389618, 1.0095007419586182 
19.11433982849121, 0.18811234831809998, 1.4061347246170044 
38.81624984741211, 0.1759612262248993, 0.8883220553398132 
27.957704544067383, 0.20005381107330322, 1.1626262664794922 
27.346397399902344, 0.1831100881099701, 0.903462827205658 
27.458993911743164, 0.1727152168750763, 1.1325503587722778 
57.26121139526367, 0.20234568417072296, 1.1533985137939453 
33.75819396972656, 0.21049323678016663, 0.9456356167793274 
22.01248550415039, 0.2020508348941803, 0.9371442198753357 
19.561302185058594, 0.18903924524784088, 1.2075353860855103 
21.67864990234375, 0.19142748415470123, 1.24766206741333 
27.096250534057617, 0.2048523873090744, 1.1070772409439087 
34.82834243774414, 0.16641990840435028, 1.0641216039657593 
19.97549057006836, 0.13781113922595978, 0.9164127707481384 
35.51401901245117, 0.1952202469110489, 0.9737337827682495 
25.391952514648438, 0.1639416515827179, 1.0943310260772705 
28.641103744506836, 0.20192688703536987, 1.2777132987976074 
39.8416748046875, 0.18426063656806946, 1.3989484310150146 
21.488622665405273, 0.17849771678447723, 1.213584542274475 
30.10694122314453, 0.22427517175674438, 1.4482468366622925 
24.831409454345703, 0.1897294819355011, 0.7707317471504211 
28.673248291015625, 0.2213411182165146, 0.8064507842063904 
31.682777404785156, 0.20873558521270752, 1.182946801185608 
27.05138397216797, 0.17893272638320923, 1.3264727592468262 
26.904312133789062, 0.18637527525424957, 1.2043559551239014 
29.06654930114746, 0.2059086710214615, 1.0386834144592285 
23.291576385498047, 0.1820145547389984, 0.8275736570358276 
27.66790199279785, 0.22189660370349884, 1.2071959972381592 
41.26921081542969, 0.21602898836135864, 0.9105374217033386 
26.296178817749023, 0.19918082654476166, 1.168481707572937 
24.14166259765625, 0.20514275133609772, 0.9985355734825134 
27.919845581054688, 0.18202626705169678, 1.2419698238372803 
32.524166107177734, 0.18884851038455963, 0.7874763011932373 
39.084327697753906, 0.18478183448314667, 1.0831832885742188 
26.51363754272461, 0.2017177790403366, 1.0906496047973633 
36.42823028564453, 0.19218021631240845, 0.780832052230835 
30.379356384277344, 0.21421313285827637, 1.1771613359451294 
44.526268005371094, 0.20680496096611023, 1.1605494022369385 
32.89985275268555, 0.2071458101272583, 1.5148046016693115 
42.53464889526367, 0.23452222347259521, 1.2286897897720337 
32.67001724243164, 0.18739323318004608, 0.9619832634925842 
30.08548355102539, 0.2059946358203888, 1.2014130353927612 
32.7593994140625, 0.24359044432640076, 1.4577621221542358 
34.6267204284668, 0.20678876340389252, 1.111000657081604 
38.16809844970703, 0.22395043075084686, 1.4125757217407227 
32.43454360961914, 0.18846261501312256, 1.8612477779388428 
34.504032135009766, 0.20915529131889343, 0.8233474493026733 
30.81062126159668, 0.24541506171226501, 1.009130597114563 
28.596328735351562, 0.1817423552274704, 0.8754976987838745 
29.19829750061035, 0.19683444499969482, 1.2255032062530518 
42.88650894165039, 0.2460024505853653, 1.0835685729980469 
24.797393798828125, 0.1886730194091797, 1.7059820890426636 
36.09709167480469, 0.21650980412960052, 1.113651990890503 
39.45002365112305, 0.19876684248447418, 1.0211344957351685 
31.077627182006836, 0.19798840582370758, 0.8886582255363464 
28.10713005065918, 0.2074013352394104, 0.7893140316009521 
32.901039123535156, 0.22565634548664093, 1.2618846893310547 
34.19803237915039, 0.2365141063928604, 1.461385726928711 
32.86509323120117, 0.239468052983284, 1.0727252960205078 
27.224056243896484, 0.1867174208164215, 0.7494522333145142 
36.26400375366211, 0.22477847337722778, 1.0370835065841675 
27.480215072631836, 0.19151483476161957, 1.5485730171203613 
51.21944808959961, 0.22334660589694977, 1.285457730293274 
32.23261260986328, 0.19751909375190735, 1.125593662261963 
38.01605987548828, 0.21131032705307007, 0.8154527544975281 
37.99135971069336, 0.23076622188091278, 0.6272522211074829 
34.090206146240234, 0.24836932122707367, 1.319058895111084 
48.91464614868164, 0.24519193172454834, 0.9081240892410278 
32.09326934814453, 0.21747064590454102, 1.0633164644241333 
37.41880416870117, 0.20076853036880493, 1.1432801485061646 
32.32925796508789, 0.193431094288826, 1.0947891473770142 
42.798118591308594, 0.19033168256282806, 1.0365850925445557 
34.96419906616211, 0.20529016852378845, 0.9311221241950989 
45.36943054199219, 0.23752586543560028, 1.4349950551986694 
27.35047721862793, 0.1937946081161499, 1.0578573942184448 
33.165409088134766, 0.23580777645111084, 1.101406216621399 
44.009586334228516, 0.23625437915325165, 1.2620301246643066 
48.56747055053711, 0.23110462725162506, 1.0282115936279297 
35.55983352661133, 0.22576840221881866, 1.4933568239212036 
55.15864562988281, 0.23116078972816467, 1.0101356506347656 
39.95841598510742, 0.2065354585647583, 1.6751521825790405 
31.210657119750977, 0.2287546545267105, 1.0585782527923584 
59.11481857299805, 0.21163123846054077, 0.8837960362434387 
59.71157455444336, 0.20898407697677612, 1.330674648284912 
31.521427154541016, 0.2221590131521225, 0.765769362449646 
72.9399642944336, 0.21814432740211487, 0.942762017250061 
32.610660552978516, 0.22334198653697968, 0.6414392590522766 
28.236331939697266, 0.21007677912712097, 1.2302719354629517 
27.63422203063965, 0.2167450189590454, 1.1185158491134644 
38.3072624206543, 0.20826417207717896, 1.132270336151123 
26.6689395904541, 0.18268829584121704, 0.832751989364624 
35.28513717651367, 0.2088438719511032, 1.4389299154281616 
34.36420440673828, 0.22076089680194855, 0.8321583271026611 
46.73333740234375, 0.22842589020729065, 1.353167176246643 
39.3654670715332, 0.20354719460010529, 1.0244313478469849 
69.19196319580078, 0.22318880259990692, 0.6625348329544067 
44.71589279174805, 0.22231976687908173, 0.9903110861778259 
51.002723693847656, 0.2702709138393402, 0.6940277814865112 
28.936124801635742, 0.23298971354961395, 0.9324472546577454 
43.76625061035156, 0.2624265253543854, 1.0316356420516968 
49.01007843017578, 0.21431097388267517, 0.9079715013504028 
34.29237747192383, 0.2829730808734894, 1.1561731100082397 
46.34644317626953, 0.22816602885723114, 1.1910014152526855 
27.69116973876953, 0.2081509828567505, 1.1680101156234741 
38.478973388671875, 0.22613899409770966, 0.9558507204055786 
40.49623489379883, 0.22967207431793213, 0.7337063550949097 
59.5950813293457, 0.2223740816116333, 1.3581416606903076 
37.22306823730469, 0.2637689411640167, 0.9252772331237793 
36.134002685546875, 0.21081799268722534, 1.146629810333252 
31.9845027923584, 0.2037419080734253, 0.9540917873382568 
44.26819610595703, 0.19648541510105133, 1.1640112400054932 
35.60186004638672, 0.2387862503528595, 0.6908501386642456 
44.242984771728516, 0.2566162049770355, 1.308383584022522 
32.05940628051758, 0.2549388110637665, 0.6702907085418701 
32.56439208984375, 0.21752531826496124, 0.5553008317947388 
33.59101867675781, 0.2847389578819275, 0.7690249085426331 
44.420108795166016, 0.22171488404273987, 0.8396532535552979 
33.2568473815918, 0.22502070665359497, 0.8441027998924255 
42.11465835571289, 0.252680242061615, 0.5603759288787842 
33.086830139160156, 0.2787216007709503, 1.3982980251312256 
42.49745559692383, 0.2652665972709656, 0.8767381906509399 
35.72890853881836, 0.26210951805114746, 1.2268165349960327 
29.212738037109375, 0.2346125990152359, 1.8391340970993042 
44.496826171875, 0.2215365171432495, 1.1376073360443115 
49.10554122924805, 0.19954703748226166, 0.7636875510215759 
28.26950454711914, 0.21730270981788635, 0.625882625579834 
53.36111831665039, 0.22748056054115295, 0.8363391160964966 
37.87323760986328, 0.2602330446243286, 0.8326478600502014 
44.6281852722168, 0.25266021490097046, 1.1879792213439941 
34.73405456542969, 0.2289799302816391, 1.405996561050415 
40.37302780151367, 0.2691817879676819, 0.9168310165405273 
58.095054626464844, 0.2434728741645813, 0.8080549836158752 
36.39274215698242, 0.2047652304172516, 0.9558494687080383 
42.94620132446289, 0.2396424412727356, 0.9896274209022522 
44.92654037475586, 0.2328602522611618, 1.388885498046875 
36.2982177734375, 0.2367791086435318, 1.120243787765503 
41.947975158691406, 0.2117256075143814, 1.107585072517395 
41.663936614990234, 0.15868006646633148, 0.8715390563011169 
30.478872299194336, 0.178727388381958, 0.664379894733429 
45.10470962524414, 0.261183500289917, 0.9205178022384644 
47.74395751953125, 0.21300169825553894, 0.6387561559677124 
44.00920486450195, 0.23366762697696686, 0.7207390666007996 
41.09461212158203, 0.21723255515098572, 0.8270494937896729 
42.801551818847656, 0.28096067905426025, 1.1896517276763916 
46.14640426635742, 0.21102026104927063, 0.8289763927459717 
40.99079132080078, 0.21859382092952728, 0.6158799529075623 
30.49313735961914, 0.22146394848823547, 1.1387258768081665 
39.51948928833008, 0.190875843167305, 0.6413246393203735 
31.090576171875, 0.21274717152118683, 1.1951701641082764 
38.750972747802734, 0.23114508390426636, 0.7672774195671082 
33.98725128173828, 0.21544820070266724, 0.8944966793060303 
68.4150161743164, 0.27848947048187256, 0.898110568523407 
55.36140060424805, 0.23586635291576385, 0.6638903021812439 
57.33232879638672, 0.2032131552696228, 0.9178912043571472 
44.73754119873047, 0.20524057745933533, 0.8460645079612732 
63.519161224365234, 0.2511577606201172, 0.5483185648918152 
47.74836349487305, 0.26337066292762756, 0.8811658620834351 
30.099159240722656, 0.17679579555988312, 0.468587726354599 
45.23273468017578, 0.22434364259243011, 1.0788108110427856 
37.549861907958984, 0.20989735424518585, 0.9984336495399475 
38.41932678222656, 0.20779985189437866, 1.095729112625122 
35.9323616027832, 0.2075418382883072, 0.921737551689148 
29.654258728027344, 0.2391865998506546, 0.6616499423980713 
59.35137939453125, 0.21466423571109772, 0.8814882636070251 
55.16725158691406, 0.2679661214351654, 1.0665429830551147 
41.182762145996094, 0.2525186538696289, 0.7681975960731506 
38.45432662963867, 0.23451758921146393, 0.9489406943321228 
78.17036437988281, 0.21120226383209229, 0.8350389003753662 
44.992305755615234, 0.23099909722805023, 0.7187875509262085 
85.16140747070312, 0.2850033640861511, 1.02566397190094 
43.55681610107422, 0.29095062613487244, 1.3760321140289307 
43.942073822021484, 0.2807287573814392, 1.1427770853042603 
42.82448959350586, 0.27354195713996887, 1.3105076551437378 
46.87990188598633, 0.23925478756427765, 1.2085579633712769 
46.040931701660156, 0.25973162055015564, 1.6953626871109009 
41.71990966796875, 0.20329217612743378, 0.8029162883758545 
41.2701301574707, 0.23164679110050201, 0.3785690367221832 
69.65787506103516, 0.2974148690700531, 1.064681887626648 
37.90339660644531, 0.20032046735286713, 0.7840757369995117 
48.957740783691406, 0.22625373303890228, 1.1089963912963867 
66.6655044555664, 0.25020313262939453, 1.01034677028656 
42.43693923950195, 0.2428330034017563, 0.5079468488693237 
45.00261306762695, 0.19524602591991425, 0.8819295763969421 
