31.130517475885505
18.87507786610547
14.760729639635366
7.711001245861544
5.811319401684929
5.35482752297731
2.9332093149686562
2.7287883636004784
1.1480125390957383
-0.42402904981199435
-2.082197125939762
-0.26848575648139505
-2.8372770092241906
-3.4007158748980832
-4.455889002523001
-3.8935210773962385
-5.157151635262896
-6.720272662135608
-7.354949078754905
-6.1978002307169575
-7.476946531674441
-8.340541955749778
-9.180705012416139
-8.875682531770538
-9.237848481132703
-10.556486178654081
-9.796678915716269
-8.1627199920486
-11.3163990867116
-11.197474449732724
-10.609411614151561
-10.209760025879916
-10.319759233488757
-8.95743923618513
-10.839760974242406
-10.410822929200881
-12.792470462778036
-11.374764687725726
-11.315858635902405
-12.469685530995621
-12.90402638351216
-12.280288204112473
-12.15358902114279
-12.873332901421715
-13.678010761019062
-11.46625581313582
-11.365719278857988
-14.968094766744796
-14.083033929230536
-14.909417481501313
-15.804406219685779
-14.367172291033409
-14.07686001462095
-14.892122761905194
-16.3886039880444
-15.330442421243472
-17.63910171552616
-16.314026027058855
-15.810940210240728
-14.900408130533554
