-111.08111192900601
-296.79171905429683
-342.2592676313517
-374.6825792207147
-416.0732792357695
-464.171005024888
-460.33719543597664
-493.4084930419922
-508.8924291935934
-515.0668044903312
-542.6536814100731
-540.2557334064888
-561.2865105752022
-564.2039622996809
-598.6068447075681
-600.0683949202437
-593.12755486273
-629.7115389388828
-640.9297466234128
-605.1294282570412
-657.5564908234205
-672.3854462671939
-682.0889154952793
-681.0091459036972
-701.9028049943634
-725.118455368253
-714.695016764276
-663.6659250215451
-758.856743860904
-697.4611397800358
-761.3842878253779
-714.5799995105937
-725.6466058827765
-738.1521536831482
-768.7893282982611
-769.1462040211198
-782.0225008248184
-775.8693896966047
-732.6024729996782
-763.8402748898976
-763.0558902019729
-759.8609615800567
-748.9951847533476
-814.426278883411
-751.1635923429568
-759.9168121759793
-817.1831364433887
-822.8003674344533
-773.3765456379833
-783.4075372317969
-756.0203904710057
-787.6396144392304
-811.576491729455
-794.047357585573
-784.6022481610698
-816.7748797544136
-804.0065713258383
-722.0072107051375
-773.8079868176017
-843.629563028362
-785.6201918641543
-808.828629772784
-831.6643609429285
-817.1503042054067
-814.4322458961592
-845.6060622079032
-829.7919888243697
-863.9011600863549
-848.0154604582193
-827.6868145850397
-822.0095232774585
-832.1387117623184
-820.029990758764
-811.2195440898843
-824.5610793856432
-828.2082988545642
-818.0015071745842
-837.632511431171
-860.0539849672449
-839.5953017819312
-856.5751906188402
-831.6363066572198
-823.169157854423
-866.0505453540433
-870.4985779793031
-817.6302685012466
-870.3500172839186
-851.8803586740098
-868.1508235316122
-838.6552248704269
-869.188105745799
-883.1637447374757
-841.014451602637
-862.1084966351909
-882.1916856809695
-845.6352918950095
-848.3353224811466
-795.5933282034738
-869.5534230860696
-904.1848951418829
