0.095
0.085
0.075
0.11
0.11
0.11
0.1
0.09
0.08
0.085
0.125
0.1
0.1
0.095
0.11
0.065
0.115
0.115
0.095
0.085
0.085
0.065
0.105
0.105
0.08
0.11
0.07
0.06
0.085
0.095
0.08
0.08
0.1
0.09
0.075
0.12
0.06
0.135
0.105
0.12
0.135
0.13
0.17
0.145
0.165
0.155
0.165
0.225
0.19
0.165
0.165
0.195
0.225
0.19
0.21
0.215
0.215
0.235
0.18
0.235
0.24
0.225
0.255
0.295
0.22
0.255
0.275
0.235
0.32
0.3
0.3
0.27
0.25
0.35
0.345
0.29
0.355
0.27
0.375
0.26
0.345
0.255
0.305
0.38
0.275
0.32
0.395
0.3
0.32
0.34
0.43
0.38
0.37
0.395
0.31
0.4
0.37
0.35
0.375
0.365
0.34
0.415
0.365
0.395
0.395
0.415
0.36
0.4
0.46
0.41
0.42
0.4
0.425
0.385
0.41
0.4
0.38
0.485
0.425
0.42
0.42
0.39
0.445
0.41
0.42
0.45
0.46
0.445
0.46
0.455
0.445
0.475
0.475
0.46
0.42
0.43
0.48
0.455
0.49
0.445
0.515
0.56
0.48
0.6
0.505
0.515
0.5
0.575
0.5
0.575
0.555
0.505
0.51
0.55
0.52
0.485
0.555
0.545
0.57
0.52
0.51
0.6
0.595
0.575
0.61
0.595
0.56
0.615
0.595
0.53
0.58
0.61
0.575
0.595
0.62
0.565
0.585
0.59
0.545
0.605
0.645
0.715
0.625
0.625
0.615
0.555
0.585
0.6
0.635
0.63
0.66
0.655
0.645
0.66
0.665
0.56
0.68
0.64
0.67
0.665
0.67
0.68
0.68
0.675
0.7
0.695
0.67
0.705
0.715
0.69
0.675
0.7
0.7
0.665
0.66
0.67
0.735
0.755
0.715
0.635
0.73
0.68
0.715
0.745
0.73
0.7
0.685
0.775
0.765
0.73
0.715
0.695
0.77
0.76
0.73
0.76
0.76
0.715
0.77
0.77
0.725
0.755
0.795
0.715
0.735
0.725
0.755
0.79
0.79
0.74
0.71
0.715
0.72
0.76
0.765
0.69
0.75
0.8
0.735
0.75
0.725
0.83
0.745
0.79
0.73
0.785
0.76
0.74
0.775
0.705
0.795
0.765
0.755
0.77
0.815
0.79
0.73
0.785
0.825
0.82
0.8
0.77
0.77
0.78
0.74
0.83
0.75
0.77
0.77
0.795
0.785
0.765
0.785
0.78
0.765
0.755
0.775
0.725
0.825
0.77
0.785
0.77
0.815
0.795
0.755
0.835
0.78
0.81
0.825
0.835
0.85
0.84
0.81
0.75
0.79
0.835
0.82
0.765
0.77
0.825
0.85
0.75
0.795
0.8
0.83
0.835
0.81
0.86
0.775
0.805
0.805
0.82
0.805
0.825
0.795
0.805
0.795
0.835
0.845
0.86
0.795
0.83
0.78
0.855
0.865
0.83
0.825
0.855
0.845
0.86
0.79
0.765
0.805
0.81
0.865
0.84
0.8
0.855
0.8
0.845
0.77
0.78
0.835
0.865
0.825
0.76
0.875
0.855
0.905
0.87
0.875
0.84
0.845
0.84
0.785
0.85
0.835
0.835
0.785
0.835
0.8
0.87
0.845
0.85
0.81
0.835
0.835
0.85
0.855
0.89
0.81
0.82
0.875
0.835
0.845
0.86
0.785
0.88
0.855
0.865
0.805
0.85
0.825
0.85
0.875
0.89
0.875
0.83
0.84
0.85
0.84
0.885
0.805
0.865
0.845
0.91
0.85
0.865
0.885
0.86
0.885
0.855
0.865
0.82
0.825
0.895
0.85
0.88
0.855
0.875
0.85
0.8
0.83
0.855
0.835
0.88
0.85
0.82
0.88
0.9
0.765
0.825
0.825
0.88
0.885
0.925
0.84
0.855
0.77
0.9
0.85
0.92
0.835
0.865
0.795
0.925
0.835
0.875
0.825
0.89
0.88
0.905
0.865
0.855
0.85
0.86
0.86
0.845
0.9
0.905
0.885
0.905
0.865
0.86
0.89
0.87
0.88
0.84
0.88
0.84
0.895
0.89
0.885
0.895
0.93
0.9
0.875
0.87
0.87
0.89
0.865
0.83
0.84
0.86
0.88
0.855
0.835
0.865
0.82
0.82
0.86
0.88
0.86
0.895
0.885
0.855
0.87
0.865
0.91
0.9
0.85
0.895
0.895
0.9
0.86
0.88
0.895
0.885
0.915
0.89
0.945
0.93
0.88
0.86
0.865
0.86
0.865
0.885
0.905
0.965
0.855
0.915
0.895
0.86
0.79
0.885
0.83
0.925
0.89
0.875
0.905
0.85
0.84
0.87
0.855
0.93
0.89
0.89
0.85
0.865
0.88
0.84
0.885
0.855
0.9
0.845
0.875
0.865
0.9
0.88
0.895
0.88
0.875
0.91
0.875
0.795
0.91
0.895
0.85
0.855
0.87
0.9
0.87
0.88
0.935
0.855
0.89
0.87
0.84
0.885
0.92
0.89
0.88
0.9
0.875
0.885
0.885
0.895
0.78
0.885
0.875
0.84
0.905
0.855
0.91
0.93
0.865
0.915
0.865
0.88
0.895
0.895
0.84
0.925
0.895
0.925
0.925
0.865
0.935
0.89
0.915
0.875
0.89
0.855
0.85
0.895
0.945
0.91
0.935
0.9
0.875
0.9
0.89
0.895
0.9
0.885
0.865
0.9
0.875
0.9
0.87
0.88
0.9
0.89
0.91
0.855
0.9
0.925
0.865
0.89
0.915
0.89
0.92
0.93
0.865
0.865
0.89
0.825
0.93
0.895
0.91
0.875
0.885
0.83
0.885
0.915
0.855
0.845
0.915
0.895
0.86
0.91
0.91
0.88
0.92
0.89
0.86
0.84
0.885
0.895
0.91
0.89
0.92
0.915
0.86
0.895
0.845
0.885
0.895
0.87
0.92
0.845
0.835
0.875
0.91
0.94
0.905
0.895
0.86
0.895
0.89
0.885
0.885
0.915
0.885
0.885
0.89
0.89
0.94
0.89
0.89
0.865
0.89
0.87
0.85
0.895
0.905
0.885
0.885
0.855
0.915
0.865
0.92
0.94
0.915
0.91
0.915
0.855
0.89
0.94
0.9
0.91
0.865
0.865
0.895
0.93
0.905
0.87
0.85
0.88
0.925
0.895
0.885
0.94
0.86
0.925
0.885
0.935
0.895
0.875
0.89
0.94
0.9
0.915
0.885
0.87
0.875
0.85
0.915
0.845
0.91
0.905
0.91
0.91
0.925
0.89
0.935
0.865
0.875
0.845
0.865
0.89
0.87
0.935
0.915
0.86
0.91
0.875
0.855
0.89
0.89
0.92
0.89
0.925
0.86
0.895
0.91
0.91
0.905
0.855
0.92
0.92
0.905
0.875
0.945
0.87
0.95
0.895
0.925
0.88
0.81
0.89
0.955
0.885
0.91
0.87
0.91
0.955
0.865
0.895
0.915
0.89
0.86
0.915
0.875
0.93
0.91
0.925
0.87
0.94
0.895
0.925
0.88
0.89
0.94
0.865
0.91
0.905
0.92
0.935
0.925
0.91
0.9
0.87
0.9
0.905
0.87
0.885
0.895
0.89
0.925
0.905
0.895
0.92
0.845
0.895
0.86
0.885
0.88
0.915
0.925
0.875
0.9
0.875
0.86
0.865
0.91
0.86
0.85
0.9
0.935
0.885
0.88
0.95
0.895
0.915
0.905
0.88
0.86
0.94
0.93
0.87
0.92
0.93
0.895
0.91
0.96
0.9
0.88
0.94
0.905
0.89
0.92
0.885
0.9
0.905
0.92
0.905
0.875
0.93
0.91
0.87
0.91
0.88
0.92
0.885
0.875
0.89
0.9
0.905
0.865
0.87
0.905
0.93
0.845
0.885
0.89
0.895
0.845
0.885
0.89
0.885
0.9
0.92
0.895
0.91
0.92
0.91
0.92
0.91
0.955
0.925
0.855
0.91
0.92
0.905
0.93
0.87
0.91
0.88
0.915
0.895
0.935
0.84
0.9
0.89
0.89
0.905
0.95
0.905
0.855
0.92
0.895
0.9
0.93
0.83
0.885
0.905
0.87
0.925
0.88
0.92
0.94
0.865
0.86
0.89
0.885
0.92
0.83
0.915
0.885
0.925
0.89
0.95
0.875
0.87
0.895
0.925
0.92
0.885
0.9
0.945
0.94
0.885
0.935
0.92
0.905
0.895
0.88
0.88
0.91
0.94
0.915
0.925
0.91
0.905
0.9
0.92
0.855
0.915
0.91
0.85
0.83
0.885
0.87
0.92
0.88
0.93
0.88
0.93
0.96
0.935
0.87
0.845
0.915
0.9
0.925
0.885
0.875
0.89
