-64.29630612935259
-312.27543695487884
-368.49040764822087
-370.4311841149845
-386.82234984384456
-421.59334958215277
-491.63479121749947
-483.76046706589176
-496.16784402909974
-534.6919280396941
-511.457582930444
-596.4783488707923
-573.1122583525841
-603.2600211559886
-727.7217447701754
-776.5964273443805
-705.4381362418054
-773.1826057971364
-785.5695215861002
-763.5377970055235
-779.322498384216
-849.6369327670532
-825.5531545289805
-873.2415696802274
-746.9760927185766
-835.0538925430584
-846.1174874104245
-879.9350604384158
-836.036688862832
-864.4382662705972
-872.8686906698164
-878.7727547945551
-931.2784988331683
-926.7413260589743
-843.7512381826768
-906.8879786030227
-945.251476081884
-879.8048723068596
-864.9909850823487
-937.6690521240234
-929.5391360359013
-912.442018428319
-920.0679573408315
-912.8378757490239
-940.9084478566344
-958.892086942431
-967.0262566150075
-936.1388777253774
-990.4370656438837
-948.2417553153956
-963.2135046658941
-930.8462521727656
-1034.3879892411926
-1008.5835707400327
-966.7739054854487
-988.3876776001263
-1001.4374391081187
-976.0048341706325
-975.934159310211
-967.033957360496
-1009.8086823655966
-1016.1689069864336
-941.393174695297
-888.3460065814811
-949.2637371904973
-931.5907056566695
-987.74564196806
-986.1102580039154
-977.76923810932
-926.6467389747011
-1012.7656181451861
-962.9145271173666
-942.7236871226853
-987.0910684872122
-906.7160428678486
-970.986570886603
-1014.788259407724
-978.1840453618009
-969.7875878060927
-962.8984832114458
-1005.2049935211038
-948.464304570301
-981.6595702439967
-955.6387261762305
-938.1509139369911
-933.9315190785368
-952.1265553935593
-1016.9567687343543
-1039.37474536448
-991.8147350185914
-921.2972407005202
-983.3667067227789
-962.4707519280519
-1005.8131033489962
-947.7014145828748
-991.7403220951277
-1027.851270254789
-987.4616773274023
-966.3183464086112
-967.9807049925898
-938.9598455652945
-962.9154709650318
-1010.6053504227473
-978.3649195281553
-976.8482540023159
-967.3032243665955
-1048.4206921931163
-972.8946949193175
-1023.7926794956547
-952.4536549384605
-1018.7770984922777
-996.8099160351104
-956.7480739718872
-1014.5113344147732
-1006.986537548298
-1040.470207142718
-946.9406763354377
-988.3018542007661
-941.4341459319065
-1011.7730796437868
-1029.5885226200444
-1012.9095621332876
-990.5437372055412
-997.7345680138314
-1003.8125463494672
-1041.564544410213
-991.2785985167598
-956.081987196291
-986.6545028328336
-1026.1563800937133
-986.1149904806289
-1011.1492965053504
-1004.4975126741078
-1009.0319150602314
-1028.8814342839057
-976.7753523123656
-1023.4828449571636
-1030.1060578610416
-1027.10041996235
-1004.7976279102021
-1064.3602172690378
-1013.9557620841013
-1062.636654831434
-1025.216602226938
-1072.3903048519796
-1027.6975359670432
-1026.983645779426
-1001.7733478456596
-1030.2352680063025
-988.1147650597801
-1001.4367103419953
-1065.7476419036936
-995.1218882278657
-1049.9765493097439
-991.493508244904
-1057.2144684500538
-996.6818676263514
-1040.5101267496746
-994.8679560629975
-991.8773619244356
-1042.9326714529118
-1014.6184073434749
-1010.9877988788444
-1050.249605062422
-1054.8353943444195
-1044.7458208469159
-1001.365766856592
-1017.0879178472528
-1029.7141827507198
-1044.0813155442895
-1022.0708560137682
-1064.267192500298
-1004.7659390588321
-1049.1764084363767
-1011.4266114570726
-989.5659180224782
-1044.534714927136
-1083.5757902082703
-1001.9578090542359
-1071.85363173149
-1058.9363606144004
-1111.7300877459172
-1050.4011513078717
-1056.49719547218
-1025.403551056911
-1034.1578422868756
-1039.8754333711006
-1025.5615270686262
-1010.2975383454085
-1029.1084973688976
-1054.7123468425912
-1047.3350872344254
-1027.3590059683356
-1010.7621994197649
-1045.1914650106653
-1019.4733181402717
-1072.6970277168382
-1091.0245445144008
-1029.6037375759072
-995.672897804511
-1017.5273129637812
-1050.7532797799984
-1066.076783963772
-1028.5630974568112
-1014.064063936332
-982.2047077501323
-1054.530704122194
-1028.900838466877
-1048.3077880071362
-1084.2872284813106
-1033.4041236555072
-1045.8392770256794
-1092.8539623385864
-1059.8037297445844
-1035.9899223936557
-1033.2623193588615
-1074.647698380018
-1018.4130647238431
-1030.7381179993142
-1056.232983011595
-1023.375816828768
-1062.228574708034
-1005.1046993452618
-1084.376648719322
-1042.5589070208196
-1046.9508576952796
-1005.8921995834565
-1046.2253643089616
-1050.9125006948839
-1056.9612457203752
-996.7987592007632
-1000.185479195465
-1002.8786324156282
-1064.0523722832193
-1059.4196233615069
-1044.5909476481693
-1050.372998448045
-1053.217430114746
-1072.7242209206165
-1025.2553456534802
-1075.5796679823611
-1017.1849965019405
-1075.8781387257463
-1040.2749390937913
-1076.863166325529
-1028.7445811576126
-1085.8636206685098
-981.3074065553191
-1012.7633070968127
-1105.755168914795
-1068.8017689163137
-1033.047328160962
-1070.3762448091463
-1081.6501214022928
-1051.4478351700475
-1100.3014001980634
-1038.3651025239292
-1058.7541185567077
-1051.294208651977
-1055.0388327943326
-1048.2279067778252
-1047.2189170228482
-1072.8887630326087
-1073.8460349857528
-1028.8179465728188
-1034.0737954126278
-1083.6623217443905
-1057.7109525080577
-1062.1214507555178
-1096.7640384530798
-1035.44038140382
-1066.7078679402669
-1106.929658415172
-1022.1466844764674
-994.9788749408274
-1118.6206274614647
-1022.6792468576924
-1047.4150640975702
-1050.3996922667598
-1030.770466889574
-1054.8799970295509
-1104.6253904960524
-1041.1929818632457
-1040.4184873339157
-1112.478672224591
-1091.3837869491936
-1076.8591572936152
-1063.026602874899
-1111.9456213292942
-1077.5548876551954
-1028.8918088098087
-1049.2810236254768
-1050.3935992146883
-1075.4426313946506
-1047.3178876957422
-1097.6549048625247
-1146.1085080048288
-1062.9674662558687
-1109.2492793266763
-1114.2167830937344
-1139.9853794294904
-1035.4933298316919
-1076.8708939171734
-1090.2622256928207
-1044.415902222826
-1100.5897531957135
-1036.512014568132
-1103.6596426986193
-1107.784267515084
-1064.8715277658382
-1077.8764751237322
-1064.839296636447
-1056.9752348420766
-1074.3661276588978
-1122.3618469954656
-1028.9820294626443
-1071.969757223353
-1107.4339593217967
-1067.1811607857826
-1101.7336238090982
-1094.0665890286227
-1115.0940891677785
-1160.8289418332454
-1104.468432198108
-1072.995787992164
-1106.1068078900728
-1118.0252757542569
-1110.4774683920991
-1116.2635189826499
-1076.4313052540094
-1135.4141277617691
-1137.4634073821592
-1145.3670399983723
-1089.093467461671
-1051.91603401793
-1075.335194932463
-1076.51621458564
-1057.6010356240429
-1115.3755113753914
-1068.5144714391288
-1035.9865771974196
-1118.4747677744833
-1123.9913675191817
-1107.0266955738336
-1077.7384698894662
-1108.7671932345825
-1089.553475536651
-1049.1003799796665
-1110.7399016948932
-1120.39732104288
-1137.7588028437656
-1081.3227954560043
-1101.8158425702736
-1106.472421852076
-1125.0007451733513
-1011.3635085647654
-1090.8434700943494
-1071.1038840567003
-1106.0886112983237
-1063.811270592918
-1059.5252359596216
-1112.3188142373529
-1123.853260738749
-1062.6967893788512
-1059.0400880804643
-1146.228950966132
-1105.0647122736827
-1107.075751792657
-1087.1651257259746
-1099.295877689487
-1116.424892944909
-1043.8728339146
-1055.0096781421714
-1077.4390002326786
-1105.5854498276688
-1106.5821333782214
-1040.4120500009385
-1106.4888386614446
-1083.9893951774204
-1074.276484050661
-1053.5420944858604
-1152.9762806064086
-1099.972195907378
-1135.4616593553426
-1087.960611423976
-1116.7443632922823
-1159.0081841844908
-1094.1939663595997
-1129.8182574885552
-1064.2495011343083
-1072.9877302501122
-1135.756137113616
-1143.8928740953615
-1064.19235809756
-1117.1023364358105
-1060.659155312838
-1140.0343318455655
-1104.7511843784314
-1128.1147871241324
-1094.6241804490066
