0.11
0.08
0.095
0.095
0.085
0.075
0.105
0.09
0.09
0.115
0.115
0.08
0.095
0.09
0.115
0.07
0.09
0.07
0.1
0.07
0.11
0.085
0.085
0.105
0.095
0.09
0.065
0.08
0.07
0.075
0.095
0.105
0.125
0.095
0.095
0.065
0.075
0.105
0.105
0.095
0.09
0.095
0.1
0.1
0.065
0.085
0.07
0.11
0.095
0.11
0.1
0.08
0.11
0.075
0.095
0.09
0.1
0.07
0.12
0.09
0.125
0.1
0.075
0.1
0.11
0.13
0.09
0.08
0.115
0.11
0.125
0.115
0.115
0.1
0.105
0.11
0.1
0.115
0.1
0.1
0.085
0.115
0.105
0.105
0.13
0.1
0.11
0.115
0.13
0.085
0.11
0.07
0.045
0.115
0.095
0.085
0.125
0.08
0.095
0.115
0.11
0.12
0.14
0.075
0.08
0.09
0.11
0.11
0.115
0.11
0.11
0.1
0.09
0.12
0.055
0.125
0.125
0.115
0.115
0.095
0.105
0.115
0.105
0.135
0.09
0.145
0.1
0.075
0.115
0.08
0.115
0.09
0.085
0.1
0.11
0.095
0.1
0.095
0.07
0.11
0.09
0.12
0.11
0.105
0.08
0.085
0.085
0.11
0.075
0.105
0.1
0.08
0.1
0.1
0.115
0.09
0.115
0.11
0.08
0.1
0.09
0.095
0.09
0.08
0.085
0.1
0.105
0.11
0.085
0.07
0.07
0.095
0.105
0.115
0.095
0.08
0.07
0.14
0.09
0.09
0.09
0.13
0.11
0.095
0.11
0.105
0.085
0.115
0.1
0.085
0.095
0.07
0.1
0.1
0.115
0.065
0.12
0.1
0.12
0.09
0.105
0.115
0.105
0.11
0.07
0.095
0.12
0.12
0.07
0.08
0.11
0.09
0.115
0.095
0.115
0.085
0.105
0.095
0.12
0.105
