1.8482332194347043e-05
2.416516657358027e-05
8.336466290698305e-07
9.047942336069534e-07
1.96302027499866e-06
4.438575999388441e-07
3.930777879007354e-07
6.18720867967001e-09
1.6360106534598128e-07
7.552644865280504e-08
1.2313355283130875e-07
1.1591630851426025e-07
2.3105040620762674e-07
8.03312937421597e-08
2.2782083820075828e-07
-3.696792468388075e-08
2.3809296126787502e-07
1.5507663953807841e-07
-1.0328380404455178e-07
-2.2291794300919822e-08
3.976302616039119e-07
-1.6235727619293266e-07
4.531658618934927e-08
-2.902936909404503e-07
-4.6204922089129493e-07
-8.972557705523283e-07
-1.6843226708448916e-06
-3.963735003519335e-06
-7.429606718256602e-06
-1.676139633276732e-05
-4.723832707276641e-05
-0.00014252495598883
-0.0005545605712404508
-0.0011829525891626134
-0.002056678273783944
-0.004200937713938
-0.006969606552222548
-0.005684463600349337
-0.008430620611864175
-0.012036459121613724
-0.010712510180067131
-0.011541974124135346
-0.011461676767623618
-0.011050159162687336
-0.01236800590919182
-0.011507416774186485
-0.013660611608284285
-0.016418563669870996
-0.016383041315624586
-0.01294954321314384
-0.016940101961487194
-0.016552261432672157
-0.0193171425631812
-0.020490608540305676
-0.019967216433341803
-0.020743842842549244
-0.022501800377621478
-0.021947955195092433
-0.021033255515893797
-0.020240709458875683
-0.022356719172673362
-0.02326074698633851
-0.019998297711193207
-0.021450503123158965
-0.024210314038813557
-0.024742290087398405
-0.025142294579369187
-0.024168885435401834
-0.026545367175368855
-0.024323168583432902
-0.024937456459497832
-0.02744090418971336
-0.023710311756375304
-0.02421224465828166
-0.024344807784887415
-0.024770179285750912
-0.02733984024443187
-0.027292347404648913
-0.027116606074293524
-0.026572250333962252
-0.02785794927406304
-0.026972268330930194
-0.030340476057622277
-0.029988322532713902
-0.028922451838212605
-0.027529811786931497
-0.030789632833357287
-0.032173965138300134
-0.034700733621521665
-0.0267359715296959
-0.030995666249731706
-0.03296511427678622
-0.03262401171364196
-0.03483198073194165
-0.033429303853619544
-0.03321081744982454
-0.038856617164111616
-0.039856741050593864
-0.033722887255435596
-0.034449751090975436
