-1936.3622456591277
-4739.011122427845
-4841.050385606232
-4902.427571373528
-4926.781289629462
-5016.358360399002
-5064.8924480998685
-5217.30071110296
-5599.097546726606
-6316.655747761659
-7662.503304865688
-8456.164422527874
-9117.88784124727
-9418.120115596535
-9886.436684703374
-10083.175589321914
-9946.361046488251
-10391.577606056539
-10330.999652446728
-10414.279388717001
-10896.062180939443
-10871.423177131544
-11070.009093081217
-10998.359930029412
-11388.331710743114
-11390.240339667876
-11682.78882407238
-11745.502911174466
-11733.27753350859
-11944.411963150964
-11922.269737062861
-12094.611712993603
-12004.791832512588
-12478.126289837734
-12512.328719875824
-12654.027366891292
-12379.2285886647
-12751.566328654357
-12746.43553414729
-12982.976592005147
-12947.723335302271
-12917.627867206013
-13124.594592053743
-13117.098811217395
-13266.712040761071
-13202.131510657722
-13454.408300029158
-13566.948903449904
-13462.484370950275
-13564.87585131026
-13451.728874604283
-13513.107052771402
-13571.27421533666
-13505.71801497473
-13574.953500467454
-13691.039241845008
-13537.021674278223
-13686.98447103636
-13709.50528344611
-13710.19991472434
-13916.138472859893
-13913.523266832975
-13806.655867879424
-13997.846676216306
-14151.045604543098
-14081.940100357995
-13924.509031178262
-14150.13461072298
-14236.016163035027
-14020.45895891958
-13958.123986845332
-14066.000652295153
-14103.801674503851
-14289.480205373176
-14278.14456422634
-14492.362009057502
-14218.979063061177
-14270.533868147864
-14552.596633404917
-14441.986619705272
-14420.360827694572
-14572.124372871001
-14356.885618381591
-14614.917207690776
-14450.056871170116
-14639.172194639088
-14762.746139164785
-14780.800962330606
-14501.057454041395
-14690.81098193128
-14689.291206974554
-14707.493319687685
-14903.675745380999
-14894.103237929503
-14811.907395783193
-14524.143502041063
-14907.070707637551
-14828.407880882516
-14921.204452731597
-14817.394609207226
-14938.637924989818
-14734.66318342019
-15050.051705166063
-15162.088635774586
-14809.675508761293
-15092.040286963585
-14935.41972835595
-14930.35729951542
-15053.25259507889
-15061.23343662063
-15209.296490276029
-14989.317152701284
-15131.002012713825
-15144.803585106727
-15003.339105542802
-15174.729637977636
-15253.92295049152
-15181.08772342917
-15250.149724155806
-15216.97986208658
-15089.164146097915
-15325.544684387496
-15072.452714965242
-15140.454503642439
-15134.98419420866
-15453.953722334587
-15343.865414298542
-15385.211439666025
-15175.98855388334
-15263.000657212679
-15538.044048869779
-15429.62266359736
-15477.211631160211
-15259.872888067888
-15570.55975110384
-15315.670379927938
-15361.261732634775
-15557.784740863819
-15311.308941447904
-15521.24569398419
-15486.775994901973
-15381.479251228802
-15579.952807096508
-15293.995332401511
-15373.327163334707
-15520.945677553873
-15603.385013526085
-15750.413454462567
-15591.489037970232
-15438.194742067166
-15506.016619497
-15673.34035604034
-15505.460212165146
-15736.281847913118
-15631.142525767827
-15854.556817945146
-15647.46030516421
-15465.927691852878
-15797.23626694521
-15599.235087751777
-15761.70098443054
-15775.951906321738
-15714.69764702241
-15533.099898641143
-15763.804414722026
-15573.51914565823
-15578.636385515403
-15898.230025594268
-15715.448964774327
-15847.947988790358
-15648.08903149067
-15753.058729705088
-15854.742509742484
-15796.409751277399
-15733.031594515976
-15813.327727259053
-15787.785446673208
-15852.411637292655
-15835.129347670134
-15841.889358592824
-15824.880591514551
-15508.20370866676
-15855.136323033916
-15757.569185808372
-15813.373647102248
-15892.367574393467
-15798.93699436278
-15982.760280518734
-16093.690908422966
-16053.050129822645
-15919.669253525575
-15970.068502417107
-15892.188528485773
-15985.11964163396
-15975.18472709475
-15834.244734488393
-15898.032172180465
-16097.554476914247
-15926.330271354784
-15909.68822519022
