2.306146562099457
2.3010871708393097
2.292862579226494
2.2744432538747787
2.239151895046234
2.1725757122039795
2.0881457701325417
2.002265475690365
1.9234323278069496
1.8500497490167618
1.7841900289058685
1.7108231410384178
1.6390517950057983
1.56986453384161
1.5011334046721458
1.4462211430072784
1.3995053097605705
1.3588191643357277
1.3271853253245354
1.2987175956368446
1.2625225707888603
1.2429559007287025
1.2166672497987747
1.1856109723448753
1.158340111374855
1.136954266577959
1.1130076423287392
1.097628865391016
1.0725956335663795
1.0535458736121655
1.0343308746814728
1.0158682204782963
1.0024027451872826
0.9956534765660763
0.9682668782770634
0.956457432359457
0.9502951540052891
0.9377160035073757
0.9256205447018147
0.9144662022590637
0.8993750736117363
0.882623016834259
0.872150581330061
0.8788244426250458
0.8578393086791039
0.8499020747840405
0.8365791253745556
0.8344897776842117
0.8192370310425758
0.8147950284183025
0.8026820756494999
0.7937663979828358
0.7861611694097519
0.7943215817213058
0.7759719379246235
0.767201442271471
0.7683679163455963
0.7519828788936138
0.7461828403174877
0.7331376187503338
0.7332844510674477
0.733649019151926
0.7203803770244122
0.7136490046977997
0.7055792845785618
0.6992358192801476
0.6972226873040199
0.6859211288392544
0.6867671571671963
0.6813291683793068
0.6762240715324879
0.6663785669952631
0.6712654251605272
0.6603236086666584
0.6599521227180958
0.6507932059466839
0.6454154066741467
0.6406878903508186
0.6342659704387188
0.6345474664121866
0.6251064538955688
0.6293460726737976
0.6260750517249107
0.6119651105254889
0.6190675441175699
0.6056465413421392
0.6011209674179554
0.5992447137832642
0.6016892269253731
0.5948337502777576
0.5915669556707144
0.5835705958306789
0.5863632168620825
0.5849808119237423
0.5764936432242393
0.5841561648994684
0.5696225054562092
0.5637841746211052
0.5695994645357132
0.5612105932086706
0.5546919871121645
0.5623181331902742
0.5551669485867023
0.5543617811053991
0.5480049271136522
0.5413371957838535
0.5493028312921524
0.5402822569012642
0.5357560403645039
0.5339156817644835
0.5352952498942614
0.530221538618207
0.5308815985918045
0.5210484992712736
0.5275023709982634
0.5177662819623947
0.5158147644251585
0.51255670376122
0.5106943398714066
0.5103825591504574
0.5067332033067942
0.5068512316793203
0.5007709879428148
0.4993137437850237
0.4981898404657841
0.4989415854215622
0.5012945663183928
0.49799301661551
0.4875530004501343
0.48256185092031956
0.4808547478169203
0.48290795646607876
0.47952538914978504
0.481762969866395
0.4753223117440939
0.47611372731626034
0.474990027025342
0.4664408564567566
0.46236253529787064
0.47090424597263336
0.4625801667571068
0.45522240176796913
0.4580768086016178
0.4625595174729824
0.44968847930431366
0.4495671018958092
0.4542852118611336
0.448587566614151
0.451718395575881
0.44492591731250286
0.44953349605202675
0.44269354455173016
0.4444005507975817
0.4387463014572859
0.44602282904088497
0.43579806946218014
0.43829203583300114
0.4327093716710806
0.43247874081134796
0.42558784130960703
0.435377455316484
0.4318641908466816
0.42533030174672604
0.4257986322045326
0.4241650179028511
0.4208321236073971
0.42540794610977173
0.42647355515509844
0.4194202972576022
0.4169004764407873
0.4104022439569235
0.4100865563377738
0.42318540439009666
0.4146918784826994
0.413999754935503
0.4117269665002823
0.40956336446106434
0.4125110898166895
0.4122205739840865
0.4009684883058071
0.4106960278004408
0.4009633604437113
0.401770886965096
0.3934930879622698
0.39609806053340435
0.39622701797634363
0.3930902276188135
0.40363239496946335
0.39207913633435965
0.39400612376630306
0.39305495377629995
0.39563246443867683
0.3920104065909982
0.39275966212153435
0.387189912609756
0.37984166108071804
0.3845863398164511
0.3862241581082344
0.3882454205304384
0.3896787818521261
