2.3248047083616257
2.32161121070385
2.319519966840744
2.3142937272787094
2.312202662229538
2.308409959077835
2.3023822903633118
2.296754226088524
2.2918402552604675
2.285661742091179
2.277078464627266
2.267629399895668
2.256663680076599
2.244339272379875
2.229362979531288
2.217154398560524
2.2022203505039215
2.1860993653535843
2.170420467853546
2.1546304672956467
2.139025330543518
2.123613566160202
2.1077812910079956
2.0919306576251984
2.076642543077469
2.060569852590561
2.0452219173312187
2.0291867032647133
2.0154343843460083
1.9972804114222527
1.9786204919219017
1.9664517939090729
1.9501775354146957
1.9346829950809479
1.9180403426289558
1.9042927771806717
1.8893764689564705
1.8718696013092995
1.8584214076399803
1.840533547103405
1.8309763967990875
1.8161304667592049
1.8058702573180199
1.7882743179798126
1.7712433561682701
1.7639193013310432
1.744149088859558
1.734659306704998
1.7199846431612968
1.7125430405139923
1.6980036869645119
1.6830419898033142
1.672394372522831
1.66400845348835
1.6492647305130959
1.6393746212124825
1.6326021030545235
1.6197808235883713
1.6101532727479935
1.5959628224372864
1.5849363505840302
1.57692451775074
1.5653469860553741
1.5560965314507484
1.5477012246847153
1.5384179651737213
1.5267686992883682
1.5199666917324066
1.5124330446124077
1.5012323930859566
1.4974707067012787
1.4884654507040977
1.4758596420288086
1.4668499827384949
1.4590138792991638
1.4445465132594109
1.4446195885539055
1.4379069209098816
1.4275257959961891
1.4208415001630783
1.4090349450707436
1.4028488397598267
1.3954188823699951
1.3910955414175987
1.3830137699842453
1.372689999639988
1.3705479353666306
1.3652505353093147
1.3522120639681816
1.3492155149579048
1.3454358950257301
1.3367122113704681
1.3307571187615395
1.3246877565979958
1.318547211587429
1.3142549991607666
1.3052689731121063
1.2981241270899773
1.2983322069048882
1.2853683307766914
1.2802338302135468
1.2768413573503494
1.2776519358158112
1.2704676017165184
1.2592032998800278
1.2510987371206284
1.2484074160456657
1.2515047937631607
1.2429103553295135
1.2356930375099182
1.2340953722596169
1.2242076620459557
1.2238272055983543
1.2170972004532814
1.2111371830105782
1.2082758769392967
1.2016946375370026
1.2041623294353485
1.1934069208800793
1.1866606250405312
1.1835786700248718
1.1814686134457588
1.175135262310505
1.1743252351880074
1.1692882254719734
1.1681916154921055
1.1622296944260597
1.1603341028094292
1.157262235879898
1.1501514166593552
1.1472417637705803
1.1419504098594189
1.1397591456770897
1.133423376828432
1.135071910917759
1.1245433650910854
1.1233115158975124
1.1258731707930565
1.1187500394880772
1.1172221973538399
1.112844817340374
1.1089356876909733
1.1026465818285942
1.1051723025739193
1.099641464650631
1.0929728001356125
1.0919086411595345
1.0977903343737125
1.0909638218581676
1.0787614583969116
1.0844376794993877
1.0816293396055698
1.0774464383721352
1.0713087655603886
1.0687945261597633
1.0658856071531773
1.0708920545876026
1.0635127276182175
1.0589095577597618
1.0585193000733852
1.052500270307064
1.0544469691812992
1.0451075471937656
1.0457385405898094
1.045839723199606
1.0416289195418358
1.0406403988599777
1.0373190641403198
1.0333078317344189
1.0362032428383827
1.0336127616465092
1.0306852161884308
1.0252322107553482
1.0233349539339542
1.0206594802439213
1.0255224891006947
1.0172954313457012
1.012185264378786
1.0178647749125957
1.0084147900342941
1.0088177658617496
1.0108510814607143
1.005928073078394
1.0001621879637241
1.0018555149435997
1.0025897063314915
1.0029754340648651
0.9973800703883171
0.992277704179287
0.9944205209612846
0.9867115169763565
0.9834050945937634
0.9898233227431774
0.9865387640893459
0.9810826554894447
0.9784248694777489
0.9750128649175167
0.9722099788486958
0.9765498489141464
0.9833297468721867
