0.0, 4.4684234126179945e-06, 0.0033490031491965055 
0.0, 3.0484045510092983e-06, 0.004367880057543516 
0.0, 2.26844758799416e-06, 0.002871492877602577 
0.0, 2.306136821061955e-06, 0.0025678498204797506 
0.0, 1.4647605439677136e-06, 0.0031783203594386578 
0.0, 1.8881726191466441e-06, 0.002778442343696952 
0.0, 1.9638141566247214e-06, 0.002285698661580682 
0.0, 1.8944762132377946e-06, 0.003224338870495558 
0.0, 1.606831801836961e-06, 0.0015249416464939713 
0.0, 9.218543937095092e-07, 0.0025479409378021955 
0.0, 1.2334744496911298e-06, 0.0017656449927017093 
0.0, 1.331002408733184e-06, 0.0017771823331713676 
0.0, 1.4352149264595937e-06, 0.0015636064345017076 
0.0, 1.537420416752866e-06, 0.0018534647533670068 
0.0, 1.2954395742781344e-06, 0.001886466983705759 
0.0, 1.299858013226185e-06, 0.00215451093390584 
0.0, 1.4186078942657332e-06, 0.0018538114381954074 
0.0, 1.7650806967139943e-06, 0.0025920155458152294 
0.0, 2.0080246940779034e-06, 0.0020529464818537235 
0.0, 2.8072608984075487e-06, 0.00217597302980721 
0.0, 2.455233470755047e-06, 0.0016877545276656747 
0.0, 2.1988519165461184e-06, 0.0019387424690648913 
0.0, 1.986362349271076e-06, 0.0015946832718327641 
0.0, 1.845552787926863e-06, 0.00200029369443655 
0.0, 1.5556634025415406e-06, 0.0016417820006608963 
0.0, 2.2213439478946384e-06, 0.0016600964590907097 
0.0, 2.5827573608694365e-06, 0.0021558827720582485 
0.0, 1.7706487369650858e-06, 0.002238607732579112 
0.0, 2.171923824789701e-06, 0.0018323948606848717 
0.0, 1.6218438076975872e-06, 0.002496912609785795 
0.0, 2.711032948354841e-06, 0.0023050978779792786 
0.0, 2.5792983251449186e-06, 0.0019258519168943167 
0.0, 1.6818041785882087e-06, 0.0037046060897409916 
0.0, 2.907691168729798e-06, 0.0030089581850916147 
0.0, 2.780455815809546e-06, 0.002933062147349119 
0.0, 2.0131715245952364e-06, 0.001910598250105977 
0.0, 1.9101980797131546e-06, 0.0019206200959160924 
0.0, 1.2701790410574176e-06, 0.0016209706664085388 
0.0, 1.6474549511258374e-06, 0.0014089818578213453 
0.0, 1.6146785810633446e-06, 0.0019429130479693413 
0.0, 1.5304308362829033e-06, 0.0015682666562497616 
0.0, 1.2011315675408696e-06, 0.0018176604062318802 
0.0, 1.5501204870815855e-06, 0.0016764638712629676 
0.0, 1.243982865162252e-06, 0.0017539904220029712 
0.0, 1.310854486291646e-06, 0.0017943260027095675 
0.0, 1.3994776963954791e-06, 0.0016946863615885377 
0.0, 1.314241217187373e-06, 0.0019168650032952428 
0.0, 1.6227464811890968e-06, 0.0017299579922109842 
0.0, 1.2272834055693238e-06, 0.0016118420753628016 
0.0, 1.521477997812326e-06, 0.0013953280868008733 
0.0, 1.6209270370382e-06, 0.0014847122365608811 
0.0, 1.3450132883008337e-06, 0.0009217608021572232 
0.0, 1.0997734989359742e-06, 0.001447053044103086 
0.0, 1.1747207508960855e-06, 0.0012600476620718837 
0.0, 1.0869619018194498e-06, 0.001612248015590012 
0.0, 9.039227393259353e-07, 0.0016251207562163472 
0.0, 1.260612179976306e-06, 0.0016346370102837682 
0.0, 1.1917952633666573e-06, 0.0013785012997686863 
0.0, 1.3408557606453542e-06, 0.0017787053948268294 
0.0, 1.366469064123521e-06, 0.0013236430240795016 
0.0, 1.449448973289691e-06, 0.0013387610670179129 
0.0, 1.3565440895035863e-06, 0.0013328815111890435 
0.0, 1.4784835684622522e-06, 0.0013483109651133418 
0.0, 1.3786967656415072e-06, 0.001694760168902576 
0.0, 1.1755035984606366e-06, 0.0016106241382658482 
0.0, 1.400898895553837e-06, 0.0012505626073107123 
0.0, 1.7709177200231352e-06, 0.0013184243580326438 
0.0, 1.6182677882170537e-06, 0.0008737141615711153 
0.0, 1.0308541504855384e-06, 0.0015847429167479277 
0.0, 1.561269868943782e-06, 0.001353919506072998 
0.0, 1.358430154141388e-06, 0.0013968745479360223 
0.0, 1.5228981737891445e-06, 0.0015032290248200297 
0.0, 1.536697595838632e-06, 0.0011373523157089949 
0.0, 1.3797034625895321e-06, 0.0014731624396517873 
0.0, 1.5020515320429695e-06, 0.0017003300599753857 
0.0, 1.7449370943722897e-06, 0.0016216161893680692 
0.0, 1.5492812508455245e-06, 0.001450235373340547 
0.0, 1.5563014130748343e-06, 0.0017988418694585562 
0.0, 1.60975787366624e-06, 0.0016231128247454762 
0.0, 1.389923227179679e-06, 0.0016133878380060196 
0.0, 1.4819829630141612e-06, 0.0014030624879524112 
0.0, 1.5258190160238883e-06, 0.0016207644948735833 
0.0, 1.8391025378150516e-06, 0.0017400237265974283 
0.0, 1.4893091702106176e-06, 0.0014420987572520971 
0.0, 1.2401760614011437e-06, 0.0015145549550652504 
0.0, 1.5238778132697917e-06, 0.0015203319489955902 
0.0, 9.428174507775111e-07, 0.001472280127927661 
0.0, 1.1068277672166005e-06, 0.0014267548685893416 
0.0, 1.3185111811253591e-06, 0.0010720702121034265 
0.0, 1.0779961030493723e-06, 0.0013177889632061124 
0.0, 1.2579467920659226e-06, 0.0009744861163198948 
0.0, 1.3091830624034628e-06, 0.0009705990669317544 
0.0, 1.2034005294481176e-06, 0.0013617633376270533 
0.0, 9.277534900320461e-07, 0.0013576322235167027 
0.0, 1.1000560107277124e-06, 0.0010948681738227606 
0.0, 1.012677671496931e-06, 0.0012409293558448553 
0.0, 1.0779961030493723e-06, 0.00125497963745147 
0.0, 1.1209959893676569e-06, 0.001122499699704349 
0.0, 9.740009545566863e-07, 0.0016783297760412097 
0.0, 1.3230463764557499e-06, 0.0009573627612553537 
0.0, 1.288745579586248e-06, 0.0012702622916549444 
0.0, 1.398311837874644e-06, 0.0012305454583838582 
0.0, 1.1122441492261714e-06, 0.001684884773567319 
0.0, 1.606267801435024e-06, 0.001150590367615223 
0.0, 1.1578068779272144e-06, 0.0013284935848787427 
0.0, 1.3150928452887456e-06, 0.0014301632763817906 
0.0, 1.565586103424721e-06, 0.0012642807560041547 
0.0, 1.3551742767958785e-06, 0.0019741649739444256 
0.0, 1.4976723150539328e-06, 0.0012361977715045214 
0.0, 1.4687577731820056e-06, 0.0016865197103470564 
0.0, 1.2544990113383392e-06, 0.0017500348621979356 
0.0, 1.710860829007288e-06, 0.0015524143818765879 
0.0, 1.157173642241105e-06, 0.0016247676685452461 
0.0, 1.0985859262291342e-06, 0.0017937191296368837 
0.0, 1.4073702914174646e-06, 0.0018504132749512792 
0.0, 1.7127571254604845e-06, 0.0013245170703157783 
0.0, 1.097747599487775e-06, 0.0019104682141914964 
0.0, 1.0532868373047677e-06, 0.0013145427219569683 
0.0, 1.067464495463355e-06, 0.0017307632369920611 
0.0, 9.989322506953613e-07, 0.0010869528632611036 
0.0, 8.430167213191453e-07, 0.0014443646650761366 
0.0, 1.0425087566545699e-06, 0.0017770343692973256 
0.0, 1.6128785773616983e-06, 0.0016017392044886947 
0.0, 1.3104423715049052e-06, 0.001545432722195983 
0.0, 1.086581619347271e-06, 0.0015612001297995448 
0.0, 1.0569947335170582e-06, 0.0017992524662986398 
0.0, 1.3555761597672245e-06, 0.0016493514413014054 
0.0, 1.8142329736292595e-06, 0.001322732656262815 
0.0, 1.0180036724705133e-06, 0.0024350974708795547 
0.0, 1.4353723827298381e-06, 0.0015781254041939974 
0.0, 1.302444729844865e-06, 0.0015225085662677884 
0.0, 1.79253379428701e-06, 0.0015954782720655203 
0.0, 1.5510837556576007e-06, 0.0013481670757755637 
0.0, 2.434375119264587e-06, 0.0023966531734913588 
0.0, 2.13646285374125e-06, 0.001960087101906538 
0.0, 1.578418618919386e-06, 0.0016882435884326696 
0.0, 1.4647927173427888e-06, 0.0017278877785429358 
0.0, 1.386273993375653e-06, 0.0024535267148166895 
0.0, 1.5883614423728432e-06, 0.0016222260892391205 
0.0, 1.7573473769516568e-06, 0.002115919254720211 
0.0, 1.6710588397472748e-06, 0.0020182207226753235 
0.0, 1.6078447515610605e-06, 0.0022940910421311855 
0.0, 1.4307026958704228e-06, 0.002481467556208372 
0.0, 1.985952621907927e-06, 0.0022018449380993843 
0.0, 2.6228069600620074e-06, 0.0030640040058642626 
0.0, 2.6829238777281716e-06, 0.002557844389230013 
0.0, 2.4721300633245846e-06, 0.003299298696219921 
0.0, 1.8925831000160542e-06, 0.0037529836408793926 
0.0, 2.1377143184508896e-06, 0.0033135891426354647 
0.0, 3.0924479688110296e-06, 0.0031313560903072357 
0.0, 2.5941842523025116e-06, 0.005351356230676174 
0.0, 3.6564922538673272e-06, 0.003960412461310625 
0.0, 4.392256869323319e-06, 0.003895871341228485 
0.0, 4.48836635769112e-06, 0.004142119083553553 
0.0, 6.5187578002223745e-06, 0.006377802696079016 
0.0, 1.2943663932674099e-05, 0.009257630445063114 
0.0, 1.5652087313355878e-05, 0.010606194846332073 
0.0, 4.130954039283097e-05, 0.013616157695651054 
0.0, 7.584311970276758e-05, 0.024047520011663437 
0.0, 0.0003421651781536639, 0.02239043451845646 
0.0, 0.0010740134166553617, 0.0549711212515831 
0.0, 0.0028447972144931555, 0.05695481225848198 
0.0, 0.010751143097877502, 0.16538122296333313 
0.0, 0.010294402949512005, 0.09204842895269394 
0.0, 0.005633134860545397, 0.08413533121347427 
0.0, 0.008093925192952156, 0.15220998227596283 
0.0, 0.008127355948090553, 0.13216598331928253 
0.0, 0.01668170653283596, 0.15322579443454742 
0.0, 0.012851312756538391, 0.19452714920043945 
0.0, 0.01886228285729885, 0.13319431245326996 
0.0, 0.012677586637437344, 0.19427579641342163 
0.0, 0.019237574189901352, 0.15768872201442719 
0.0, 0.011898175813257694, 0.18654677271842957 
0.0, 0.009793953970074654, 0.1213071346282959 
0.0, 0.01052186731249094, 0.12902727723121643 
0.0, 0.011747782118618488, 0.127547949552536 
0.0, 0.016281655058264732, 0.12753251194953918 
0.0, 0.01569231227040291, 0.11628282815217972 
0.0, 0.02307720296084881, 0.1630375236272812 
0.0, 0.024499285966157913, 0.18999157845973969 
0.0, 0.021388890221714973, 0.216447651386261 
0.0, 0.01672755368053913, 0.13470453023910522 
0.0, 0.021610191091895103, 0.09521955996751785 
0.0, 0.016884641721844673, 0.12363763898611069 
0.0, 0.020128566771745682, 0.18772681057453156 
0.0, 0.018229778856039047, 0.1939147561788559 
0.0, 0.01677611656486988, 0.17001347243785858 
0.0, 0.01772657036781311, 0.18291504681110382 
0.0, 0.024568770080804825, 0.33130791783332825 
0.0, 0.021544160321354866, 0.1936856508255005 
0.0, 0.025045445188879967, 0.14108344912528992 
0.0, 0.01563524268567562, 0.21401254832744598 
0.0, 0.019601544365286827, 0.21563026309013367 
0.0, 0.02213321439921856, 0.17607766389846802 
0.0, 0.024661315605044365, 0.21326538920402527 
0.0, 0.02827366814017296, 0.2333180010318756 
0.0, 0.025632020086050034, 0.23422057926654816 
0.0, 0.030866101384162903, 0.35326191782951355 
0.0, 0.030327657237648964, 0.17724372446537018 
0.0, 0.03341025486588478, 0.2539162039756775 
0.0, 0.028388045728206635, 0.21907688677310944 
0.0, 0.0269569531083107, 0.36246684193611145 
0.0, 0.03112369030714035, 0.3248971104621887 
0.0, 0.0260779969394207, 0.25604769587516785 
0.0, 0.02439405396580696, 0.274242103099823 
0.0, 0.020075533539056778, 0.3474491238594055 
0.0, 0.02555800788104534, 0.2705043852329254 
0.0, 0.0239202082157135, 0.29491037130355835 
0.0, 0.02759505808353424, 0.22531770169734955 
0.0, 0.02754511684179306, 0.17652568221092224 
0.0, 0.02547709457576275, 0.24374379217624664 
0.0, 0.026663310825824738, 0.2593531012535095 
0.0, 0.02680869773030281, 0.2624482810497284 
0.0, 0.02777216210961342, 0.31202107667922974 
0.0, 0.029709724709391594, 0.2865793704986572 
0.0, 0.03753333538770676, 0.3096790611743927 
0.0, 0.03218346834182739, 0.3028720021247864 
0.0, 0.030135545879602432, 0.24701915681362152 
0.0, 0.03277719393372536, 0.29225167632102966 
0.0, 0.03077905811369419, 0.33348631858825684 
0.0, 0.031887076795101166, 0.2664881944656372 
0.0, 0.024803385138511658, 0.2718944847583771 
0.0, 0.028809597715735435, 0.2805617153644562 
0.0, 0.036302365362644196, 0.32727524638175964 
0.0, 0.03534434363245964, 0.3993256688117981 
0.0, 0.03246835619211197, 0.26073190569877625 
0.0, 0.039190053939819336, 0.2646799683570862 
0.0, 0.030157506465911865, 0.28050705790519714 
0.0, 0.0393604040145874, 0.24294640123844147 
0.0, 0.040233831852674484, 0.32020458579063416 
0.0, 0.04268345981836319, 0.32366034388542175 
0.0, 0.03832108899950981, 0.4210287928581238 
0.0, 0.02615446411073208, 0.4184192717075348 
0.0, 0.03458290174603462, 0.2933373749256134 
0.0, 0.03375886380672455, 0.26211243867874146 
0.0, 0.03557591512799263, 0.2525222599506378 
0.0, 0.03105604648590088, 0.3481334447860718 
0.0, 0.0436999574303627, 0.2462468445301056 
0.0, 0.03984592482447624, 0.29304757714271545 
0.0, 0.04253149777650833, 0.3040151298046112 
0.0, 0.03171560540795326, 0.31704211235046387 
0.0, 0.03256196901202202, 0.28202396631240845 
0.0, 0.024633605033159256, 0.3824174106121063 
0.0, 0.034410785883665085, 0.29344770312309265 
0.0, 0.03645086660981178, 0.3443284034729004 
0.0, 0.037201207131147385, 0.32474952936172485 
0.0, 0.03207641839981079, 0.3411724269390106 
0.0, 0.03492477163672447, 0.4041517674922943 
0.0, 0.05095364898443222, 0.2524460554122925 
0.0, 0.04082177206873894, 0.2926277816295624 
0.0, 0.04099886491894722, 0.2397146224975586 
0.0, 0.03979499638080597, 0.33593133091926575 
0.0, 0.03832044452428818, 0.40951505303382874 
0.0, 0.04162723198533058, 0.3744312822818756 
0.0, 0.041022296994924545, 0.2642712891101837 
0.0, 0.041994426399469376, 0.3918578028678894 
0.0, 0.03279172629117966, 0.33852022886276245 
0.0, 0.040442511439323425, 0.35205891728401184 
0.0, 0.04199797660112381, 0.37752729654312134 
0.0, 0.02877732180058956, 0.3304668068885803 
0.0, 0.048912376165390015, 0.18848378956317902 
0.0, 0.046998362988233566, 0.26537764072418213 
0.0, 0.0301503948867321, 0.39674025774002075 
0.0, 0.030232582241296768, 0.5004384517669678 
0.0, 0.03446602076292038, 0.3921070098876953 
0.0, 0.035316549241542816, 0.34069421887397766 
0.0, 0.038506537675857544, 0.41030430793762207 
0.0, 0.04551573842763901, 0.3477056622505188 
0.0, 0.035044241696596146, 0.4886889159679413 
0.0, 0.037772417068481445, 0.29535967111587524 
0.0, 0.037314776331186295, 0.27424001693725586 
0.0, 0.028635893017053604, 0.37917178869247437 
0.0, 0.04175899550318718, 0.3132931888103485 
0.0, 0.038474708795547485, 0.4231862723827362 
0.0, 0.034636907279491425, 0.48288118839263916 
0.0, 0.03528861328959465, 0.42814159393310547 
0.0, 0.04761673882603645, 0.39053866267204285 
0.0, 0.052054278552532196, 0.34006550908088684 
0.0, 0.0395292267203331, 0.3033446967601776 
0.0, 0.03670065850019455, 0.32239440083503723 
0.0, 0.04615259915590286, 0.3944237530231476 
0.0, 0.043154746294021606, 0.4835747182369232 
0.0, 0.034482166171073914, 0.408551424741745 
0.0, 0.03300617262721062, 0.44969919323921204 
0.0, 0.02953738532960415, 0.4407290816307068 
0.0, 0.04784787818789482, 0.30499717593193054 
0.0, 0.0433470644056797, 0.35558876395225525 
0.0, 0.04575033858418465, 0.3844502866268158 
0.0, 0.0460493341088295, 0.37484270334243774 
0.0, 0.05032353475689888, 0.44444772601127625 
0.0, 0.03642324358224869, 0.4910658597946167 
0.0, 0.04878725856542587, 0.4230380952358246 
0.0, 0.034546300768852234, 0.3510684370994568 
0.0, 0.06678211688995361, 0.4118128716945648 
0.0, 0.04009504243731499, 0.43704837560653687 
0.0, 0.03947695717215538, 0.3868701457977295 
0.0, 0.051862526684999466, 0.3524301052093506 
0.0, 0.04556141421198845, 0.415737509727478 
0.0, 0.03341342508792877, 0.6641302704811096 
0.0, 0.04889260232448578, 0.3511195182800293 
0.0, 0.037637997418642044, 0.41878965497016907 
0.0, 0.051553934812545776, 0.4495782256126404 
0.0, 0.04201921820640564, 0.47551655769348145 
0.0, 0.0501762330532074, 0.365984171628952 
0.0, 0.05362555384635925, 0.3527831733226776 
0.0, 0.0360330305993557, 0.6198192238807678 
0.0, 0.045014992356300354, 0.41908761858940125 
0.0, 0.042873699218034744, 0.45425230264663696 
0.0, 0.04104776680469513, 0.3440689444541931 
0.0, 0.04294844716787338, 0.3966485857963562 
0.0, 0.03952181711792946, 0.37480399012565613 
0.0, 0.04772264137864113, 0.40269193053245544 
0.0, 0.0567987821996212, 0.26552754640579224 
0.0, 0.04081815108656883, 0.3715361952781677 
0.0, 0.0470125637948513, 0.3577476441860199 
0.0, 0.04830722138285637, 0.44060850143432617 
0.0, 0.041319720447063446, 0.4665254056453705 
0.0, 0.03980833664536476, 0.38820213079452515 
0.0, 0.04544466361403465, 0.4369877576828003 
0.0, 0.043204497545957565, 0.44473955035209656 
0.0, 0.02611749991774559, 0.484625905752182 
0.0, 0.04654795303940773, 0.4355173707008362 
0.0, 0.03977913409471512, 0.3352382183074951 
0.0, 0.03782742843031883, 0.4607524871826172 
0.0, 0.04065939038991928, 0.34313300251960754 
0.0, 0.04191863536834717, 0.4498714208602905 
0.0, 0.043648745864629745, 0.34052732586860657 
0.0, 0.04728734865784645, 0.4351623058319092 
0.0, 0.050563059747219086, 0.4766116738319397 
0.0, 0.059435904026031494, 0.3452402651309967 
0.0, 0.05174979567527771, 0.3418187201023102 
0.0, 0.041374094784259796, 0.4660094976425171 
0.0, 0.041544146835803986, 0.3922225534915924 
0.0, 0.03535428270697594, 0.5269390940666199 
0.0, 0.037309952080249786, 0.5080052018165588 
0.0, 0.04420477896928787, 0.4076401889324188 
0.0, 0.039921797811985016, 0.4944656193256378 
0.0, 0.03987627848982811, 0.528898298740387 
0.0, 0.03821786865592003, 0.34654146432876587 
0.0, 0.02915167808532715, 0.40371260046958923 
0.0, 0.03213779255747795, 0.46397945284843445 
0.0, 0.045968588441610336, 0.41684943437576294 
0.0, 0.040501877665519714, 0.4568089246749878 
0.0, 0.05410167574882507, 0.3541145622730255 
0.0, 0.051349811255931854, 0.4141693711280823 
0.0, 0.03764215111732483, 0.5018118619918823 
0.0, 0.03778549283742905, 0.5041190385818481 
0.0, 0.044827453792095184, 0.3384648561477661 
0.0, 0.044798754155635834, 0.44285979866981506 
0.0, 0.05060938000679016, 0.33046403527259827 
0.0, 0.048871226608753204, 0.3671607971191406 
0.0, 0.04857254400849342, 0.41939592361450195 
0.0, 0.036442555487155914, 0.3807379901409149 
0.0, 0.039142705500125885, 0.41203242540359497 
0.0, 0.057052917778491974, 0.4046057164669037 
0.0, 0.030925331637263298, 0.6042322516441345 
0.0, 0.034657470881938934, 0.4661574959754944 
0.0, 0.052937038242816925, 0.4246298372745514 
0.0, 0.05002584680914879, 0.5156557559967041 
0.0, 0.05194848030805588, 0.45107054710388184 
0.0, 0.038726963102817535, 0.5228829383850098 
0.0, 0.04517650231719017, 0.5756868720054626 
0.0, 0.04314363747835159, 0.3984525799751282 
0.0, 0.04886370897293091, 0.47262969613075256 
0.0, 0.05122990533709526, 0.5162239074707031 
0.0, 0.04476851969957352, 0.526358962059021 
0.0, 0.05117123946547508, 0.41167575120925903 
0.0, 0.05347013100981712, 0.370769202709198 
0.0, 0.02555883303284645, 0.587590754032135 
0.0, 0.033392950892448425, 0.6416530013084412 
0.0, 0.049179237335920334, 0.4375019073486328 
0.0, 0.04223788529634476, 0.4646086096763611 
0.0, 0.04035736247897148, 0.5793949961662292 
0.0, 0.038824595510959625, 0.5444729924201965 
0.0, 0.05466235429048538, 0.40055051445961 
0.0, 0.05978585034608841, 0.3709314167499542 
0.0, 0.03292905166745186, 0.4335484802722931 
0.0, 0.04999326914548874, 0.5382536053657532 
0.0, 0.06552433222532272, 0.3858954906463623 
0.0, 0.05019664764404297, 0.4172000586986542 
0.0, 0.0449477955698967, 0.5892398953437805 
0.0, 0.048808950930833817, 0.4502932131290436 
0.0, 0.053325459361076355, 0.4565236270427704 
0.0, 0.048114847391843796, 0.42786672711372375 
0.0, 0.05178317055106163, 0.5777910351753235 
0.0, 0.052058327943086624, 0.36420783400535583 
0.0, 0.04691657796502113, 0.5900447368621826 
0.0, 0.041248444467782974, 0.4568518400192261 
0.0, 0.04809016361832619, 0.48646989464759827 
0.0, 0.047869812697172165, 0.4071066975593567 
0.0, 0.04216589406132698, 0.38238081336021423 
0.0, 0.04180910065770149, 0.48325151205062866 
0.0, 0.036251284182071686, 0.5091679692268372 
0.0, 0.0368887223303318, 0.40942540764808655 
0.0, 0.05271117761731148, 0.581076979637146 
0.0, 0.04064749553799629, 0.5032753944396973 
0.0, 0.04661699756979942, 0.4866347908973694 
0.0, 0.04493085294961929, 0.581770122051239 
0.0, 0.05160718783736229, 0.4634552001953125 
0.0, 0.04585922509431839, 0.4299010634422302 
0.0, 0.04939482361078262, 0.44806385040283203 
0.0, 0.03589720278978348, 0.5961654782295227 
0.0, 0.04072008281946182, 0.6036608815193176 
0.0, 0.06130280718207359, 0.404603511095047 
0.0, 0.07076307386159897, 0.3326111435890198 
0.0, 0.0474248081445694, 0.6845417022705078 
0.0, 0.06548479199409485, 0.4311861991882324 
0.0, 0.04688941687345505, 0.48271864652633667 
0.0, 0.04604959487915039, 0.5401394963264465 
0.0, 0.05113794654607773, 0.43110576272010803 
0.0, 0.04177612438797951, 0.5508686900138855 
0.0, 0.05038546398282051, 0.3936322331428528 
0.0, 0.03519899398088455, 0.49448177218437195 
0.0, 0.040173355489969254, 0.7311919331550598 
0.0, 0.046734750270843506, 0.5730155110359192 
0.0, 0.05186956375837326, 0.49043941497802734 
0.0, 0.040754061192274094, 0.6722753643989563 
0.0, 0.049158595502376556, 0.42005354166030884 
0.0, 0.033497847616672516, 0.5063172578811646 
0.0, 0.04683994501829147, 0.5900679230690002 
0.0, 0.05277475342154503, 0.5181248188018799 
0.0, 0.04447310417890549, 0.5588659644126892 
0.0, 0.0650576502084732, 0.46266084909439087 
0.0, 0.04123968258500099, 0.575607419013977 
0.0, 0.03619343414902687, 0.4286988079547882 
0.0, 0.04370695725083351, 0.629337728023529 
0.0, 0.056939560920000076, 0.4753229022026062 
0.0, 0.04451673477888107, 0.5860299468040466 
0.0, 0.041288070380687714, 0.5427756905555725 
0.0, 0.04518954083323479, 0.5702393054962158 
0.0, 0.04510397091507912, 0.5584380030632019 
0.0, 0.04825088754296303, 0.5444386601448059 
0.0, 0.04992465674877167, 0.5211213231086731 
0.0, 0.03743451461195946, 0.6382912993431091 
0.0, 0.0454229936003685, 0.5113248229026794 
0.0, 0.0355377197265625, 0.5391440391540527 
0.0, 0.03959253802895546, 0.5476888418197632 
0.0, 0.04911112040281296, 0.5440580248832703 
0.0, 0.03559177741408348, 0.46062788367271423 
0.0, 0.048140447586774826, 0.5215905904769897 
0.0, 0.04281104356050491, 0.5616165995597839 
0.0, 0.04179951176047325, 0.6077913045883179 
0.0, 0.04895826429128647, 0.6060078144073486 
0.0, 0.058677610009908676, 0.6312171220779419 
0.0, 0.0471780002117157, 0.8074145317077637 
0.0, 0.048588428646326065, 0.5031216144561768 
0.0, 0.059599872678518295, 0.5871178507804871 
0.0, 0.051142074167728424, 0.5063350796699524 
0.0, 0.046839769929647446, 0.8109158277511597 
0.0, 0.04137109965085983, 0.5496319532394409 
0.0, 0.04606417194008827, 0.5478516221046448 
0.0, 0.042475130409002304, 0.6008965969085693 
0.0, 0.03998352959752083, 0.4904170334339142 
0.0, 0.050011567771434784, 0.5810330510139465 
0.0, 0.06289131939411163, 0.5240445137023926 
0.0, 0.04854413494467735, 0.6238751411437988 
0.0, 0.04171521216630936, 0.5575640797615051 
0.0, 0.05388777330517769, 0.4136042594909668 
0.0, 0.04786866530776024, 0.6113839745521545 
0.0, 0.05323305353522301, 0.4412805438041687 
0.0, 0.04644620791077614, 0.6477755308151245 
0.0, 0.04946688562631607, 0.4953506886959076 
0.0, 0.04738534986972809, 0.5657240748405457 
0.0, 0.0503634475171566, 0.6338769197463989 
0.0, 0.05358132719993591, 0.6625432372093201 
0.0, 0.04909324273467064, 0.4291171133518219 
0.0, 0.03890746086835861, 0.6127567887306213 
0.0, 0.060277823358774185, 0.6067023277282715 
0.0, 0.05753910541534424, 0.511864960193634 
0.0, 0.050224415957927704, 0.324422150850296 
0.0, 0.037355344742536545, 0.5421069860458374 
0.0, 0.0644414871931076, 0.6151782274246216 
0.0, 0.051990099251270294, 0.7096061110496521 
0.0, 0.044325023889541626, 0.638299286365509 
0.0, 0.043411947786808014, 0.5184908509254456 
0.0, 0.05580093711614609, 0.6476469039916992 
0.0, 0.06314381957054138, 0.5749000310897827 
0.0, 0.05476216599345207, 0.5452314019203186 
0.0, 0.04589562490582466, 0.6334204077720642 
0.0, 0.04607035219669342, 0.4719136357307434 
0.0, 0.04380491375923157, 0.5743002891540527 
0.0, 0.06654231995344162, 0.5138394236564636 
0.0, 0.061748407781124115, 0.4393899440765381 
0.0, 0.0574985146522522, 0.536294162273407 
0.0, 0.05144655331969261, 0.6340351104736328 
0.0, 0.04860652610659599, 0.4950864613056183 
0.0, 0.07133612781763077, 0.41558676958084106 
0.0, 0.03411008045077324, 0.8301759958267212 
0.0, 0.04838049039244652, 0.5453861951828003 
0.0, 0.0671643614768982, 0.3607165515422821 
0.0, 0.052156299352645874, 0.6258569359779358 
0.0, 0.062111638486385345, 0.5697798728942871 
0.0, 0.07466472685337067, 0.5893669128417969 
0.0, 0.04882914572954178, 0.8432573080062866 
0.0, 0.05055209621787071, 0.5677695870399475 
0.0, 0.04954541474580765, 0.3944295644760132 
0.0, 0.06935978680849075, 0.464983195066452 
0.0, 0.04866105690598488, 0.5801251530647278 
0.0, 0.04498114809393883, 0.6849578619003296 
0.0, 0.04505932703614235, 0.7486090064048767 
0.0, 0.053017668426036835, 0.7530516386032104 
0.0, 0.053766123950481415, 0.6595402956008911 
0.0, 0.045822009444236755, 0.6052398681640625 
0.0, 0.059306759387254715, 0.612687885761261 
0.0, 0.050426580011844635, 0.417348712682724 
0.0, 0.04217806085944176, 0.4415406584739685 
0.0, 0.060154989361763, 0.5258344411849976 
0.0, 0.03781288117170334, 0.46352264285087585 
0.0, 0.04627010226249695, 0.5948815941810608 
0.0, 0.052011020481586456, 0.631199061870575 
0.0, 0.0753132626414299, 0.40253978967666626 
0.0, 0.05421770364046097, 0.6332235336303711 
0.0, 0.05823681131005287, 0.6211555600166321 
0.0, 0.05450286716222763, 0.8000051975250244 
0.0, 0.05661129951477051, 0.43294164538383484 
0.0, 0.07423673570156097, 0.5995799899101257 
0.0, 0.04260247200727463, 0.7660067677497864 
0.0, 0.06657250225543976, 0.6321332454681396 
0.0, 0.0533771738409996, 0.5528397560119629 
0.0, 0.05847727507352829, 0.5389556288719177 
0.0, 0.05860629677772522, 0.6722769737243652 
0.0, 0.056902069598436356, 0.44084012508392334 
0.0, 0.04970993846654892, 0.6169379353523254 
0.0, 0.05124759301543236, 0.6021736264228821 
0.0, 0.05349605530500412, 0.5587813854217529 
0.0, 0.06392219662666321, 0.5033510327339172 
0.0, 0.06471307575702667, 0.6574214696884155 
0.0, 0.051222022622823715, 0.5932884216308594 
0.0, 0.04921138659119606, 0.582365870475769 
0.0, 0.049254775047302246, 0.6658687591552734 
0.0, 0.06355734169483185, 0.4276812672615051 
0.0, 0.04620036855340004, 0.6589934229850769 
0.0, 0.06117415800690651, 0.466690331697464 
0.0, 0.0655522570014, 0.5896336436271667 
0.0, 0.061164580285549164, 0.5717378854751587 
0.0, 0.061189889907836914, 0.5414029955863953 
0.0, 0.056197639554739, 0.5586789846420288 
0.0, 0.06552757322788239, 0.45357754826545715 
0.0, 0.045408401638269424, 0.4882095158100128 
0.0, 0.0460355170071125, 0.5479030609130859 
0.0, 0.0748518779873848, 0.4368613064289093 
0.0, 0.0688767358660698, 0.5499886274337769 
0.0, 0.056645717471838, 0.6149668097496033 
0.0, 0.061620768159627914, 0.5785742402076721 
0.0, 0.06373631954193115, 0.5771916508674622 
0.0, 0.06061145290732384, 0.7266970276832581 
0.0, 0.07458623498678207, 0.5675868391990662 
0.0, 0.06313110888004303, 0.8035236597061157 
0.0, 0.05676303431391716, 0.6032931804656982 
0.0, 0.06394542753696442, 0.7127337455749512 
0.0, 0.06829552352428436, 0.5016865730285645 
0.0, 0.05525822192430496, 0.7079997658729553 
0.0, 0.05733926594257355, 0.6857668161392212 
0.0, 0.04718859866261482, 0.7859154939651489 
0.0, 0.07190819084644318, 0.5486503839492798 
0.0, 0.03979624807834625, 0.6611701250076294 
0.0, 0.08051532506942749, 0.5648198127746582 
0.0, 0.05160464718937874, 0.6028476357460022 
0.0, 0.05675692856311798, 1.1439027786254883 
0.0, 0.053866930305957794, 0.75492924451828 
0.0, 0.06794127821922302, 0.76100093126297 
0.0, 0.07179110497236252, 0.6650228500366211 
0.0, 0.059353847056627274, 0.7260690927505493 
0.0, 0.06337519735097885, 0.600645124912262 
0.0, 0.06453195214271545, 0.5513775944709778 
0.0, 0.05897412449121475, 0.5934444665908813 
0.0, 0.05256844311952591, 0.9035723805427551 
0.0, 0.06173322722315788, 0.6325652003288269 
0.0, 0.04541853442788124, 0.6355336904525757 
0.0, 0.06937901675701141, 0.575882077217102 
0.0, 0.06306447833776474, 0.6481865644454956 
0.0, 0.06503594666719437, 0.46292662620544434 
0.0, 0.06844776123762131, 0.49386918544769287 
0.0, 0.06609289348125458, 0.744702935218811 
0.0, 0.07623937726020813, 0.6525925993919373 
0.0, 0.0674792006611824, 0.5180118083953857 
0.0, 0.0521591491997242, 0.7249996066093445 
0.0, 0.0714251846075058, 0.6736474633216858 
0.0, 0.061807725578546524, 0.8034092783927917 
0.0, 0.0773271694779396, 0.8790011405944824 
0.0, 0.058138757944107056, 0.5665251612663269 
0.0, 0.046482086181640625, 0.6969642639160156 
0.0, 0.06861323863267899, 0.7544870972633362 
0.0, 0.07996285706758499, 0.659502387046814 
0.0, 0.05709231644868851, 0.48238828778266907 
0.0, 0.047680146992206573, 0.8370147943496704 
0.0, 0.09000148624181747, 0.6343205571174622 
0.0, 0.06422790139913559, 0.7713685035705566 
0.0, 0.06249161437153816, 0.7007299065589905 
0.0, 0.06521438807249069, 0.5545908808708191 
0.0, 0.070956289768219, 0.6804174184799194 
0.0, 0.057486359030008316, 0.9023433327674866 
0.0, 0.07083921134471893, 0.8238311409950256 
0.0, 0.052647463977336884, 0.6723371148109436 
0.0, 0.058891769498586655, 0.7411593198776245 
0.0, 0.06430917233228683, 0.515529990196228 
0.0, 0.05533021315932274, 0.4342647194862366 
0.0, 0.10274229198694229, 0.4426290690898895 
0.0, 0.06499449908733368, 0.6538572311401367 
0.0, 0.04306678846478462, 0.7964149713516235 
0.0, 0.07042555510997772, 0.8514112830162048 
0.0, 0.08049886673688889, 0.6165425777435303 
0.0, 0.06005287542939186, 0.7575246095657349 
0.0, 0.10414808243513107, 0.7723202109336853 
0.0, 0.06528206169605255, 0.7538528442382812 
0.0, 0.06718924641609192, 0.7604237198829651 
0.0, 0.05250461772084236, 0.6269257664680481 
0.0, 0.06642613559961319, 0.5973833203315735 
0.0, 0.059997208416461945, 0.8477506637573242 
0.0, 0.041264258325099945, 0.9249712824821472 
0.0, 0.04895224794745445, 0.842505693435669 
0.0, 0.041255317628383636, 0.8763096928596497 
0.0, 0.05871241167187691, 0.744046688079834 
0.0, 0.07559318840503693, 0.4946640431880951 
0.0, 0.05527319759130478, 0.6929463744163513 
0.0, 0.08273772895336151, 0.81691974401474 
0.0, 0.05656440928578377, 0.8608258962631226 
0.0, 0.07642620801925659, 1.7167274951934814 
0.0, 0.05645645409822464, 1.0399152040481567 
0.0, 0.05831032618880272, 0.6292791366577148 
0.0, 0.06218969449400902, 0.585929811000824 
0.0, 0.05861417204141617, 0.3373359441757202 
0.0, 0.06378383934497833, 0.6127449870109558 
0.0, 0.08228784054517746, 0.4600885808467865 
0.0, 0.0703686848282814, 0.5970503687858582 
0.0, 0.05845671147108078, 0.6177031397819519 
0.0, 0.07830408960580826, 0.5580747127532959 
0.0, 0.08211033046245575, 0.7037550806999207 
0.0, 0.05510822311043739, 0.7509416937828064 
0.0, 0.07819186896085739, 0.6152326464653015 
0.0, 0.08117116987705231, 0.6226451396942139 
0.0, 0.06396091729402542, 0.5363608598709106 
0.0, 0.05824526399374008, 0.6372548341751099 
0.0, 0.07195693999528885, 1.137081503868103 
0.0, 0.059697091579437256, 0.7137721180915833 
0.0, 0.06502716988325119, 0.6141883134841919 
0.0, 0.06272973865270615, 0.5129870772361755 
0.0, 0.057254668325185776, 0.6272968053817749 
0.0, 0.07867135107517242, 0.7265101671218872 
0.0, 0.08635856211185455, 0.5611186027526855 
0.0, 0.07137810438871384, 0.8676990866661072 
0.0, 0.08938848227262497, 0.911420464515686 
0.0, 0.05903712287545204, 0.6861167550086975 
0.0, 0.0683065876364708, 0.536957859992981 
0.0, 0.06544344872236252, 0.5788357257843018 
0.0, 0.07082865387201309, 0.47713664174079895 
0.0, 0.06666917353868484, 1.009187936782837 
0.0, 0.05792229250073433, 0.9273717999458313 
0.0, 0.0704423114657402, 0.6256815791130066 
0.0, 0.06757176667451859, 0.4244280159473419 
0.0, 0.06641951203346252, 0.4620768129825592 
0.0, 0.08250163495540619, 0.6634665727615356 
0.0, 0.0890038013458252, 0.5960893630981445 
0.0, 0.07485552132129669, 0.6895971894264221 
0.0, 0.06558237224817276, 0.6774505972862244 
0.0, 0.0647888034582138, 0.6868185997009277 
0.0, 0.06537797302007675, 0.7389049530029297 
0.0, 0.06308817118406296, 0.7682438492774963 
0.0, 0.041688185185194016, 0.5931563973426819 
0.0, 0.05122692137956619, 0.7066443562507629 
0.0, 0.09989948570728302, 0.5293043851852417 
0.0, 0.06694065034389496, 0.8140497803688049 
0.0, 0.0805114284157753, 0.683492124080658 
0.0, 0.08882341533899307, 0.6530137062072754 
0.0, 0.093886598944664, 0.6752030849456787 
0.0, 0.061561040580272675, 0.7136358618736267 
0.0, 0.07809776812791824, 0.5890548825263977 
0.0, 0.08050898462533951, 0.5301346182823181 
0.0, 0.073672816157341, 0.7815998792648315 
0.0, 0.04632813483476639, 0.708669126033783 
0.0, 0.058034200221300125, 0.6159235835075378 
0.0, 0.08164063841104507, 0.6352636814117432 
0.0, 0.05630187317728996, 0.6769261956214905 
0.0, 0.06631477177143097, 0.7614654302597046 
0.0, 0.051198430359363556, 0.8902024030685425 
0.0, 0.07532043009996414, 0.5521753430366516 
0.0, 0.07418310642242432, 0.8243032097816467 
0.0, 0.09322282671928406, 0.6242074370384216 
0.0, 0.07100049406290054, 0.6531826853752136 
0.0, 0.07918160408735275, 0.9934758543968201 
0.0, 0.06158783286809921, 0.7592774629592896 
0.0, 0.06042499095201492, 0.5776733160018921 
0.0, 0.0817156583070755, 0.5357839465141296 
0.0, 0.08846530318260193, 0.7455975413322449 
0.0, 0.04327792674303055, 0.9933872818946838 
0.0, 0.08249247819185257, 0.6767775416374207 
0.0, 0.06450027972459793, 0.9053170084953308 
0.0, 0.07987405359745026, 0.6280925273895264 
0.0, 0.06107846274971962, 0.7345479726791382 
0.0, 0.07104125618934631, 0.7195876240730286 
0.0, 0.06364641338586807, 0.6781075596809387 
0.0, 0.06457282602787018, 0.8021999597549438 
0.0, 0.08391563594341278, 0.8042142391204834 
0.0, 0.07772360742092133, 0.5089127421379089 
0.0, 0.05167223885655403, 0.8786694407463074 
0.0, 0.05957663804292679, 0.6897815465927124 
0.0, 0.08939989656209946, 0.43727537989616394 
0.0, 0.05243885517120361, 0.7896339297294617 
0.0, 0.06729968637228012, 0.8081433773040771 
0.0, 0.08523791283369064, 0.567416250705719 
0.0, 0.05188511312007904, 0.6098319888114929 
0.0, 0.07674006372690201, 0.7229123711585999 
0.0, 0.06725013256072998, 0.575516402721405 
0.0, 0.07410570234060287, 0.884632408618927 
0.0, 0.05090268701314926, 0.6006270051002502 
0.0, 0.08362176269292831, 0.7403210401535034 
0.0, 0.0712905004620552, 0.670750081539154 
0.0, 0.058494675904512405, 0.9732998609542847 
0.0, 0.08009778708219528, 0.9035043120384216 
0.0, 0.06542026251554489, 0.7169920802116394 
0.0, 0.08066962659358978, 0.8229672312736511 
0.0, 0.06614245474338531, 0.6428008079528809 
0.0, 0.08055891841650009, 0.8696475625038147 
0.0, 0.06031736731529236, 0.6002859473228455 
0.0, 0.08692479133605957, 0.9167748093605042 
0.0, 0.07495290040969849, 0.49894049763679504 
0.0, 0.0546872615814209, 0.6968054175376892 
0.0, 0.06494566053152084, 0.7298437356948853 
0.0, 0.1056978851556778, 0.583803117275238 
0.0, 0.0657283365726471, 0.6421095132827759 
0.0, 0.05344807356595993, 0.6986163854598999 
0.0, 0.06610904633998871, 0.8422168493270874 
0.0, 0.06954539567232132, 0.8241910934448242 
0.0, 0.11491908133029938, 1.0699360370635986 
0.0, 0.07670775800943375, 0.7840524315834045 
0.0, 0.05403102561831474, 0.8330302834510803 
0.0, 0.07387108355760574, 0.7607268691062927 
0.0, 0.0605974979698658, 0.6829147338867188 
0.0, 0.06708114594221115, 0.9002520442008972 
0.0, 0.054657019674777985, 0.7436172962188721 
0.0, 0.08023517578840256, 0.8057629466056824 
0.0, 0.08653651922941208, 0.5877429246902466 
0.0, 0.07563115656375885, 0.7047862410545349 
0.0, 0.06817255169153214, 0.7664680480957031 
0.0, 0.06986384838819504, 0.6206613779067993 
0.0, 0.0564618781208992, 1.0036123991012573 
0.0, 0.09976694732904434, 0.7805312275886536 
0.0, 0.08484091609716415, 0.671636164188385 
0.0, 0.0485975444316864, 1.034485101699829 
0.0, 0.08042404800653458, 0.9555433988571167 
0.0, 0.08259641379117966, 0.7588303089141846 
0.0, 0.07034201174974442, 0.9313026666641235 
0.0, 0.07653900980949402, 0.7783019542694092 
0.0, 0.0814519003033638, 0.8016014099121094 
0.0, 0.06865888088941574, 0.8152732849121094 
0.0, 0.08783800899982452, 0.7377026081085205 
0.0, 0.05845577269792557, 0.7742056846618652 
0.0, 0.07620907574892044, 0.7979453802108765 
0.0, 0.05769532546401024, 0.6271063685417175 
0.0, 0.08809062838554382, 0.7739866971969604 
0.0, 0.07913036644458771, 0.6928471922874451 
0.0, 0.05722484737634659, 0.7014013528823853 
0.0, 0.07020585983991623, 0.6204535961151123 
0.0, 0.08046271651983261, 0.7723823189735413 
0.0, 0.0982433632016182, 0.6029881238937378 
0.0, 0.06719918549060822, 0.8588218092918396 
0.0, 0.0942968875169754, 0.6553582549095154 
0.0, 0.07110182195901871, 0.8100584745407104 
0.0, 0.05709157511591911, 0.6936710476875305 
0.0, 0.07124467939138412, 0.7050955891609192 
0.0, 0.0709875077009201, 0.5535071492195129 
0.0, 0.04561446234583855, 0.8944193124771118 
0.0, 0.08848382532596588, 0.5903931856155396 
0.0, 0.10318124294281006, 0.5091921091079712 
0.0, 0.074638731777668, 0.9418693780899048 
0.0, 0.07501878589391708, 0.9462085366249084 
0.0, 0.06101234629750252, 1.0015108585357666 
0.0, 0.10589172691106796, 0.6942885518074036 
0.0, 0.08856261521577835, 0.604995846748352 
0.0, 0.04916836693882942, 0.8346732258796692 
0.0, 0.10658497363328934, 0.576181948184967 
0.0, 0.06368579715490341, 0.527868926525116 
0.0, 0.07100798934698105, 0.8323220014572144 
0.0, 0.07407991588115692, 0.6424440741539001 
0.0, 0.0837276503443718, 0.8421707153320312 
0.0, 0.05952097848057747, 1.074424147605896 
0.0, 0.08745837956666946, 0.9442806839942932 
0.0, 0.08583485335111618, 0.813261091709137 
0.0, 0.07934099435806274, 0.688841700553894 
0.0, 0.07385925203561783, 0.6496524214744568 
0.0, 0.07085376232862473, 0.6486756205558777 
0.0, 0.09266244620084763, 0.6206952333450317 
0.0, 0.06835290789604187, 0.6081473231315613 
0.0, 0.1064097061753273, 0.530708372592926 
0.0, 0.06846370548009872, 0.7847201824188232 
0.0, 0.07539275288581848, 1.0713350772857666 
0.0, 0.06632892042398453, 0.6863169074058533 
0.0, 0.09114839136600494, 0.7498196363449097 
0.0, 0.08956937491893768, 0.8613380789756775 
0.0, 0.06265808641910553, 0.8422679901123047 
0.0, 0.10337107628583908, 1.0997556447982788 
0.0, 0.07666415721178055, 0.8280075192451477 
0.0, 0.09396890550851822, 0.9876306653022766 
0.0, 0.07878342270851135, 0.8475145101547241 
0.0, 0.09254530817270279, 0.7597126960754395 
0.0, 0.06679702550172806, 0.5013390779495239 
0.0, 0.05368563160300255, 0.9985314607620239 
0.0, 0.07186906039714813, 0.9180235862731934 
0.0, 0.07023768872022629, 0.6778086423873901 
0.0, 0.10036821663379669, 0.8520408272743225 
0.0, 0.07426641136407852, 0.6693175435066223 
0.0, 0.07199426740407944, 0.6048466563224792 
0.0, 0.0733427107334137, 0.7030025124549866 
0.0, 0.05452367290854454, 0.9665673971176147 
0.0, 0.06506289541721344, 0.8394436836242676 
0.0, 0.06913816928863525, 0.8722289800643921 
0.0, 0.06346466392278671, 0.5482447743415833 
0.0, 0.08092539757490158, 0.506076991558075 
0.0, 0.08992312103509903, 0.867141842842102 
0.0, 0.07127070426940918, 0.7332848906517029 
0.0, 0.05847373232245445, 0.803003191947937 
0.0, 0.06571788340806961, 0.6816151738166809 
0.0, 0.06460722535848618, 0.6429442763328552 
0.0, 0.04550223425030708, 0.9187825322151184 
0.0, 0.07279675453901291, 0.8088053464889526 
0.0, 0.08656072616577148, 0.9171913862228394 
0.0, 0.04619624465703964, 0.8890840411186218 
0.0, 0.06321804225444794, 0.9237685203552246 
0.0, 0.056643836200237274, 0.6622127890586853 
0.0, 0.05824785307049751, 0.5851088762283325 
0.0, 0.08024068921804428, 0.6778469681739807 
0.0, 0.07222212105989456, 0.6595973372459412 
0.0, 0.07497550547122955, 0.5876837372779846 
0.0, 0.05852722376585007, 0.7615677118301392 
0.0, 0.0652460902929306, 0.8640758395195007 
0.0, 0.09150390326976776, 0.757506251335144 
0.0, 0.06373504549264908, 0.7053948640823364 
0.0, 0.09583056718111038, 0.9349479079246521 
0.0, 0.09739009290933609, 0.651396632194519 
0.0, 0.06162230297923088, 0.9110889434814453 
0.0, 0.08384595811367035, 0.9342281818389893 
0.0, 0.07940447330474854, 1.004014253616333 
0.0, 0.06839875876903534, 0.7934523224830627 
0.0, 0.07441143691539764, 0.5809377431869507 
0.0, 0.07083845883607864, 0.6246573328971863 
0.0, 0.08268699049949646, 0.6585756540298462 
0.0, 0.06901822239160538, 0.9248027205467224 
0.0, 0.06805507838726044, 0.6132626533508301 
0.0, 0.06058943644165993, 0.9764464497566223 
0.0, 0.08586908876895905, 1.21686851978302 
0.0, 0.054039228707551956, 0.7841005921363831 
0.0, 0.05126360431313515, 0.7298620343208313 
0.0, 0.10035189241170883, 0.7207203507423401 
0.0, 0.06552191823720932, 1.0486488342285156 
0.0, 0.08707558363676071, 0.8531490564346313 
0.0, 0.08573900908231735, 0.6207810640335083 
0.0, 0.09621265530586243, 0.7708470225334167 
0.0, 0.06845636665821075, 0.974270761013031 
0.0, 0.10058175772428513, 0.6909753084182739 
0.0, 0.0703350231051445, 1.1193512678146362 
0.0, 0.06374291330575943, 0.9327473044395447 
0.0, 0.06614651530981064, 1.0024596452713013 
0.0, 0.06722211837768555, 0.9039291739463806 
0.0, 0.08706249296665192, 0.7406014204025269 
0.0, 0.0663345456123352, 0.497243195772171 
0.0, 0.07764385640621185, 0.6253061294555664 
0.0, 0.07232659310102463, 0.813359797000885 
0.0, 0.09987369924783707, 0.8777194619178772 
0.0, 0.0806736871600151, 0.7106315493583679 
0.0, 0.07587239146232605, 0.7574666142463684 
0.0, 0.08759351819753647, 0.6062914133071899 
0.0, 0.07853775471448898, 0.7224231958389282 
0.0, 0.07047747820615768, 0.6329821944236755 
0.0, 0.07533061504364014, 0.8746198415756226 
0.0, 0.07090811431407928, 0.7715594172477722 
0.0, 0.0911029502749443, 0.6771012544631958 
0.0, 0.046704936772584915, 0.9210053086280823 
0.0, 0.07905362546443939, 0.9252697825431824 
0.0, 0.0725148618221283, 0.6822354793548584 
0.0, 0.06440963596105576, 0.8874891400337219 
0.0, 0.08428849279880524, 0.8656829595565796 
0.0, 0.08483199775218964, 0.7268279790878296 
0.0, 0.08488219231367111, 0.7437585592269897 
0.0, 0.12354236841201782, 1.0617340803146362 
0.0, 0.07418619096279144, 0.9314544796943665 
0.0, 0.08152444660663605, 0.9661903381347656 
0.0, 0.055113598704338074, 1.042399287223816 
0.0, 0.06409378349781036, 0.5257920026779175 
0.0, 0.04658619314432144, 0.8522965312004089 
0.0, 0.09614752233028412, 0.6488640308380127 
0.0, 0.0833113044500351, 1.0591444969177246 
0.0, 0.08169695734977722, 1.1187303066253662 
0.0, 0.058494213968515396, 1.0602872371673584 
0.0, 0.06442733854055405, 0.9085591435432434 
0.0, 0.07033687829971313, 0.7049556970596313 
0.0, 0.08932439982891083, 0.7757527828216553 
0.0, 0.06219756230711937, 0.5930770039558411 
0.0, 0.0708765909075737, 0.7531541585922241 
0.0, 0.0636337399482727, 0.5180938243865967 
0.0, 0.08268874883651733, 0.6854824423789978 
0.0, 0.0857764258980751, 0.8210482597351074 
0.0, 0.07385880500078201, 0.9854307174682617 
0.0, 0.08073233813047409, 0.568419337272644 
0.0, 0.07823427021503448, 0.5957662463188171 
0.0, 0.05775308981537819, 0.46253472566604614 
0.0, 0.07999802380800247, 0.4800998568534851 
0.0, 0.065818190574646, 1.0732003450393677 
0.0, 0.09619980305433273, 1.2259854078292847 
0.0, 0.047727253288030624, 0.965560257434845 
0.0, 0.05093926563858986, 0.7490773797035217 
0.0, 0.07571717351675034, 0.7450463175773621 
0.0, 0.06678035110235214, 0.6685401201248169 
0.0, 0.06300625205039978, 0.46724972128868103 
0.0, 0.04958954080939293, 0.47426772117614746 
0.0, 0.07331924885511398, 0.7310672402381897 
0.0, 0.05865724757313728, 0.6231942772865295 
0.0, 0.07261686027050018, 0.727747917175293 
0.0, 0.07119088619947433, 2.1230430603027344 
0.0, 0.05914641171693802, 0.6325007677078247 
0.0, 0.05243298038840294, 0.677761971950531 
0.0, 0.06495057046413422, 1.2730871438980103 
0.0, 0.07888887822628021, 1.053781270980835 
0.0, 0.10657872259616852, 0.7327433228492737 
0.0, 0.07515916973352432, 1.2320126295089722 
0.0, 0.049212366342544556, 0.6812999844551086 
0.0, 0.07463394105434418, 0.8954715132713318 
0.0, 0.081936776638031, 0.6473336219787598 
0.0, 0.04996621236205101, 0.49328741431236267 
0.0, 0.08274487406015396, 0.6247947812080383 
0.0, 0.08421250432729721, 0.47382959723472595 
0.0, 0.0657707005739212, 1.2862427234649658 
0.0, 0.11130181699991226, 1.2068235874176025 
0.0, 0.047445278614759445, 1.033521294593811 
0.0, 0.05189930275082588, 0.8681345582008362 
0.0, 0.057570137083530426, 0.6666487455368042 
0.0, 0.062039799988269806, 0.6443868279457092 
0.0, 0.06133710965514183, 0.6336987614631653 
0.0, 0.07259460538625717, 0.6522176861763 
0.0, 0.06027960032224655, 0.6574472188949585 
0.0, 0.1041007712483406, 0.6543984413146973 
0.0, 0.07071252912282944, 0.9653140902519226 
0.0, 0.0954393520951271, 0.9866828918457031 
0.0, 0.05746150389313698, 1.0350490808486938 
0.0, 0.07443194091320038, 0.5671772956848145 
0.0, 0.06466115266084671, 0.612500011920929 
0.0, 0.05457248166203499, 0.7084452509880066 
0.0, 0.07144664973020554, 0.5789473056793213 
0.0, 0.059476010501384735, 0.7341371774673462 
0.0, 0.08058574050664902, 0.49491944909095764 
0.0, 0.05220382660627365, 0.9235583543777466 
0.0, 0.08762574195861816, 0.7844990491867065 
0.0, 0.06084558740258217, 0.7105892896652222 
0.0, 0.09063516557216644, 0.7359486818313599 
0.0, 0.07977935671806335, 0.6014868021011353 
0.0, 0.06390581279993057, 0.565686047077179 
0.0, 0.07134520262479782, 0.5897568464279175 
0.0, 0.06426139175891876, 0.7523448467254639 
0.0, 0.09664317220449448, 0.8275308012962341 
0.0, 0.07972197234630585, 0.5250650644302368 
0.0, 0.08156849443912506, 0.8980246186256409 
0.0, 0.07356614619493484, 0.6891769766807556 
0.0, 0.09878344088792801, 0.5510600209236145 
0.0, 0.07964726537466049, 0.8063257932662964 
0.0, 0.06485556811094284, 0.5992308259010315 
0.0, 0.09465823322534561, 0.8906774520874023 
0.0, 0.06981351971626282, 0.6739420294761658 
0.0, 0.07150054723024368, 0.960595428943634 
0.0, 0.07971711456775665, 1.0453366041183472 
0.0, 0.08318212628364563, 0.6515627503395081 
0.0, 0.08625411987304688, 0.5605801343917847 
0.0, 0.06535742431879044, 0.5719344019889832 
0.0, 0.08323384821414948, 0.7437525987625122 
0.0, 0.050468169152736664, 1.0473593473434448 
0.0, 0.05564763396978378, 0.5965399146080017 
0.0, 0.06094880774617195, 1.032633662223816 
0.0, 0.07161062210798264, 0.6382315754890442 
0.0, 0.06788086891174316, 0.5397903919219971 
0.0, 0.07965044677257538, 0.6661719679832458 
0.0, 0.06850670278072357, 0.8809875845909119 
0.0, 0.07247871160507202, 0.6069813966751099 
0.0, 0.10203173011541367, 1.0449073314666748 
0.0, 0.05904137343168259, 0.8565235137939453 
0.0, 0.0824442058801651, 0.6956079006195068 
0.0, 0.07700492441654205, 0.5906957983970642 
0.0, 0.0590306855738163, 0.6987816691398621 
0.0, 0.0680396780371666, 0.8073111176490784 
0.0, 0.09059852361679077, 0.6310244798660278 
0.0, 0.07151027023792267, 1.0022393465042114 
0.0, 0.07878802716732025, 0.7105990052223206 
0.0, 0.059258438646793365, 0.7878808379173279 
0.0, 0.07680194824934006, 0.5651722550392151 
0.0, 0.08232646435499191, 0.46443459391593933 
0.0, 0.05540644749999046, 0.8970301747322083 
0.0, 0.09160493314266205, 0.7335776090621948 
0.0, 0.07000674307346344, 0.7146303057670593 
0.0, 0.08600763231515884, 0.6166582107543945 
0.0, 0.0526934489607811, 0.6083725690841675 
0.0, 0.086326465010643, 0.7932068705558777 
0.0, 0.08205469697713852, 1.7199782133102417 
0.0, 0.1169792041182518, 0.7958613038063049 
0.0, 0.07437940686941147, 0.8970416188240051 
0.0, 0.07686819136142731, 0.7745835185050964 
0.0, 0.06776484102010727, 0.7647730112075806 
0.0, 0.07495792955160141, 0.7989150881767273 
0.0, 0.08224481344223022, 0.755262553691864 
0.0, 0.10959458351135254, 0.7908958792686462 
0.0, 0.067381851375103, 0.6907212138175964 
0.0, 0.06089676544070244, 1.2254232168197632 
0.0, 0.09653953462839127, 0.8397558927536011 
0.0, 0.07726125419139862, 0.6596148610115051 
0.0, 0.0853843241930008, 0.7706122398376465 
0.0, 0.08254554122686386, 0.6372489929199219 
0.0, 0.06314881891012192, 0.6955941915512085 
0.0, 0.10877952724695206, 0.8227328658103943 
0.0, 0.06387240439653397, 0.7210772633552551 
0.0, 0.07635612785816193, 0.49632561206817627 
0.0, 0.07309215515851974, 0.5082640051841736 
0.0, 0.07098612934350967, 0.6867355108261108 
0.0, 0.07396823912858963, 0.9060261249542236 
0.0, 0.10646407306194305, 1.0969887971878052 
0.0, 0.07875252515077591, 0.947012186050415 
0.0, 0.07882886379957199, 1.1830484867095947 
0.0, 0.1588575839996338, 0.9960471391677856 
0.0, 0.06409107893705368, 0.9904113411903381 
0.0, 0.08133039623498917, 1.158075213432312 
0.0, 0.06577612459659576, 0.6738958954811096 
0.0, 0.06827349215745926, 1.0212782621383667 
0.0, 0.07863247394561768, 0.6656274199485779 
0.0, 0.10243310779333115, 0.6672126650810242 
0.0, 0.06700413674116135, 0.43778079748153687 
0.0, 0.07227098941802979, 0.8215981125831604 
0.0, 0.08271806687116623, 0.6079632639884949 
0.0, 0.08297067135572433, 0.38394519686698914 
0.0, 0.08189134299755096, 0.7204923033714294 
0.0, 0.10736865550279617, 0.7649134993553162 
0.0, 0.0720425471663475, 0.7061517834663391 
0.0, 0.06205427274107933, 0.5772036910057068 
0.0, 0.06364057958126068, 0.8552199602127075 
0.0, 0.06323835253715515, 0.7555471658706665 
0.0, 0.08170473575592041, 0.786143958568573 
0.0, 0.06796657294034958, 0.7064023017883301 
0.0, 0.0748576670885086, 0.8242096900939941 
0.0, 0.06149061396718025, 0.5254992246627808 
0.0, 0.09095338732004166, 0.5275274515151978 
0.0, 0.0671408623456955, 0.6456121802330017 
0.0, 0.06499967724084854, 0.7238808870315552 
0.0, 0.07997333258390427, 0.8929895758628845 
0.0, 0.06733802706003189, 0.988021731376648 
0.0, 0.09603669494390488, 1.151511549949646 
0.0, 0.05866627395153046, 0.8766605854034424 
0.0, 0.09277292340993881, 0.4395085871219635 
0.0, 0.0719120055437088, 0.7536516189575195 
0.0, 0.08048369735479355, 0.7628173828125 
0.0, 0.09788016974925995, 0.7957354784011841 
0.0, 0.08460991084575653, 0.9403799772262573 
0.0, 0.10002946108579636, 1.4955240488052368 
0.0, 0.10388282686471939, 0.6906194090843201 
0.0, 0.06672754138708115, 0.8147889375686646 
0.0, 0.08639097958803177, 0.70112544298172 
0.0, 0.0841120034456253, 0.7971693873405457 
0.0, 0.05998973175883293, 0.8011379241943359 
0.0, 0.07776333391666412, 0.6907046437263489 
0.0, 0.057525549083948135, 0.8847969174385071 
0.0, 0.07269958406686783, 0.48552724719047546 
0.0, 0.0861486867070198, 0.7162256240844727 
0.0, 0.0718570128083229, 0.6514827609062195 
0.0, 0.08690819144248962, 0.587623655796051 
0.0, 0.07847044616937637, 0.6591669321060181 
0.0, 0.10166774690151215, 1.2200547456741333 
0.0, 0.0680251494050026, 0.8506790995597839 
0.0, 0.1052689179778099, 0.6186152100563049 
0.0, 0.07060838490724564, 0.7918615341186523 
0.0, 0.0664944127202034, 0.748741626739502 
0.0, 0.08408146351575851, 1.0690709352493286 
0.0, 0.06705816090106964, 0.9662959575653076 
0.0, 0.07937849313020706, 1.1064835786819458 
0.0, 0.07317870855331421, 0.9678958654403687 
0.0, 0.09261525422334671, 0.6620250940322876 
0.0, 0.07253643125295639, 0.8105746507644653 
0.0, 0.07908023148775101, 0.5208349227905273 
0.0, 0.09706459939479828, 0.5975201725959778 
0.0, 0.0656699612736702, 0.7195810079574585 
0.0, 0.08453664928674698, 0.6322376132011414 
0.0, 0.0603051483631134, 0.7552329897880554 
0.0, 0.08804721385240555, 0.7720147967338562 
0.0, 0.05339602753520012, 1.1171791553497314 
0.0, 0.06598026305437088, 0.7634055018424988 
0.0, 0.06098377704620361, 0.6799978017807007 
0.0, 0.06706417351961136, 0.5525955557823181 
0.0, 0.08652817457914352, 0.5364630818367004 
0.0, 0.07600732147693634, 0.562177300453186 
0.0, 0.052385006099939346, 0.5172809362411499 
0.0, 0.07721066474914551, 0.6257852911949158 
0.0, 0.07953640073537827, 0.7094529271125793 
0.0, 0.09393800050020218, 0.6866016387939453 
0.0, 0.0979887843132019, 0.9967970848083496 
0.0, 0.09930992871522903, 0.7727388143539429 
0.0, 0.08435717970132828, 1.2664515972137451 
0.0, 0.06419087946414948, 1.1773271560668945 
0.0, 0.0874694213271141, 1.109651803970337 
0.0, 0.07536079734563828, 1.3101493120193481 
0.0, 0.11643543094396591, 0.8331157565116882 
0.0, 0.0746387392282486, 0.8780301809310913 
0.0, 0.05506160110235214, 0.621808648109436 
0.0, 0.07250235974788666, 0.639035701751709 
0.0, 0.0584709458053112, 0.7915853261947632 
0.0, 0.058234330266714096, 0.5051341652870178 
0.0, 0.0859331265091896, 0.7545953989028931 
0.0, 0.048190586268901825, 0.9807851314544678 
0.0, 0.06427478045225143, 0.49851712584495544 
0.0, 0.0636238306760788, 0.6587685942649841 
0.0, 0.0737067312002182, 0.5662178993225098 
0.0, 0.06064531207084656, 0.4484809935092926 
0.0, 0.06877448409795761, 0.8816664814949036 
0.0, 0.06733373552560806, 1.1548868417739868 
0.0, 0.07239893823862076, 0.5961428880691528 
0.0, 0.06383082270622253, 0.9152050018310547 
0.0, 0.07158549875020981, 1.526787519454956 
0.0, 0.07192306965589523, 0.46501511335372925 
0.0, 0.07600855082273483, 0.9562634825706482 
0.0, 0.0953032448887825, 0.8530800938606262 
0.0, 0.07140520960092545, 0.6821597814559937 
0.0, 0.11039159446954727, 0.48488089442253113 
0.0, 0.049919020384550095, 0.6195617914199829 
0.0, 0.08196146786212921, 0.9903411865234375 
0.0, 0.05995936319231987, 0.6728511452674866 
0.0, 0.07105977088212967, 0.48090603947639465 
0.0, 0.058450404554605484, 0.3389752507209778 
0.0, 0.055947866290807724, 0.8559272885322571 
0.0, 0.09540330618619919, 0.5942491888999939 
0.0, 0.06482284516096115, 1.080612301826477 
0.0, 0.09410508722066879, 0.890772819519043 
0.0, 0.08242221176624298, 0.7807044982910156 
0.0, 0.07750489562749863, 0.49826303124427795 
0.0, 0.06696256250143051, 0.788220226764679 
0.0, 0.060702286660671234, 1.0647552013397217 
0.0, 0.07723648846149445, 0.6388394236564636 
0.0, 0.06663630157709122, 0.6340675950050354 
0.0, 0.06730446964502335, 0.7817169427871704 
0.0, 0.09499642997980118, 0.6128535270690918 
0.0, 0.06431432068347931, 0.5589422583580017 
0.0, 0.10211730748414993, 0.9513295888900757 
0.0, 0.11307505518198013, 0.8028621077537537 
0.0, 0.06716866791248322, 0.8918033242225647 
0.0, 0.11271075159311295, 0.8767871856689453 
0.0, 0.06452787667512894, 0.8683117628097534 
0.0, 0.1270918995141983, 0.9155643582344055 
0.0, 0.06484094262123108, 0.9120445847511292 
0.0, 0.09905068576335907, 1.2468072175979614 
0.0, 0.10317700356245041, 0.9233607053756714 
0.0, 0.046276409178972244, 0.5656915903091431 
0.0, 0.06013214960694313, 0.44764259457588196 
0.0, 0.08705594390630722, 0.3275441825389862 
0.0, 0.07894162833690643, 0.7361977696418762 
0.0, 0.062025416642427444, 0.5892346501350403 
0.0, 0.042163021862506866, 0.5050156116485596 
0.0, 0.05196982994675636, 0.4950287640094757 
0.0, 0.059490203857421875, 0.49977654218673706 
0.0, 0.06886627525091171, 0.4856244921684265 
0.0, 0.053161874413490295, 0.49416986107826233 
0.0, 0.08307426422834396, 0.7360402941703796 
0.0, 0.05862737447023392, 0.6834243535995483 
0.0, 0.07640629261732101, 0.5587936639785767 
0.0, 0.07638825476169586, 0.6442402601242065 
0.0, 0.0703807920217514, 0.6133769750595093 
0.0, 0.06821451336145401, 0.9540552496910095 
0.0, 0.0942486897110939, 0.766673743724823 
0.0, 0.0707884356379509, 0.38982388377189636 
0.0, 0.054330118000507355, 0.6373242139816284 
0.0, 0.06912680715322495, 0.9074200391769409 
0.0, 0.07023678719997406, 0.9509093165397644 
0.0, 0.049146201461553574, 0.37892746925354004 
0.0, 0.06763365864753723, 0.45609351992607117 
0.0, 0.0679875835776329, 0.5522387623786926 
0.0, 0.0806751623749733, 0.8554644584655762 
0.0, 0.06537910550832748, 1.0624682903289795 
0.0, 0.08519486337900162, 0.9079339504241943 
0.0, 0.06715584546327591, 1.0047346353530884 
0.0, 0.05226322263479233, 0.415555477142334 
0.0, 0.056516628712415695, 0.4349188804626465 
0.0, 0.054912976920604706, 0.6553319692611694 
0.0, 0.06750581413507462, 0.5961180925369263 
0.0, 0.08556162565946579, 0.5094503164291382 
0.0, 0.062295857816934586, 0.39091989398002625 
0.0, 0.08741947263479233, 0.5600387454032898 
0.0, 0.08391407877206802, 0.8056816458702087 
0.0, 0.07149279117584229, 0.6992926597595215 
0.0, 0.08580875396728516, 0.6843050718307495 
0.0, 0.07284218817949295, 0.5189541578292847 
0.0, 0.0613541416823864, 0.6472330093383789 
0.0, 0.08607605844736099, 0.5646223425865173 
0.0, 0.07217930257320404, 0.6543896198272705 
0.0, 0.07024937123060226, 0.44639918208122253 
0.0, 0.0877169519662857, 0.7209888696670532 
0.0, 0.05298290029168129, 0.522563099861145 
0.0, 0.10490085184574127, 0.6961473822593689 
0.0, 0.07227307558059692, 0.9084177613258362 
0.0, 0.059910014271736145, 0.6406498551368713 
0.0, 0.07423677295446396, 0.6958314776420593 
0.0, 0.0752815529704094, 1.3129640817642212 
0.0, 0.10399329662322998, 1.1112300157546997 
0.0, 0.07161630690097809, 0.9150564074516296 
0.0, 0.08102922886610031, 0.7126359939575195 
0.0, 0.0919271931052208, 0.6400651931762695 
0.0, 0.06955379992723465, 1.1630408763885498 
0.0, 0.07518761605024338, 1.046370029449463 
0.0, 0.06472194939851761, 0.8753079771995544 
0.0, 0.07882393151521683, 0.7293524146080017 
0.0, 0.09264706820249557, 0.6869470477104187 
0.0, 0.05528976768255234, 0.6988574862480164 
0.0, 0.08556152880191803, 0.8233474493026733 
0.0, 0.06315872818231583, 0.7117348909378052 
0.0, 0.07504106312990189, 0.631622850894928 
0.0, 0.09202751517295837, 0.6724304556846619 
0.0, 0.05132000893354416, 0.6103992462158203 
0.0, 0.08534801751375198, 0.6733915209770203 
0.0, 0.07250930368900299, 0.5052217841148376 
0.0, 0.07919927686452866, 0.6569842100143433 
0.0, 0.07395219802856445, 0.4903067946434021 
0.0, 0.07470794022083282, 1.0788835287094116 
0.0, 0.07385535538196564, 0.781234622001648 
0.0, 0.05868535861372948, 0.4874337613582611 
0.0, 0.0595364086329937, 0.5916752219200134 
0.0, 0.06439173966646194, 0.4128464460372925 
0.0, 0.08822223544120789, 0.44400474429130554 
0.0, 0.07166051864624023, 0.7409052848815918 
0.0, 0.06338103860616684, 0.47055456042289734 
0.0, 0.08018846064805984, 0.5318465828895569 
0.0, 0.06283550709486008, 0.5392541885375977 
0.0, 0.05092497542500496, 0.45221635699272156 
0.0, 0.06401988118886948, 0.4976966977119446 
0.0, 0.04975739121437073, 0.6359782218933105 
0.0, 0.067298024892807, 1.0860116481781006 
0.0, 0.0849393978714943, 0.7290774583816528 
0.0, 0.07747932523488998, 0.6233932375907898 
0.0, 0.0439070463180542, 0.588950514793396 
0.0, 0.06957682222127914, 1.0847694873809814 
0.0, 0.08244510740041733, 0.993111789226532 
0.0, 0.0724174901843071, 1.7905726432800293 
0.0, 0.0801762044429779, 0.8056756258010864 
0.0, 0.07671792060136795, 0.8322663307189941 
0.0, 0.09040761739015579, 0.732986330986023 
0.0, 0.059246353805065155, 0.8538132905960083 
0.0, 0.07106544822454453, 0.5646157264709473 
0.0, 0.0822257325053215, 0.6643826961517334 
0.0, 0.06323792785406113, 0.46658962965011597 
0.0, 0.07636786997318268, 0.6334110498428345 
0.0, 0.06519988179206848, 0.6359590888023376 
0.0, 0.04212970286607742, 0.6282297372817993 
0.0, 0.0875403881072998, 0.6447702050209045 
0.0, 0.07793494313955307, 0.5239642858505249 
0.0, 0.0589936338365078, 0.5003072023391724 
0.0, 0.08063546568155289, 0.6175654530525208 
0.0, 0.09538379311561584, 0.36420077085494995 
0.0, 0.074064239859581, 0.7706626653671265 
0.0, 0.07739326357841492, 0.9290594458580017 
0.0, 0.07077272981405258, 0.9891592264175415 
0.0, 0.05173202604055405, 0.6045045256614685 
0.0, 0.07295100390911102, 0.6483501195907593 
0.0, 0.09165357053279877, 0.6007863879203796 
0.0, 0.07162276655435562, 0.5260894298553467 
0.0, 0.07470083981752396, 0.523574948310852 
0.0, 0.06542928516864777, 0.5164037346839905 
0.0, 0.07380808889865875, 0.7262378334999084 
0.0, 0.061253827065229416, 1.3549511432647705 
0.0, 0.05919143557548523, 0.7913608551025391 
0.0, 0.0853097140789032, 0.4652084708213806 
0.0, 0.07726291567087173, 0.7818020582199097 
0.0, 0.06654523313045502, 0.6547232866287231 
0.0, 0.06432440131902695, 0.6287416219711304 
0.0, 0.08851820230484009, 0.6850075721740723 
0.0, 0.07490555942058563, 0.6864110231399536 
0.0, 0.0912497490644455, 0.67566978931427 
0.0, 0.0638454481959343, 0.9593890309333801 
0.0, 0.05171583220362663, 0.930574893951416 
0.0, 0.053938303142786026, 0.5058258771896362 
0.0, 0.08747028559446335, 0.8060358762741089 
0.0, 0.08563683927059174, 0.5157536268234253 
0.0, 0.06599269807338715, 0.6522154211997986 
0.0, 0.08413504809141159, 0.8015280365943909 
0.0, 0.0702601969242096, 0.6895062327384949 
0.0, 0.06589958816766739, 0.8510913848876953 
0.0, 0.07582610845565796, 0.625956654548645 
0.0, 0.0747172012925148, 0.6831188201904297 
0.0, 0.056188713759183884, 0.8898347020149231 
0.0, 0.08640805631875992, 0.6543715000152588 
0.0, 0.08688026666641235, 0.9437909722328186 
0.0, 0.0872076079249382, 0.4793725907802582 
0.0, 0.05495312064886093, 0.6960137486457825 
0.0, 0.06907562166452408, 0.8046724200248718 
0.0, 0.0576997734606266, 0.6635695695877075 
0.0, 0.07647257298231125, 0.4592911899089813 
0.0, 0.06805941462516785, 1.2570390701293945 
0.0, 0.10059218108654022, 1.0497581958770752 
0.0, 0.0755145475268364, 0.475107878446579 
0.0, 0.07853368669748306, 0.8345629572868347 
0.0, 0.07936731725931168, 0.8351722955703735 
0.0, 0.0956970825791359, 0.9003655314445496 
0.0, 0.0922689214348793, 0.7891495227813721 
0.0, 0.06361903995275497, 0.8819279074668884 
0.0, 0.07529133558273315, 0.9105361104011536 
0.0, 0.056083399802446365, 0.4782540798187256 
0.0, 0.09002424776554108, 0.4615574777126312 
0.0, 0.06751018017530441, 0.8631377220153809 
0.0, 0.07344008982181549, 0.8272445797920227 
0.0, 0.09814329445362091, 0.5769891142845154 
0.0, 0.06552108377218246, 0.7264083027839661 
0.0, 0.07310398668050766, 0.6002557277679443 
0.0, 0.06761275976896286, 0.8217655420303345 
0.0, 0.08086713403463364, 0.6061403155326843 
0.0, 0.07498060166835785, 0.5899271965026855 
0.0, 0.06691468507051468, 0.5912551283836365 
0.0, 0.05951805040240288, 0.5657549500465393 
0.0, 0.0797700434923172, 0.8542701005935669 
0.0, 0.05960525944828987, 0.6305685639381409 
0.0, 0.05362802743911743, 0.616334080696106 
0.0, 0.08140010386705399, 0.7120075821876526 
0.0, 0.07041233032941818, 0.8905683159828186 
0.0, 0.05492522567510605, 0.5346941351890564 
0.0, 0.06757852435112, 0.44740524888038635 
0.0, 0.08052273094654083, 0.8431379199028015 
0.0, 0.0517507866024971, 0.7970613837242126 
0.0, 0.07315018028020859, 0.8040164113044739 
0.0, 0.05757248029112816, 0.8590444922447205 
0.0, 0.06033843383193016, 0.983525276184082 
0.0, 0.04538974165916443, 0.5953158736228943 
0.0, 0.0645516887307167, 0.5344532132148743 
0.0, 0.08753661066293716, 0.49856260418891907 
0.0, 0.07003545016050339, 0.7090005874633789 
0.0, 0.05898623913526535, 0.4226033389568329 
0.0, 0.0639270469546318, 0.4522995054721832 
0.0, 0.05850616469979286, 0.5815294981002808 
0.0, 0.06517999619245529, 0.6154989004135132 
0.0, 0.08228255063295364, 0.8689965605735779 
0.0, 0.08769558370113373, 0.7208150625228882 
0.0, 0.07784085720777512, 0.6703819632530212 
0.0, 0.07905668765306473, 0.3576740324497223 
0.0, 0.07185133546590805, 0.8377062678337097 
0.0, 0.0731692984700203, 1.0004984140396118 
0.0, 0.10929322242736816, 0.7053269147872925 
0.0, 0.07951609790325165, 0.5873304605484009 
0.0, 0.07129912078380585, 0.6053261756896973 
0.0, 0.05377449095249176, 1.0190831422805786 
0.0, 0.06157965213060379, 0.8029730916023254 
0.0, 0.07511696964502335, 0.5006962418556213 
0.0, 0.06587401777505875, 0.7072664499282837 
0.0, 0.047959502786397934, 0.5708472728729248 
0.0, 0.0727047473192215, 0.462978333234787 
0.0, 0.05726167559623718, 0.3245887756347656 
0.0, 0.05518627539277077, 0.35327666997909546 
0.0, 0.10185777395963669, 0.6905300617218018 
0.0, 0.0827673077583313, 0.6431267857551575 
0.0, 0.06818949431180954, 0.5998913049697876 
0.0, 0.052627984434366226, 0.6395272016525269 
0.0, 0.058357179164886475, 0.4835495948791504 
0.0, 0.052703335881233215, 0.4218943417072296 
0.0, 0.07375282794237137, 0.7775830626487732 
0.0, 0.05528748780488968, 0.9007397890090942 
0.0, 0.06287261843681335, 0.6296374201774597 
0.0, 0.04741019755601883, 0.6525934338569641 
0.0, 0.05892094969749451, 0.25723472237586975 
0.0, 0.058758389204740524, 0.44735679030418396 
0.0, 0.0629442036151886, 0.5650526881217957 
0.0, 0.09541986882686615, 0.6539260745048523 
0.0, 0.08115079253911972, 1.318533182144165 
0.0, 0.10121102631092072, 1.3549598455429077 
0.0, 0.0854596421122551, 1.0978904962539673 
0.0, 0.07375138252973557, 1.4393575191497803 
0.0, 0.0660630464553833, 0.9810000061988831 
0.0, 0.07994061708450317, 0.9283609986305237 
0.0, 0.06923937052488327, 1.0688176155090332 
0.0, 0.0882725939154625, 0.9395630955696106 
0.0, 0.05699903517961502, 0.712675929069519 
0.0, 0.07258318364620209, 0.5462480187416077 
0.0, 0.0875842273235321, 0.5094139575958252 
0.0, 0.08015384525060654, 0.40819409489631653 
0.0, 0.0758342370390892, 0.5301006436347961 
0.0, 0.08981222659349442, 0.47414788603782654 
0.0, 0.05934274569153786, 0.5402661561965942 
0.0, 0.08826738595962524, 0.9296959042549133 
0.0, 0.05503155663609505, 0.6046667098999023 
0.0, 0.04877826198935509, 0.37722140550613403 
0.0, 0.055369433015584946, 0.6035758852958679 
0.0, 0.07327895611524582, 0.6416414976119995 
0.0, 0.08050254732370377, 0.7058672904968262 
0.0, 0.05710093304514885, 0.3119003176689148 
0.0, 0.08364173024892807, 0.6265157461166382 
0.0, 0.08440663665533066, 0.5671862363815308 
0.0, 0.07954450696706772, 1.0134655237197876 
0.0, 0.08533722162246704, 0.7691656351089478 
0.0, 0.06650575250387192, 0.8604534268379211 
0.0, 0.08827531337738037, 0.565414547920227 
0.0, 0.055778272449970245, 0.4777112901210785 
0.0, 0.05583358183503151, 0.6979845762252808 
0.0, 0.06141287088394165, 0.3644329607486725 
0.0, 0.05067762732505798, 0.7976959347724915 
0.0, 0.08559685945510864, 1.4294092655181885 
0.0, 0.0896959975361824, 1.4369269609451294 
0.0, 0.05705404281616211, 0.5121779441833496 
0.0, 0.08290635794401169, 0.6634267568588257 
0.0, 0.0652557834982872, 0.7500827312469482 
0.0, 0.07152138650417328, 0.6589857339859009 
0.0, 0.06727482378482819, 0.6904674172401428 
0.0, 0.05874428153038025, 0.4445285201072693 
0.0, 0.052099041640758514, 0.37265920639038086 
0.0, 0.06965009868144989, 0.32633355259895325 
0.0, 0.07149862498044968, 0.4535282850265503 
0.0, 0.06633757799863815, 0.5994622111320496 
0.0, 0.05436982959508896, 0.6355953812599182 
0.0, 0.08176656067371368, 0.6047622561454773 
0.0, 0.06508655846118927, 0.29949307441711426 
0.0, 0.06716573983430862, 0.4537533223628998 
0.0, 0.062094878405332565, 0.2822311222553253 
0.0, 0.06567037850618362, 0.44257089495658875 
0.0, 0.08690191060304642, 0.4778010845184326 
0.0, 0.07035194337368011, 0.5437014102935791 
0.0, 0.07479298114776611, 0.41461148858070374 
0.0, 0.065426304936409, 0.5180298089981079 
0.0, 0.07265583425760269, 0.49834737181663513 
0.0, 0.07542905956506729, 0.7566670775413513 
0.0, 0.06542555242776871, 0.2979206442832947 
0.0, 0.07827877998352051, 0.22189240157604218 
0.0, 0.04876148700714111, 0.5397940874099731 
0.0, 0.06997062265872955, 0.6415780186653137 
0.0, 0.05862901732325554, 0.4142099618911743 
0.0, 0.11724627763032913, 0.4249756932258606 
0.0, 0.05665934458374977, 0.9951744079589844 
0.0, 0.06966701149940491, 0.886989951133728 
0.0, 0.08450467139482498, 0.6679243445396423 
0.0, 0.064909927546978, 0.539547324180603 
0.0, 0.11325416713953018, 0.6215941309928894 
0.0, 0.08464019745588303, 0.9080871939659119 
0.0, 0.07667665183544159, 0.5496291518211365 
0.0, 0.06713209301233292, 0.3973108232021332 
0.0, 0.062190551310777664, 0.5979142785072327 
0.0, 0.07647018134593964, 0.45038291811943054 
0.0, 0.08918843418359756, 1.0548864603042603 
0.0, 0.06531494855880737, 0.5795918107032776 
0.0, 0.05215361714363098, 0.40959328413009644 
0.0, 0.06772710382938385, 0.28608939051628113 
0.0, 0.06917885690927505, 0.40187081694602966 
0.0, 0.06273449957370758, 0.2658518850803375 
0.0, 0.06196984276175499, 0.6159324645996094 
0.0, 0.07174790650606155, 0.2784586250782013 
0.0, 0.06778392195701599, 0.40288877487182617 
0.0, 0.06814473867416382, 0.7652922868728638 
0.0, 0.06670646369457245, 0.6545588970184326 
0.0, 0.08788829296827316, 0.5356981158256531 
0.0, 0.05317520350217819, 0.4847336411476135 
0.0, 0.06595636159181595, 1.2636152505874634 
0.0, 0.0703979879617691, 0.268690288066864 
0.0, 0.06472406536340714, 0.38562485575675964 
0.0, 0.07511701434850693, 0.7970503568649292 
0.0, 0.08793949335813522, 0.37917089462280273 
0.0, 0.06131784990429878, 0.7582783102989197 
0.0, 0.08739376068115234, 0.7850045561790466 
0.0, 0.0685850977897644, 0.8983902335166931 
0.0, 0.06680043041706085, 0.845571756362915 
0.0, 0.0738012045621872, 0.6191218495368958 
0.0, 0.0657661035656929, 1.0519577264785767 
0.0, 0.06992196291685104, 0.7025044560432434 
0.0, 0.05777634307742119, 0.7174678444862366 
0.0, 0.07534144073724747, 0.66377192735672 
0.0, 0.06768403202295303, 0.3320160508155823 
0.0, 0.05987009406089783, 0.3691976070404053 
0.0, 0.07175011932849884, 0.27589157223701477 
0.0, 0.0721423402428627, 0.3481762409210205 
0.0, 0.0712941363453865, 0.523687481880188 
0.0, 0.06551561504602432, 0.5063994526863098 
0.0, 0.06671129167079926, 0.3070094883441925 
0.0, 0.05609806999564171, 0.31734874844551086 
0.0, 0.0899164155125618, 0.6258739233016968 
0.0, 0.09688333421945572, 0.6706777811050415 
0.0, 0.10104593634605408, 1.0466749668121338 
0.0, 0.08341090381145477, 0.5587043762207031 
0.0, 0.04996418580412865, 1.0419538021087646 
0.0, 0.06894581764936447, 0.4762398302555084 
0.0, 0.07372704893350601, 0.5572346448898315 
0.0, 0.10189231485128403, 0.42855730652809143 
0.0, 0.053697824478149414, 0.8761852979660034 
0.0, 0.06100941449403763, 0.21608909964561462 
0.0, 0.057182006537914276, 0.6102771162986755 
0.0, 0.06354713439941406, 0.4927663505077362 
0.0, 0.09224472939968109, 0.6612833738327026 
0.0, 0.056062012910842896, 0.4789726436138153 
0.0, 0.05445033684372902, 0.5287982821464539 
0.0, 0.0754222720861435, 0.8348620533943176 
0.0, 0.07218275219202042, 0.5317136645317078 
0.0, 0.08424235135316849, 0.9549607634544373 
0.0, 0.08995673060417175, 0.6511338949203491 
0.0, 0.05874263867735863, 0.5096631646156311 
0.0, 0.07420936226844788, 0.49536800384521484 
0.0, 0.07069987803697586, 0.5173432230949402 
0.0, 0.08293946087360382, 0.7181435227394104 
0.0, 0.07205285876989365, 0.8316525816917419 
0.0, 0.07623524218797684, 0.6107999086380005 
0.0, 0.042039088904857635, 0.6306559443473816 
0.0, 0.0846494734287262, 0.45315021276474 
0.0, 0.06428586691617966, 0.7779713273048401 
0.0, 0.07134692370891571, 0.7663295865058899 
0.0, 0.06276259571313858, 0.624053418636322 
0.0, 0.054950959980487823, 0.5893760323524475 
0.0, 0.07213187962770462, 0.35656166076660156 
0.0, 0.06491366773843765, 0.32517796754837036 
0.0, 0.05834705010056496, 0.4864860475063324 
0.0, 0.07662884145975113, 0.3697341978549957 
0.0, 0.06085417792201042, 0.3876745402812958 
0.0, 0.06491395831108093, 0.7919127941131592 
0.0, 0.058625273406505585, 0.3648248314857483 
0.0, 0.05731172114610672, 0.42340347170829773 
0.0, 0.059706781059503555, 0.5364041924476624 
0.0, 0.0893624946475029, 0.7379380464553833 
0.0, 0.057251956313848495, 0.6099147200584412 
0.0, 0.08647386729717255, 0.5403154492378235 
0.0, 0.070724718272686, 0.6042653918266296 
0.0, 0.0813339576125145, 0.7104640603065491 
0.0, 0.09772572666406631, 0.8543151021003723 
0.0, 0.07986799627542496, 0.7909234166145325 
0.0, 0.0517461895942688, 0.33360207080841064 
0.0, 0.0793677419424057, 0.584672749042511 
0.0, 0.1038261353969574, 0.6186968684196472 
0.0, 0.05692033842206001, 0.3160569667816162 
0.0, 0.06069650128483772, 0.5117640495300293 
0.0, 0.07154028117656708, 0.8070955872535706 
0.0, 0.05672870948910713, 0.7335634827613831 
0.0, 0.07385281473398209, 0.4892990291118622 
0.0, 0.08786963671445847, 0.8210035562515259 
0.0, 0.08545100688934326, 0.7860910296440125 
0.0, 0.11360637098550797, 1.0114091634750366 
0.0, 0.050933532416820526, 0.535070538520813 
0.0, 0.06963664293289185, 0.7067862749099731 
0.0, 0.07333844900131226, 0.674003005027771 
0.0, 0.05108872801065445, 0.4823470115661621 
0.0, 0.06903275847434998, 0.8824640512466431 
0.0, 0.0697191134095192, 0.6700780987739563 
0.0, 0.058517396450042725, 0.898774266242981 
0.0, 0.06536321341991425, 0.4490814805030823 
0.0, 0.060888148844242096, 0.3165160119533539 
0.0, 0.0564640536904335, 0.5783844590187073 
0.0, 0.06066393479704857, 0.44521579146385193 
0.0, 0.06267866492271423, 0.6019999384880066 
0.0, 0.06587912887334824, 0.5665063858032227 
0.0, 0.07397501170635223, 0.5309305191040039 
0.0, 0.07763516157865524, 0.3335241973400116 
0.0, 0.06744224578142166, 0.4883821904659271 
0.0, 0.0654439926147461, 0.7197043895721436 
0.0, 0.07230192422866821, 0.32682088017463684 
0.0, 0.11036357283592224, 0.48329126834869385 
0.0, 0.06416621059179306, 0.7821341753005981 
0.0, 0.07261209934949875, 0.6279033422470093 
0.0, 0.06461329013109207, 0.6027258634567261 
0.0, 0.07102222740650177, 0.7413769960403442 
0.0, 0.07535676658153534, 0.41135862469673157 
0.0, 0.0751119926571846, 0.9821882247924805 
0.0, 0.0662686675786972, 0.5161775350570679 
0.0, 0.05786881223320961, 0.4543076157569885 
0.0, 0.07902626693248749, 0.6234601140022278 
0.0, 0.07072664052248001, 0.7614549994468689 
0.0, 0.07169128954410553, 0.4380475580692291 
0.0, 0.05752858892083168, 0.5671187043190002 
0.0, 0.07511574774980545, 0.5619247555732727 
0.0, 0.09684829413890839, 0.39605218172073364 
0.0, 0.05453044921159744, 0.711948037147522 
0.0, 0.08235780149698257, 0.7170770168304443 
0.0, 0.04259860888123512, 0.3090517222881317 
0.0, 0.05445145443081856, 0.43616023659706116 
0.0, 0.0649125799536705, 0.5210447907447815 
0.0, 0.10090272128582001, 0.9373975992202759 
0.0, 0.07958604395389557, 0.5899084210395813 
0.0, 0.06710316985845566, 0.45775002241134644 
0.0, 0.05692436546087265, 0.4234331548213959 
0.0, 0.06618109345436096, 0.7401434779167175 
0.0, 0.05956423282623291, 0.8086888194084167 
0.0, 0.09136443585157394, 0.4101671278476715 
0.0, 0.07469164580106735, 0.5148459672927856 
0.0, 0.07558220624923706, 0.49205756187438965 
0.0, 0.06425981968641281, 0.3198348879814148 
0.0, 0.06406965851783752, 0.5935855507850647 
0.0, 0.053066179156303406, 0.30740538239479065 
0.0, 0.04727974534034729, 0.23759710788726807 
0.0, 0.07010133564472198, 0.5684442520141602 
0.0, 0.08513177931308746, 0.5553768277168274 
0.0, 0.07415727525949478, 1.1048243045806885 
0.0, 0.10416972637176514, 1.7965906858444214 
0.0, 0.07390312850475311, 1.119652509689331 
0.0, 0.059073273092508316, 0.7964643836021423 
0.0, 0.057202402502298355, 0.46241477131843567 
0.0, 0.08508781343698502, 0.7318331599235535 
0.0, 0.07573361694812775, 0.6755916476249695 
0.0, 0.06314858049154282, 0.49678876996040344 
0.0, 0.06634757667779922, 0.7968243956565857 
0.0, 0.06443267315626144, 0.6036027073860168 
0.0, 0.05806184187531471, 0.6598215103149414 
0.0, 0.07320690900087357, 0.6209074258804321 
0.0, 0.05883112922310829, 0.3702532649040222 
0.0, 0.04236018657684326, 0.2138894647359848 
0.0, 0.07385049760341644, 0.5780359506607056 
0.0, 0.06302733719348907, 0.6430578231811523 
0.0, 0.08509676903486252, 0.43449634313583374 
0.0, 0.07299012690782547, 0.6451078057289124 
0.0, 0.08932150900363922, 0.4876388907432556 
0.0, 0.044839952141046524, 0.3383006751537323 
0.0, 0.06651000678539276, 0.6842484474182129 
0.0, 0.059458911418914795, 0.7716598510742188 
0.0, 0.09176735579967499, 0.7702668309211731 
0.0, 0.05961684510111809, 0.413997620344162 
0.0, 0.056438375264406204, 0.37347501516342163 
0.0, 0.07568758726119995, 0.615204393863678 
0.0, 0.05939985811710358, 0.3918253183364868 
0.0, 0.06716327369213104, 0.26493850350379944 
