0.0, 1.8591920252220007e-06, 0.0018744352273643017 
0.0, 1.6904930362215964e-06, 0.001669171149842441 
0.0, 1.205213607136102e-06, 0.002202350180596113 
0.0, 8.813784688754822e-07, 0.001299916417337954 
0.0, 8.270180273939332e-07, 0.0015883379383012652 
0.0, 8.79839774370339e-07, 0.001662270282395184 
0.0, 1.0021794878412038e-06, 0.0012596818851307034 
0.0, 1.0271390920024714e-06, 0.0038848076947033405 
0.0, 5.425903282230138e-07, 0.0010760525474324822 
0.0, 5.150862421032798e-07, 0.0010297963162884116 
0.0, 7.418137215609022e-07, 0.0010740890866145492 
0.0, 6.48861714580562e-07, 0.0005942382849752903 
0.0, 4.5334360265769647e-07, 0.0007874270668253303 
0.0, 9.433495620214671e-07, 0.0010356414131820202 
0.0, 4.870512952948047e-07, 0.0012422639410942793 
0.0, 8.246312290793867e-07, 0.0012180509511381388 
0.0, 7.769643843857921e-07, 0.0010615875944495201 
0.0, 9.675618457549717e-07, 0.0013429882237687707 
0.0, 8.848893457980012e-07, 0.0012490347726270556 
0.0, 1.5759693496875116e-06, 0.0013969215797260404 
0.0, 9.940872587321792e-07, 0.0009438511915504932 
0.0, 8.526222927685012e-07, 0.0008331324788741767 
0.0, 1.180308004222752e-06, 0.0013812610413879156 
0.0, 6.14690407019225e-07, 0.0010771660599857569 
0.0, 8.489750484841352e-07, 0.0007844395004212856 
0.0, 1.0052082188849454e-06, 0.0009858687408268452 
0.0, 1.5113323570403736e-06, 0.0012530715903267264 
0.0, 9.312524866800231e-07, 0.0010406258516013622 
0.0, 9.203073432217934e-07, 0.0009101702598854899 
0.0, 9.026245493259921e-07, 0.0014565439196303487 
0.0, 2.1961889160593273e-06, 0.0013509111013263464 
0.0, 1.3188031289246283e-06, 0.0010989088332280517 
0.0, 1.123868059949018e-06, 0.002336266450583935 
0.0, 1.5850566796871135e-06, 0.0014837936032563448 
0.0, 1.69356508195051e-06, 0.002750155283138156 
0.0, 1.760038912834716e-06, 0.001156085985712707 
0.0, 7.878743986111658e-07, 0.0018566142534837127 
0.0, 7.408086730720242e-07, 0.0005149325588718057 
0.0, 7.973927722559893e-07, 0.0008493850473314524 
0.0, 7.404679536193726e-07, 0.0008985988097265363 
