0.0, 1.0, 33.75 
0.0, 1.0, 33.75 
0.0, 1.0, 33.75 
0.0, 1.0, 33.75 
0.0, 1.0, 33.75 
0.0, 1.0, 33.75 
0.0, 1.0, 33.75 
0.0, 1.0, 33.75 
0.0, 1.0, 33.75 
0.0, 1.0, 33.75 
0.0, 1.0, 33.75 
0.0, 1.0, 33.75 
0.0, 1.0, 33.75 
0.0, 1.0, 33.75 
0.0, 1.0, 33.75 
0.0, 1.0, 33.75 
0.0, 1.0, 33.75 
0.0, 1.0, 33.75 
0.0, 1.0, 33.75 
0.0, 1.0, 33.75 
0.0, 1.0, 33.75 
0.0, 1.0, 33.75 
0.0, 1.0, 33.75 
0.0, 1.0, 33.75 
0.0, 1.0, 33.75 
0.0, 1.0, 33.75 
0.0, 1.0, 33.75 
0.0, 1.0, 33.75 
0.0, 1.0, 33.75 
0.0, 1.0, 33.75 
0.0, 1.0, 33.75 
0.0, 1.0, 33.75 
0.0, 1.0, 33.75 
0.0, 1.0, 33.75 
0.0, 1.0, 33.75 
0.0, 1.0, 33.75 
0.0, 1.0, 33.75 
0.0, 1.0, 33.75 
0.0, 1.0, 33.75 
0.0, 1.0, 33.75 
0.0, 1.0, 33.75 
0.0, 1.0, 33.75 
0.0, 1.0, 33.75 
0.0, 1.0, 33.75 
0.0, 1.0, 33.75 
0.0, 1.0, 33.75 
0.0, 1.0, 33.75 
0.0, 1.0, 33.75 
0.0, 1.0, 33.75 
0.0, 1.0, 33.75 
0.0, 1.0, 33.75 
0.0, 1.0, 33.75 
0.0, 1.0, 33.75 
0.0, 1.0, 33.75 
0.0, 1.0, 33.75 
0.0, 1.0, 33.75 
0.0, 1.0, 33.75 
0.0, 1.0, 33.75 
0.0, 1.0, 33.75 
0.0, 1.0, 33.75 
0.0, 1.0, 33.75 
0.0, 1.0, 33.75 
0.0, 1.0, 33.75 
0.0, 1.0, 33.75 
0.0, 1.0, 33.75 
0.0, 1.0, 33.75 
0.0, 1.0, 33.75 
0.0, 1.0, 33.75 
0.0, 1.0, 33.75 
0.0, 1.0, 33.75 
0.0, 1.0, 33.75 
0.0, 1.0, 33.75 
0.0, 1.0, 33.75 
0.0, 1.0, 33.75 
0.0, 1.0, 33.75 
0.0, 1.0, 33.75 
0.0, 1.0, 33.75 
0.0, 1.0, 33.75 
0.0, 1.0, 33.75 
0.0, 1.0, 33.75 
0.0, 1.0, 33.75 
0.0, 1.0, 33.75 
0.0, 1.0, 33.75 
0.0, 1.0, 33.75 
0.0, 1.0, 33.75 
0.0, 1.0, 33.75 
0.0, 1.0, 33.75 
0.0, 1.0, 33.75 
0.0, 1.0, 33.75 
0.0, 1.0, 33.75 
0.0, 1.0, 33.75 
0.0, 1.0, 33.75 
0.0, 1.0, 33.75 
0.0, 1.0, 33.75 
0.0, 1.0, 33.75 
0.0, 1.0, 33.75 
0.0, 1.0, 33.75 
0.0, 1.0, 33.75 
0.0, 1.0, 33.75 
0.0, 1.0, 33.75 
0.0, 1.0, 33.75 
0.0, 1.0, 33.75 
0.0, 1.0, 33.75 
0.0, 1.0, 33.75 
0.0, 1.0, 33.75 
0.0, 1.0, 33.75 
0.0, 1.0, 33.75 
0.0, 1.0, 33.75 
0.0, 1.0, 33.75 
0.0, 1.0, 33.75 
0.0, 1.0, 33.75 
0.0, 1.0, 33.75 
0.0, 1.0, 33.75 
0.0, 1.0, 33.75 
0.0, 1.0, 33.75 
0.0, 1.0, 33.75 
0.0, 1.0, 33.75 
0.0, 1.0, 33.75 
0.0, 1.0, 33.75 
0.0, 1.0, 33.75 
0.0, 1.0, 33.75 
0.0, 1.0, 33.75 
0.0, 1.0, 33.75 
0.0, 1.0, 33.75 
0.0, 1.0, 33.75 
0.0, 1.0, 33.75 
0.0, 1.0, 33.75 
0.0, 1.0, 33.75 
0.0, 1.0, 33.75 
0.0, 1.0, 33.75 
0.0, 1.0, 33.75 
0.0, 1.0, 33.75 
0.0, 1.0, 33.75 
0.0, 1.0, 33.75 
0.0, 1.0, 33.75 
0.0, 1.0, 33.75 
0.0, 1.0, 33.75 
0.0, 1.0, 33.75 
0.0, 1.0, 33.75 
0.0, 1.0, 33.75 
0.0, 1.0, 33.75 
0.0, 1.0, 33.75 
0.0, 1.0, 33.75 
0.0, 1.0, 33.75 
0.0, 1.0, 33.75 
0.0, 1.0, 33.75 
0.0, 1.0, 33.75 
0.0, 1.0, 33.75 
0.0, 1.0, 33.75 
0.0, 1.0, 33.75 
0.0, 1.0, 33.75 
0.0, 1.0, 33.75 
0.0, 1.0, 33.75 
0.0, 1.0, 33.75 
0.0, 1.0, 33.75 
0.0, 1.0, 33.75 
0.0, 1.0, 33.75 
0.0, 1.0, 33.75 
0.0, 1.0, 33.75 
0.0, 1.0, 33.75 
0.0, 1.0, 33.75 
0.0, 1.0, 33.75 
0.0, 1.0, 33.75 
0.0, 1.0, 33.75 
0.0, 1.0, 33.75 
0.0, 1.0, 33.75 
0.0, 1.0, 33.75 
0.0, 1.0, 33.75 
0.0, 1.0, 33.75 
0.0, 1.0, 33.75 
0.0, 1.0, 33.75 
0.0, 1.0, 33.75 
0.0, 1.0, 33.75 
0.0, 1.0, 33.75 
0.0, 1.0, 33.75 
0.0, 1.0, 33.75 
0.0, 1.0, 33.75 
0.0, 1.0, 33.75 
0.0, 1.0, 33.75 
0.0, 1.0, 33.75 
0.0, 1.0, 33.75 
0.0, 1.0, 33.75 
0.0, 1.0, 33.75 
0.0, 1.0, 33.75 
0.0, 1.0, 33.75 
0.0, 1.0, 33.75 
0.0, 1.0, 33.75 
0.0, 1.0, 33.75 
0.0, 1.0, 33.75 
0.0, 1.0, 33.75 
0.0, 1.0, 33.75 
0.0, 1.0, 33.75 
0.0, 1.0, 33.75 
0.0, 1.0, 33.75 
0.0, 1.0, 33.75 
0.0, 1.0, 33.75 
0.0, 1.0, 33.75 
0.0, 1.0, 33.75 
0.0, 1.0, 33.75 
0.0, 1.0, 33.75 
0.0, 1.0, 33.75 
0.0, 1.0, 33.75 
0.0, 1.0, 33.75 
0.0, 1.0, 33.75 
0.0, 1.0, 33.75 
0.0, 1.0, 33.75 
0.0, 1.0, 33.75 
0.0, 1.0, 33.75 
0.0, 1.0, 33.75 
0.0, 1.0, 33.75 
0.0, 1.0, 33.75 
0.0, 1.0, 33.75 
0.0, 1.0, 33.75 
0.0, 1.0, 33.75 
0.0, 1.0, 33.75 
0.0, 1.0, 33.75 
0.0, 1.0, 33.75 
0.0, 1.0, 33.75 
0.0, 1.0, 33.75 
0.0, 1.0, 33.75 
0.0, 1.0, 33.75 
0.0, 1.0, 33.75 
0.0, 1.0, 33.75 
0.0, 1.0, 33.75 
0.0, 1.0, 33.75 
0.0, 1.0, 33.75 
0.0, 1.0, 33.75 
0.0, 1.0, 33.75 
0.0, 1.0, 33.75 
0.0, 1.0, 33.75 
0.0, 1.0, 33.75 
0.0, 1.0, 33.75 
0.0, 1.0, 33.75 
0.0, 1.0, 33.75 
0.0, 1.0, 33.75 
0.0, 1.0, 33.75 
0.0, 1.0, 33.75 
0.0, 1.0, 33.75 
0.0, 1.0, 33.75 
0.0, 1.0, 33.75 
0.0, 1.0, 33.75 
0.0, 1.0, 33.75 
0.0, 1.0, 33.75 
0.0, 1.0, 33.75 
0.0, 1.0, 33.75 
0.0, 1.0, 33.75 
0.0, 1.0, 33.75 
0.0, 1.0, 33.75 
0.0, 1.0, 33.75 
0.0, 1.0, 33.75 
0.0, 1.0, 33.75 
0.0, 1.0, 33.75 
0.0, 1.0, 33.75 
0.0, 1.0, 33.75 
0.0, 1.0, 33.75 
0.0, 1.0, 33.75 
0.0, 1.0, 33.75 
0.0, 1.0, 33.75 
0.0, 1.0, 33.75 
0.0, 1.0, 33.75 
0.0, 1.0, 33.75 
0.0, 1.0, 33.75 
0.0, 1.0, 33.75 
0.0, 1.0, 33.75 
0.0, 1.0, 33.75 
0.0, 1.0, 33.75 
0.0, 1.0, 33.75 
0.0, 1.0, 33.75 
0.0, 1.0, 33.75 
0.0, 1.0, 33.75 
0.0, 1.0, 33.75 
0.0, 1.0, 33.75 
0.0, 1.0, 33.75 
0.0, 1.0, 33.75 
0.0, 1.0, 33.75 
0.0, 1.0, 33.75 
0.0, 1.0, 33.75 
0.0, 1.0, 33.75 
0.0, 1.0, 33.75 
0.0, 1.0, 33.75 
0.0, 1.0, 33.75 
0.0, 1.0, 33.75 
0.0, 1.0, 33.75 
0.0, 1.0, 33.75 
0.0, 1.0, 33.75 
0.0, 1.0, 33.75 
0.0, 1.0, 33.75 
0.0, 1.0, 33.75 
0.0, 1.0, 33.75 
0.0, 1.0, 33.75 
0.0, 1.0, 33.75 
0.0, 1.0, 33.75 
0.0, 1.0, 33.75 
0.0, 1.0, 33.75 
0.0, 1.0, 33.75 
0.0, 1.0, 33.75 
0.0, 1.0, 33.75 
0.0, 1.0, 33.75 
0.0, 1.0, 33.75 
0.0, 1.0, 33.75 
0.0, 1.8350757355666092, 5.566193924626941 
0.0, 1.789718889884399, 7.096987466401536 
0.0, 1.8094933002620142, 6.429601116157024 
0.0, 1.7377502935673694, 8.850927592101275 
0.0, 1.7189027263478354, 9.487032985760559 
0.0, 1.8252497323825796, 5.897821532087933 
0.0, 1.7865703843034788, 7.203249529757587 
0.0, 1.8076682442333412, 6.491196757124738 
0.0, 1.753569759735384, 8.31702060893079 
0.0, 1.786318724348563, 7.2117430532360105 
0.0, 1.7911074434861733, 7.050123782341647 
0.0, 1.771571933821285, 7.70944723353163 
0.0, 1.6936279610615657, 10.340056314172156 
0.0, 1.7417783145386954, 8.714981884319034 
0.0, 1.7810719450857673, 7.388821853355345 
0.0, 1.7813200303302152, 7.380448976355241 
0.0, 1.819248726025672, 6.100355496633562 
0.0, 1.8040882675522627, 6.612020970111136 
0.0, 1.7335800426015167, 8.991673562198818 
0.0, 1.7847097483890697, 7.266045991868902 
0.0, 1.8628296234352546, 4.629500209060154 
0.0, 1.7505169019099223, 8.420054560540125 
0.0, 1.7870470298850256, 7.187162741380388 
0.0, 1.815141337939261, 6.238979844549946 
0.0, 1.73570205493607, 8.920055645907642 
0.0, 1.8286714051099786, 5.782340077538216 
0.0, 1.739760783948653, 8.783073541732952 
0.0, 1.752965530112995, 8.337413358686426 
0.0, 1.7855372686243975, 7.23811718392658 
0.0, 1.7204493355750097, 9.434834924343416 
0.0, 1.8226927134299336, 5.984120921739739 
0.0, 1.7996362231377234, 6.762277469101828 
0.0, 1.822410440638014, 5.993647628467026 
0.0, 1.8511393884959209, 5.024045638262681 
0.0, 1.81392737512232, 6.279951089621708 
0.0, 1.8291212313135112, 5.767158443168996 
0.0, 1.815315564164568, 6.233099709445828 
0.0, 1.8306406241225883, 5.715878935862641 
0.0, 1.7554234103083142, 8.254459902094405 
0.0, 1.8524737999249068, 4.9790092525343885 
0.0, 1.8695584978577333, 4.4024006973015 
0.0, 1.7770010362227173, 7.526215027483297 
0.0, 1.7889329040478614, 7.123514488384682 
0.0, 1.7727560548775914, 7.6694831478813 
0.0, 1.7588191056045797, 8.139855185845432 
0.0, 1.8120941472728946, 6.341822529539808 
0.0, 1.85617650423468, 4.8540429820795445 
0.0, 1.7344690534557812, 8.961669445867393 
0.0, 1.7970430914319107, 6.8497956641730084 
0.0, 1.715942780805159, 9.58693114782589 
0.0, 1.7807582317131256, 7.399409679682009 
0.0, 1.7988184911533114, 6.7898759235757415 
0.0, 1.8324708072290334, 5.654110256020123 
0.0, 1.8615134404769496, 4.673921383902951 
0.0, 1.7402968895372164, 8.76497997811895 
0.0, 1.8845649150442603, 3.895934117256214 
0.0, 1.8337310238522928, 5.61157794498512 
0.0, 1.7816487133685321, 7.369355923812045 
0.0, 1.8156709357312795, 6.22110591906932 
0.0, 1.7586021512862289, 8.147177394089777 
0.0, 1.854476321823844, 4.911424138445264 
0.0, 1.8142615634242125, 6.268672234432821 
0.0, 1.789968163510328, 7.088574481526431 
0.0, 1.8053645361537136, 6.568946904812166 
0.0, 1.7989871628621759, 6.7841832534015705 
0.0, 1.819274233878248, 6.099494606609132 
0.0, 1.8061132633171018, 6.543677363047819 
0.0, 1.743048830005882, 8.672101987301488 
0.0, 1.89421787111934, 3.570146849722277 
0.0, 1.868173833694034, 4.449133112826351 
0.0, 1.8274185212824265, 5.824624906718106 
0.0, 1.8084578076312223, 6.464548992446248 
0.0, 1.8538043200067538, 4.934104199772057 
0.0, 1.837311611920428, 5.490733097685546 
0.0, 1.748663729564098, 8.482599127211692 
0.0, 1.7542781867824349, 8.293111196092822 
0.0, 1.8709822924562183, 4.35434762960264 
0.0, 1.8099778816301733, 6.4132464949816494 
0.0, 1.7475678204146103, 8.519586061006894 
0.0, 1.7656542557751136, 7.909168867589915 
0.0, 1.8520473165337406, 4.993403066986256 
0.0, 1.7922560636408258, 7.011357852122128 
0.0, 1.80001638578907, 6.749446979618885 
0.0, 1.7972395748409584, 6.843164349117657 
0.0, 1.8115188195614778, 6.36123983980013 
0.0, 1.7805203886881316, 7.407436881775561 
0.0, 1.8217872466966263, 6.0146804239888665 
0.0, 1.8169860997754266, 6.1767191325793505 
0.0, 1.799419485603985, 6.769592360865498 
0.0, 1.8019400303437336, 6.684523975899001 
0.0, 1.8219607197787615, 6.008825707466796 
0.0, 1.8412023067069399, 5.359422148640776 
0.0, 1.8501860675579023, 5.056220219920802 
0.0, 1.8516956885486813, 5.005270511482 
0.0, 1.7984129096112405, 6.803564300620642 
0.0, 1.8167223770260228, 6.185619775371739 
0.0, 1.841740459510172, 5.3412594915316935 
0.0, 1.8434069327503169, 5.285016019676805 
0.0, 1.814873664206857, 6.248013833018573 
0.0, 1.8042463823986754, 6.606684594044704 
0.0, 1.8164185721703765, 6.1958731892498 
0.0, 1.873485665565618, 4.269858787160393 
0.0, 1.8450819355686594, 5.228484674557743 
0.0, 1.7804845588215912, 7.408646139771294 
0.0, 1.7693368827987677, 7.784880205541592 
0.0, 1.8439181448783226, 5.26776261035661 
0.0, 1.7871336719720468, 7.184238570943426 
0.0, 1.8529521091824848, 4.962866315091137 
0.0, 1.829201243593581, 5.764458028716642 
0.0, 1.8014826945391291, 6.6999590593043905 
0.0, 1.860182149205891, 4.718852464301177 
0.0, 1.8093443550031127, 6.434628018644942 
0.0, 1.8397551009822037, 5.408265341850624 
0.0, 1.8736374356810173, 4.264736545765673 
0.0, 1.847631933007789, 5.142422260987122 
0.0, 1.8240502256626125, 5.93830488388682 
0.0, 1.854020911604197, 4.926794233358345 
0.0, 1.8078057902214766, 6.486554580025174 
0.0, 1.8742170214427611, 4.245175526306804 
0.0, 1.8477866046136013, 5.137202094290954 
0.0, 1.8127007600074951, 6.321349349747036 
0.0, 1.8791438123159887, 4.078896334335391 
0.0, 1.7727588537661056, 7.669388685393927 
0.0, 1.8516639015405696, 5.006343323005778 
0.0, 1.8515474790586115, 5.0102725817718685 
0.0, 1.8476899344290925, 5.140464713018129 
0.0, 1.7823578775016022, 7.345421634320918 
0.0, 1.8675272677129584, 4.47095471468765 
0.0, 1.8544716558113723, 4.911581616366192 
0.0, 1.8485824425755337, 5.110342563075731 
0.0, 1.8576025066010298, 4.805915402215247 
0.0, 1.8375856197824416, 5.481485332342594 
0.0, 1.8245123420657714, 5.9227084552802225 
0.0, 1.8769074066905052, 4.154375024195451 
0.0, 1.8569715227899175, 4.827211105840283 
0.0, 1.873696302439995, 4.262749792650166 
0.0, 1.856249635623106, 4.851574797720171 
0.0, 1.8565363674889988, 4.841897597246285 
0.0, 1.913965319046564, 2.903670482178462 
0.0, 1.846046879228448, 5.195917826039882 
0.0, 1.876693554441011, 4.161592537615876 
0.0, 1.8747058619601857, 4.228677158843735 
0.0, 1.885158031286457, 3.875916444082072 
0.0, 1.8259571337735283, 5.8739467351434165 
0.0, 1.8789762090405981, 4.084552944879809 
0.0, 1.8320803308091786, 5.667288835190227 
0.0, 1.8560423866628044, 4.858569450130351 
0.0, 1.8140986450790433, 6.274170728582289 
0.0, 1.8696439660664261, 4.399516145258122 
0.0, 1.8720216862677284, 4.319268088464162 
0.0, 1.8642124031549243, 4.582831393521303 
0.0, 1.9007358085484185, 3.350166461490873 
0.0, 1.853948511672001, 4.9292377310699615 
0.0, 1.8649675685706015, 4.5573445607421945 
0.0, 1.7912381686078669, 7.045711809484492 
0.0, 1.854763196077784, 4.901742132374793 
0.0, 1.8637986353076617, 4.596796058366417 
0.0, 1.8277823860823172, 5.8123444697218005 
0.0, 1.8475654751887352, 5.144665212380195 
0.0, 1.7764045821661825, 7.546345351891342 
0.0, 1.8452107769130075, 5.224136279186006 
0.0, 1.8323239547527437, 5.659066527094903 
0.0, 1.8386214915663763, 5.446524659634796 
0.0, 1.865403587043742, 4.542628937273711 
0.0, 1.8695785715860074, 4.401723208972254 
0.0, 1.8274708239760964, 5.822859690806748 
0.0, 1.8864706704641347, 3.8316148718354572 
0.0, 1.8429190087773788, 5.301483453763461 
0.0, 1.8144139081855164, 6.263530598738813 
0.0, 1.7964070153253355, 6.871263232769931 
0.0, 1.8857516538807113, 3.8558816815259886 
0.0, 1.832358513452025, 5.65790017099415 
0.0, 1.8541817546435315, 4.921365780780811 
0.0, 1.8500440914460419, 5.061011913696082 
0.0, 1.859155181369303, 4.753512628786026 
0.0, 1.8370334832782313, 5.500119939359692 
0.0, 1.8132702956636024, 6.302127521353416 
0.0, 1.816443906072423, 6.195018170055728 
0.0, 1.8506838837474275, 5.039418923524323 
0.0, 1.8840699332548414, 3.9126397526491026 
0.0, 1.84896178664927, 5.097539700587133 
0.0, 1.8022551306966887, 6.673889338986756 
0.0, 1.8456658708908922, 5.2087768574323885 
0.0, 1.8492469099022721, 5.08791679079831 
0.0, 1.8699369368290544, 4.389628382019409 
0.0, 1.8472437142558948, 5.155524643863559 
0.0, 1.7908723974882916, 7.058056584770151 
0.0, 1.903915054393776, 3.242866914210064 
0.0, 1.837976447926814, 5.468294882470036 
0.0, 1.820032129344151, 6.073915634634902 
0.0, 1.8706484937728343, 4.3656133351668425 
0.0, 1.8227155793905214, 5.983349195569898 
0.0, 1.826957990702631, 5.840167813786199 
0.0, 1.8741424920959728, 4.247690891760911 
0.0, 1.8362019378523127, 5.528184597484436 
0.0, 1.815659484307561, 6.221492404619819 
0.0, 1.834678334413435, 5.579606213546567 
0.0, 1.8557617653159126, 4.868040420587947 
0.0, 1.90151845324482, 3.323752202987332 
0.0, 1.8771220236363517, 4.147131702273125 
0.0, 1.8922295559681541, 3.637252486074788 
0.0, 1.8904895686781475, 3.69597705711252 
0.0, 1.876381807911445, 4.172113982988735 
0.0, 1.8419842942372755, 5.333030069491954 
0.0, 1.8319734805829426, 5.670895030325687 
0.0, 1.878522185987609, 4.099876222918211 
0.0, 1.8425078132815313, 5.315361301748311 
0.0, 1.8949979430527362, 3.5438194219701566 
0.0, 1.8921118542681317, 3.6412249184505625 
0.0, 1.8404386599196367, 5.385195227712258 
0.0, 1.7562862219412116, 8.2253400094841 
0.0, 1.8668029405356983, 4.495400756920183 
0.0, 1.8671995464102669, 4.482015308653496 
0.0, 1.8701500257461616, 4.382436631067042 
0.0, 1.8496792509430955, 5.073325280670521 
0.0, 1.7830086702272063, 7.3234573798317895 
0.0, 1.866146295899077, 4.5175625134061415 
0.0, 1.831923939287789, 5.672567049037123 
0.0, 1.8349290501794246, 5.571144556444417 
0.0, 1.8467222519716906, 5.173123995955441 
0.0, 1.853413107478462, 4.947307622601908 
0.0, 1.8080706116372802, 6.4776168572418 
0.0, 1.8825347986819512, 3.9644505444841456 
0.0, 1.8737362826768948, 4.261400459654804 
0.0, 1.866755148287008, 4.497013745313482 
0.0, 1.8084374126624287, 6.465237322643031 
0.0, 1.8014964562045008, 6.699494603098099 
0.0, 1.8562076089219335, 4.852993198884747 
0.0, 1.8601036968766864, 4.721500230411828 
0.0, 1.8793811141416183, 4.070887397720387 
0.0, 1.7789309730753473, 7.461079658707023 
0.0, 1.8910319929125265, 3.6776702392022336 
0.0, 1.861030156955229, 4.6902322027610195 
0.0, 1.8482031644436787, 5.123143200025838 
0.0, 1.8498404506502284, 5.067884790554799 
0.0, 1.846990144190033, 5.164082633586391 
0.0, 1.844807772729781, 5.237737670369889 
0.0, 1.8063928736527521, 6.534240514219614 
0.0, 1.878253877901459, 4.108931620825761 
0.0, 1.8658047408157952, 4.529089997466912 
0.0, 1.7697781468386768, 7.769987544194659 
0.0, 1.8461925042546496, 5.19100298140558 
0.0, 1.8812682983591713, 4.007194930377962 
0.0, 1.893271553070391, 3.6020850838743046 
0.0, 1.863466194162515, 4.608015947015114 
0.0, 1.8778601123105771, 4.122221209518019 
0.0, 1.8461559549025524, 5.192236522038864 
0.0, 1.8696233742259685, 4.400211119873566 
0.0, 1.8686317016533056, 4.433680069200926 
0.0, 1.8377072485752315, 5.477380360585935 
0.0, 1.8475421038823168, 5.1454539939718025 
0.0, 1.858838453074332, 4.7642022087413 
0.0, 1.8797653829281666, 4.05791832617437 
0.0, 1.8970379377260163, 3.474969601746943 
0.0, 1.8452768627613958, 5.221905881802891 
0.0, 1.9184033376806633, 2.75388735327762 
0.0, 1.7939290101149608, 6.9548959086200695 
0.0, 1.8555060373458878, 4.876671239576283 
0.0, 1.9064648612959314, 3.156810931262319 
0.0, 1.9013243214408073, 3.330304151372754 
0.0, 1.8747937946137805, 4.22570943178491 
0.0, 1.8336070989944766, 5.615760408936415 
0.0, 1.8849982515605503, 3.8813090098314276 
0.0, 1.8442033893605807, 5.258135609080401 
0.0, 1.8739186323063073, 4.255246159662134 
0.0, 1.9009978326984633, 3.3413231464268582 
0.0, 1.8835480504429203, 3.9302532975514377 
0.0, 1.865890035000688, 4.526211318726775 
0.0, 1.8931147339221213, 3.6073777301284085 
0.0, 1.824402143286769, 5.926427664071539 
0.0, 1.8625803879969123, 4.6379119051042075 
0.0, 1.8489003191098703, 5.099614230041872 
0.0, 1.854882307783138, 4.897722112319092 
0.0, 1.8707874622878862, 4.360923147783845 
0.0, 1.8298804238156945, 5.741535696220306 
0.0, 1.8454601063269185, 5.215721411466499 
0.0, 1.8939845657000414, 3.578020907623606 
0.0, 1.857656473010867, 4.80409403588325 
0.0, 1.8756794300850064, 4.195819234631038 
0.0, 1.8569814564420095, 4.826875845082178 
0.0, 1.8770827283720655, 4.148457917442781 
0.0, 1.9104254668474177, 3.0231404938996564 
0.0, 1.8728663768203013, 4.290759782314833 
0.0, 1.800146380858296, 6.7450596460325105 
0.0, 1.8836106478646477, 3.9281406345681327 
0.0, 1.9103855799361489, 3.0244866771549797 
0.0, 1.8327208867539853, 5.645670072053002 
0.0, 1.8832102194307665, 3.9416550942116313 
0.0, 1.890778138931768, 3.6862378110528256 
0.0, 1.838191987053432, 5.4610204369466695 
0.0, 1.855833868046673, 4.86560695342478 
0.0, 1.893678370577074, 3.588354993023748 
0.0, 1.8707632748468361, 4.36173947391928 
0.0, 1.8990650447996182, 3.4065547380128853 
0.0, 1.8943484232541188, 3.565740715173493 
0.0, 1.873462573259357, 4.270638152496699 
0.0, 1.8776458730265913, 4.129451785352546 
0.0, 1.7874228470921023, 7.174478910641548 
0.0, 1.8866883658883797, 3.8242676512671814 
0.0, 1.9162042562746586, 2.828106350730265 
0.0, 1.885666681783625, 3.8587494898026655 
0.0, 1.857284500447038, 4.8166481099124745 
0.0, 1.8923864960978112, 3.6319557566988783 
0.0, 1.8420547300128893, 5.33065286206499 
0.0, 1.8828192333615303, 3.954850874048357 
0.0, 1.8758385597264102, 4.190448609233655 
0.0, 1.9009260929102616, 3.34374436427867 
0.0, 1.8628628469935051, 4.628378913969194 
0.0, 1.893552296153621, 3.5926100048152962 
0.0, 1.9278727282063366, 2.4342954230361364 
0.0, 1.9034480931076376, 3.2586268576172306 
0.0, 1.9238971931801228, 2.5684697301708503 
0.0, 1.882707894490539, 3.958608560944306 
0.0, 1.8618591314152795, 4.662254314734314 
0.0, 1.9009938304807354, 3.341458221275184 
0.0, 1.8536118281414948, 4.940600800224557 
0.0, 1.909896710861405, 3.040986008427593 
0.0, 1.8830181640709687, 3.9481369626047997 
0.0, 1.907200076854408, 3.1319974061637352 
0.0, 1.8686846846465641, 4.431891893178459 
0.0, 1.867523200801002, 4.471091972966181 
0.0, 1.8576514822530927, 4.804262473958118 
0.0, 1.8672049118418588, 4.4818342253372645 
0.0, 1.8352086328896913, 5.561708639972924 
0.0, 1.8599189108539984, 4.727736758677552 
0.0, 1.8782167904928047, 4.1101833208678435 
0.0, 1.8159978874700209, 6.210071297886794 
0.0, 1.8596007720718222, 4.738473942576001 
0.0, 1.8960310510406497, 3.5089520273780774 
0.0, 1.8765767903712036, 4.165533324971874 
0.0, 1.8695367561492249, 4.403134479963661 
0.0, 1.891988533245793, 3.645387002954481 
0.0, 1.9082792681072804, 3.0955747013792863 
0.0, 1.8820210256436394, 3.9817903845271694 
0.0, 1.885833685948751, 3.853113099229653 
0.0, 1.8786135836485094, 4.096791551862816 
0.0, 1.9013778453560073, 3.328497719234747 
0.0, 1.8888301550680306, 3.751982266453969 
0.0, 1.8871975003079444, 3.807084364606875 
0.0, 1.8599888444180763, 4.725376500889927 
0.0, 1.8944811677937152, 3.561260586962114 
0.0, 1.8754045328240283, 4.205097017189055 
0.0, 1.902862499580031, 3.278390639173956 
0.0, 1.8842464700716193, 3.9066816350828497 
0.0, 1.8610243754674884, 4.6904273279722615 
0.0, 1.866101477337073, 4.51907513987379 
0.0, 1.8860890358422138, 3.8444950403252824 
0.0, 1.9210309735818416, 2.665204641612843 
0.0, 1.875752110618111, 4.1933662666387646 
0.0, 1.8938548414796723, 3.582399100061059 
0.0, 1.873568529833244, 4.267062118128011 
0.0, 1.8719698880214164, 4.321016279277194 
0.0, 1.8483534574890534, 5.118070809744441 
0.0, 1.8630857166637316, 4.620857062599058 
0.0, 1.8890142942108734, 3.74576757038303 
0.0, 1.899823918129137, 3.3809427631416242 
0.0, 1.8904329253497185, 3.697888769446995 
0.0, 1.8917833656894452, 3.652311407981225 
0.0, 1.928155702995711, 2.424745023894752 
0.0, 1.9243629316691204, 2.552751056167183 
0.0, 1.832147141754305, 5.665033965792207 
0.0, 1.8730044912560453, 4.286098420108467 
0.0, 1.879373836202349, 4.071133028170728 
0.0, 1.866172314925677, 4.516684371258399 
0.0, 1.8295677592743884, 5.75208812448939 
0.0, 1.8847092568695896, 3.8910625806513552 
0.0, 1.8494815470608441, 5.079997786696509 
0.0, 1.8560309522538811, 4.858955361431512 
0.0, 1.881723117571132, 3.9918447819742977 
0.0, 1.9438631089692022, 1.8946200722894204 
0.0, 1.9111884097321838, 2.9973911715387938 
0.0, 1.8849438929789242, 3.883143611961319 
0.0, 1.9235983939245143, 2.5785542050476433 
0.0, 1.9097075609970646, 3.0473698163490615 
0.0, 1.9355548418976656, 2.1750240859537855 
0.0, 1.8659283923153052, 4.524916759358444 
0.0, 1.8849014812871776, 3.884575006557752 
0.0, 1.8564966647290768, 4.8432375653936655 
0.0, 1.920327408588115, 2.6889499601511226 
0.0, 1.905044006232756, 3.2047647896444826 
0.0, 1.8984726690598044, 3.4265474192315977 
0.0, 1.899171777625775, 3.4029525051300973 
0.0, 1.8773773705692416, 4.138513743288102 
0.0, 1.8657868849942996, 4.529692631442402 
0.0, 1.93945208802153, 2.0434920292733625 
0.0, 1.8848030022797557, 3.8878986730582517 
0.0, 1.8892173546406954, 3.7389142808765294 
0.0, 1.882321903994904, 3.97163574017199 
0.0, 1.9049790881337028, 3.2069557754875326 
0.0, 1.9090139864116022, 3.070777958608428 
0.0, 1.912198515644746, 2.963300096989825 
0.0, 1.903327884844863, 3.262683886485881 
0.0, 1.8938095092261706, 3.5839290636167385 
0.0, 1.8723231189806455, 4.3090947344032084 
0.0, 1.931156547449117, 2.323466523592292 
0.0, 1.903112972634431, 3.2699371735879508 
0.0, 1.8574917875844628, 4.809652169024377 
0.0, 1.9281220527416827, 2.425880719968213 
0.0, 1.9083658584380596, 3.0926522777154912 
0.0, 1.8633123310938113, 4.613208825583871 
0.0, 1.9331456057100505, 2.256335807285807 
0.0, 1.9021011348812458, 3.304086697757948 
0.0, 1.8800474957981042, 4.048397016813991 
0.0, 1.88767639326241, 3.790921727393662 
0.0, 1.9314399770725124, 2.313900773802713 
0.0, 1.914672284301437, 2.8798104048265003 
0.0, 1.9016572024077878, 3.3190694187371634 
0.0, 1.9294384351799008, 2.3814528126783405 
0.0, 1.8973113088309785, 3.465743326954472 
0.0, 1.90154031431732, 3.32301439179046 
0.0, 1.8989119441852185, 3.411721883748871 
0.0, 1.9198048882006382, 2.706585023228461 
0.0, 1.886416619428442, 3.8334390942900742 
0.0, 1.9131955700688774, 2.9296495101753752 
0.0, 1.8761781201114751, 4.178988446237712 
0.0, 1.863785458524205, 4.597240774808082 
0.0, 1.9195113624638434, 2.71649151684528 
0.0, 1.907179786851403, 3.1326821937651497 
0.0, 1.8418223406466938, 5.338496003174083 
0.0, 1.9174508873831773, 2.786032550817762 
0.0, 1.9331954161061942, 2.254654706415941 
0.0, 1.9123943562059302, 2.9566904780498575 
0.0, 1.9203505967244625, 2.688167360549389 
0.0, 1.8682998494839944, 4.444880079915194 
0.0, 1.8988461194784207, 3.4139434676032896 
0.0, 1.9380059834901373, 2.0922980572078633 
0.0, 1.906109280289233, 3.1688117902383808 
0.0, 1.9234593457223492, 2.583247081870716 
0.0, 1.9318885761099678, 2.2987605562885935 
0.0, 1.9159315359086906, 2.8373106630817055 
0.0, 1.9213824857262796, 2.653341106738062 
0.0, 1.9169211166678128, 2.803912312461312 
0.0, 1.9031990640169032, 3.26703158942951 
0.0, 1.9139781072684903, 2.9032388796884505 
0.0, 1.8960398837551011, 3.5086539232653418 
0.0, 1.9404160465618994, 2.0109584285358935 
0.0, 1.8696305106943703, 4.399970264064998 
0.0, 1.8888213409818708, 3.7522797418618605 
0.0, 1.9482959851971637, 1.745010499595721 
0.0, 1.8877802737737124, 3.787415760137205 
0.0, 1.9063256548837302, 3.1615091476741126 
0.0, 1.920128245880531, 2.6956717015320817 
0.0, 1.9162110980215066, 2.827875441774154 
0.0, 1.912625891710853, 2.94887615475871 
0.0, 1.8875422079897317, 3.7954504803465587 
0.0, 1.8823769298462834, 3.9697786176879335 
0.0, 1.9401379481467447, 2.020344250047369 
0.0, 1.8968420151630045, 3.4815819882485965 
0.0, 1.918832543305055, 2.739401663454387 
0.0, 1.8654062005933671, 4.542540729973861 
0.0, 1.8995081934326805, 3.391598471647034 
0.0, 1.9232689293229137, 2.589673635351663 
0.0, 1.9202391102012677, 2.691930030707221 
0.0, 1.9054964155592384, 3.189495974875697 
0.0, 1.87860566604308, 4.097058771046045 
0.0, 1.9154117002088422, 2.8548551179515753 
0.0, 1.8541056021565852, 4.923935927215247 
0.0, 1.9046387283587007, 3.2184429178938507 
0.0, 1.9195742409365608, 2.714369368391069 
0.0, 1.9102177907050322, 3.030149563705156 
0.0, 1.890345340585171, 3.700844755250484 
0.0, 1.9443709709359087, 1.8774797309130804 
0.0, 1.8687576872586038, 4.429428055022126 
0.0, 1.8561771103211582, 4.854022526660911 
0.0, 1.9201410333656597, 2.6952401239089947 
0.0, 1.894620069080871, 3.5565726685206083 
0.0, 1.9427563613281102, 1.9319728051762735 
0.0, 1.869396201789177, 4.407878189615273 
0.0, 1.8879316513311606, 3.7823067675733393 
0.0, 1.95366081640058, 1.5639474464804268 
0.0, 1.8603194919193056, 4.714217147723432 
0.0, 1.929777651094431, 2.3700042755629505 
0.0, 1.9271162373951196, 2.4598269879147137 
0.0, 1.9419940791465669, 1.9576998288033745 
0.0, 1.9150770019670746, 2.8661511836112252 
0.0, 1.925153329036292, 2.526075145025133 
0.0, 1.9129858778414777, 2.9367266228501254 
0.0, 1.9348862370050832, 2.197589501078444 
0.0, 1.9065190249045787, 3.15498290947047 
0.0, 1.9070747033167406, 3.136228763060009 
0.0, 1.9184853278542742, 2.7511201849182405 
0.0, 1.887695343304687, 3.790282163466809 
0.0, 1.9118048925125006, 2.9765848777030954 
0.0, 1.8300079026750193, 5.737233284718096 
0.0, 1.9048920589027145, 3.2098930120333837 
0.0, 1.8963323304389004, 3.4987838476871205 
0.0, 1.9217068057649924, 2.6423953054315024 
0.0, 1.8891389436898156, 3.741560650468723 
0.0, 1.8862128927723032, 3.840314868934766 
0.0, 1.9410654779945855, 1.9890401176827417 
0.0, 1.9068713281685328, 3.14309267431202 
0.0, 1.8944676405824854, 3.561717130341121 
0.0, 1.9178490616303168, 2.7725941699768115 
0.0, 1.9226282032697104, 2.6112981396472774 
0.0, 1.854850624831405, 4.898791411940084 
0.0, 1.9134025580958756, 2.9226636642641983 
0.0, 1.949789524091264, 1.6946035619198414 
0.0, 1.9258613763321968, 2.502178548788362 
0.0, 1.9210612127629734, 2.6641840692496546 
0.0, 1.9079264731167132, 3.1074815323109366 
0.0, 1.9009949906655628, 3.341419065037256 
0.0, 1.9202879159511599, 2.6902828366483553 
0.0, 1.919564109808251, 2.7147112939715257 
0.0, 1.9438100392994888, 1.8964111736422524 
0.0, 1.9337928803358628, 2.234490288664628 
0.0, 1.9294021644823238, 2.382676948721578 
0.0, 1.9239599511524013, 2.5663516486064557 
0.0, 1.9158314979833182, 2.8406869430630053 
0.0, 1.9207993160286798, 2.6730230840320637 
0.0, 1.9264257332096753, 2.4831315041734654 
0.0, 1.9611406847753943, 1.3115018888304497 
0.0, 1.9532875160009524, 1.5765463349678572 
0.0, 1.9280757759608647, 2.4274425613208273 
0.0, 1.959143621739472, 1.3789027662928244 
0.0, 1.904996221149085, 3.206377536218382 
0.0, 1.9042408639431234, 3.2318708419195747 
0.0, 1.9620346027212265, 1.281332158158612 
0.0, 1.95002930236345, 1.6865110452335625 
0.0, 1.9548206511255002, 1.5248030245143747 
0.0, 1.9477749806057303, 1.76259440455661 
0.0, 1.9001448978740938, 3.370109696749331 
0.0, 1.9271367225103089, 2.459135615277077 
0.0, 1.9177592125810348, 2.7756265753900844 
0.0, 1.953314932389511, 1.57562103185401 
0.0, 1.9351366970077393, 2.1891364759888026 
0.0, 1.8996373647385412, 3.3872389400742424 
0.0, 1.9296426214322804, 2.3745615266605418 
0.0, 1.9070403279237282, 3.137388932574162 
0.0, 1.8871202873592026, 3.8096903016269117 
0.0, 1.9259531397403795, 2.4990815337621943 
0.0, 1.917705971640526, 2.777423457132248 
0.0, 1.918139686117123, 2.762785593547096 
0.0, 1.9162763401214504, 2.8256735209010437 
0.0, 1.9135667083825336, 2.917123592089488 
0.0, 1.9068433748555436, 3.1440360986254015 
0.0, 1.903841995739294, 3.2453326437988217 
0.0, 1.9140664304408304, 2.9002579726219686 
0.0, 1.931461885456348, 2.3131613658482553 
0.0, 1.945621547314096, 1.8352727781492626 
0.0, 1.9398637962181178, 2.029596877638523 
0.0, 1.9536216647530804, 1.5652688145835416 
0.0, 1.9649674381380837, 1.1823489628396802 
0.0, 1.9016349631160947, 3.3198199948317986 
0.0, 1.956028603314514, 1.484034638135156 
0.0, 1.9183087569916846, 2.7570794515306347 
0.0, 1.9186876232010348, 2.7442927169650693 
0.0, 1.9101356821890525, 3.0329207261194786 
0.0, 1.9442317682429495, 1.882177821800453 
0.0, 1.9107093386943368, 3.0135598190661237 
0.0, 1.9563663394856985, 1.4726360423576867 
0.0, 1.9449762247092148, 1.8570524160639896 
0.0, 1.9400648136412886, 2.0228125396065177 
0.0, 1.9228939568233208, 2.6023289572129262 
0.0, 1.9374605289765046, 2.1107071470429717 
0.0, 1.9327244445191212, 2.270549997479655 
0.0, 1.9056331611481587, 3.184880811249643 
0.0, 1.939124491328983, 2.054548417646828 
0.0, 1.9204743309104804, 2.683991331771287 
0.0, 1.9236098468713327, 2.578167668092512 
0.0, 1.9291580323392548, 2.3909164085501504 
0.0, 1.916292411110406, 2.825131125023795 
0.0, 1.9328912455955476, 2.264920461150267 
0.0, 1.9557212940424298, 1.4944063260679967 
0.0, 1.9195250114690536, 2.7160308629194434 
0.0, 1.9311742727702637, 2.3228682940035954 
0.0, 1.9263550223242714, 2.4855179965558536 
0.0, 1.9608622340673958, 1.3208996002253974 
0.0, 1.9253056365507295, 2.5209347664128803 
0.0, 1.9343237293291393, 2.2165741351415402 
0.0, 1.9435046988493607, 1.906716413834074 
0.0, 1.9180269184757517, 2.7665915014433815 
0.0, 1.910421961178008, 3.0232588102422224 
0.0, 1.91779014694457, 2.7745825406207647 
0.0, 1.90658756056339, 3.1526698309855914 
0.0, 1.930474891979556, 2.3464723956899864 
0.0, 1.9276500182788485, 2.4418118830888593 
0.0, 1.9503184365332713, 1.6767527670020896 
0.0, 1.9304822668973536, 2.346223492214314 
0.0, 1.9489693166212179, 1.7222855640338925 
0.0, 1.8793415685940469, 4.072222059950914 
0.0, 1.938404713874404, 2.0788409067388622 
0.0, 1.9125759482439686, 2.9505617467660588 
0.0, 1.9606485666000981, 1.3281108772466865 
0.0, 1.945471138627591, 1.8403490713188044 
0.0, 1.9241180559242541, 2.5610156125564183 
0.0, 1.896821928831097, 3.482259901950464 
0.0, 1.9485702651859365, 1.7357535499746353 
0.0, 1.9299159150950522, 2.365337865541988 
0.0, 1.9320444452289105, 2.2934999735242814 
0.0, 1.9114717187765442, 2.987829491291636 
0.0, 1.9245778378254221, 2.5454979733920045 
0.0, 1.9436803481390412, 1.9007882503073608 
0.0, 1.8954695013316178, 3.527904330057892 
0.0, 1.8967164510057863, 3.485819778554715 
0.0, 1.9459752686844416, 1.8233346819001037 
0.0, 1.9067411976123252, 3.1474845805840235 
0.0, 1.9463193926459454, 1.8117204981993393 
0.0, 1.932952606802038, 2.262849520431224 
0.0, 1.9640770561890883, 1.2123993536182684 
0.0, 1.9657073027382945, 1.1573785325825576 
0.0, 1.920087188869644, 2.697057375649514 
0.0, 1.9327352362049885, 2.2701857780816375 
0.0, 1.9356966980181356, 2.170236441887923 
0.0, 1.9555230234769945, 1.5010979576514396 
0.0, 1.9397017822989098, 2.035064847411793 
0.0, 1.9531054370666086, 1.5826914990019623 
0.0, 1.9383033040009698, 2.0822634899672687 
0.0, 1.962931557396839, 1.251059937856688 
0.0, 1.9450084286409812, 1.8559655333668843 
0.0, 1.9531182230209216, 1.582259973043891 
0.0, 1.942823565845568, 1.9297046527120851 
0.0, 1.929841059514719, 2.36786424137823 
0.0, 1.9032459710503076, 3.2654484770521277 
0.0, 1.9568236174394105, 1.4572029114198963 
0.0, 1.957693577435551, 1.4278417615501466 
0.0, 1.9281915205342228, 2.4235361819699834 
0.0, 1.9182711313825338, 2.758349315839487 
0.0, 1.9560686626717445, 1.4826826348286182 
0.0, 1.927042228578692, 2.4623247854691543 
0.0, 1.9152643734054942, 2.8598273975645805 
0.0, 1.9493065759045554, 1.7109030632212539 
0.0, 1.9304850064423598, 2.3461310325703555 
0.0, 1.963712779236931, 1.2246937007535719 
0.0, 1.943204762845011, 1.9168392539808718 
0.0, 1.9447135947545933, 1.8659161770324824 
0.0, 1.9344535069273052, 2.2121941412034514 
0.0, 1.9385887378749707, 2.072630096719745 
0.0, 1.9375048993012147, 2.109209648583994 
0.0, 1.9425348510999485, 1.9394487753767446 
0.0, 1.886422744011152, 3.833232389623615 
0.0, 1.9206862099394046, 2.6768404145450875 
0.0, 1.9426705272002414, 1.9348697069918592 
0.0, 1.9553249833970836, 1.507781810348429 
0.0, 1.9225107716228746, 2.6152614577279834 
0.0, 1.9486382378884566, 1.733459471264584 
0.0, 1.958785355325588, 1.390994257761405 
0.0, 1.9369431951785885, 2.128167162722645 
0.0, 1.9550050384450186, 1.5185799524806227 
0.0, 1.9345862169305073, 2.2077151785953744 
0.0, 1.9664370357812708, 1.1327500423821197 
0.0, 1.9289247820834907, 2.3987886046821965 
0.0, 1.93451246975472, 2.2102041457781927 
0.0, 1.8956071500547127, 3.523258685653448 
0.0, 1.9224294490746707, 2.6180060937298584 
0.0, 1.9403612163361235, 2.01280894865583 
0.0, 1.9237497440690345, 2.5734461376700772 
0.0, 1.9553889522877739, 1.5056228602876274 
0.0, 1.9158458041838382, 2.840204108795464 
0.0, 1.8976664315119611, 3.4537579364713116 
0.0, 1.945597497388263, 1.8360844631461204 
0.0, 1.9442143951171664, 1.8827641647956397 
0.0, 1.911889140037252, 2.973741523742752 
0.0, 1.9313552663974147, 2.3167597590872586 
0.0, 1.9501485891668056, 1.6824851156203064 
0.0, 1.9147569879828183, 2.876951655579888 
0.0, 1.9468294388704523, 1.7945064381222398 
0.0, 1.9534068163140803, 1.5725199493997901 
0.0, 1.9376770760072222, 2.1033986847562467 
0.0, 1.91415187460468, 2.8973742320920564 
0.0, 1.909006980235855, 3.0710144170398976 
0.0, 1.9467554145002848, 1.7970047606153823 
0.0, 1.9488786961961453, 1.7253440033800937 
0.0, 1.9729629740425199, 0.9124996260649496 
0.0, 1.9526306007952567, 1.5987172231600877 
0.0, 1.9319196271059813, 2.2977125851731257 
0.0, 1.933369043122368, 2.248794794620077 
0.0, 1.9588529011723972, 1.3887145854316014 
0.0, 1.9191222299872175, 2.7296247379314056 
0.0, 1.932794811711115, 2.2681751047498673 
0.0, 1.9547193438954615, 1.5282221435281809 
0.0, 1.9142607799033506, 2.8936986782619067 
0.0, 1.962335723149897, 1.2711693436909681 
0.0, 1.9425274169996634, 1.9396996762613574 
0.0, 1.920557096161406, 2.68119800455255 
0.0, 1.9405189261641376, 2.007486241960359 
0.0, 1.9396235138087417, 2.037706408954968 
0.0, 1.9195318834772483, 2.71579893264287 
0.0, 1.952375167606003, 1.6073380932974008 
0.0, 1.94006333499332, 2.022862443975444 
0.0, 1.9471152858329932, 1.784859103136476 
0.0, 1.9317480357222383, 2.3035037943744623 
0.0, 1.9224819292994377, 2.616234886143978 
0.0, 1.961816438852718, 1.2886951887207672 
0.0, 1.950199192709219, 1.680777246063862 
0.0, 1.9569575682909273, 1.4526820701812067 
0.0, 1.926981790891912, 2.4643645573979733 
0.0, 1.9732174668753975, 0.9039104929553325 
0.0, 1.9316242543784239, 2.307681414728197 
0.0, 1.9578942410996165, 1.4210693628879496 
0.0, 1.8856525992798052, 3.8592247743065666 
0.0, 1.9564095107478388, 1.4711790122604385 
0.0, 1.9647544514320998, 1.1895372641666282 
0.0, 1.9533516811142588, 1.5743807623937605 
0.0, 1.9221517326143578, 2.6273790242654327 
0.0, 1.9163521783565067, 2.823113980467903 
0.0, 1.9163958443166846, 2.8216402543118924 
0.0, 1.9542520262695855, 1.543994113401495 
0.0, 1.9543209948108917, 1.5416664251323973 
0.0, 1.9335964827260244, 2.24111870799668 
0.0, 1.9229483385528474, 2.600493573841405 
0.0, 1.9546400366160435, 1.5308987642085432 
0.0, 1.9453488625922915, 1.8444758875101677 
0.0, 1.9422166881592695, 1.9501867746246542 
0.0, 1.9176904798773893, 2.777946304138115 
0.0, 1.962468485471883, 1.2666886153239498 
0.0, 1.9546041377857066, 1.5321103497323985 
0.0, 1.932780422314083, 2.268660746899699 
0.0, 1.9338925589797171, 2.231126134434547 
0.0, 1.9595079549979633, 1.3666065188187309 
0.0, 1.9355625704833292, 2.1747632461876347 
0.0, 1.952514945260336, 1.602620597463667 
0.0, 1.9514084633164461, 1.6399643630699356 
0.0, 1.8999135821401125, 3.377916602771216 
0.0, 1.9672747364125662, 1.1044776460758912 
0.0, 1.9250223683533592, 2.530495068074127 
0.0, 1.9522697255336792, 1.6108967632383298 
0.0, 1.9508153467940776, 1.6599820456998777 
0.0, 1.9403803472097938, 2.012163281669456 
0.0, 1.9143174372712508, 2.89178649209529 
0.0, 1.935758745631783, 2.168142334927328 
0.0, 1.9596054310317923, 1.363316702677015 
0.0, 1.9397093429729781, 2.034809674661988 
0.0, 1.93917891583031, 2.0527115907270352 
0.0, 1.9385314964743052, 2.0745619939921975 
0.0, 1.916299602650897, 2.824888410532227 
0.0, 1.9372200375286612, 2.1188237334076794 
0.0, 1.9618447271507344, 1.2877404586627144 
0.0, 1.9655008337571176, 1.164346860697282 
0.0, 1.9505991668029843, 1.667278120399271 
0.0, 1.9247210907107597, 2.5406631885118673 
0.0, 1.9662813519731477, 1.138004370906265 
0.0, 1.9633378715818282, 1.2373468341132974 
0.0, 1.9476189983376273, 1.7678588061050764 
0.0, 1.9268576102965937, 2.4685556524899592 
0.0, 1.950949390894907, 1.6554580572968842 
0.0, 1.9617538781891057, 1.2908066111176717 
0.0, 1.9369149527927616, 2.1291203432442956 
0.0, 1.9612124367775188, 1.3090802587587487 
0.0, 1.9446886080661303, 1.8667594777681038 
0.0, 1.9519942925539226, 1.6201926263051072 
0.0, 1.9144649501755542, 2.8868079315750483 
0.0, 1.9537408833541008, 1.5612451867991024 
0.0, 1.9591581596451417, 1.3784121119764776 
0.0, 1.9194465515178571, 2.718678886272325 
0.0, 1.949012628025276, 1.7208238041469348 
0.0, 1.9203882512890977, 2.6868965189929543 
0.0, 1.9364183744744943, 2.14587986148582 
0.0, 1.9512395408826821, 1.6456654952094711 
0.0, 1.934729862248745, 2.202867149104869 
0.0, 1.9494841091900597, 1.7049113148354884 
0.0, 1.9580992115466798, 1.4141516102995662 
0.0, 1.9450923181001967, 1.8531342641183663 
0.0, 1.9624582341526369, 1.2670345973485018 
0.0, 1.938901213333637, 2.0620840499897515 
0.0, 1.9539303628993063, 1.5548502521484153 
0.0, 1.9325835361885864, 2.2753056536352143 
0.0, 1.9244406990175573, 2.5501264081574386 
0.0, 1.9585367764647645, 1.3993837943141991 
0.0, 1.943410677633751, 1.9098896298609038 
0.0, 1.9562076853243284, 1.4779906203039277 
0.0, 1.9369168708838687, 2.1290556076694385 
0.0, 1.9518312857163935, 1.6256941070717268 
0.0, 1.9400251173953096, 2.024152287908308 
0.0, 1.9346902349702653, 2.2042045697535406 
0.0, 1.9577437696159072, 1.4261477754631278 
0.0, 1.9398605907425917, 2.0297050624375297 
0.0, 1.9381019800133432, 2.08905817454967 
0.0, 1.9481115536831888, 1.7512350631923783 
0.0, 1.9472722947257082, 1.779560053007338 
0.0, 1.9424033296241279, 1.9438876251856874 
0.0, 1.9414730854387574, 1.9752833664419318 
0.0, 1.954022855140898, 1.551728638994687 
0.0, 1.946077043501688, 1.8198997818180276 
0.0, 1.9701810240814193, 1.006390437252101 
0.0, 1.9356210083394145, 2.1727909685447586 
0.0, 1.9772971813766638, 0.7662201285376029 
0.0, 1.9599453725607123, 1.3518436760759576 
0.0, 1.9516190056434002, 1.6328585595352536 
0.0, 1.9426909432977468, 1.9341806637010455 
0.0, 1.9387380056069645, 2.0675923107649434 
0.0, 1.9530419007189097, 1.584835850736799 
0.0, 1.9790180552831338, 0.7081406341942336 
0.0, 1.938554117477228, 2.0737985351435495 
0.0, 1.932314604541503, 2.2843820967242703 
0.0, 1.9454671300245647, 1.8404843616709496 
0.0, 1.9425275480943287, 1.9396952518163995 
0.0, 1.938876111615661, 2.0629312329714478 
0.0, 1.9297768624487828, 2.3700308923535807 
0.0, 1.9641110537860327, 1.2112519347214008 
0.0, 1.9336655011447677, 2.238789336364099 
0.0, 1.9350293173218382, 2.192760540387965 
0.0, 1.9146078910136988, 2.881983678287657 
0.0, 1.933958057932873, 2.228915544765536 
0.0, 1.9650542014105863, 1.1794207023927044 
0.0, 1.9587694145303143, 1.3915322596018875 
0.0, 1.9673648945152094, 1.1014348101116813 
0.0, 1.9749098336934088, 0.846793112847452 
0.0, 1.9312483806950613, 2.3203671515416766 
0.0, 1.9730976078044247, 0.9079557366006619 
0.0, 1.9584011460317425, 1.403961321428684 
0.0, 1.9655418388008568, 1.1629629404710864 
0.0, 1.9408381524545757, 1.996712354658069 
0.0, 1.9651695843745793, 1.175526527357953 
0.0, 1.9618934721990404, 1.2860953132823858 
0.0, 1.9559485059427288, 1.4867379244329078 
0.0, 1.9589518806467976, 1.3853740281705815 
0.0, 1.968591680901113, 1.0600307695874367 
0.0, 1.9513847997010276, 1.6407630100903121 
0.0, 1.929967554143707, 2.3635950476498913 
0.0, 1.9593015402670337, 1.3735730159876147 
0.0, 1.9247951250829887, 2.5381645284491317 
0.0, 1.9292756002434388, 2.386948491783942 
0.0, 1.9226897966917027, 2.609219361655034 
0.0, 1.9712743881038632, 0.9694894014946167 
0.0, 1.9631600602322035, 1.2433479671631356 
0.0, 1.9674912519864967, 1.0971702454557355 
0.0, 1.9549730030352581, 1.5196611475600326 
0.0, 1.9642880100420512, 1.2052796610807677 
0.0, 1.9671341043644217, 1.109223977700769 
0.0, 1.93315635143186, 2.2559731391747277 
0.0, 1.9703197503156744, 1.0017084268459882 
0.0, 1.9439053668290205, 1.8931938695205666 
0.0, 1.938600325994685, 2.072238997679391 
0.0, 1.9560446515108658, 1.483493011508287 
0.0, 1.9570165434072133, 1.4506916600065516 
0.0, 1.9738377660009154, 0.8829753974691055 
0.0, 1.9648810551857256, 1.1852643874817612 
0.0, 1.9468996140110202, 1.7921380271280747 
0.0, 1.9517160488553886, 1.6295833511306332 
0.0, 1.9007028126790912, 3.3512800720806695 
0.0, 1.9681842376572707, 1.073781979067118 
0.0, 1.9438298675282542, 1.895741970921422 
0.0, 1.9370926761413978, 2.123122180227819 
0.0, 1.9497075276228537, 1.697370942728693 
0.0, 1.9170192146495468, 2.8006015055777977 
0.0, 1.9591681350953094, 1.3780754405333027 
0.0, 1.9185828548540576, 2.7478286486755485 
0.0, 1.9615892383188622, 1.2963632067384028 
0.0, 1.934307424384024, 2.2171244270391868 
0.0, 1.9389845394696301, 2.0592717928999833 
0.0, 1.9811544181960488, 0.6360383858833563 
0.0, 1.967456543482527, 1.098341657464712 
0.0, 1.9455531861784148, 1.8375799664785069 
0.0, 1.9556756491629592, 1.4959468407501266 
0.0, 1.9657207665027392, 1.1569241305325568 
0.0, 1.9791649820927377, 0.7031818543701092 
0.0, 1.9634402707447187, 1.2338908623657492 
0.0, 1.9780038681401766, 0.7423694502690451 
0.0, 1.9664530521538521, 1.1322094898074981 
0.0, 1.9663333009757455, 1.1362510920685815 
0.0, 1.9509370645549087, 1.655874071271822 
0.0, 1.9648103653182427, 1.187650170509306 
0.0, 1.957501753163189, 1.4343158307423647 
0.0, 1.9456393064236783, 1.834673408200852 
0.0, 1.9501297367304347, 1.6831213853478286 
0.0, 1.9760820184598877, 0.8072318769787925 
0.0, 1.941160931776464, 1.9858185525443364 
0.0, 1.9588437267725438, 1.3890242214266473 
0.0, 1.9708511655402825, 0.9837731630154691 
0.0, 1.955846482945062, 1.490181200604169 
0.0, 1.9621417646983916, 1.2777154414292884 
0.0, 1.9764115754368177, 0.7961093290074117 
0.0, 1.9513654060016394, 1.6414175474446686 
0.0, 1.9675688495894823, 1.094551326354977 
0.0, 1.9454307412488026, 1.8417124828529232 
0.0, 1.9673899371553503, 1.100589621006924 
0.0, 1.9546844963179024, 1.5293982492707934 
0.0, 1.9696384309947472, 1.0247029539272734 
0.0, 1.9718204318813901, 0.9510604240030833 
0.0, 1.9631111631109253, 1.2449982450062707 
0.0, 1.9738017682791043, 0.8841903205802311 
0.0, 1.9712199377217114, 0.9713271018922428 
0.0, 1.9197219854787617, 2.709382990091802 
0.0, 1.9682381943300602, 1.0719609413604754 
0.0, 1.9408513498953108, 1.9962669410332663 
0.0, 1.940817066550674, 1.9974240039147437 
0.0, 1.949909196676059, 1.6905646121830054 
0.0, 1.9372032853693952, 2.119389118782916 
0.0, 1.9575154617353445, 1.4338531664321286 
0.0, 1.9705883261702282, 0.9926439917547977 
0.0, 1.9603043185807678, 1.3397292478990865 
0.0, 1.9526568636596964, 1.5978308514852522 
0.0, 1.959673122871136, 1.3610321030991628 
0.0, 1.942334429323974, 1.9462130103158886 
0.0, 1.9848571453112773, 0.5110713457443872 
0.0, 1.9287213622594641, 2.4056540237430855 
0.0, 1.9693117657306356, 1.0357279065910474 
0.0, 1.9769383206707123, 0.7783316773634648 
0.0, 1.96065239123216, 1.3279817959146107 
0.0, 1.9707640969212794, 0.9867117289068302 
0.0, 1.947454093482113, 1.7734243449786844 
0.0, 1.958113834257822, 1.4136580937985161 
0.0, 1.9655964442806486, 1.1611200055281168 
0.0, 1.930618529648866, 2.3416246243507737 
0.0, 1.9736145840812878, 0.8905077872565361 
0.0, 1.9537665137707707, 1.5603801602364817 
0.0, 1.9648804466561463, 1.1852849253550606 
0.0, 1.9466161133299884, 1.8017061751128955 
0.0, 1.9375508702190554, 2.107658130106885 
0.0, 1.9692902727469193, 1.036453294791469 
0.0, 1.9529600135943384, 1.5875995411910757 
0.0, 1.9687470690959683, 1.0547864180110704 
0.0, 1.9462093164887468, 1.815435568504803 
0.0, 1.927544622436243, 2.4453689927767996 
0.0, 1.9761202209419348, 0.8059425432097024 
0.0, 1.9295100593038568, 2.3790354984948308 
0.0, 1.9595930512570936, 1.3637345200730981 
0.0, 1.9316299360500162, 2.307489658311948 
0.0, 1.9702942457696062, 1.0025692052757884 
0.0, 1.9553812331465674, 1.5058833813033492 
0.0, 1.959023981378649, 1.382940628470595 
0.0, 1.9694771761591279, 1.0301453046294369 
0.0, 1.9761148251978131, 0.8061246495738096 
0.0, 1.9613002066449001, 1.3061180257346126 
0.0, 1.945322245315795, 1.8453742205919215 
0.0, 1.962844339102147, 1.25400355530253 
0.0, 1.975670398745162, 0.8211240423507845 
0.0, 1.9620837388367527, 1.279673814259596 
0.0, 1.9702970884088795, 1.0024732662003186 
0.0, 1.9814361195972836, 0.6265309635916719 
0.0, 1.9756618923336515, 0.8214111337392632 
0.0, 1.9741300102723902, 0.8731121533068236 
0.0, 1.9494369581692992, 1.7065026617861563 
0.0, 1.9638476149849002, 1.2201429942596207 
0.0, 1.9458069155046265, 1.8290166017188525 
0.0, 1.977680114676712, 0.7532961296609759 
0.0, 1.9512012827251826, 1.6469567080250822 
0.0, 1.962789915077556, 1.255840366132475 
0.0, 1.970524031112181, 0.9948139499639015 
0.0, 1.954123482357071, 1.5483324704488506 
0.0, 1.943203810837495, 1.9168713842345362 
0.0, 1.9348730531190412, 2.19803445723236 
0.0, 1.9597713941075834, 1.3577154488690582 
0.0, 1.9467015023329897, 1.7988242962616023 
0.0, 1.9443543983563416, 1.8780390554734792 
0.0, 1.9682095742816668, 1.0729268679937503 
0.0, 1.9583678556062727, 1.4050848732882946 
0.0, 1.9670551281977822, 1.111889423324851 
0.0, 1.9821631217878273, 0.6019946396608358 
0.0, 1.9634330075883237, 1.2341359938940777 
0.0, 1.9714670638310514, 0.9629865957020067 
0.0, 1.968721063745075, 1.0556640986037225 
0.0, 1.9395608914012934, 2.03981991520635 
0.0, 1.9399437857034463, 2.0268972325086922 
0.0, 1.963331563734771, 1.2375597239514782 
0.0, 1.9753867757870305, 0.8306963171877272 
0.0, 1.9664911888091936, 1.130922377689716 
0.0, 1.9763823887568874, 0.7970943794550533 
0.0, 1.9585862340949802, 1.3977145992944056 
0.0, 1.9414111295543888, 1.9773743775393817 
0.0, 1.9825567271420679, 0.5887104589552079 
0.0, 1.9578807385737929, 1.4215250731344924 
0.0, 1.9533886734507262, 1.5731322710379885 
0.0, 1.9562514208370143, 1.476514546750767 
0.0, 1.973429212058194, 0.8967640930359551 
0.0, 1.9661463655518534, 1.1425601626249453 
0.0, 1.9579907575232554, 1.417811933590133 
0.0, 1.94889115222398, 1.724923612440675 
0.0, 1.9643953289894285, 1.2016576466067839 
0.0, 1.975174086916854, 0.8378745665561765 
0.0, 1.918215550438786, 2.760225172690964 
0.0, 1.960311707823167, 1.3394798609681098 
0.0, 1.9342530783289384, 2.218958606398329 
0.0, 1.9780541633237023, 0.7406719878250394 
0.0, 1.9808508974757733, 0.6462822101926636 
0.0, 1.9757256553936338, 0.8192591304648658 
0.0, 1.950573047014186, 1.6681596632712155 
0.0, 1.937118331492599, 2.1222563121247884 
0.0, 1.9723061737868293, 0.9346666346945169 
0.0, 1.960199978459388, 1.343250726995655 
0.0, 1.9762898582027133, 0.8002172856584195 
0.0, 1.9538238219897277, 1.5584460078466944 
0.0, 1.9664272929609097, 1.1330788625692967 
0.0, 1.9770449058709731, 0.7747344268546597 
0.0, 1.9778764049250896, 0.7466713337782221 
0.0, 1.9389011210095246, 2.062087165928542 
0.0, 1.9444648206346455, 1.874312303580712 
0.0, 1.9506557389193895, 1.6653688114706133 
0.0, 1.9680382764924642, 1.0787081683793258 
0.0, 1.9651366725830246, 1.176637300322916 
0.0, 1.9570360411465448, 1.4500336113041048 
0.0, 1.951615482995721, 1.6329774488944149 
0.0, 1.9740806480957225, 0.8747781267693586 
0.0, 1.9348478276960044, 2.1988858152598505 
0.0, 1.9496174899081378, 1.7004097156003595 
0.0, 1.9567685081080113, 1.4590628513546198 
0.0, 1.9614831238295716, 1.2999445707519612 
0.0, 1.9557462516245925, 1.4935640076700003 
0.0, 1.9200290892230076, 2.699018238723487 
0.0, 1.9737208917927638, 0.8869199019942274 
0.0, 1.95279851603235, 1.593050083908189 
0.0, 1.9661913427865, 1.1410421809556188 
0.0, 1.9384299974362178, 2.0779875865276543 
0.0, 1.9655931297606257, 1.1612318705788838 
0.0, 1.9533672146022099, 1.5738565071754156 
0.0, 1.9165470544262904, 2.8165369131127025 
0.0, 1.9606862431990109, 1.326839292033378 
0.0, 1.9279888165317987, 2.4303774420517907 
0.0, 1.9562571717870707, 1.4763204521863638 
0.0, 1.9566124200004584, 1.4643308249845317 
0.0, 1.947543149877276, 1.7704186916419384 
0.0, 1.9799698507675814, 0.6760175365941186 
0.0, 1.9617880034971626, 1.2896548819707532 
0.0, 1.9696093718826133, 1.025683698961792 
0.0, 1.9751197754328087, 0.8397075791427102 
0.0, 1.9832829335085975, 0.5642009940848299 
0.0, 1.9520424541646841, 1.6185671719419161 
0.0, 1.9575569418405026, 1.4324532128830352 
0.0, 1.97300531228648, 0.9110707103313103 
0.0, 1.9486211550507784, 1.73403601703622 
0.0, 1.9553877989701847, 1.5056617847562752 
0.0, 1.9856843495975818, 0.48315320108161064 
0.0, 1.9611533252880382, 1.3110752715287024 
0.0, 1.9727716456668623, 0.9189569587434024 
0.0, 1.977737660979156, 0.7513539419534816 
0.0, 1.9680172798864928, 1.0794168038308611 
0.0, 1.969340005650466, 1.0347748092967772 
0.0, 1.9592608592804341, 1.3749459992853452 
0.0, 1.9727939017778797, 0.9182058149965628 
0.0, 1.9607885247015107, 1.3233872913240203 
0.0, 1.9695540053267355, 1.0275523202226706 
0.0, 1.9652912949973547, 1.1714187938392846 
0.0, 1.9693692327440868, 1.0337883948870636 
0.0, 1.9531043276926385, 1.5827289403734397 
0.0, 1.9361459590328014, 2.1550738826429594 
0.0, 1.9597693645509415, 1.3577839464057262 
0.0, 1.9467374307666145, 1.7976117116267574 
0.0, 1.973057608176187, 0.9093057240536929 
0.0, 1.9589658144215278, 1.3849037632734469 
0.0, 1.9299302596857593, 2.364853735605624 
0.0, 1.9588114591551031, 1.3901132535152616 
0.0, 1.9617654751715627, 1.2904152129597586 
0.0, 1.9638309423523965, 1.2207056956066134 
0.0, 1.9707937579263033, 0.9857106699872643 
0.0, 1.959536356436429, 1.365647970270528 
0.0, 1.9759395210667874, 0.8120411639959243 
0.0, 1.9851913867595006, 0.49979069686685923 
0.0, 1.9704762028237213, 0.9964281546993964 
0.0, 1.9784909280268523, 0.7259311790937341 
0.0, 1.9811247919473038, 0.6370382717784979 
0.0, 1.9146417956993598, 2.8808393951466105 
0.0, 1.9459589268785595, 1.8238862178486197 
0.0, 1.976101998716532, 0.8065575433170511 
0.0, 1.9854321454621668, 0.4916650906518773 
0.0, 1.9767580118942698, 0.7844170985683909 
0.0, 1.974672198162459, 0.8548133120170104 
0.0, 1.959898068467304, 1.3534401892284864 
0.0, 1.9787272829804399, 0.7179541994101618 
0.0, 1.976114524267604, 0.8061348059683774 
0.0, 1.9901085743979867, 0.33383561406794043 
0.0, 1.980186371870992, 0.6687099493540213 
0.0, 1.963221799900919, 1.2412642533439775 
0.0, 1.9775097644689634, 0.7590454491724831 
0.0, 1.92691098415477, 2.4667542847765205 
0.0, 1.975218321559251, 0.8363816473752824 
0.0, 1.9489431435907072, 1.7231689038136335 
0.0, 1.9549367651960088, 1.5208841746347115 
0.0, 1.9745450958029562, 0.8591030166502308 
0.0, 1.970085629492048, 1.009610004643385 
0.0, 1.9658533265758922, 1.1524502280636406 
0.0, 1.9757690106464598, 0.817795890681976 
0.0, 1.9509979359615648, 1.6538196612971985 
0.0, 1.9769869782025113, 0.7766894856652398 
0.0, 1.9799548908162254, 0.6765224349523905 
0.0, 1.9390299464151663, 2.0577393084881304 
0.0, 1.9527202098396066, 1.595692917913279 
0.0, 1.963899620200417, 1.218387818235922 
0.0, 1.9620599560587129, 1.2804764830184436 
0.0, 1.9648851061618797, 1.1851276670365656 
0.0, 1.9200803694176931, 2.697287532152856 
0.0, 1.9823939711022311, 0.5942034752997009 
0.0, 1.981250823434956, 0.6327847090702365 
0.0, 1.9698937060957828, 1.0160874192673277 
0.0, 1.9659614343833551, 1.148801589561756 
0.0, 1.9608673471808764, 1.3207270326454241 
0.0, 1.9687154506429083, 1.0558535408018483 
0.0, 1.9641627181970978, 1.2095082608479517 
0.0, 1.9463259032609193, 1.811500764943974 
0.0, 1.9752325182911346, 0.8359025076742166 
0.0, 1.9598128934785681, 1.3563148450983304 
0.0, 1.966460437614939, 1.1319602304958067 
0.0, 1.9365332027674744, 2.14200440659774 
0.0, 1.9801752908886012, 0.6690839325097014 
0.0, 1.9725712752728486, 0.9257194595413557 
0.0, 1.9525272715206894, 1.6022045861767351 
0.0, 1.9784827022667386, 0.726208798497569 
0.0, 1.9733997434178145, 0.8977586596487684 
0.0, 1.935496267678628, 2.1770009658463065 
0.0, 1.9600825007394371, 1.347215600043994 
0.0, 1.9541594966193365, 1.5471169890973944 
0.0, 1.97292109101, 0.9139131784125063 
0.0, 1.963750598149279, 1.2234173124618344 
0.0, 1.9621683440028794, 1.2768183899028107 
0.0, 1.9748148628346724, 0.8499983793297959 
0.0, 1.9849298679713512, 0.5086169559669018 
0.0, 1.9721765923742907, 0.9390400073676867 
0.0, 1.9752109593713043, 0.8366301212184843 
0.0, 1.9630159206594227, 1.248212677744483 
0.0, 1.98082942140173, 0.6470070276916245 
0.0, 1.9624405904310158, 1.2676300729532084 
0.0, 1.972275460959577, 0.9357031926142861 
0.0, 1.9666947039421887, 1.12405374195113 
0.0, 1.9876986537229926, 0.4151704368490043 
0.0, 1.940469483179266, 2.0091549426997695 
0.0, 1.9369038102684908, 2.129496403438437 
0.0, 1.9573308844382726, 1.4400826502082955 
0.0, 1.9762016177284842, 0.8031954016636536 
0.0, 1.9704514146897112, 0.9972647542222484 
0.0, 1.9688522887928588, 1.0512352532410183 
0.0, 1.965844232733522, 1.15275714524364 
0.0, 1.976712491586547, 0.7859534089540393 
0.0, 1.9675799269961542, 1.0941774638797954 
0.0, 1.9848486562323127, 0.511357852159456 
0.0, 1.950103286356106, 1.6840140854814198 
0.0, 1.977764354018527, 0.7504530518747038 
0.0, 1.9605425520379165, 1.331688868720321 
0.0, 1.9747107332648488, 0.8535127523113494 
0.0, 1.9714418198415886, 0.9638385803463771 
0.0, 1.9637643456948564, 1.2229533327986053 
0.0, 1.973365615362728, 0.8989104815079404 
0.0, 1.941213091117976, 1.9840581747683148 
0.0, 1.9452744221376181, 1.8469882528553823 
0.0, 1.9512583261598089, 1.6450314921064586 
0.0, 1.9635585944371803, 1.2298974377451675 
0.0, 1.9594540464022134, 1.3684259339252973 
0.0, 1.951550946320306, 1.6351555616896631 
0.0, 1.9641475920538218, 1.2100187681835153 
0.0, 1.9830117716615587, 0.5733527064224021 
0.0, 1.9671643297521488, 1.108203870864979 
0.0, 1.9661651144968748, 1.141927385730475 
0.0, 1.9519235418165042, 1.6225804636929873 
0.0, 1.9861290657013306, 0.46814403258008686 
0.0, 1.9646144351982548, 1.1942628120588983 
0.0, 1.961104247820997, 1.3127316360413563 
0.0, 1.9735197532130089, 0.8937083290609434 
0.0, 1.9760997116419756, 0.8066347320833195 
0.0, 1.9511496116917322, 1.6487006054040372 
0.0, 1.9633887114063082, 1.2356309900370908 
0.0, 1.976755315741435, 0.7845080937265679 
0.0, 1.9792908341899322, 0.6989343460897872 
0.0, 1.9790794441704715, 0.7060687592465869 
0.0, 1.9727165980386216, 0.9208148161965221 
0.0, 1.9586750393013423, 1.3947174235796955 
0.0, 1.9647795333482116, 1.1886907494978554 
0.0, 1.987283795394875, 0.4291719054229749 
0.0, 1.9337387775778545, 2.2363162567474153 
0.0, 1.9617351424109237, 1.2914389436313336 
0.0, 1.961033722397056, 1.3151118690993593 
0.0, 1.9604483080824222, 1.3348696022182531 
0.0, 1.9683436499661624, 1.068401813642017 
0.0, 1.9734919904141401, 0.8946453235227633 
0.0, 1.989486935376058, 0.35481593105804077 
0.0, 1.978371577549377, 0.7299592577085235 
0.0, 1.9757505255647305, 0.8184197621903464 
0.0, 1.9693018353437017, 1.03606305715007 
0.0, 1.9540408316301465, 1.5511219324825556 
0.0, 1.9656239480119138, 1.1601917545979048 
0.0, 1.9761370301004442, 0.805375234110017 
0.0, 1.9818465973439021, 0.6126773396433081 
0.0, 1.969847922808377, 1.0176326052172857 
0.0, 1.9824351455035212, 0.5928138392561607 
0.0, 1.9743704277877705, 0.8649980621627497 
0.0, 1.9202843535526464, 2.690403067598194 
0.0, 1.9133585758615692, 2.924148064672043 
0.0, 1.9655671252108966, 1.1621095241322392 
0.0, 1.985879828969722, 0.4765557722718882 
0.0, 1.9690072764193178, 1.0460044208480215 
0.0, 1.9846510542782527, 0.5180269181089766 
0.0, 1.9572578863312595, 1.44254633631999 
0.0, 1.9787389987786639, 0.7175587912200942 
0.0, 1.9707936657594174, 0.9857137806196592 
0.0, 1.9914207241859585, 0.289550558723898 
0.0, 1.986056683201028, 0.47058694196531586 
0.0, 1.9605188147630035, 1.3324900017486316 
0.0, 1.9770833895319848, 0.7734356032955115 
0.0, 1.982146404003485, 0.6025588648823779 
0.0, 1.9474620765572839, 1.7731549161916698 
0.0, 1.971390786692323, 0.9655609491340985 
0.0, 1.9559265497449925, 1.4874789461065057 
0.0, 1.9488602056673283, 1.7259680587276631 
0.0, 1.9764830770680453, 0.79369614895348 
0.0, 1.9626981628889224, 1.25893700249888 
0.0, 1.9752009649215296, 0.8369674338983767 
0.0, 1.9442858608039215, 1.8803521978676547 
0.0, 1.9665700025139201, 1.1282624151551899 
0.0, 1.9610674490388704, 1.3139735949381277 
0.0, 1.9899970809022505, 0.3375985195490481 
0.0, 1.9650603526049695, 1.1792130995822776 
0.0, 1.9681314288148266, 1.0755642774996057 
0.0, 1.9718340169529045, 0.950601927839466 
0.0, 1.9759261447972793, 0.8124926130918148 
0.0, 1.9802748383935502, 0.6657242042176837 
0.0, 1.9534096880377185, 1.5724230287269942 
0.0, 1.9693905688642481, 1.0330683008316284 
0.0, 1.9798563763976047, 0.6798472965808351 
0.0, 1.9658932201591905, 1.151103819627316 
0.0, 1.9868502859153734, 0.44380285035614603 
0.0, 1.9674913382466692, 1.0971673341749166 
0.0, 1.9742090624184112, 0.8704441433786204 
0.0, 1.9850667033592795, 0.5039987616243187 
0.0, 1.9734838594250574, 0.8949197444043181 
0.0, 1.9461651274945206, 1.8169269470599358 
0.0, 1.9883806482108592, 0.392153122883497 
0.0, 1.9496632202733861, 1.6988663157732138 
0.0, 1.9721114591144386, 0.9412382548877054 
0.0, 1.977380594895559, 0.7634049222748958 
0.0, 1.9613257709750656, 1.3052552295915358 
0.0, 1.9522823780184073, 1.6104697418787581 
0.0, 1.9849389686085506, 0.5083098094614208 
0.0, 1.9650613332580915, 1.179180002539422 
0.0, 1.9407313033520408, 2.000318511868627 
0.0, 1.9782378442912294, 0.7344727551709981 
0.0, 1.9647617264637007, 1.189291731850101 
0.0, 1.968585290068653, 1.0602464601829684 
0.0, 1.9746713180372337, 0.8548430162433623 
0.0, 1.9292175853369622, 2.388906494877524 
0.0, 1.9585477861412846, 1.3990122177316469 
0.0, 1.954901468131954, 1.5220754505465395 
0.0, 1.959435886320859, 1.3690388366710062 
0.0, 1.9798186489153213, 0.6811205991079058 
0.0, 1.9697023903603288, 1.022544325338895 
0.0, 1.9768914668702333, 0.7799129931296253 
0.0, 1.9866837458832145, 0.4494235764415138 
0.0, 1.9664722267693815, 1.1315623465333717 
0.0, 1.9722753093685215, 0.9357083088123982 
0.0, 1.9880220392241201, 0.40425617618594745 
0.0, 1.980843941442058, 0.6465169763305385 
0.0, 1.972065320279173, 0.9427954405779223 
0.0, 1.98295740981389, 0.5751874187812025 
0.0, 1.9871925583041663, 0.43225115723439195 
0.0, 1.9719867885402678, 0.9454458867659685 
0.0, 1.9788411225777554, 0.7141121130007588 
0.0, 1.9644281727430477, 1.2005491699221431 
0.0, 1.9793368145632362, 0.6973825084907791 
0.0, 1.9774029972456997, 0.7626488429576265 
0.0, 1.9857736741408996, 0.4801384977446354 
0.0, 1.9418632255623205, 1.9621161372716813 
0.0, 1.9624928470138365, 1.2658664132830266 
0.0, 1.979766274247711, 0.6828882441397618 
0.0, 1.9792159212843072, 0.7014626566546259 
0.0, 1.976934538973971, 0.7784593096284738 
0.0, 1.9727897293427796, 0.9183466346811943 
0.0, 1.9722750223258982, 0.9357179965009361 
0.0, 1.9591480765284568, 1.3787524171645855 
0.0, 1.9763844198583358, 0.7970258297811679 
0.0, 1.9732189226626233, 0.9038613601364663 
0.0, 1.9610493685220833, 1.314583812379686 
0.0, 1.9822052518398126, 0.6005727504063331 
0.0, 1.9689836697914012, 1.046801144540206 
0.0, 1.9831177821009112, 0.5697748540942487 
0.0, 1.9647960498594697, 1.188133317242891 
0.0, 1.9632473320981345, 1.2404025416879667 
0.0, 1.9840233295892786, 0.5392126263618451 
0.0, 1.9738338595075864, 0.883107241618965 
0.0, 1.9936003420796038, 0.21598845481336137 
0.0, 1.9876367224576377, 0.41726061705472417 
0.0, 1.9697188368814218, 1.0219892552520111 
0.0, 1.9740333758551063, 0.8763735648901533 
0.0, 1.9674234587667427, 1.0994582666224284 
0.0, 1.9774270511738552, 0.7618370228823832 
0.0, 1.9924129996881255, 0.2560612605257639 
0.0, 1.9860284213069994, 0.4715407808887752 
0.0, 1.982971857784821, 0.5746997997622912 
0.0, 1.9646489676028531, 1.193097343403711 
0.0, 1.96028416904818, 1.3404092946239157 
0.0, 1.9426903124935502, 1.934201953342673 
0.0, 1.9899853196821922, 0.3379954607260144 
0.0, 1.9851719885712247, 0.5004453857211697 
0.0, 1.9921781851787468, 0.2639862502173004 
0.0, 1.9785529635526113, 0.7238374800993672 
0.0, 1.9645860271244213, 1.1952215845507699 
0.0, 1.9521530968805059, 1.614832980282918 
0.0, 1.9733556548431332, 0.8992466490442402 
0.0, 1.9494587971509862, 1.705765596154215 
0.0, 1.961494865151352, 1.2995483011418762 
0.0, 1.9763462478044995, 0.7983141365981447 
0.0, 1.9807379920063208, 0.650092769786666 
0.0, 1.9536574297958764, 1.5640617443891696 
0.0, 1.983597233989975, 0.553593352838351 
0.0, 1.97442559717363, 0.8631360953899874 
0.0, 1.9586453566411608, 1.395719213360828 
0.0, 1.9707081951671832, 0.9885984131075684 
0.0, 1.9840965518089, 0.5367413764496285 
0.0, 1.9763430693907735, 0.7984214080614015 
0.0, 1.9627036016923411, 1.258753442883493 
0.0, 1.9948312247433497, 0.1744461649119486 
0.0, 1.9674899632632445, 1.0972137398655046 
0.0, 1.9705853586676174, 0.9927441449679097 
0.0, 1.9634766018612657, 1.2326646871822768 
0.0, 1.964138742466343, 1.2103174417609335 
0.0, 1.9523894937749477, 1.6068545850955194 
0.0, 1.983072942749289, 0.5712881822114884 
0.0, 1.9534804204585237, 1.570035809524826 
0.0, 1.9789708638458308, 0.709733345203213 
0.0, 1.9455876563841608, 1.8364165970345707 
0.0, 1.9687654039413138, 1.054167616980663 
0.0, 1.9855422306015411, 0.48794971719798697 
0.0, 1.9649548535543342, 1.182773692541229 
0.0, 1.9830478729183165, 0.5721342890068178 
0.0, 1.979944163197188, 0.6768844920949039 
