0.8956102239899337
1.304867631090539
0.9628595624651227
1.0827845654317312
1.383864653961999
1.2609794278229987
1.0162597088409322
0.9513723554887942
1.1337759345769882
1.1751764288970403
1.2218244320579938
1.2247464571680342
1.4058267559323991
1.3266093730926514
1.1707470076424735
1.265374896781785
0.9573970245463508
1.1932423444730895
1.2911300914628165
1.1177549873079573
1.2093167815889632
1.2694817738873618
1.0514744647911616
1.3854820717658316
1.062565518210509
1.1407823096628167
1.3477058708667755
1.1443439317601067
1.0815347100475006
0.9397513142653874
0.9429417268506118
1.1725127739565713
1.3252221303326743
1.149151704141072
1.0889915376901627
1.2754985349518912
1.1286331244877406
1.2048246903744126
1.2305735333689622
1.0067848286458425
0.9468159249850682
1.3626158663204737
1.169460111430713
1.08120958507061
1.2219099828175135
1.1534403200660432
1.0803821033665113
1.3042352114404951
1.2055093560900008
1.3771943875721522
1.4523894531386239
1.0357650560992104
1.2339104073388236
1.0187485186117036
1.0629029178193636
1.1090355856078011
1.3348284236022405
1.384472859757287
1.0368613409144538
1.2213782497814722
1.3120026545865195
0.8965061759310109
1.3134710959025793
1.113363721540996
1.226663893886975
0.9501933096242803
1.0594974689052574
1.1682322983230864
1.142674371600151
1.2832867460591453
1.2383707399879182
1.1210655548742838
1.1184767740113395
1.0073628665081091
0.9980504619223731
1.0243289853845323
1.1474151856132917
1.201980585232377
1.2664971096175057
0.9951192906924656
1.1762156443936485
1.1930535776274545
1.0222970247268677
0.9225212255758899
1.2046248087516198
1.160148867538997
1.237937018275261
0.9398547006504876
1.29165717959404
0.9527255977903094
1.3724413120320864
1.235424863604399
1.0328745331083025
0.9440281082476888
1.1613548185144151
0.9627791190786021
1.1507655254432134
1.2649520167282648
1.1811077882136618
1.1593545866864068
1.1968433558940887
1.079822272594486
1.0799595298511642
1.553986017193113
1.1512311271258764
1.4124482167618615
1.1652267506080014
1.4112035227673394
1.0605826356581278
1.157672671335084
0.9657536979232516
1.2626339729343141
1.4436677204711097
1.0328986369339483
1.1386205259976643
1.079194160444396
1.1847640595265798
1.095800865973745
0.9552463080201831
1.0199971348047256
0.985724402325494
1.43400804911341
1.1446168827159064
0.9133470037153789
1.2923355570861272
1.045236106163689
1.18333372260843
1.2749792614153452
0.9996235131357725
1.3565076802458083
1.014373508947236
1.3904636204242706
0.9998987700257983
1.104428721325738
1.1168625791157996
0.9028771450476987
1.058373076575143
1.023256540165416
1.1207194700837135
1.1823023302214486
1.1886860518051046
1.383762104170663
1.1446343383618764
1.0233914841498648
1.1684962468487876
1.1782585829496384
0.9885241421205657
1.2286807234798158
1.2418688578265054
1.0206456801721029
1.3528454899787903
1.1991321333417935
1.170534213738782
1.0310198558228356
1.1129284160477775
1.303870005267007
1.2766946681908198
1.4536082340138299
0.7948796727827617
1.0340098525796617
1.0110782869160175
1.0192338834915842
1.2844790454421724
1.1159125055585588
1.2230595690863473
1.3369127554552895
1.0704000698668616
1.1856366672686167
1.4799523523875646
0.9145664636577878
1.0562286674976349
1.1776115556380577
1.2331924055303847
1.3680711686611176
1.0809981083231313
1.0084716358355112
1.2381297924688883
1.06275425106287
0.8720617608300277
1.0137702845610106
1.0797054043837957
0.848004090998854
1.0045568501310689
0.9855188535792487
0.9953180040631976
0.9952959684388978
0.9189787975379399
1.2700991087726183
0.950998495732035
1.0079334399529867
1.0929587653705053
1.1530233855758394
1.1029173689229148
1.030686788793121
0.9852607090558324
0.9464081507176161
1.157917361174311
1.1603614879505975
1.0239856243133545
1.1667329370975494
1.0034986266068049
0.9939231106213161
1.0548829436302185
0.9793730165277209
1.0395794595990862
1.2898353849138533
0.8471861816942692
1.0550424712044852
0.9413322380610875
0.851595696860126
1.0163928658834525
0.8648279032536915
0.9871281513145992
1.1696710543973106
0.9940846924270902
1.1422850745064872
1.1251612518514906
0.9524167265210833
0.791762711746352
0.9550193271466664
1.0087330618074961
0.9378818481096199
0.8659091908484697
0.8346988835505077
0.931721106171608
0.8924745491572789
1.0888585929687207
0.917335861495563
0.8320280483790806
0.8963798944439206
1.010681192789759
0.95439370402268
0.9574510391269412
0.9122177170855659
1.0124202796391077
0.9315077385732106
0.8014697347368512
0.906550258398056
0.7980406380125454
0.7577613218288336
0.8143166697451046
1.1723872934068953
0.9941354777131762
0.8523940763303212
0.7555905286488789
0.943183251789638
0.8792158947991473
0.8877484010798591
0.8914380712168557
0.8113664069346019
0.6980357015771526
0.8994737203632083
0.901451798421996
0.7429272042853492
0.8811341566698891
0.5665893788848605
0.8008399616394725
1.0133118331432343
0.8543416176523481
0.8865225527967725
0.7238087089998382
1.0756782974515642
0.860681584903172
0.815132140581097
0.886800004435437
0.7054976405841964
0.6525088262099487
0.7122444372091975
0.8499995186658842
0.8727498480251857
0.7714845974530492
0.6966581387179238
0.6011823181595121
0.6794224220972794
0.8459526426517047
0.8060476833156177
0.7993376765932355
1.0210728070565633
0.6532197665157062
0.776031528200422
0.8210287200553077
0.7643966504505703
1.1130221400942122
0.867275453039578
0.9276754983833858
0.8481779971293041
0.7080804615148476
0.7805162689515522
0.833431964474065
0.7848284372261592
0.8109023040160537
0.8289036455431155
0.7710097070251193
0.7685625755361148
0.8959577062300274
0.8092089486973626
0.6685293375381401
0.8031523142542157
0.8287020256886115
0.8074571681874139
0.7513723059424332
0.7693716131948999
0.7485670532499041
0.7006216762321336
0.5780828472759042
0.7293762820107597
0.8145971872976848
0.5940580373363835
0.7929380599941526
0.7116102363382067
0.7544935877834048
0.5762931411819798
0.7452934320483889
0.7753585960183825
0.8255493811198643
0.785319026027407
0.7600439467600414
0.7238167492406709
0.76543951846127
0.6634490521890777
0.5280498916150204
0.616894502591874
0.670960229688457
0.6609828727585929
0.7224086565630776
0.758767632501466
0.660039072856307
0.5887024796434811
0.6827644512855581
0.832677172763007
0.5886536192681108
0.631171215325594
0.6866842204970973
0.703613610139915
0.5572477153369358
0.6390195584722927
0.6940934131188052
0.5515784073088851
0.6017516595976693
0.49588166177272797
0.5689127541014126
0.6606262411390033
0.6212619117328099
0.7088205218315125
0.6767870134540966
0.6399174800940922
0.7121164479425975
0.6540212248052869
0.6110695238624301
0.6980888204915183
0.6214970914380891
0.7458993047475815
0.710185529930251
0.6813872658780643
0.6093484440020153
0.6200571971546326
0.6868688485452107
0.6397910181965146
0.6311527831213815
0.7449456921645573
0.7345732461128917
0.5586513217006411
0.679500305226871
0.682555330651147
0.5922019747751099
0.5612901587571416
0.6194379052945546
0.6716827441539083
0.6715089770463797
0.5860363213079316
0.5417559577950409
0.5816995874047279
0.7465497484573951
0.5169508765850749
0.46618036340389934
0.6033383778163365
0.5983282274433545
0.4882954369698252
0.4719975481608084
0.7914180691753115
0.5668482940111842
0.526906696547355
0.4843431796346392
0.7293570850576673
0.48307627705591066
0.6903472734349114
0.5698928279536111
0.5274662684117045
0.5081844595926148
0.6148165538907051
0.6929152671779905
0.58535499977214
0.5298591021980558
0.556474356246846
0.6511683304394994
0.5882161802479199
0.9102255555668047
1.2402522202048982
0.9350447415241173
0.8307982065847942
0.6038861567420619
0.658434027007648
0.4674085197704179
0.5269044009702546
0.5932075509003231
0.5000685017023768
0.5250317103096417
0.6380566720451627
0.6394529544881412
0.4919084778853825
0.5006796802793231
0.5643266790679523
0.6808147409132549
0.4042102476315839
0.6071239433118275
0.5516765798841204
0.5764527379402092
0.5840845214469093
0.6349555243338857
0.563860046012061
0.4769785531929561
0.4915784107787268
0.6100353779537337
0.460930629500321
0.5708533200834479
0.524159736931324
0.4926947379218681
0.47136643741812023
0.5183291376701423
0.5626743712595531
0.664309486746788
0.48857447664652554
0.4574787877500057
0.4680065044334957
0.5052993137921605
0.58161113517625
0.629045661006655
0.36491286169205395
0.5510293309177671
0.5571624753730637
0.3534016140869686
0.43737632861094816
0.678371495434216
0.6434987932443619
0.4442747895206724
0.5349089599081448
0.4682268500328064
0.45114207693508696
0.519478843813496
0.585608891078404
0.532490706869534
0.44374568121773855
0.455784283777965
0.49188553754772457
0.5324683625783239
0.3564012923410961
0.3960927107504436
0.42055527522013736
0.452361880668572
0.49456009321979116
0.5014372042247227
0.4250966299857412
0.3311667575367859
0.4377001683626856
0.47113192826509476
0.5302018044250352
0.5239133707114628
0.5105485623436314
0.4826006056474788
0.46741030152354923
0.48510500469378065
0.4779777941959245
0.36570302370403496
0.3637580637420927
0.48695850585188183
0.40636303808007923
0.4081409464457205
0.4509692905204637
0.43712167335408075
0.5104773331965718
0.4556326325982809
0.424142595912729
0.3023416942783764
0.47552991658449173
0.5294511467218399
0.46163981940065113
0.4550133964845112
0.38885268110495347
0.37710828866277424
0.4103719624025481
0.44583563613040106
0.57256787696055
0.5082467028072902
0.25357002871377127
0.3646756846989904
0.36973039539796965
0.3949819483927318
0.4579415363924844
0.38447900276098934
0.4934482228543077
0.3490765520504543
0.32251480541058947
0.42383324780634474
0.4552272579499653
0.3728009323988642
0.35712279805115293
0.4510802466954504
0.44670193642377853
0.3439297096005508
0.42674392621432033
0.38733337659920963
0.31127092987298965
0.3069527585591589
0.4405393919774464
0.4397993864757674
0.41524050916944233
0.4146560590182032
0.36245329890932354
0.2847294599882194
0.34189288823732306
0.4044549529041563
0.4128830534006868
0.39189599294747623
0.3795890488794872
0.4929585467491831
0.4408562790070261
0.2977511893425669
0.35368250629731585
0.4173959126839271
0.3214154174285276
0.34587186042751583
0.336682277066367
0.24678426342351095
0.38410726508923937
0.38258276294384685
0.39373219119650976
0.4153901407761233
0.43038076162338257
0.4022439292498997
0.4686236296381269
0.5014216867940766
0.4829969581748758
0.33519528274025234
0.42092019958155497
0.2951968876378877
0.315464532534991
0.3789111514176641
0.38376137614250183
0.37001724700842586
0.3237522393465042
0.31729989365807604
0.4245032050779888
0.38437523799283163
0.31159278750419617
0.3601146654358932
0.29327478046928135
0.2830126551645143
0.3123322288904871
0.3714204451867512
0.4218290458832468
0.36144383038793293
0.3750162459909916
0.33494860785348074
0.3226027467421123
0.31815396142857416
0.21631909640772
0.3418722354940006
0.2599569928300168
0.31657593697309494
0.3540402448603085
0.40594205260276794
0.3214773392038686
0.31285218003072907
0.3265984409621784
0.37001238976206097
0.3456055277160236
0.3998766413756779
0.3683816598994391
0.3167132455855608
0.25750818688954624
0.26846669082130703
0.3558558039367199
0.30402626789041926
0.29363276277269634
0.3449712230690888
0.2036726645060948
0.31103102969271795
0.25405246232237133
0.24930447340011597
0.2764439939388207
0.34836147020437885
0.29449897578784395
0.31755445545007077
0.320024562733514
0.2995366539273943
0.1886736662792308
0.36837625450321604
0.2813402446252959
0.23613208851643971
0.3108301428811891
0.3559981478112085
0.3646894267627171
0.2931712440082005
0.3683060679052557
0.341218024891402
0.23825743528349058
0.29561818124992506
0.2109136310006891
0.2519477675668895
0.2211045500423227
0.29466614606125013
0.3340634469475065
0.2315074668398925
0.3003444586481367
0.22847413484539306
0.31290058685200556
0.339745057746768
0.20830870951925004
0.281963723046439
0.27586457771914347
0.22848424634763173
0.32588572055101395
0.2658549557839121
0.29874799054648193
0.3731469565204212
0.3120461766208921
0.1788062591637884
0.2936230940478189
0.24615674695143333
0.22038411309144326
0.21804153280598776
0.10523537439959389
0.2041642852127552
0.25157483933227404
0.24198025997195924
0.2365902103483677
0.15254211532218115
0.2292298935353756
0.3066862965268748
0.21648197514670237
0.14114686899951526
0.2917126108493124
0.28824398879493984
0.1640042540218149
0.2970050238072872
0.30723847981010166
0.2704567786838327
0.18285047635436058
0.18649100405829294
0.21501921276961053
0.18833705250705993
0.210805333884699
0.14148484276873724
0.17442440028701509
0.19346211584550993
0.21073764775480544
0.1872250118425914
0.17253872326442174
0.18567007247890746
0.2271695530840329
0.2687667917746764
0.23331439814397267
0.2620820381811687
0.18224268832377025
0.12448325008153915
0.19466028921306133
0.1477627277445908
0.19699789157935552
0.1867867825286729
0.2091232282774789
0.09886969546122211
0.2622635045221874
0.27575881300227983
0.18244660326412745
0.2592473498412541
0.2013781794479915
0.1966695375740528
0.2330323734453746
0.19982335264129297
0.16846642270684242
0.1640208972884076
0.17245367116161756
0.2761687678950174
0.19288305512496404
0.18627295616481984
0.1035507677921227
0.22390515304037503
0.1353014244564942
0.14766390940972737
0.14577436127832957
0.12727897986769676
0.14366555427841377
0.2135201772408826
0.19905403815209866
0.2101965131504195
0.17040007135697774
0.16782905800001963
0.15785237614597594
0.10719752364924975
0.14198541694453784
0.18328723218291998
0.3252056697383523
0.23183111207825796
0.23806616025311605
0.18030955748898642
0.15317156591585704
0.14528807330810065
0.19851567596197128
0.16640604713133403
0.22617410237972552
0.17894430777856282
0.1926393901397075
0.15156487867768323
0.11554786868925605
0.1323818950248616
0.17942314967513084
0.16297232199992454
0.15175709873437881
0.16028843128255435
0.12233446538448334
0.15298060700297356
0.10482270909207207
0.20607434000287736
0.15199523299400294
0.22793796339205333
0.15037998876401357
0.12008608558348247
0.12796224334410258
0.06967834489686149
0.16578712686896324
0.05247667884188039
0.2158252096601895
0.07647910966937031
0.19202317403895514
0.09186775530023235
0.11788793719772782
0.15153470768460206
0.06283081349517618
0.0948404675083501
0.09660497307777405
0.10208718651639563
0.12153191944318158
0.150778523513249
0.166231990392719
0.11690310375498873
0.16269431209989957
0.1638063146517827
0.1360871930207525
0.12517238395022495
0.16543208275522506
0.11374859298978533
0.2345703930727073
0.20789096477840627
0.14294708254081862
0.13146032339760236
0.049441375370536535
0.11113321408629417
0.10144725415323462
0.07294352192963872
0.13380746490189008
0.07800670393875667
0.13839089817234448
0.05198723157601697
0.031444530647534594
0.1740772362266268
0.09098719858697482
0.06664198211261205
0.15689235340271676
0.008097620414836066
0.049615222960710526
0.11085204813363296
0.14534781207995756
0.11440204030701093
0.17954470057572638
0.1348173607672964
0.10446203446813992
0.03780750557780266
0.019030369818210602
0.13892919184373959
0.1008027544511216
0.16361642522471292
0.11172204225191049
0.09502558330340045
0.12505232037178107
0.07974853393222604
0.15923967851059778
0.14924522622355393
0.08401074606393065
0.10311507540089744
0.0803283853456378
0.14680599966751678
0.12039778514632157
0.10558702637042318
0.06522793376020022
0.1496222671121359
0.04980599560907909
0.0799182520381042
0.040971732033150535
-0.02248294704726764
0.11120907855885369
0.008708023599215917
0.10345339136464256
0.03341551763670785
0.0425652555589165
0.07974547360624586
0.017895673534699848
0.06350742865886007
0.09952352738140949
0.037214003769414764
0.05659597579921995
0.06473073922097683
0.0980315123285566
0.044271735208375115
0.12625166544547448
0.1884162010891097
0.042477313961301534
0.039983349053987434
-0.009948384815028735
0.009336500029478754
0.024765504790203913
0.07229309848376683
-0.03200691219951425
0.07371119782328606
0.0844713883208377
-0.012601984930889947
0.10967139607029301
0.0577294547110796
0.06793541926890612
0.013055233550923211
0.19862993593726838
0.07116107057247843
-0.007827977782913617
0.056092813344938416
-0.007169868264879499
0.08654410152563027
0.030252960111413683
0.0773823212033936
0.05597043303506715
0.046645261879478185
0.030528485488433104
0.1183701144265277
-0.019528039331947054
0.007008107911263194
0.06959522462316922
0.03847092283623559
0.061708468411649973
0.015981943479606082
0.05943220843827086
0.019305148827178136
0.01930295835648264
0.0978799896048648
0.012323657383344002
0.006549932062625885
0.052533263340592384
-0.04803705880684512
0.051096364855766296
-0.05083651574594634
0.07703386300376483
0.036591357817607265
0.012767195535291518
-0.03155470612858023
0.08649719133973122
0.19887746391551836
0.04240565321275166
-0.025964919311393584
0.05409269939575877
0.04528537937081777
0.03824761004320213
-0.07406886347702571
0.008135853468307428
-0.027919936326465437
0.04898934971008982
0.08026298422607527
0.11426801420748234
-0.008072091698912638
-0.04586165291922433
0.041351992903011184
0.025176386215857098
-0.010227161326578684
0.13518712776047842
0.03072438681764262
0.07518115932387966
0.06251893378794193
0.03534749948552677
0.027168987451919487
-0.018915640988520215
0.07407924479671887
-0.03689217381179333
0.05333991401961872
0.08886066238795008
0.04200091479080064
0.0694287767899888
0.1343440626348768
0.11545391833143574
-0.004906118182199342
0.029388317239603827
0.041985622248970546
0.014686931722930499
0.0014729549043944903
0.04248086828738451
0.23708664226744855
0.05821263710302966
0.16095255687832832
0.10004812798329762
0.07704003261668342
-0.04654938288565193
-0.04644454483475004
-0.02208988900695528
-0.0526658831430333
-0.027858694083988667
-0.03818422103566783
0.01977894002837794
0.0585475812466549
0.007633313802736146
-0.02596871874162129
-0.012133283939744745
-0.0031419464253953527
0.14377935027836689
0.044704205223492215
0.026668249762484005
