0.0, 2.6630937099980656e-06, 0.002791268052533269 
0.0, 2.5257354536734056e-06, 0.002269205404445529 
0.0, 2.249368435514043e-06, 0.0027016426902264357 
0.0, 2.645871745698969e-06, 0.0028686996083706617 
0.0, 2.2090059701440623e-06, 0.0028802810702472925 
0.0, 2.3766292542859446e-06, 0.0031043305061757565 
0.0, 1.059430019267893e-06, 0.003150943433865905 
0.0, 1.9647334283945384e-06, 0.0029504913836717606 
0.0, 1.731393808768189e-06, 0.002891901647672057 
0.0, 2.3197512746264692e-06, 0.002996193477883935 
0.0, 1.8955363429995487e-06, 0.0031114553567022085 
0.0, 2.213575953646796e-06, 0.002719809766858816 
0.0, 1.3724614973398275e-06, 0.0028481099288910627 
0.0, 2.2052977328712586e-06, 0.0019735933747142553 
0.0, 2.0023433080496034e-06, 0.0022932568099349737 
0.0, 1.712524976937857e-06, 0.0023783163633197546 
0.0, 1.309957269768347e-06, 0.002055597025901079 
0.0, 1.286633846575569e-06, 0.0021032211370766163 
0.0, 1.4739280231879093e-06, 0.002057352103292942 
0.0, 1.5030911981739337e-06, 0.0017020564991980791 
0.0, 1.784045593922201e-06, 0.0012382122222334146 
0.0, 1.4968017012506607e-06, 0.0016184378182515502 
0.0, 1.196185053231602e-06, 0.0016986120026558638 
0.0, 1.2869322745245881e-06, 0.002003519795835018 
0.0, 1.3312816236066283e-06, 0.0022699288092553616 
0.0, 1.3916031775806914e-06, 0.001955259358510375 
0.0, 1.939108869919437e-06, 0.002093932591378689 
0.0, 1.8271465478392201e-06, 0.0019878228195011616 
0.0, 1.8009737914326251e-06, 0.0020451312884688377 
0.0, 1.5038056062621763e-06, 0.0019947844557464123 
0.0, 1.1696930641846848e-06, 0.0021146186627447605 
0.0, 1.6491537735419115e-06, 0.001948090037330985 
0.0, 1.9546630483091576e-06, 0.001844067475758493 
0.0, 1.694371235316794e-06, 0.0017116531962528825 
0.0, 1.3879604239264154e-06, 0.001567588304169476 
0.0, 1.270191546609567e-06, 0.0016283247387036681 
0.0, 1.1563237194422982e-06, 0.001348278601653874 
0.0, 9.30490898554126e-07, 0.0011766027892008424 
0.0, 1.2242300044817966e-06, 0.0012864184100180864 
0.0, 1.044341956912831e-06, 0.001201970619149506 
0.0, 8.915895932659623e-07, 0.0011240809690207243 
0.0, 1.0930559710686794e-06, 0.0011977778049185872 
0.0, 1.1073730092903133e-06, 0.0015125850914046168 
0.0, 1.124647724282113e-06, 0.0011774366721510887 
0.0, 1.0428902896819636e-06, 0.0016359117580577731 
0.0, 1.3463152299664216e-06, 0.0016512455185875297 
0.0, 8.452179827145301e-07, 0.00183780281804502 
0.0, 1.4045803027329384e-06, 0.001682693138718605 
0.0, 2.1315809135558084e-06, 0.0015226604882627726 
0.0, 2.8197680421726545e-06, 0.0018475241959095001 
0.0, 3.1997537917050067e-06, 0.002857812214642763 
0.0, 2.876078269764548e-06, 0.002924774307757616 
0.0, 3.001763388965628e-06, 0.0033853105269372463 
0.0, 2.8732522423524642e-06, 0.0024796617217361927 
0.0, 2.1587104583886685e-06, 0.0024234491866081953 
0.0, 2.634908241816447e-06, 0.002748890081420541 
0.0, 4.382269253255799e-06, 0.0023017309140414 
0.0, 3.918384209100623e-06, 0.002679641591385007 
0.0, 6.0214215409359895e-06, 0.003592265537008643 
0.0, 4.905658897769172e-06, 0.002164239529520273 
0.0, 2.882900844269898e-06, 0.002804466290399432 
0.0, 2.645460426720092e-06, 0.002433212473988533 
0.0, 2.5413514777028468e-06, 0.002012572018429637 
0.0, 3.1048657547216862e-06, 0.002877085004001856 
0.0, 3.4230506571475416e-06, 0.0025482741184532642 
0.0, 3.4632175811566412e-06, 0.002206668956205249 
0.0, 2.83491681329906e-06, 0.0020208549685776234 
0.0, 3.0764831535634585e-06, 0.003347727470099926 
0.0, 2.7635437618300784e-06, 0.0023454318288713694 
0.0, 3.173387312926934e-06, 0.002085563261061907 
0.0, 3.886461399815744e-06, 0.0034793156664818525 
0.0, 2.3583293113915715e-06, 0.0029991210903972387 
0.0, 2.288421910634497e-06, 0.0019909690599888563 
0.0, 3.084060836044955e-06, 0.0014729261165484786 
0.0, 2.322345835636952e-06, 0.0022072468418627977 
0.0, 1.979383114303346e-06, 0.0024008003529161215 
0.0, 1.8890501678470173e-06, 0.0019110046559944749 
0.0, 2.0645127278839936e-06, 0.0021009838674217463 
0.0, 1.7559412981427158e-06, 0.0020734560675919056 
0.0, 2.298904746567132e-06, 0.0016144668916240335 
0.0, 2.485926643203129e-06, 0.0017023674445226789 
0.0, 1.6315583479808993e-06, 0.0019221889087930322 
0.0, 2.7033054266212275e-06, 0.0017211131053045392 
0.0, 2.8422293780749897e-06, 0.0022270444314926863 
0.0, 2.8561344151967205e-06, 0.002472183434292674 
0.0, 2.0149152533122106e-06, 0.002456893213093281 
0.0, 2.209554168075556e-06, 0.0023617770057171583 
0.0, 2.309094270458445e-06, 0.0026729144155979156 
0.0, 3.454096486166236e-06, 0.0029112715274095535 
0.0, 4.031812295579584e-06, 0.004006640054285526 
0.0, 6.322258741420228e-06, 0.003458225866779685 
0.0, 6.440139259211719e-06, 0.0033137479331344366 
0.0, 4.345655725046527e-06, 0.0030415812507271767 
0.0, 2.686561629161588e-06, 0.002714135916903615 
0.0, 3.6141805139777716e-06, 0.0021913701202720404 
0.0, 4.443488705874188e-06, 0.0029330223333090544 
0.0, 3.4535021313786274e-06, 0.003344620345160365 
0.0, 3.1132374260778306e-06, 0.0029735825955867767 
0.0, 4.870424163527787e-06, 0.0025443509221076965 
0.0, 5.177450930204941e-06, 0.002559342887252569 
0.0, 5.082104053144576e-06, 0.004086661618202925 
0.0, 6.792963631596649e-06, 0.003192874137312174 
0.0, 6.279971785261296e-06, 0.0033387818839401007 
0.0, 3.619292101575411e-06, 0.003933060448616743 
0.0, 5.308844265528023e-06, 0.002772760111838579 
0.0, 2.9563173029600875e-06, 0.0038533343467861414 
0.0, 3.5259795367892366e-06, 0.003601487260311842 
0.0, 2.918002792284824e-06, 0.0020817413460463285 
0.0, 2.6788638933794573e-06, 0.0030551007948815823 
0.0, 2.8142471819592174e-06, 0.0036331149749457836 
0.0, 2.0524021238088608e-06, 0.0027494144160300493 
0.0, 2.210803359048441e-06, 0.0023433100432157516 
0.0, 2.503151790733682e-06, 0.0030692925211042166 
0.0, 3.0712490115547553e-06, 0.0026916551869362593 
0.0, 2.581519765953999e-06, 0.0030516283586621284 
0.0, 2.361541419304558e-06, 0.0026986850425601006 
0.0, 2.978206339321332e-06, 0.003274250775575638 
0.0, 2.3728889573249035e-06, 0.0040393853560090065 
0.0, 2.6560703645372996e-06, 0.0038766483776271343 
0.0, 5.218093519943068e-06, 0.0022466457448899746 
0.0, 5.701901500287931e-06, 0.004145899787545204 
0.0, 6.6245020207134075e-06, 0.005290452856570482 
0.0, 6.594310434593353e-06, 0.005364272743463516 
0.0, 1.7098671378334984e-05, 0.006280815694481134 
0.0, 2.479310023772996e-05, 0.010212997905910015 
0.0, 4.806879223906435e-05, 0.013943547382950783 
0.0, 0.00013327393389772624, 0.019258635118603706 
0.0, 0.0002312026044819504, 0.024269746616482735 
0.0, 0.00019678795069921762, 0.015857014805078506 
0.0, 0.0005102215800434351, 0.043788306415081024 
0.0, 0.0014355640159919858, 0.05676111951470375 
0.0, 0.0019779761787503958, 0.05118119716644287 
0.0, 0.0030575518030673265, 0.05766000971198082 
0.0, 0.005649056751281023, 0.05003542825579643 
0.0, 0.008285668678581715, 0.11453216522932053 
0.0, 0.008981139399111271, 0.11856196820735931 
0.0, 0.007685340940952301, 0.16930808126926422 
0.0, 0.01215044129639864, 0.2090924233198166 
0.0, 0.017631249502301216, 0.13557350635528564 
0.0, 0.01346363965421915, 0.13596852123737335 
0.0, 0.01810048520565033, 0.12114373594522476 
0.0, 0.02103504352271557, 0.16067080199718475 
0.0, 0.016878755763173103, 0.19447392225265503 
0.0, 0.0159869734197855, 0.20849807560443878 
0.0, 0.015703480690717697, 0.16320720314979553 
0.0, 0.017957404255867004, 0.20839115977287292 
0.0, 0.023818442597985268, 0.12291168421506882 
0.0, 0.017928117886185646, 0.1699356734752655 
0.0, 0.019083794206380844, 0.18115772306919098 
0.0, 0.014259641990065575, 0.2906295657157898 
0.0, 0.017286378890275955, 0.32380396127700806 
0.0, 0.016107171773910522, 0.2549728453159332 
0.0, 0.023459482938051224, 0.1745298057794571 
0.0, 0.02247522585093975, 0.285966694355011 
0.0, 0.016127968207001686, 0.32757407426834106 
0.0, 0.02260141260921955, 0.16755005717277527 
0.0, 0.014617388136684895, 0.2623606026172638 
0.0, 0.018829701468348503, 0.2484222799539566 
0.0, 0.029962724074721336, 0.26009219884872437 
0.0, 0.026818949729204178, 0.26761260628700256 
0.0, 0.026655254885554314, 0.39789876341819763 
0.0, 0.023493537679314613, 0.2761962115764618 
0.0, 0.022084329277276993, 0.30068257451057434 
0.0, 0.018695447593927383, 0.17868781089782715 
0.0, 0.023950278759002686, 0.1661684215068817 
0.0, 0.02141713537275791, 0.24637560546398163 
0.0, 0.02536708302795887, 0.19334615767002106 
0.0, 0.022113459184765816, 0.2040003389120102 
0.0, 0.018355336040258408, 0.2881182134151459 
0.0, 0.022457953542470932, 0.28944262862205505 
0.0, 0.021229088306427002, 0.36173054575920105 
0.0, 0.020866084843873978, 0.3575150668621063 
0.0, 0.0229687187820673, 0.3341693878173828 
0.0, 0.02324221469461918, 0.29458194971084595 
0.0, 0.031836528331041336, 0.2926439642906189 
0.0, 0.024971647188067436, 0.3400026857852936 
0.0, 0.02044106461107731, 0.47940680384635925 
0.0, 0.03108683042228222, 0.260419636964798 
0.0, 0.026745706796646118, 0.1666370928287506 
0.0, 0.028506016358733177, 0.22956445813179016 
0.0, 0.03421741724014282, 0.17269782721996307 
0.0, 0.028836192563176155, 0.3471309244632721 
0.0, 0.033719852566719055, 0.30326738953590393 
0.0, 0.02879307232797146, 0.3832881450653076 
0.0, 0.03348309546709061, 0.3345150947570801 
0.0, 0.03177933022379875, 0.2650979459285736 
0.0, 0.03245583549141884, 0.2717680335044861 
0.0, 0.028620179742574692, 0.24759000539779663 
0.0, 0.031177684664726257, 0.39898473024368286 
0.0, 0.030788743868470192, 0.32167890667915344 
0.0, 0.03162791579961777, 0.34644460678100586 
0.0, 0.040023840963840485, 0.32894542813301086 
0.0, 0.030970504507422447, 0.4558677673339844 
0.0, 0.0259419996291399, 0.28185051679611206 
0.0, 0.031192881986498833, 0.3602340519428253 
0.0, 0.03325319290161133, 0.4523833096027374 
0.0, 0.037357088178396225, 0.3175034821033478 
0.0, 0.033483244478702545, 0.3762800097465515 
0.0, 0.03879448026418686, 0.2213612049818039 
0.0, 0.02475396730005741, 0.5680977702140808 
0.0, 0.03976539149880409, 0.4067060947418213 
0.0, 0.04826745018362999, 0.3578837215900421 
0.0, 0.050822772085666656, 0.20847740769386292 
0.0, 0.033252060413360596, 0.3060736358165741 
0.0, 0.037147898226976395, 0.2700579762458801 
0.0, 0.03929143399000168, 0.4028196930885315 
0.0, 0.029543591663241386, 0.436798632144928 
0.0, 0.034476131200790405, 0.42329150438308716 
0.0, 0.033663056790828705, 0.3946608901023865 
0.0, 0.03298964351415634, 0.4019237756729126 
0.0, 0.034930530935525894, 0.466251939535141 
0.0, 0.04662878066301346, 0.27802667021751404 
0.0, 0.0418093204498291, 0.3712325990200043 
0.0, 0.041134871542453766, 0.4485163390636444 
0.0, 0.0454266332089901, 0.33748605847358704 
0.0, 0.04141494259238243, 0.37726202607154846 
0.0, 0.04959896579384804, 0.46700161695480347 
0.0, 0.05310541391372681, 0.40327662229537964 
0.0, 0.04021764546632767, 0.4701719582080841 
0.0, 0.04005761072039604, 0.32806453108787537 
0.0, 0.05260225012898445, 0.27073562145233154 
0.0, 0.039220742881298065, 0.31471961736679077 
0.0, 0.04303300380706787, 0.400882363319397 
0.0, 0.03820904716849327, 0.40154558420181274 
0.0, 0.0431215837597847, 0.45978349447250366 
0.0, 0.03650331124663353, 0.2978282570838928 
0.0, 0.040374018251895905, 0.2500799298286438 
0.0, 0.041893113404512405, 0.48832207918167114 
0.0, 0.035562701523303986, 0.3943609595298767 
0.0, 0.029224300757050514, 0.37622323632240295 
0.0, 0.043788064271211624, 0.42548227310180664 
0.0, 0.03953761234879494, 0.4088777005672455 
0.0, 0.03879982978105545, 0.368664413690567 
0.0, 0.034803155809640884, 0.5765709280967712 
0.0, 0.040967877954244614, 0.48987534642219543 
0.0, 0.04318002611398697, 0.39745908975601196 
0.0, 0.040997885167598724, 0.5233721733093262 
0.0, 0.0393030121922493, 0.34644991159439087 
0.0, 0.03493725135922432, 0.6013113856315613 
0.0, 0.027384033426642418, 0.6373562216758728 
0.0, 0.04241049662232399, 0.48092371225357056 
0.0, 0.04240049421787262, 0.44896233081817627 
0.0, 0.044655390083789825, 0.5501433610916138 
0.0, 0.0377073809504509, 0.413353830575943 
0.0, 0.04241924360394478, 0.5461605787277222 
0.0, 0.028228042647242546, 0.43289899826049805 
0.0, 0.03812194988131523, 0.5671801567077637 
0.0, 0.04639265686273575, 0.4102995991706848 
0.0, 0.04007472097873688, 0.607650101184845 
0.0, 0.029310932382941246, 0.5775396227836609 
0.0, 0.0427505224943161, 0.4582233726978302 
0.0, 0.042292553931474686, 0.34142035245895386 
0.0, 0.044377125799655914, 0.5172733664512634 
0.0, 0.03260871022939682, 0.4901899993419647 
0.0, 0.03971363604068756, 0.39669227600097656 
0.0, 0.04782220721244812, 0.3966180980205536 
0.0, 0.056235600262880325, 0.34140416979789734 
0.0, 0.03652817755937576, 0.5688838958740234 
0.0, 0.03911533206701279, 0.5737713575363159 
0.0, 0.04645788297057152, 0.300223171710968 
0.0, 0.05733480304479599, 0.368563175201416 
0.0, 0.03519139066338539, 0.5809508562088013 
0.0, 0.04517999291419983, 0.5952801704406738 
0.0, 0.05129478871822357, 0.3910740315914154 
0.0, 0.032885923981666565, 0.8262460827827454 
0.0, 0.04776596277952194, 0.5231030583381653 
0.0, 0.04337497800588608, 0.7793757319450378 
0.0, 0.03417234867811203, 0.4719078540802002 
0.0, 0.056148648262023926, 0.2550419867038727 
0.0, 0.03704774007201195, 0.5498257875442505 
0.0, 0.04376121610403061, 0.4336791932582855 
0.0, 0.04148493707180023, 0.39869439601898193 
0.0, 0.03939875215291977, 0.49187976121902466 
0.0, 0.04659881815314293, 0.5319304466247559 
0.0, 0.04923538863658905, 0.47907954454421997 
0.0, 0.03399311751127243, 0.533711314201355 
0.0, 0.038093727082014084, 0.4859561622142792 
0.0, 0.03862153738737106, 0.3253752291202545 
0.0, 0.045720916241407394, 0.5421105027198792 
0.0, 0.052431363612413406, 0.3568592965602875 
0.0, 0.062184855341911316, 0.38682618737220764 
0.0, 0.05177593603730202, 0.3277643322944641 
0.0, 0.045654699206352234, 0.38823264837265015 
0.0, 0.046296294778585434, 0.474004328250885 
0.0, 0.044559020549058914, 0.7192957997322083 
0.0, 0.03652746230363846, 0.5750914216041565 
0.0, 0.06127389520406723, 0.4471392333507538 
0.0, 0.04668448492884636, 0.36344125866889954 
0.0, 0.0391387939453125, 0.6018328070640564 
0.0, 0.038990359753370285, 0.5508464574813843 
0.0, 0.04641847312450409, 0.49831926822662354 
0.0, 0.0431421659886837, 0.5812730193138123 
0.0, 0.04920736700296402, 0.6795955896377563 
0.0, 0.047201722860336304, 0.4496076703071594 
0.0, 0.036724597215652466, 0.7140088677406311 
0.0, 0.03897741064429283, 0.7259465456008911 
0.0, 0.04472692683339119, 0.3499656021595001 
0.0, 0.04724939540028572, 0.5325671434402466 
0.0, 0.045214105397462845, 0.47165998816490173 
0.0, 0.03943068906664848, 0.5139012932777405 
0.0, 0.03422369807958603, 0.7537470459938049 
0.0, 0.041479308158159256, 0.4488910138607025 
0.0, 0.04639201983809471, 0.42636415362358093 
0.0, 0.03741294890642166, 0.6414470672607422 
0.0, 0.04109125956892967, 0.7087415456771851 
0.0, 0.041529953479766846, 0.5161780118942261 
0.0, 0.04923069849610329, 0.6509338021278381 
0.0, 0.058793410658836365, 0.5621798634529114 
0.0, 0.043485842645168304, 0.5733980536460876 
0.0, 0.034844771027565, 0.46030890941619873 
0.0, 0.0606665164232254, 0.4979970157146454 
0.0, 0.042842525988817215, 0.5834484696388245 
0.0, 0.045797139406204224, 0.47191348671913147 
0.0, 0.05875452235341072, 0.4057508409023285 
0.0, 0.05662718787789345, 0.594455897808075 
0.0, 0.05166853219270706, 0.3961853086948395 
0.0, 0.038671549409627914, 0.6974379420280457 
0.0, 0.05795932561159134, 0.38100892305374146 
0.0, 0.05823995918035507, 0.39496278762817383 
0.0, 0.04683106020092964, 0.5448073148727417 
0.0, 0.043784406036138535, 0.42180654406547546 
0.0, 0.050345078110694885, 0.5695106983184814 
0.0, 0.04251245781779289, 0.6271467208862305 
0.0, 0.04201818257570267, 0.4535462558269501 
0.0, 0.05015232414007187, 0.5121404528617859 
0.0, 0.04280513897538185, 0.5485487580299377 
0.0, 0.04449049383401871, 0.5305952429771423 
0.0, 0.04632875695824623, 0.43604177236557007 
0.0, 0.06140891835093498, 0.44700658321380615 
0.0, 0.055581118911504745, 0.4878125488758087 
0.0, 0.061971958726644516, 0.6078003644943237 
0.0, 0.04736332967877388, 0.4140652120113373 
0.0, 0.0449368916451931, 0.6055264472961426 
0.0, 0.03648316115140915, 0.7112980484962463 
0.0, 0.049228306859731674, 0.485663503408432 
0.0, 0.03674555942416191, 0.5799335241317749 
0.0, 0.04422241076827049, 0.4790242314338684 
0.0, 0.045824889093637466, 0.5533204674720764 
0.0, 0.039575424045324326, 0.7842140197753906 
0.0, 0.04045005142688751, 0.5416242480278015 
0.0, 0.03613815829157829, 0.5290765166282654 
0.0, 0.04480769857764244, 0.5795997977256775 
0.0, 0.04156402125954628, 0.44027087092399597 
0.0, 0.05345098301768303, 0.7973379492759705 
0.0, 0.06227238476276398, 0.47361963987350464 
0.0, 0.05907394737005234, 0.5151563882827759 
0.0, 0.04050533100962639, 0.6286935806274414 
0.0, 0.04795476421713829, 0.7025561928749084 
0.0, 0.056191738694906235, 0.4747827351093292 
0.0, 0.050620414316654205, 1.0114293098449707 
0.0, 0.047810252755880356, 0.630074143409729 
0.0, 0.059663061052560806, 0.42399290204048157 
0.0, 0.057758353650569916, 0.5138387084007263 
0.0, 0.027312038466334343, 0.6052480340003967 
0.0, 0.042959064245224, 0.37464550137519836 
0.0, 0.049457333981990814, 0.3693728744983673 
0.0, 0.04335876554250717, 0.4333391487598419 
0.0, 0.05381862074136734, 0.652696967124939 
0.0, 0.0760454460978508, 0.3845299780368805 
0.0, 0.04338503256440163, 0.7926737070083618 
0.0, 0.04396107420325279, 0.5466833710670471 
0.0, 0.0435924232006073, 0.633473813533783 
0.0, 0.06032776087522507, 0.4374648928642273 
0.0, 0.05313644930720329, 0.8409727811813354 
0.0, 0.04099546745419502, 0.6414976716041565 
0.0, 0.04167548194527626, 0.519414484500885 
0.0, 0.04872254654765129, 0.37276172637939453 
0.0, 0.038090042769908905, 0.4973747730255127 
0.0, 0.05400813743472099, 0.6076181530952454 
0.0, 0.06601005792617798, 0.4602016508579254 
0.0, 0.0669109895825386, 0.4416009783744812 
0.0, 0.045244961977005005, 0.6143617033958435 
0.0, 0.039984267204999924, 0.6777908205986023 
0.0, 0.05498065426945686, 0.4232063293457031 
0.0, 0.04495980218052864, 0.3609250485897064 
0.0, 0.027512993663549423, 0.5956205725669861 
0.0, 0.03643205016851425, 0.5733493566513062 
0.0, 0.038988206535577774, 0.700327455997467 
0.0, 0.04967811331152916, 0.5999559164047241 
0.0, 0.05379590392112732, 0.5064653158187866 
0.0, 0.042412322014570236, 0.49875307083129883 
0.0, 0.04108411446213722, 0.653433620929718 
0.0, 0.035373710095882416, 0.7370317578315735 
0.0, 0.04249509796500206, 0.5766670107841492 
0.0, 0.03187270835042, 0.7860699892044067 
0.0, 0.03303605690598488, 0.5879577994346619 
0.0, 0.0445471927523613, 0.3668774962425232 
0.0, 0.05063144117593765, 0.5527663826942444 
0.0, 0.047574736177921295, 0.5209212899208069 
0.0, 0.04387836903333664, 0.7810242772102356 
0.0, 0.035892583429813385, 0.6623798608779907 
0.0, 0.03170692175626755, 0.735579252243042 
0.0, 0.04833868891000748, 0.4685732424259186 
0.0, 0.047590143978595734, 0.7693175077438354 
0.0, 0.042851753532886505, 0.5987034440040588 
0.0, 0.048033274710178375, 0.7400928735733032 
0.0, 0.0553668811917305, 0.48618337512016296 
0.0, 0.04974382743239403, 0.4055200517177582 
0.0, 0.045067496597766876, 0.49757879972457886 
0.0, 0.047769851982593536, 0.5402981042861938 
0.0, 0.042444780468940735, 0.7338479161262512 
0.0, 0.06449015438556671, 0.45024898648262024 
0.0, 0.04297417029738426, 0.6636461615562439 
0.0, 0.05150962620973587, 0.5069993734359741 
0.0, 0.046418555080890656, 0.6297881603240967 
0.0, 0.0558096207678318, 0.45907044410705566 
0.0, 0.04298977181315422, 0.6712727546691895 
0.0, 0.048146285116672516, 0.6897016763687134 
0.0, 0.037076473236083984, 0.49920889735221863 
0.0, 0.05842985957860947, 0.5971211791038513 
0.0, 0.03800734877586365, 0.7095492482185364 
0.0, 0.047414932399988174, 0.6317198276519775 
0.0, 0.04964950308203697, 0.6352220773696899 
0.0, 0.052322424948215485, 0.8012537956237793 
0.0, 0.058441538363695145, 0.8176494836807251 
0.0, 0.035185594111680984, 0.5874782800674438 
0.0, 0.039150286465883255, 0.5546662211418152 
0.0, 0.05256340280175209, 0.618087112903595 
0.0, 0.047027647495269775, 0.6327896118164062 
0.0, 0.05645430088043213, 0.49541521072387695 
0.0, 0.04550732299685478, 0.6055954694747925 
0.0, 0.047206372022628784, 0.5447974801063538 
0.0, 0.05299797281622887, 0.6621838808059692 
0.0, 0.049143653362989426, 0.7369185090065002 
0.0, 0.0548270009458065, 0.5422974824905396 
0.0, 0.057747192680835724, 0.52321857213974 
0.0, 0.05169285088777542, 0.6518980860710144 
0.0, 0.03302352502942085, 0.8490142822265625 
0.0, 0.036650609225034714, 0.6157005429267883 
0.0, 0.0453873872756958, 0.5994663238525391 
0.0, 0.06495529413223267, 0.558522641658783 
0.0, 0.04215853288769722, 0.46082305908203125 
0.0, 0.05114743113517761, 0.5964637994766235 
0.0, 0.03732792288064957, 0.5027135610580444 
0.0, 0.033341772854328156, 1.0642296075820923 
0.0, 0.06158296391367912, 0.5497971177101135 
0.0, 0.03365481272339821, 1.005653977394104 
0.0, 0.04647368565201759, 0.7101916670799255 
0.0, 0.048040810972452164, 0.7286777496337891 
0.0, 0.046534061431884766, 0.8582497239112854 
0.0, 0.05507595092058182, 0.6175914406776428 
0.0, 0.06118554249405861, 0.5258205533027649 
0.0, 0.048551831394433975, 0.4899365305900574 
0.0, 0.0787862166762352, 0.4050358831882477 
0.0, 0.045034024864435196, 0.7554932236671448 
0.0, 0.0560947023332119, 0.6550093293190002 
0.0, 0.04976997524499893, 0.43320420384407043 
0.0, 0.06783969700336456, 0.47564128041267395 
0.0, 0.061300020664930344, 0.8447661995887756 
0.0, 0.059727687388658524, 0.6334854960441589 
0.0, 0.043724846094846725, 0.9123502969741821 
0.0, 0.05030783265829086, 0.7635564208030701 
0.0, 0.051469121128320694, 0.595068633556366 
0.0, 0.04048721864819527, 0.528919517993927 
0.0, 0.04703783988952637, 0.7393033504486084 
0.0, 0.04948391392827034, 0.716926634311676 
0.0, 0.06343229115009308, 0.5957613587379456 
0.0, 0.0418468676507473, 0.7326263189315796 
0.0, 0.039704687893390656, 0.8552268147468567 
0.0, 0.045977916568517685, 0.8067253232002258 
0.0, 0.05325619876384735, 0.555239737033844 
0.0, 0.05357326194643974, 0.5939546227455139 
0.0, 0.05818275734782219, 0.5285924673080444 
0.0, 0.05187716335058212, 0.6935283541679382 
0.0, 0.06274081021547318, 0.534351110458374 
0.0, 0.05360757187008858, 0.7849032282829285 
0.0, 0.046610552817583084, 0.9249712824821472 
0.0, 0.06228489428758621, 0.44864049553871155 
0.0, 0.04823889955878258, 0.6880789399147034 
0.0, 0.044570229947566986, 0.8654435873031616 
0.0, 0.0589730367064476, 0.522297739982605 
0.0, 0.027837280184030533, 0.8957878947257996 
0.0, 0.058864641934633255, 0.5611635446548462 
0.0, 0.07534830272197723, 0.6392126083374023 
0.0, 0.034355539828538895, 0.7910893559455872 
0.0, 0.03865668922662735, 0.8643497228622437 
0.0, 0.05802054703235626, 0.7127271294593811 
0.0, 0.04608098044991493, 0.7176954746246338 
0.0, 0.04654524475336075, 0.5939581394195557 
0.0, 0.05632363632321358, 0.5557566285133362 
0.0, 0.040823426097631454, 0.8717288970947266 
0.0, 0.05071719363331795, 0.5930634140968323 
0.0, 0.04373669996857643, 0.8218536376953125 
0.0, 0.03494911640882492, 0.923887312412262 
0.0, 0.05650406703352928, 0.5525788068771362 
0.0, 0.05921425297856331, 0.6178533434867859 
0.0, 0.06077167019248009, 0.6460137963294983 
0.0, 0.05510420724749565, 0.5447568297386169 
0.0, 0.04038158804178238, 0.5231208205223083 
0.0, 0.03990250080823898, 0.7158386707305908 
0.0, 0.04889631271362305, 0.5448590517044067 
0.0, 0.048680420964956284, 0.6948823928833008 
0.0, 0.058885879814624786, 0.741840124130249 
0.0, 0.05737542733550072, 0.6870562434196472 
0.0, 0.05947635695338249, 0.5958419442176819 
0.0, 0.0520695336163044, 0.854961097240448 
0.0, 0.049124207347631454, 0.6955925226211548 
0.0, 0.04837067052721977, 0.6997286677360535 
0.0, 0.06058134138584137, 0.851205050945282 
0.0, 0.04789723455905914, 0.8909655213356018 
0.0, 0.05224546417593956, 0.8385216593742371 
0.0, 0.04857558012008667, 0.6848870515823364 
0.0, 0.06030028685927391, 0.5718358755111694 
0.0, 0.05909387394785881, 0.7760586142539978 
0.0, 0.05352463200688362, 0.771155059337616 
0.0, 0.055324845016002655, 0.6010115146636963 
0.0, 0.046651896089315414, 0.7587403655052185 
0.0, 0.04532834142446518, 0.9224825501441956 
0.0, 0.057180218398571014, 0.6828829050064087 
0.0, 0.04410551115870476, 0.7609806060791016 
0.0, 0.05436423420906067, 0.6785610914230347 
0.0, 0.044097740203142166, 0.789115846157074 
0.0, 0.07475189864635468, 0.5523704290390015 
0.0, 0.05144311860203743, 1.2394461631774902 
0.0, 0.05828392133116722, 1.0719951391220093 
0.0, 0.055635470896959305, 0.7865424156188965 
0.0, 0.048760879784822464, 0.9500745534896851 
0.0, 0.05329340323805809, 0.6213161945343018 
0.0, 0.05093567445874214, 0.5322494506835938 
0.0, 0.06405993551015854, 0.5401238799095154 
0.0, 0.05015500262379646, 1.1314014196395874 
0.0, 0.06719199568033218, 0.6814621686935425 
0.0, 0.0598587691783905, 0.5266332030296326 
0.0, 0.050923217087984085, 0.6768712997436523 
0.0, 0.03854259476065636, 1.0260963439941406 
0.0, 0.052449703216552734, 0.8054605722427368 
0.0, 0.07216699421405792, 0.35241493582725525 
0.0, 0.03585716709494591, 0.697167694568634 
0.0, 0.053484659641981125, 0.7025173306465149 
0.0, 0.048615437000989914, 0.6177688837051392 
0.0, 0.06551153212785721, 0.5060330629348755 
0.0, 0.050057899206876755, 0.7475252151489258 
0.0, 0.05206778272986412, 0.4954182207584381 
0.0, 0.046817291527986526, 0.5835843086242676 
0.0, 0.0742332711815834, 0.585145890712738 
0.0, 0.042161960154771805, 0.7056639194488525 
0.0, 0.06687722355127335, 0.5228177905082703 
0.0, 0.04140400514006615, 0.7220668196678162 
0.0, 0.04302016645669937, 0.5370679497718811 
0.0, 0.05757606029510498, 0.5759949088096619 
0.0, 0.05551758036017418, 0.7592675685882568 
0.0, 0.05461302772164345, 0.620182454586029 
0.0, 0.0513710081577301, 0.6404561400413513 
0.0, 0.03127396106719971, 1.1528936624526978 
0.0, 0.04613593593239784, 1.0811458826065063 
0.0, 0.053888950496912, 0.4627598822116852 
0.0, 0.05356493964791298, 0.5300545692443848 
0.0, 0.06125881150364876, 0.6991444826126099 
0.0, 0.06536007672548294, 0.6192193031311035 
0.0, 0.04983901605010033, 0.7410405278205872 
0.0, 0.05547100305557251, 0.9208958148956299 
0.0, 0.05496640130877495, 0.7582231760025024 
0.0, 0.06523238867521286, 0.7579733729362488 
0.0, 0.062260355800390244, 0.5659953355789185 
0.0, 0.05427205562591553, 0.900184154510498 
0.0, 0.060835205018520355, 0.9146066904067993 
0.0, 0.04840931296348572, 0.7951541543006897 
0.0, 0.06881136447191238, 0.6725558042526245 
0.0, 0.0636557787656784, 0.7181806564331055 
0.0, 0.06456992030143738, 0.6960588693618774 
0.0, 0.039395324885845184, 0.7160352468490601 
0.0, 0.05949760228395462, 0.7847760319709778 
0.0, 0.06440217047929764, 0.8940366506576538 
0.0, 0.05605316907167435, 0.6536476016044617 
0.0, 0.05876510962843895, 1.0453559160232544 
0.0, 0.05750077962875366, 0.8610345125198364 
0.0, 0.045969363301992416, 0.9274361729621887 
0.0, 0.05012500658631325, 0.5183491706848145 
0.0, 0.06125691160559654, 0.7960005402565002 
0.0, 0.04609077423810959, 1.0034515857696533 
0.0, 0.044175658375024796, 0.6186971068382263 
0.0, 0.053407393395900726, 0.7072652578353882 
0.0, 0.04450657218694687, 0.955263078212738 
0.0, 0.03949810191988945, 0.8623012900352478 
0.0, 0.054630499333143234, 0.5826694369316101 
0.0, 0.06285056471824646, 0.8511942028999329 
0.0, 0.052107445895671844, 0.7936692237854004 
0.0, 0.03982362151145935, 0.6939130425453186 
0.0, 0.05334482714533806, 0.7234885692596436 
0.0, 0.04700908437371254, 0.7587445974349976 
0.0, 0.05835842341184616, 0.8157395720481873 
0.0, 0.04896862432360649, 0.7024036049842834 
0.0, 0.04862399026751518, 0.7689472436904907 
0.0, 0.05560856685042381, 0.5602414011955261 
0.0, 0.06563737988471985, 0.7119505405426025 
0.0, 0.05058470740914345, 0.827395498752594 
0.0, 0.06081173196434975, 0.7797073721885681 
0.0, 0.05996697396039963, 0.6969931721687317 
0.0, 0.05209306627511978, 0.7979917526245117 
0.0, 0.06791115552186966, 0.6921025514602661 
0.0, 0.04678990691900253, 0.7828036546707153 
0.0, 0.056773841381073, 0.8549013137817383 
0.0, 0.07057707011699677, 0.6118343472480774 
0.0, 0.04853695631027222, 0.6474278569221497 
0.0, 0.06316693872213364, 0.9410038590431213 
0.0, 0.05085185542702675, 1.1725069284439087 
0.0, 0.07141245901584625, 0.7734341025352478 
0.0, 0.06643695384263992, 0.8078052401542664 
0.0, 0.053438134491443634, 0.7095818519592285 
0.0, 0.04995730146765709, 0.7453004717826843 
0.0, 0.044364869594573975, 0.9259617924690247 
0.0, 0.05894286930561066, 1.0492993593215942 
0.0, 0.062479764223098755, 0.7891892194747925 
0.0, 0.09262124449014664, 0.634208083152771 
0.0, 0.06957025825977325, 0.682284414768219 
0.0, 0.03823801130056381, 0.5951291918754578 
0.0, 0.05144224688410759, 0.8350873589515686 
0.0, 0.06584365665912628, 0.6700093150138855 
0.0, 0.0544133186340332, 1.0605167150497437 
0.0, 0.062234263867139816, 0.698966920375824 
0.0, 0.05724352225661278, 0.553692638874054 
0.0, 0.0891929417848587, 0.7628333568572998 
0.0, 0.03736751526594162, 1.072590947151184 
0.0, 0.034566499292850494, 1.1135607957839966 
0.0, 0.04787381738424301, 0.8788130879402161 
0.0, 0.05569251999258995, 0.7111130356788635 
0.0, 0.06024289131164551, 0.6859365701675415 
0.0, 0.05358816310763359, 0.6296737790107727 
0.0, 0.05973844975233078, 0.8901301622390747 
0.0, 0.08120255917310715, 0.8191213607788086 
0.0, 0.0702236071228981, 0.7394355535507202 
0.0, 0.058880515396595, 0.7314372658729553 
0.0, 0.047591809183359146, 1.1476869583129883 
0.0, 0.08212654292583466, 0.7491181492805481 
0.0, 0.05076054856181145, 0.6395449638366699 
0.0, 0.047528427094221115, 1.1912970542907715 
0.0, 0.04176393523812294, 0.7848936319351196 
0.0, 0.05276048183441162, 0.8696645498275757 
0.0, 0.05215620994567871, 1.1323609352111816 
0.0, 0.053752750158309937, 1.102518916130066 
0.0, 0.051393430680036545, 0.7548524737358093 
0.0, 0.04002164304256439, 0.6383968591690063 
0.0, 0.06762676686048508, 0.9294533133506775 
0.0, 0.05735629051923752, 0.6487023234367371 
0.0, 0.04101087898015976, 0.8122024536132812 
0.0, 0.0528576597571373, 0.6352018117904663 
0.0, 0.05874643474817276, 0.795223593711853 
0.0, 0.06769511103630066, 0.7994214296340942 
0.0, 0.06652472168207169, 0.852570652961731 
0.0, 0.03990163281559944, 1.1384553909301758 
0.0, 0.06353473663330078, 0.7374646067619324 
0.0, 0.05849960073828697, 0.8005463480949402 
0.0, 0.04297167807817459, 1.1982542276382446 
0.0, 0.05840068310499191, 1.274216651916504 
0.0, 0.04602663591504097, 0.8815518021583557 
0.0, 0.10092581808567047, 0.7015425562858582 
0.0, 0.05275372415781021, 0.6413294076919556 
0.0, 0.06299155205488205, 0.8224917650222778 
0.0, 0.04677525907754898, 0.6642470955848694 
0.0, 0.07573069632053375, 0.6049326658248901 
0.0, 0.054242901504039764, 0.6710367202758789 
0.0, 0.06107741594314575, 0.8849279880523682 
0.0, 0.040531955659389496, 1.170775294303894 
0.0, 0.0592629574239254, 0.8000708222389221 
0.0, 0.0522407665848732, 0.9471122622489929 
0.0, 0.05252603814005852, 0.6376815438270569 
0.0, 0.04812222719192505, 0.6920678019523621 
0.0, 0.05004332587122917, 0.6655746102333069 
0.0, 0.06736964732408524, 0.6894504427909851 
0.0, 0.06700095534324646, 1.0889074802398682 
0.0, 0.05658099800348282, 1.2272344827651978 
0.0, 0.07969141006469727, 1.1634238958358765 
0.0, 0.06177746504545212, 0.8486189246177673 
0.0, 0.0703195333480835, 0.7559028267860413 
0.0, 0.08546002954244614, 1.0157090425491333 
0.0, 0.06112321466207504, 1.1730232238769531 
0.0, 0.06803745776414871, 0.970461368560791 
0.0, 0.061746180057525635, 0.813028872013092 
0.0, 0.05772140622138977, 0.7679963111877441 
0.0, 0.07716578245162964, 0.6735674142837524 
0.0, 0.054638125002384186, 1.073779821395874 
0.0, 0.06790916621685028, 0.8790615797042847 
0.0, 0.0771598145365715, 0.9711909294128418 
0.0, 0.05090618133544922, 1.283485770225525 
0.0, 0.05156756192445755, 1.017804503440857 
0.0, 0.04530344158411026, 0.9322152137756348 
0.0, 0.06112182140350342, 0.7164471745491028 
0.0, 0.06280270963907242, 0.8733677268028259 
0.0, 0.05306055769324303, 0.587119460105896 
0.0, 0.06645991653203964, 1.0431143045425415 
0.0, 0.05968564748764038, 0.7402372360229492 
0.0, 0.05064448341727257, 0.7481040358543396 
0.0, 0.06850728392601013, 0.4553603529930115 
0.0, 0.05025852844119072, 1.2247194051742554 
0.0, 0.049027301371097565, 0.9415104985237122 
0.0, 0.046292636543512344, 0.8407583236694336 
0.0, 0.07980070263147354, 0.5296123623847961 
0.0, 0.05609368532896042, 0.940660297870636 
0.0, 0.05937523394823074, 0.6491650342941284 
0.0, 0.061566635966300964, 0.9824486374855042 
0.0, 0.04536726698279381, 1.2471809387207031 
0.0, 0.07021307200193405, 0.765217125415802 
0.0, 0.06721191853284836, 1.1326220035552979 
0.0, 0.057896025478839874, 1.1166768074035645 
0.0, 0.05838848277926445, 0.9491184949874878 
0.0, 0.06467980891466141, 0.7265492081642151 
0.0, 0.06742901355028152, 0.5554930567741394 
0.0, 0.07143186777830124, 0.7728450894355774 
0.0, 0.07566381990909576, 1.2324507236480713 
0.0, 0.08604849874973297, 1.096721887588501 
0.0, 0.09990928322076797, 0.9173386693000793 
0.0, 0.06965796649456024, 0.715560257434845 
0.0, 0.04821927845478058, 0.8034678101539612 
0.0, 0.05619550496339798, 0.7739614248275757 
0.0, 0.050961509346961975, 0.8123172521591187 
0.0, 0.07231377810239792, 0.8754481077194214 
0.0, 0.0607823021709919, 0.7531837224960327 
0.0, 0.052288178354501724, 0.6938337683677673 
0.0, 0.05932888016104698, 0.8882598876953125 
0.0, 0.05787232145667076, 0.7449204325675964 
0.0, 0.05692034587264061, 0.7389048337936401 
0.0, 0.04450446367263794, 1.1196695566177368 
0.0, 0.05412684753537178, 0.6451438069343567 
0.0, 0.04509011283516884, 1.0282315015792847 
0.0, 0.0698428675532341, 0.9553044438362122 
0.0, 0.07047034800052643, 0.7987805604934692 
0.0, 0.06781060993671417, 0.5335108041763306 
0.0, 0.06567657738924026, 1.1098262071609497 
0.0, 0.056665707379579544, 1.2955468893051147 
0.0, 0.06235402449965477, 0.5903258919715881 
0.0, 0.04867885261774063, 0.9532303810119629 
0.0, 0.05584733933210373, 0.990451991558075 
0.0, 0.06150714308023453, 1.015669822692871 
0.0, 0.05710182338953018, 0.7553337812423706 
0.0, 0.07136359065771103, 0.7525817155838013 
0.0, 0.06437918543815613, 0.8363381624221802 
0.0, 0.05496438220143318, 0.9144165515899658 
0.0, 0.060012057423591614, 0.8218440413475037 
0.0, 0.05933763459324837, 0.5674179792404175 
0.0, 0.0602806881070137, 1.2533375024795532 
0.0, 0.07382062822580338, 0.9550377130508423 
0.0, 0.03465169295668602, 0.9546337723731995 
0.0, 0.06573034822940826, 0.8800138235092163 
0.0, 0.058290403336286545, 0.6764311194419861 
0.0, 0.08678251504898071, 0.700145423412323 
0.0, 0.056249525398015976, 0.9679188132286072 
0.0, 0.05932863429188728, 1.0790328979492188 
0.0, 0.06440425664186478, 1.0285160541534424 
0.0, 0.07521740347146988, 0.9316275715827942 
0.0, 0.07839854061603546, 0.7496047616004944 
0.0, 0.06094670295715332, 0.8665400743484497 
0.0, 0.06673827767372131, 0.7460289001464844 
0.0, 0.06430014222860336, 1.1107879877090454 
0.0, 0.05050953850150108, 0.9258570075035095 
0.0, 0.05575926974415779, 0.7262641787528992 
0.0, 0.06038796529173851, 0.7076135277748108 
0.0, 0.05929475277662277, 1.0545529127120972 
0.0, 0.0687546581029892, 1.0765411853790283 
0.0, 0.05194913595914841, 0.9381788969039917 
0.0, 0.06502093374729156, 0.8012787103652954 
0.0, 0.06306379288434982, 0.9293071031570435 
0.0, 0.05727488920092583, 1.2373381853103638 
0.0, 0.05863950401544571, 1.0650367736816406 
0.0, 0.11112712323665619, 1.3055675029754639 
0.0, 0.07160334289073944, 0.652290403842926 
0.0, 0.08125881105661392, 0.8944007754325867 
0.0, 0.06002594158053398, 1.076489806175232 
0.0, 0.07333530485630035, 1.0872418880462646 
0.0, 0.06150168552994728, 1.1102665662765503 
0.0, 0.056255973875522614, 1.0997815132141113 
0.0, 0.061903003603219986, 0.8549515604972839 
0.0, 0.049240000545978546, 1.0219796895980835 
0.0, 0.050183385610580444, 1.658498764038086 
0.0, 0.06426376849412918, 1.0759735107421875 
0.0, 0.06564967334270477, 0.7206516861915588 
0.0, 0.06248712167143822, 0.8999816179275513 
0.0, 0.059358756989240646, 1.2876853942871094 
0.0, 0.06259752064943314, 0.7026121616363525 
0.0, 0.07083754986524582, 0.9330034852027893 
0.0, 0.06247377768158913, 0.8852236270904541 
0.0, 0.08672328293323517, 0.7368879318237305 
0.0, 0.05637580528855324, 0.8341790437698364 
0.0, 0.0658709704875946, 1.0409538745880127 
0.0, 0.07402170449495316, 0.8366632461547852 
0.0, 0.10941529273986816, 1.184651255607605 
0.0, 0.04524802044034004, 1.1148449182510376 
0.0, 0.06512251496315002, 0.9953711628913879 
0.0, 0.06720362603664398, 0.675404965877533 
0.0, 0.06183165684342384, 1.0628384351730347 
0.0, 0.062195584177970886, 0.688693106174469 
0.0, 0.05130773037672043, 0.8646899461746216 
0.0, 0.06189745292067528, 0.7050111889839172 
0.0, 0.0661221295595169, 0.7978896498680115 
0.0, 0.09785616397857666, 0.7569933533668518 
0.0, 0.0699811801314354, 0.9181227684020996 
0.0, 0.06787560880184174, 0.776275098323822 
0.0, 0.0640014037489891, 0.952235758304596 
0.0, 0.06863240152597427, 0.6875032782554626 
0.0, 0.07465637475252151, 0.7552617192268372 
0.0, 0.07153528183698654, 1.126641869544983 
0.0, 0.07467387616634369, 0.7385254502296448 
0.0, 0.05502082780003548, 0.9591625928878784 
0.0, 0.05766860023140907, 0.8771870136260986 
0.0, 0.07404989749193192, 1.3163031339645386 
0.0, 0.08465038985013962, 0.7750391960144043 
0.0, 0.06043006107211113, 0.8246455192565918 
0.0, 0.05533615127205849, 0.9071201682090759 
0.0, 0.06140849366784096, 1.021287202835083 
0.0, 0.06223323941230774, 1.1745229959487915 
0.0, 0.0770680159330368, 0.7391797304153442 
0.0, 0.06629759073257446, 0.7165224552154541 
0.0, 0.07449284195899963, 0.6737301349639893 
0.0, 0.08730428665876389, 1.4515769481658936 
0.0, 0.060976721346378326, 1.1104432344436646 
0.0, 0.06743090599775314, 0.7780236601829529 
0.0, 0.07940392941236496, 0.5840072631835938 
0.0, 0.05060471594333649, 1.0251030921936035 
0.0, 0.07648804783821106, 0.8625463843345642 
0.0, 0.06520158797502518, 0.6799800395965576 
0.0, 0.05122065916657448, 0.7116972804069519 
0.0, 0.058079659938812256, 0.9877796173095703 
0.0, 0.05893103405833244, 0.7971113920211792 
0.0, 0.05855895206332207, 0.8445078730583191 
0.0, 0.06957309693098068, 0.9410950541496277 
0.0, 0.05840721353888512, 0.7658699750900269 
0.0, 0.07946110516786575, 0.7954919934272766 
0.0, 0.0605408251285553, 0.9055250287055969 
0.0, 0.09245269745588303, 0.9850379228591919 
0.0, 0.06964638829231262, 0.8766800761222839 
0.0, 0.06712498515844345, 0.7719430923461914 
0.0, 0.08866511285305023, 0.7514939904212952 
0.0, 0.05784551054239273, 1.3500341176986694 
0.0, 0.0693538710474968, 1.182112693786621 
0.0, 0.08806082606315613, 0.7631877660751343 
0.0, 0.08394669741392136, 0.8474706411361694 
0.0, 0.06660149246454239, 0.752146303653717 
0.0, 0.054993484169244766, 1.2862519025802612 
0.0, 0.06614819169044495, 0.9337102770805359 
0.0, 0.10005689412355423, 0.8210902810096741 
0.0, 0.04239724203944206, 0.9780762791633606 
0.0, 0.0959198996424675, 1.2082254886627197 
0.0, 0.06422128528356552, 1.0661423206329346 
0.0, 0.05598543956875801, 0.9258148074150085 
0.0, 0.04133659601211548, 1.0460184812545776 
0.0, 0.06280913949012756, 0.7827956676483154 
0.0, 0.06458954513072968, 1.3673826456069946 
0.0, 0.07257438451051712, 1.0619655847549438 
0.0, 0.07291179150342941, 0.6154786348342896 
0.0, 0.060624487698078156, 0.8477025032043457 
0.0, 0.06468185037374496, 0.9003767967224121 
0.0, 0.05699401721358299, 0.8367169499397278 
0.0, 0.054941996932029724, 0.962566614151001 
0.0, 0.05926951766014099, 0.9327810406684875 
0.0, 0.049825526773929596, 1.3794806003570557 
0.0, 0.07113461941480637, 1.2996737957000732 
0.0, 0.06313197314739227, 0.9762780070304871 
0.0, 0.05761578679084778, 1.2757399082183838 
0.0, 0.06407485157251358, 0.8816560506820679 
0.0, 0.0955105572938919, 0.598240315914154 
0.0, 0.06392283737659454, 1.039974570274353 
0.0, 0.05156109854578972, 1.0376596450805664 
0.0, 0.06470082700252533, 1.3476674556732178 
0.0, 0.0642513707280159, 0.7742316126823425 
0.0, 0.07285874336957932, 0.8248282670974731 
0.0, 0.09185630828142166, 1.1193182468414307 
0.0, 0.0703808143734932, 0.9080435037612915 
0.0, 0.0456707663834095, 0.864863932132721 
0.0, 0.08371827751398087, 1.0762945413589478 
0.0, 0.07534970343112946, 1.1563884019851685 
0.0, 0.058381058275699615, 0.9417127966880798 
0.0, 0.086246058344841, 0.8922181129455566 
0.0, 0.05688372626900673, 0.8532981276512146 
0.0, 0.07058269530534744, 0.9316863417625427 
0.0, 0.06387215107679367, 0.940102756023407 
0.0, 0.057713109999895096, 0.8931925892829895 
0.0, 0.05708373710513115, 0.892241895198822 
0.0, 0.07202306389808655, 1.0766888856887817 
0.0, 0.061050623655319214, 1.0649551153182983 
0.0, 0.06614592671394348, 0.9171974062919617 
0.0, 0.05922452732920647, 1.1005384922027588 
0.0, 0.06384439021348953, 0.8882392048835754 
0.0, 0.05228197202086449, 0.7063379287719727 
0.0, 0.0894157662987709, 0.6219046711921692 
0.0, 0.07272667437791824, 1.0060162544250488 
0.0, 0.07262946665287018, 0.9446706771850586 
0.0, 0.05217523127794266, 0.736778199672699 
0.0, 0.07213549315929413, 0.8425762057304382 
0.0, 0.06202101707458496, 0.7751124501228333 
0.0, 0.08441101014614105, 1.0674182176589966 
0.0, 0.06958474963903427, 1.0069247484207153 
0.0, 0.06538692116737366, 1.1165320873260498 
0.0, 0.0601954385638237, 1.0964144468307495 
0.0, 0.08849061280488968, 1.0224721431732178 
0.0, 0.066289983689785, 0.9571026563644409 
0.0, 0.06606302410364151, 0.9979510307312012 
0.0, 0.06333515793085098, 0.9051995873451233 
0.0, 0.05016019940376282, 1.4312314987182617 
0.0, 0.05374026671051979, 1.3610185384750366 
0.0, 0.0812501534819603, 1.0550975799560547 
0.0, 0.049475692212581635, 0.7731304168701172 
0.0, 0.06095897778868675, 1.0980528593063354 
0.0, 0.054253678768873215, 0.9309648275375366 
0.0, 0.06505883485078812, 0.7807666063308716 
0.0, 0.08118746429681778, 0.7449311017990112 
0.0, 0.07101012766361237, 0.9049942493438721 
0.0, 0.07038331776857376, 0.6176990270614624 
0.0, 0.05670354887843132, 0.9556446671485901 
0.0, 0.06863003224134445, 0.823253870010376 
0.0, 0.10058538615703583, 0.9907737374305725 
0.0, 0.06869151443243027, 0.8549913167953491 
0.0, 0.05289219319820404, 0.994048535823822 
0.0, 0.0872625783085823, 1.0266014337539673 
0.0, 0.06146935746073723, 0.8543800115585327 
0.0, 0.054871268570423126, 1.13711416721344 
0.0, 0.040622469037771225, 1.5064573287963867 
0.0, 0.10287826508283615, 0.8190837502479553 
0.0, 0.05943363904953003, 0.8405016660690308 
0.0, 0.07456328719854355, 0.8713734745979309 
0.0, 0.06300734728574753, 0.8252432346343994 
0.0, 0.06443215906620026, 1.2626019716262817 
0.0, 0.06539436429738998, 0.8327456712722778 
0.0, 0.0998055636882782, 0.7290812730789185 
0.0, 0.07692521065473557, 1.3888357877731323 
0.0, 0.08728600293397903, 1.0337311029434204 
0.0, 0.06597624719142914, 0.8019744157791138 
0.0, 0.09202861785888672, 1.0909334421157837 
0.0, 0.06822001188993454, 1.2751681804656982 
0.0, 0.05458437651395798, 1.2156349420547485 
0.0, 0.07658708095550537, 0.9063107371330261 
0.0, 0.07793748378753662, 0.7966540455818176 
0.0, 0.07282029092311859, 0.9991779327392578 
0.0, 0.06352236121892929, 1.1511783599853516 
0.0, 0.06305444985628128, 0.9678197503089905 
0.0, 0.06935886293649673, 0.8861764073371887 
0.0, 0.06108277291059494, 1.1029605865478516 
0.0, 0.0907602310180664, 1.0358539819717407 
0.0, 0.050562676042318344, 1.0623832941055298 
0.0, 0.04585319757461548, 1.1164048910140991 
0.0, 0.06694633513689041, 0.7581709623336792 
0.0, 0.058252763003110886, 0.5492766499519348 
0.0, 0.06510905921459198, 1.3592272996902466 
0.0, 0.06158555671572685, 1.1747424602508545 
0.0, 0.07448940724134445, 0.8726285099983215 
0.0, 0.06891833990812302, 0.7568186521530151 
0.0, 0.07758411765098572, 1.1206961870193481 
0.0, 0.09133923053741455, 0.6375225186347961 
0.0, 0.07046621292829514, 0.7872666120529175 
0.0, 0.10311804711818695, 1.0350720882415771 
0.0, 0.09599827975034714, 0.8591617941856384 
0.0, 0.07663419097661972, 0.6598251461982727 
0.0, 0.10295457392930984, 0.7671658396720886 
0.0, 0.08153034746646881, 1.1444857120513916 
0.0, 0.06492961198091507, 1.092099905014038 
0.0, 0.07187148183584213, 1.0281623601913452 
0.0, 0.05447946488857269, 0.5362027883529663 
0.0, 0.06864725798368454, 0.6273519396781921 
0.0, 0.0835038349032402, 0.8513278961181641 
0.0, 0.07746268808841705, 0.8995530009269714 
0.0, 0.06154673546552658, 1.4388216733932495 
0.0, 0.07844265550374985, 1.047389030456543 
0.0, 0.06311998516321182, 1.1172558069229126 
0.0, 0.06322930753231049, 0.9193404912948608 
0.0, 0.06591333448886871, 0.7434009313583374 
0.0, 0.08251947909593582, 0.8027899861335754 
0.0, 0.06907307356595993, 1.3181517124176025 
0.0, 0.08310292661190033, 0.8929478526115417 
0.0, 0.07455847412347794, 0.9054385423660278 
0.0, 0.09514490514993668, 1.2383673191070557 
0.0, 0.07136864960193634, 0.8218088150024414 
0.0, 0.0595390722155571, 0.8362215757369995 
0.0, 0.07480888813734055, 1.1135340929031372 
0.0, 0.0624827966094017, 1.2728159427642822 
0.0, 0.08628007769584656, 0.8396530151367188 
0.0, 0.05857322737574577, 1.0922781229019165 
0.0, 0.07380034029483795, 1.2960399389266968 
0.0, 0.058762263506650925, 1.1218849420547485 
0.0, 0.0669357180595398, 1.0115270614624023 
0.0, 0.07108023762702942, 0.8771395087242126 
0.0, 0.07063518464565277, 0.9784064888954163 
0.0, 0.07024037092924118, 1.2494773864746094 
0.0, 0.08528989553451538, 0.8872936367988586 
0.0, 0.05703657120466232, 0.9002235531806946 
0.0, 0.08333423733711243, 1.0224461555480957 
0.0, 0.07889652252197266, 0.8389241099357605 
0.0, 0.07303216308355331, 0.8617395162582397 
0.0, 0.10530693829059601, 0.4683675467967987 
0.0, 0.05738436430692673, 0.7004746198654175 
0.0, 0.06050332635641098, 1.1375771760940552 
0.0, 0.05777113884687424, 0.9397150278091431 
0.0, 0.07067929953336716, 1.019227385520935 
0.0, 0.0864332765340805, 0.6713952422142029 
0.0, 0.06461001932621002, 0.7626434564590454 
0.0, 0.10295884311199188, 1.1173101663589478 
0.0, 0.08097489923238754, 1.157666563987732 
0.0, 0.09639924019575119, 0.9218699336051941 
0.0, 0.06653531640768051, 1.2432870864868164 
0.0, 0.09647879004478455, 0.870019793510437 
0.0, 0.06342468410730362, 0.8805516958236694 
0.0, 0.07028791308403015, 0.757033109664917 
0.0, 0.08660145848989487, 0.6607589721679688 
0.0, 0.0579470656812191, 0.7272824645042419 
0.0, 0.10747647285461426, 0.7086009979248047 
0.0, 0.0764288380742073, 0.5402628183364868 
0.0, 0.09043198078870773, 0.7863644361495972 
0.0, 0.06185421347618103, 0.921117901802063 
0.0, 0.08253385126590729, 0.9991150498390198 
0.0, 0.07660464942455292, 0.9491852521896362 
0.0, 0.08993076533079147, 1.0150744915008545 
0.0, 0.0739034041762352, 1.298237919807434 
0.0, 0.06666848063468933, 0.6722446084022522 
0.0, 0.07961179316043854, 1.0942524671554565 
0.0, 0.07227962464094162, 0.7458639144897461 
0.0, 0.0629066750407219, 0.6157697439193726 
0.0, 0.08349936455488205, 1.292580485343933 
0.0, 0.07991813868284225, 1.0586254596710205 
0.0, 0.07781437784433365, 1.0973660945892334 
0.0, 0.06619339436292648, 1.015019178390503 
0.0, 0.07614307105541229, 0.8900888562202454 
0.0, 0.08311713486909866, 1.11268150806427 
0.0, 0.049174390733242035, 1.2079260349273682 
0.0, 0.07667381316423416, 0.6337767243385315 
0.0, 0.07589351385831833, 1.1584044694900513 
0.0, 0.06425189226865768, 0.8236366510391235 
0.0, 0.06727561354637146, 0.8633263111114502 
0.0, 0.05735377222299576, 1.0547617673873901 
0.0, 0.06646814197301865, 0.8897184133529663 
0.0, 0.10371582955121994, 0.5370540022850037 
0.0, 0.0538080558180809, 0.6648592948913574 
0.0, 0.055055711418390274, 0.9020256400108337 
0.0, 0.07460644096136093, 1.4028879404067993 
0.0, 0.059171680361032486, 0.9087747931480408 
0.0, 0.06393356621265411, 0.9073972105979919 
0.0, 0.0718696191906929, 0.8825817108154297 
0.0, 0.07158369570970535, 1.0351130962371826 
0.0, 0.06742233783006668, 0.743924081325531 
0.0, 0.09070955216884613, 1.3002904653549194 
0.0, 0.12121719121932983, 1.2606141567230225 
0.0, 0.06786904484033585, 0.5235089659690857 
0.0, 0.07087934762239456, 1.0098683834075928 
0.0, 0.07153035700321198, 0.9300286173820496 
0.0, 0.08376513421535492, 1.0307289361953735 
0.0, 0.04087765887379646, 0.9370823502540588 
0.0, 0.07776069641113281, 0.7597092986106873 
0.0, 0.06892495602369308, 0.6532521843910217 
0.0, 0.049177996814250946, 1.0897983312606812 
0.0, 0.08204223960638046, 0.9127693176269531 
0.0, 0.05912664905190468, 0.9983186721801758 
0.0, 0.07193657010793686, 1.0087711811065674 
0.0, 0.06642723828554153, 1.0365668535232544 
0.0, 0.07416678965091705, 0.7440397143363953 
0.0, 0.07515455037355423, 1.2806779146194458 
0.0, 0.07870948314666748, 0.7235285043716431 
0.0, 0.08090632408857346, 1.1844342947006226 
0.0, 0.08325518667697906, 0.9307742714881897 
0.0, 0.07653303444385529, 1.0489305257797241 
0.0, 0.05772310495376587, 0.9242519736289978 
0.0, 0.07504364103078842, 0.7262378334999084 
0.0, 0.04634186252951622, 0.8894481658935547 
0.0, 0.09803878515958786, 0.9453533887863159 
0.0, 0.0639558956027031, 0.5800462961196899 
0.0, 0.079869344830513, 0.9004031419754028 
0.0, 0.0764697715640068, 0.9020276665687561 
0.0, 0.07145784050226212, 0.5317368507385254 
0.0, 0.0864296481013298, 0.6044712662696838 
0.0, 0.060174133628606796, 1.4515976905822754 
0.0, 0.09046990424394608, 0.9511509537696838 
0.0, 0.09848333150148392, 0.7457743287086487 
0.0, 0.06020773574709892, 0.6939381957054138 
0.0, 0.08389797061681747, 0.5099162459373474 
0.0, 0.07675672322511673, 0.8159497380256653 
0.0, 0.08708115667104721, 0.8475580215454102 
0.0, 0.07063107937574387, 0.8736764788627625 
0.0, 0.06428857892751694, 0.6631255745887756 
0.0, 0.0823582336306572, 0.8828039169311523 
0.0, 0.07931823283433914, 0.6223387122154236 
0.0, 0.06810949742794037, 0.7092813849449158 
0.0, 0.08350987732410431, 0.7379697561264038 
0.0, 0.08959097415208817, 0.7550801038742065 
0.0, 0.08882208913564682, 0.9845988750457764 
0.0, 0.06762591749429703, 0.6674232482910156 
0.0, 0.05792102962732315, 0.6935696601867676 
0.0, 0.1102324053645134, 0.7702710032463074 
0.0, 0.0579618439078331, 0.734647274017334 
0.0, 0.08640784025192261, 0.8085446953773499 
0.0, 0.06486178189516068, 0.9130383729934692 
0.0, 0.12186063081026077, 1.2713099718093872 
0.0, 0.09350576996803284, 1.160557508468628 
0.0, 0.06239425390958786, 0.8445491194725037 
0.0, 0.07908056676387787, 1.084189534187317 
0.0, 0.08657106012105942, 0.8771691918373108 
0.0, 0.09059987962245941, 0.7791547775268555 
0.0, 0.07438138872385025, 1.170348048210144 
0.0, 0.08476360887289047, 1.187398076057434 
0.0, 0.09994678199291229, 0.7356497645378113 
0.0, 0.10370326042175293, 0.6996018290519714 
0.0, 0.07634558528661728, 0.703662097454071 
0.0, 0.1018448919057846, 0.6879481077194214 
0.0, 0.06464134156703949, 0.8431212306022644 
0.0, 0.07508106529712677, 0.5580320954322815 
0.0, 0.11090226471424103, 0.7937355041503906 
0.0, 0.07399559020996094, 0.7487834692001343 
0.0, 0.06358830630779266, 0.5537853837013245 
0.0, 0.1206609383225441, 0.6603144407272339 
0.0, 0.06843367964029312, 0.718255341053009 
0.0, 0.05999923124909401, 0.6330044269561768 
0.0, 0.06484295427799225, 0.7724626660346985 
0.0, 0.07756899297237396, 1.646321177482605 
0.0, 0.07960958033800125, 1.8084633350372314 
0.0, 0.1250777691602707, 1.221786618232727 
0.0, 0.05665275827050209, 0.7239870429039001 
0.0, 0.0650729089975357, 0.8350610136985779 
0.0, 0.08460670709609985, 1.1462887525558472 
0.0, 0.055579014122486115, 0.6737470626831055 
0.0, 0.05062510818243027, 0.40874436497688293 
0.0, 0.04578833281993866, 0.5734058022499084 
0.0, 0.05569412559270859, 0.520462691783905 
0.0, 0.06402169913053513, 0.5987586379051208 
0.0, 0.07092304527759552, 0.6000454425811768 
0.0, 0.06583312153816223, 0.9002338647842407 
0.0, 0.0746384859085083, 0.9438183903694153 
0.0, 0.062082115560770035, 0.5495034456253052 
0.0, 0.0657685250043869, 0.6200229525566101 
0.0, 0.0715317502617836, 0.875761091709137 
0.0, 0.0899503156542778, 0.7403647899627686 
0.0, 0.06390117108821869, 0.6767660975456238 
0.0, 0.07712928205728531, 0.6020072102546692 
0.0, 0.08235864341259003, 0.8485792875289917 
0.0, 0.10404784232378006, 0.9399663805961609 
0.0, 0.08763308823108673, 1.0781141519546509 
0.0, 0.0887647345662117, 1.0945998430252075 
0.0, 0.057826291769742966, 1.062417984008789 
0.0, 0.08560461550951004, 0.8925398588180542 
0.0, 0.06630882620811462, 0.8250246047973633 
0.0, 0.07632490247488022, 0.7106479406356812 
0.0, 0.06306617707014084, 1.0658687353134155 
0.0, 0.07180019468069077, 0.6865612268447876 
0.0, 0.050735507160425186, 0.731419026851654 
0.0, 0.08174846321344376, 0.8413666486740112 
0.0, 0.07340280711650848, 0.6790634393692017 
0.0, 0.0677991509437561, 0.7260681986808777 
0.0, 0.06601244956254959, 0.7243518233299255 
0.0, 0.07382567226886749, 0.7879810333251953 
0.0, 0.0679582953453064, 0.6829046607017517 
0.0, 0.06621817499399185, 0.8966437578201294 
0.0, 0.07205385714769363, 0.7210607528686523 
0.0, 0.0648895874619484, 0.42413219809532166 
0.0, 0.07040830701589584, 0.9169155955314636 
0.0, 0.06299158930778503, 0.6439835429191589 
0.0, 0.06979750096797943, 0.6070152521133423 
0.0, 0.08024036139249802, 0.7232874631881714 
0.0, 0.05571379512548447, 0.9012837409973145 
0.0, 0.0918477401137352, 0.5996818542480469 
0.0, 0.07800155133008957, 0.8159851431846619 
0.0, 0.07460879534482956, 1.658669114112854 
0.0, 0.0978906899690628, 1.2881624698638916 
0.0, 0.08545571565628052, 1.3509620428085327 
0.0, 0.06441877782344818, 0.7748540043830872 
0.0, 0.07466535270214081, 1.1065847873687744 
0.0, 0.10009888559579849, 0.6955678462982178 
0.0, 0.07075262814760208, 0.6658801436424255 
0.0, 0.06690701097249985, 0.6451875567436218 
0.0, 0.07522294670343399, 0.4942058026790619 
0.0, 0.0717439204454422, 0.5633620023727417 
0.0, 0.07946319878101349, 0.7757354378700256 
0.0, 0.07357270270586014, 0.7564311623573303 
0.0, 0.06281904131174088, 0.7001525163650513 
0.0, 0.07764462381601334, 0.8209289312362671 
0.0, 0.11216294765472412, 0.8508418202400208 
0.0, 0.06935089081525803, 0.7498154640197754 
0.0, 0.08183763921260834, 0.6435319781303406 
0.0, 0.08998238295316696, 0.8300766348838806 
0.0, 0.07487723976373672, 1.1362134218215942 
0.0, 0.07571442425251007, 0.7292456030845642 
0.0, 0.07507101446390152, 0.8781118988990784 
0.0, 0.06934132426977158, 0.882099449634552 
0.0, 0.05893547087907791, 0.9691845178604126 
0.0, 0.08674585819244385, 0.9258400201797485 
0.0, 0.06719399243593216, 0.7759472727775574 
0.0, 0.08398591727018356, 0.8346061110496521 
0.0, 0.07372456789016724, 0.5811061263084412 
0.0, 0.08128893375396729, 0.5778915286064148 
0.0, 0.06337820738554001, 0.8205314874649048 
0.0, 0.09131694585084915, 1.2258797883987427 
0.0, 0.07940687239170074, 0.873242974281311 
0.0, 0.07926972955465317, 0.7321404814720154 
0.0, 0.08465581387281418, 0.7007913589477539 
0.0, 0.0808081105351448, 0.7941237092018127 
0.0, 0.07487678527832031, 0.9410465955734253 
0.0, 0.06918929517269135, 0.9718665480613708 
0.0, 0.07198178023099899, 0.8399831056594849 
0.0, 0.10234922915697098, 0.6116687655448914 
0.0, 0.09178461134433746, 0.6048293113708496 
0.0, 0.06726228445768356, 1.1321313381195068 
0.0, 0.07172257453203201, 0.9128413796424866 
0.0, 0.08402150124311447, 1.2492910623550415 
0.0, 0.05780692771077156, 0.7797533869743347 
0.0, 0.05976063758134842, 0.6723572015762329 
0.0, 0.06449000537395477, 0.7733927369117737 
0.0, 0.05135980620980263, 0.9676648378372192 
0.0, 0.07321957498788834, 0.7313398122787476 
0.0, 0.07650624960660934, 0.7927781939506531 
0.0, 0.07725461572408676, 0.5851157903671265 
0.0, 0.06644246727228165, 0.6252169609069824 
0.0, 0.06358478218317032, 0.4755203127861023 
0.0, 0.06181664392352104, 0.902023434638977 
0.0, 0.06127901375293732, 0.48618844151496887 
0.0, 0.06151605024933815, 0.7360101938247681 
0.0, 0.08116577565670013, 0.757450520992279 
0.0, 0.07598282396793365, 0.6794729232788086 
0.0, 0.10430198162794113, 0.7483821511268616 
0.0, 0.07536517083644867, 0.4662007987499237 
0.0, 0.06677525490522385, 0.7031006217002869 
0.0, 0.06814634799957275, 0.822993278503418 
0.0, 0.07591648399829865, 0.7223426103591919 
0.0, 0.060704950243234634, 0.7805212736129761 
0.0, 0.07111663371324539, 0.6679277420043945 
0.0, 0.05191843956708908, 0.563726007938385 
0.0, 0.048668235540390015, 0.7231752276420593 
0.0, 0.07559278607368469, 1.0019887685775757 
0.0, 0.07133788615465164, 0.9895575046539307 
0.0, 0.06216174364089966, 0.453016072511673 
0.0, 0.08999954909086227, 0.6584014892578125 
0.0, 0.060482148081064224, 0.8691546320915222 
0.0, 0.08802232891321182, 0.8212146759033203 
0.0, 0.08683251589536667, 0.9923967719078064 
0.0, 0.0900026485323906, 0.9282765984535217 
0.0, 0.10426406562328339, 1.044948935508728 
0.0, 0.07943464815616608, 0.887227475643158 
0.0, 0.08519552648067474, 0.6383465528488159 
0.0, 0.09103577584028244, 1.1161243915557861 
0.0, 0.06528475880622864, 0.6693568825721741 
0.0, 0.08116039633750916, 0.7288070321083069 
0.0, 0.07226847112178802, 0.8533905744552612 
0.0, 0.06620661914348602, 0.8599433302879333 
0.0, 0.06727556884288788, 0.6543245911598206 
0.0, 0.07884471863508224, 0.8213844895362854 
0.0, 0.0845266655087471, 0.7487093210220337 
0.0, 0.07125317305326462, 0.8194999694824219 
0.0, 0.07581110298633575, 0.8359693288803101 
0.0, 0.0885799303650856, 0.7801175713539124 
0.0, 0.10207527130842209, 0.8226719498634338 
0.0, 0.07378281652927399, 0.6601178050041199 
0.0, 0.07320213317871094, 0.6191302537918091 
0.0, 0.0768892839550972, 0.5852872133255005 
0.0, 0.06996691226959229, 0.5622571110725403 
0.0, 0.061989158391952515, 0.6779013872146606 
0.0, 0.07267818599939346, 0.590470016002655 
0.0, 0.08684185892343521, 0.5261707901954651 
0.0, 0.06711091846227646, 1.1296464204788208 
0.0, 0.08799640089273453, 0.6791300177574158 
0.0, 0.09160661697387695, 0.777965784072876 
0.0, 0.08095742762088776, 0.7915995717048645 
0.0, 0.05784225091338158, 1.0579649209976196 
0.0, 0.07554586976766586, 1.230347752571106 
0.0, 0.07064191997051239, 0.39460471272468567 
0.0, 0.0628080815076828, 0.8151766657829285 
0.0, 0.09021487087011337, 0.4932454526424408 
0.0, 0.05469246953725815, 0.8905918002128601 
0.0, 0.07175096124410629, 0.878899097442627 
0.0, 0.07574181258678436, 0.7256441116333008 
0.0, 0.07062061131000519, 0.6511316299438477 
0.0, 0.04939280077815056, 0.33008378744125366 
0.0, 0.06871641427278519, 0.4674837589263916 
0.0, 0.07757630199193954, 0.3098786473274231 
0.0, 0.07500319927930832, 0.6814345121383667 
0.0, 0.07998726516962051, 1.0348944664001465 
0.0, 0.08178289234638214, 0.8487949967384338 
0.0, 0.08551495522260666, 0.6337145566940308 
0.0, 0.0636703222990036, 0.4243289828300476 
0.0, 0.0756366178393364, 0.7783065438270569 
0.0, 0.06849373877048492, 0.4589577615261078 
0.0, 0.07444699853658676, 0.46863076090812683 
0.0, 0.08110068738460541, 0.9646783471107483 
0.0, 0.08247414976358414, 0.7488428354263306 
0.0, 0.08570396900177002, 0.7084354162216187 
0.0, 0.07548923790454865, 0.8775426149368286 
0.0, 0.08077329397201538, 0.7768791913986206 
0.0, 0.09141148626804352, 1.005033254623413 
0.0, 0.061552561819553375, 0.5280207395553589 
0.0, 0.07471289485692978, 0.7292490005493164 
0.0, 0.07056784629821777, 0.7785744071006775 
0.0, 0.07412058115005493, 0.6007908582687378 
0.0, 0.08724591881036758, 0.9399217367172241 
0.0, 0.08330082148313522, 0.5095805525779724 
0.0, 0.07803160697221756, 0.5367192625999451 
0.0, 0.06675641983747482, 0.5531359910964966 
0.0, 0.0714057981967926, 1.0259556770324707 
0.0, 0.09683147072792053, 1.0547962188720703 
0.0, 0.0890565812587738, 0.9965725541114807 
0.0, 0.0725705623626709, 0.8862370252609253 
0.0, 0.0872693806886673, 0.6179278492927551 
0.0, 0.045441094785928726, 0.5905886292457581 
0.0, 0.07250087708234787, 0.5722251534461975 
0.0, 0.06398226320743561, 0.7200615406036377 
0.0, 0.08860786259174347, 0.824185848236084 
0.0, 0.07331866025924683, 0.8020590543746948 
0.0, 0.10243525356054306, 0.6652084589004517 
0.0, 0.11184684187173843, 1.8072723150253296 
0.0, 0.10376294702291489, 1.1602891683578491 
0.0, 0.06332776695489883, 0.5457783937454224 
0.0, 0.0608607716858387, 1.0090254545211792 
0.0, 0.06339981406927109, 0.9220752120018005 
0.0, 0.07925224304199219, 0.4873865842819214 
0.0, 0.08070587366819382, 0.8905573487281799 
0.0, 0.07194162905216217, 0.7894582748413086 
0.0, 0.08679143339395523, 0.6903113722801208 
0.0, 0.07098550349473953, 0.559114933013916 
0.0, 0.07851527631282806, 0.5941804051399231 
0.0, 0.08567582815885544, 0.5650848150253296 
0.0, 0.05602968484163284, 0.6358092427253723 
0.0, 0.07041408121585846, 0.7483691573143005 
0.0, 0.07548261433839798, 0.5551719069480896 
0.0, 0.09772002696990967, 1.0092366933822632 
0.0, 0.07457329332828522, 0.8695135712623596 
0.0, 0.08213671296834946, 0.3937215209007263 
0.0, 0.086176797747612, 0.5683871507644653 
0.0, 0.07820624858140945, 0.3636968433856964 
0.0, 0.0785231739282608, 0.6985923051834106 
0.0, 0.05824122950434685, 1.0330795049667358 
0.0, 0.09242962300777435, 1.4239122867584229 
0.0, 0.08278565853834152, 1.2307636737823486 
0.0, 0.0770651325583458, 0.8724035024642944 
0.0, 0.06862512230873108, 0.5803763270378113 
0.0, 0.06999681144952774, 1.0617936849594116 
0.0, 0.07059938460588455, 0.6086443066596985 
0.0, 0.07329317182302475, 0.49228018522262573 
0.0, 0.050327181816101074, 0.5804665684700012 
0.0, 0.07316562533378601, 0.6578810214996338 
0.0, 0.06740187108516693, 0.45349249243736267 
0.0, 0.06919083744287491, 0.6792966723442078 
0.0, 0.07196903973817825, 0.7764054536819458 
0.0, 0.07297588884830475, 0.5173685550689697 
0.0, 0.05617303028702736, 0.9558171629905701 
0.0, 0.07703739404678345, 0.5621408820152283 
0.0, 0.06474635004997253, 0.7405897974967957 
0.0, 0.07414047420024872, 0.4387892186641693 
0.0, 0.06867940723896027, 0.4460665285587311 
0.0, 0.06893720477819443, 0.7048497796058655 
0.0, 0.06929494440555573, 0.8397621512413025 
0.0, 0.07487724721431732, 0.7271488904953003 
0.0, 0.07506600022315979, 0.930260419845581 
0.0, 0.09193230420351028, 0.8407608270645142 
0.0, 0.07035307586193085, 1.6363176107406616 
0.0, 0.12554384768009186, 2.2251532077789307 
0.0, 0.08315075188875198, 0.7927061319351196 
0.0, 0.06395634263753891, 0.45700332522392273 
0.0, 0.05670100077986717, 0.6116973757743835 
0.0, 0.06176984682679176, 0.5347275137901306 
0.0, 0.07122406363487244, 0.41498321294784546 
0.0, 0.06825440376996994, 0.4163822829723358 
0.0, 0.07958828657865524, 0.692528247833252 
0.0, 0.06148812174797058, 0.9748407006263733 
0.0, 0.06479773670434952, 0.5568362474441528 
0.0, 0.06686585396528244, 0.5790730714797974 
0.0, 0.06670591235160828, 0.5803220272064209 
0.0, 0.06779555231332779, 0.48423242568969727 
0.0, 0.06477084755897522, 0.6888087391853333 
0.0, 0.046910956501960754, 0.33308690786361694 
0.0, 0.061427418142557144, 1.242727279663086 
0.0, 0.08767787367105484, 0.6063900589942932 
0.0, 0.062242258340120316, 1.1443151235580444 
0.0, 0.09752985090017319, 0.9501315951347351 
0.0, 0.08965999633073807, 0.7113100290298462 
0.0, 0.07345180958509445, 0.9568954706192017 
0.0, 0.08094190806150436, 0.566952645778656 
0.0, 0.07697399705648422, 0.4805033206939697 
0.0, 0.06053946167230606, 0.5821248292922974 
0.0, 0.08844763785600662, 1.180909514427185 
0.0, 0.06350122392177582, 0.567736029624939 
0.0, 0.08946262300014496, 0.37811416387557983 
0.0, 0.07704931497573853, 0.8565863966941833 
0.0, 0.09748901426792145, 0.5215923190116882 
0.0, 0.08060147613286972, 0.28474271297454834 
0.0, 0.08404264599084854, 0.23180332779884338 
0.0, 0.06823074817657471, 0.7562209963798523 
0.0, 0.07481987029314041, 0.7214246988296509 
0.0, 0.07862304896116257, 1.0906933546066284 
0.0, 0.10233138501644135, 0.5806306004524231 
0.0, 0.07208114117383957, 0.5773288607597351 
0.0, 0.09232813864946365, 1.0729882717132568 
0.0, 0.06606650352478027, 0.545366644859314 
0.0, 0.07680816948413849, 0.7002061009407043 
0.0, 0.06581950932741165, 0.7425942420959473 
0.0, 0.06639233231544495, 0.4751341640949249 
0.0, 0.04901651665568352, 0.6407504677772522 
0.0, 0.07094202190637589, 0.8463277816772461 
0.0, 0.06238087639212608, 0.40005895495414734 
0.0, 0.0715496838092804, 0.5724595189094543 
0.0, 0.07572668045759201, 0.7446728944778442 
0.0, 0.08814740180969238, 0.8126375675201416 
0.0, 0.08305897563695908, 0.3914456367492676 
0.0, 0.11083956807851791, 1.1265432834625244 
0.0, 0.079833984375, 0.4934024512767792 
0.0, 0.06395016610622406, 0.506550669670105 
0.0, 0.06414220482110977, 0.7157365083694458 
0.0, 0.08239264786243439, 0.519903302192688 
0.0, 0.08111440390348434, 0.5905659794807434 
0.0, 0.07751050591468811, 0.7402647733688354 
0.0, 0.06195331737399101, 0.42425674200057983 
0.0, 0.07823722809553146, 0.7091309428215027 
0.0, 0.08168796449899673, 0.7135245203971863 
0.0, 0.09832311421632767, 1.054606318473816 
0.0, 0.08663351088762283, 0.5432755947113037 
0.0, 0.07825981825590134, 0.3981713354587555 
0.0, 0.06300301849842072, 0.5563112497329712 
0.0, 0.09044577926397324, 0.7090548872947693 
0.0, 0.1124195009469986, 0.7350958585739136 
0.0, 0.09698975831270218, 0.27880528569221497 
0.0, 0.136993408203125, 0.9331005215644836 
0.0, 0.10083161294460297, 1.103951334953308 
0.0, 0.05466335266828537, 0.6674741506576538 
0.0, 0.09107979387044907, 1.3266092538833618 
0.0, 0.06795885413885117, 0.6501318216323853 
0.0, 0.06762442737817764, 0.5905150771141052 
0.0, 0.09061344712972641, 0.5912696719169617 
0.0, 0.06679940968751907, 0.8079537153244019 
0.0, 0.09140150249004364, 0.7859536409378052 
0.0, 0.06951218098402023, 0.7497088313102722 
0.0, 0.07451628148555756, 1.0380730628967285 
0.0, 0.06764327734708786, 0.6521041989326477 
0.0, 0.07005874067544937, 0.9005988240242004 
0.0, 0.07681671530008316, 0.45389893651008606 
0.0, 0.07867346704006195, 0.4769306182861328 
0.0, 0.06549156457185745, 0.5995978116989136 
0.0, 0.10225100070238113, 0.40534156560897827 
0.0, 0.06587051600217819, 0.4976454973220825 
0.0, 0.06924938410520554, 0.5256673097610474 
0.0, 0.06570624560117722, 0.48790010809898376 
0.0, 0.06045236438512802, 0.5079408884048462 
0.0, 0.06347422301769257, 0.227806955575943 
0.0, 0.09079117327928543, 0.47798267006874084 
0.0, 0.0662706270813942, 0.4263925850391388 
0.0, 0.0661766454577446, 0.6924012303352356 
0.0, 0.09162957221269608, 1.6350525617599487 
0.0, 0.08552837371826172, 0.4816284775733948 
0.0, 0.06791840493679047, 0.470154345035553 
0.0, 0.08855848759412766, 0.5170173048973083 
0.0, 0.06787655502557755, 0.4817747175693512 
0.0, 0.07301325350999832, 0.5739532709121704 
0.0, 0.08281412720680237, 0.2832683324813843 
0.0, 0.0643744170665741, 1.0347881317138672 
0.0, 0.09558747708797455, 1.0929573774337769 
0.0, 0.08672954887151718, 0.9757854342460632 
0.0, 0.09113772958517075, 0.9451326727867126 
0.0, 0.08297865092754364, 0.5099514126777649 
0.0, 0.07175091654062271, 0.8423033356666565 
0.0, 0.060302335768938065, 0.565718412399292 
0.0, 0.06588015705347061, 0.6013829112052917 
0.0, 0.06099177151918411, 0.5906437039375305 
0.0, 0.07181501388549805, 0.6111212372779846 
0.0, 0.07331706583499908, 0.6875143647193909 
0.0, 0.08208823949098587, 0.6071241497993469 
0.0, 0.08316665142774582, 0.6461914777755737 
0.0, 0.06359844654798508, 0.6076680421829224 
0.0, 0.07172854989767075, 0.6602154970169067 
0.0, 0.07488905638456345, 0.7798705101013184 
0.0, 0.06461778283119202, 0.7317560911178589 
0.0, 0.08614750951528549, 0.4753636121749878 
0.0, 0.08479058742523193, 0.7451263666152954 
0.0, 0.09038761258125305, 1.0753484964370728 
0.0, 0.0763586238026619, 0.5590428113937378 
0.0, 0.10144445300102234, 0.6865731477737427 
0.0, 0.08762244880199432, 1.096218228340149 
0.0, 0.07700106501579285, 0.624377965927124 
0.0, 0.07338066399097443, 0.4590781331062317 
0.0, 0.058143701404333115, 0.6039405465126038 
0.0, 0.09119446575641632, 0.594495952129364 
0.0, 0.07564268261194229, 0.41032639145851135 
0.0, 0.07493418455123901, 0.34133678674697876 
0.0, 0.08709167689085007, 0.758355438709259 
0.0, 0.07726439833641052, 0.6676499843597412 
0.0, 0.09665053337812424, 0.6725202202796936 
0.0, 0.08283015340566635, 0.4212351143360138 
0.0, 0.08588685095310211, 0.9039062261581421 
0.0, 0.10134419798851013, 0.8636285066604614 
0.0, 0.07412348687648773, 0.4768677353858948 
0.0, 0.051365241408348083, 0.5376406908035278 
0.0, 0.06952547281980515, 0.5506241917610168 
0.0, 0.06817319244146347, 0.219410702586174 
0.0, 0.0846717357635498, 0.47766461968421936 
0.0, 0.0724165067076683, 0.7882595658302307 
0.0, 0.06733803451061249, 0.6071450114250183 
0.0, 0.08556604385375977, 0.7841916680335999 
0.0, 0.06163601949810982, 0.6545007824897766 
0.0, 0.09631945192813873, 0.821904182434082 
0.0, 0.0704888179898262, 0.346999853849411 
0.0, 0.08929910510778427, 0.4490008056163788 
0.0, 0.07539515942335129, 0.43157657980918884 
0.0, 0.10406266152858734, 0.27318400144577026 
0.0, 0.05802818387746811, 0.45986810326576233 
0.0, 0.07928522676229477, 0.6796303987503052 
0.0, 0.08284600079059601, 0.5159406065940857 
0.0, 0.061735011637210846, 0.8857932686805725 
0.0, 0.05297595262527466, 0.7346137762069702 
0.0, 0.07446282356977463, 0.5983486771583557 
0.0, 0.07922704517841339, 0.7829750180244446 
0.0, 0.0845455750823021, 0.6963086724281311 
0.0, 0.068025141954422, 0.25789350271224976 
0.0, 0.08354367315769196, 0.5805350542068481 
0.0, 0.10938815027475357, 0.9840487241744995 
0.0, 0.07690248638391495, 0.636397659778595 
0.0, 0.0774918645620346, 0.9490586519241333 
0.0, 0.06466178596019745, 0.8421128392219543 
0.0, 0.07008618861436844, 0.8948845267295837 
0.0, 0.09528255462646484, 0.7022644877433777 
0.0, 0.05160313472151756, 0.26978808641433716 
0.0, 0.06501228362321854, 0.374164879322052 
0.0, 0.07870303094387054, 0.636987030506134 
0.0, 0.0714288279414177, 0.46183687448501587 
0.0, 0.07417498528957367, 0.61306232213974 
0.0, 0.07036374509334564, 0.5821210145950317 
0.0, 0.06650625914335251, 0.34744909405708313 
0.0, 0.06717128306627274, 0.8164905905723572 
0.0, 0.08900701999664307, 0.34224313497543335 
0.0, 0.06944312900304794, 0.888451874256134 
0.0, 0.07305312901735306, 0.9363104701042175 
0.0, 0.07252489030361176, 0.5431042909622192 
0.0, 0.06861917674541473, 0.7737746834754944 
0.0, 0.07639256864786148, 0.4515203833580017 
0.0, 0.054775722324848175, 0.8445056080818176 
0.0, 0.10945551842451096, 1.020932674407959 
0.0, 0.08756448328495026, 0.5428967475891113 
0.0, 0.09570660442113876, 0.8345180153846741 
0.0, 0.07676636427640915, 0.7565451264381409 
0.0, 0.06301423907279968, 0.8051660656929016 
0.0, 0.07788760960102081, 0.4262182414531708 
0.0, 0.09117761999368668, 0.6396186351776123 
0.0, 0.09374889731407166, 0.5991401672363281 
0.0, 0.08535920828580856, 0.6841850876808167 
0.0, 0.06384143978357315, 0.6632729172706604 
0.0, 0.10025467723608017, 0.5050440430641174 
0.0, 0.07516002655029297, 0.549532949924469 
0.0, 0.06400097161531448, 0.43163010478019714 
0.0, 0.07691635191440582, 0.5071940422058105 
0.0, 0.0673615038394928, 0.5537609457969666 
0.0, 0.06620568782091141, 0.36799323558807373 
0.0, 0.059401702135801315, 0.7031735181808472 
0.0, 0.06839565932750702, 0.502577006816864 
0.0, 0.0703173279762268, 0.2005014419555664 
0.0, 0.0707160010933876, 0.6135665774345398 
0.0, 0.06893046945333481, 0.31149986386299133 
0.0, 0.11841659992933273, 0.41691622138023376 
0.0, 0.07375490665435791, 0.36854106187820435 
0.0, 0.09416546672582626, 0.8453539609909058 
0.0, 0.08664538711309433, 0.6987940073013306 
0.0, 0.08578211069107056, 0.7897125482559204 
0.0, 0.08360801637172699, 0.5451948046684265 
0.0, 0.08656496554613113, 0.9388987421989441 
0.0, 0.07050338387489319, 0.7345841526985168 
0.0, 0.060151584446430206, 0.7940964102745056 
0.0, 0.0743466168642044, 0.22716543078422546 
0.0, 0.08327528089284897, 0.4746467173099518 
0.0, 0.0756450891494751, 0.5696914792060852 
0.0, 0.09360874444246292, 0.5247698426246643 
0.0, 0.08333250135183334, 0.6122948527336121 
0.0, 0.07197064161300659, 0.7984573245048523 
0.0, 0.09453557431697845, 0.47644561529159546 
0.0, 0.07574757933616638, 0.6086880564689636 
0.0, 0.088458351790905, 0.8516830801963806 
0.0, 0.08699063956737518, 0.6435471773147583 
0.0, 0.07891105860471725, 0.47735974192619324 
0.0, 0.09615404903888702, 0.45338571071624756 
0.0, 0.08709122985601425, 0.5492098927497864 
0.0, 0.06306616961956024, 0.5734129548072815 
0.0, 0.06939224898815155, 0.6562591791152954 
0.0, 0.07340896874666214, 0.6267023682594299 
0.0, 0.08582448214292526, 0.8217121362686157 
0.0, 0.09877991676330566, 0.43804070353507996 
0.0, 0.06663047522306442, 0.6987334489822388 
0.0, 0.0778108462691307, 0.4306755065917969 
0.0, 0.08410315960645676, 0.7964226007461548 
0.0, 0.08473164588212967, 0.45270103216171265 
0.0, 0.09081742912530899, 0.6349719762802124 
0.0, 0.0853952169418335, 1.3800897598266602 
0.0, 0.08020728081464767, 0.42753034830093384 
0.0, 0.08124062418937683, 0.7803502678871155 
0.0, 0.07619979977607727, 0.4996328055858612 
0.0, 0.10928582400083542, 0.2723521590232849 
0.0, 0.08210860937833786, 0.6687823534011841 
0.0, 0.058272313326597214, 0.374711811542511 
0.0, 0.06109126657247543, 0.6196955442428589 
0.0, 0.0621131993830204, 0.44196242094039917 
0.0, 0.06315015256404877, 0.19927428662776947 
0.0, 0.08076156675815582, 0.5077593326568604 
0.0, 0.09330976009368896, 0.532203733921051 
0.0, 0.093608058989048, 0.8182094693183899 
0.0, 0.07077716290950775, 0.7508806586265564 
0.0, 0.06888990849256516, 0.5867964625358582 
0.0, 0.06376820802688599, 1.4662097692489624 
0.0, 0.09613872319459915, 1.078818440437317 
0.0, 0.06356745213270187, 0.5237777829170227 
0.0, 0.06363407522439957, 0.27329906821250916 
0.0, 0.07603708654642105, 0.6506472229957581 
0.0, 0.05861551687121391, 0.531557023525238 
0.0, 0.08282679319381714, 1.0327266454696655 
0.0, 0.09556645900011063, 0.807886004447937 
0.0, 0.10755206644535065, 0.6399313807487488 
0.0, 0.06493782252073288, 0.27728620171546936 
0.0, 0.08112525194883347, 0.7480116486549377 
0.0, 0.07080588489770889, 0.4539055824279785 
0.0, 0.07646005600690842, 0.21339987218379974 
0.0, 0.07597662508487701, 0.6698638200759888 
0.0, 0.04806000739336014, 0.35194164514541626 
0.0, 0.0571533665060997, 0.4672314524650574 
0.0, 0.06404022127389908, 0.6514914631843567 
0.0, 0.07190898060798645, 0.47039809823036194 
0.0, 0.06908126920461655, 0.8846603035926819 
0.0, 0.08911552280187607, 0.9032057523727417 
0.0, 0.05238742008805275, 0.37991026043891907 
0.0, 0.0696183517575264, 0.31442978978157043 
