1.0, 1.0, 33.75 
1.0, 1.0, 33.75 
1.0, 1.0, 33.75 
1.0, 1.0, 33.75 
1.0, 1.0, 33.75 
1.0, 1.0, 33.75 
1.0, 1.0, 33.75 
1.0, 1.0, 33.75 
1.0, 1.0, 33.75 
1.0, 1.0, 33.75 
1.0, 1.0, 33.75 
1.0, 1.0, 33.75 
1.0, 1.0, 33.75 
1.0, 1.0, 33.75 
1.0, 1.0, 33.75 
1.0, 1.0, 33.75 
1.0, 1.0, 33.75 
1.0, 1.0, 33.75 
1.0, 1.0, 33.75 
1.0, 1.0, 33.75 
1.0, 1.0, 33.75 
1.0, 1.0, 33.75 
1.0, 1.0, 33.75 
1.0, 1.0, 33.75 
1.0, 1.0, 33.75 
1.0, 1.0, 33.75 
1.0, 1.0, 33.75 
1.0, 1.0, 33.75 
1.0, 1.0, 33.75 
1.0, 1.0, 33.75 
1.0, 1.0, 33.75 
1.0, 1.0, 33.75 
1.0, 1.0, 33.75 
1.0, 1.0, 33.75 
1.0, 1.0, 33.75 
1.0, 1.0, 33.75 
1.0, 1.0, 33.75 
1.0, 1.0, 33.75 
1.0, 1.0, 33.75 
1.0, 1.0, 33.75 
1.0, 1.0, 33.75 
1.0, 1.0, 33.75 
1.0, 1.0, 33.75 
1.0, 1.0, 33.75 
1.0, 1.0, 33.75 
1.0, 1.0, 33.75 
1.0, 1.0, 33.75 
1.0, 1.0, 33.75 
1.0, 1.0, 33.75 
1.0, 1.0, 33.75 
5.378942289685549e-05, 2.9922429899060496, 0.25998369764805296 
6.521541274654361e-05, 2.991799776376104, 0.2745565271262919 
6.0773129680553055e-05, 2.9920206889968384, 0.2672506532299783 
6.904055995328151e-05, 2.992259592659788, 0.25890862883372795 
9.20259829637112e-05, 2.9919278086291445, 0.2693305818413546 
7.318280559788784e-05, 2.991041645085067, 0.2998745586900544 
8.62174302013998e-05, 2.990664624185883, 0.3121590954571441 
7.511079892510877e-05, 2.9911444846057167, 0.2963386550933425 
8.311770657317041e-05, 2.989786099721321, 0.34191391180857045 
8.169395825087321e-05, 2.989387210384175, 0.3554244784431068 
9.81511970353044e-05, 2.9900649554895202, 0.3319951493287661 
0.00010324537273629981, 2.989343127965946, 0.356184899819457 
0.00015923994815840833, 2.986180476642491, 0.46103456506558205 
0.00011846802733140242, 2.988813044253569, 0.3735614605195943 
0.00014406991248809561, 2.9875106897870016, 0.4166518601422385 
0.00019741944297655176, 2.982952061975851, 0.5687050021145534 
0.00021883847092922078, 2.9832188136260247, 0.5589792417278182 
0.0003226537441722078, 2.981324431041713, 0.6194108884763873 
0.0005143925017487514, 2.974980018106796, 0.8270636419616333 
0.0008895894145335126, 2.958946095483015, 1.3555456347077468 
0.0011326551440164845, 2.9522335302153264, 1.5738912441221817 
0.0019010660729703005, 2.9374635732403562, 2.0464434231752264 
0.008020230685448009, 2.853459174459451, 4.6750700763596615 
0.013238423541825972, 2.7727106345014536, 7.224219291039304 
0.021097458880816607, 2.7341613601599013, 8.260014857375765 
0.01709719674940787, 2.776873823794435, 6.953478056645298 
0.01972686634668205, 2.66141191456243, 10.761566144317477 
0.00985139182379545, 2.7913621726077595, 6.709042200435015 
0.015417740828717701, 2.699376506249909, 9.625694161096353 
0.016822253559962412, 2.7037682040766575, 9.43007205476407 
0.014949868924973943, 2.6901841164753884, 9.951727992737757 
0.01791372675671772, 2.685095584587216, 10.023435742142237 
0.012481778991124117, 2.777692988558991, 7.08160159518361 
0.02313762121527469, 2.564634470531288, 13.912691903553508 
0.02033846297089063, 2.6643852032498936, 10.640576265048548 
0.009794182006861827, 2.729488016100305, 8.79922581388313 
0.016180767539595912, 2.5861418413292507, 13.421611950676418 
0.013777278619494427, 2.7015337597007116, 9.608252456693053 
0.0156488915713223, 2.6009931833144155, 12.938329972606349 
0.013586663947654315, 2.544272654129802, 14.922248014885861 
0.015549258951171081, 2.6559077777416125, 11.088325011618545 
0.01548287134009496, 2.521601172542139, 15.623413518974623 
0.016592462960841634, 2.672028714076491, 10.509035274990037 
0.01695299255268572, 2.5660972448149946, 14.07205448884078 
0.015647044422862647, 2.542184342110577, 14.923190704496403 
0.013268516646673936, 2.6453039846227773, 11.523178082156027 
0.015622807116983646, 2.5374105190486302, 15.085125241910534 
0.01740733904694027, 2.645354695117902, 11.381781346936549 
0.009600187720121407, 2.696986813524586, 9.902688707991134 
0.012424690288805535, 2.7204073256010393, 9.016919463717752 
0.013119879518152373, 2.658706177060017, 11.07587059048678 
0.015224662354957001, 2.5448546004066026, 14.847324881797357 
0.01210601626773344, 2.521468894682662, 15.741846755424127 
0.009942667689026552, 2.7734704296607995, 7.309807964443366 
0.0090667589158308, 2.6657004303088474, 10.976607363667124 
0.008474894785266742, 2.755860569504298, 7.953678080227188 
0.015610813711707118, 2.6551998555326297, 11.11013991300365 
0.011704821096929595, 2.7597411914019294, 7.713697078163503 
0.009675115777905878, 2.7373897005814043, 8.536562447873301 
0.009573049227907554, 2.747956950450705, 8.183362510846813 
0.010445945865973357, 2.7030754206245877, 9.668653880943552 
0.009514882420234473, 2.7356952825402505, 8.599156932583615 
0.011824542821887952, 2.6599907692497875, 11.076233217580965 
0.009564051872555122, 2.744240625040335, 8.309092154189953 
0.010308346804277571, 2.706828157863027, 9.54664296747847 
0.010006169274349391, 2.7717723359501516, 7.364975448673099 
0.00897861766937158, 2.651796596970617, 11.448836505900394 
0.011778232346382183, 2.6950924070147657, 9.893115921561266 
0.008209831009620595, 2.7868348487518526, 6.917242058050284 
0.011479251131875593, 2.6982549800495046, 9.796469697628421 
