-1180.0701905291228
-4436.385916398035
-4699.020072900854
-4846.372314453125
-4927.260035004096
-4950.897368300018
-5036.146440840445
-5193.569896969185
-5267.632713100921
-5875.306990637034
-7403.5636233650675
-8989.563427965788
-9225.355691231822
-9966.70521089816
-10464.122109363429
-10658.958112526843
-10706.76137640352
-10805.360632006026
-11046.861699542727
-11234.66791552503
-11319.143706986124
-11521.444758266069
-11754.00760480691
-11955.602773657341
-11977.027979556982
-12261.776563309944
-12145.152915339899
-12534.819152832031
-12566.621035896771
-12613.888307978192
-12731.908745788285
-12930.439791277122
-12974.5953528237
-12735.799110159489
-13260.130866606654
-12885.4830481362
-13289.774323811464
-13235.461291706393
-13223.662774687129
-13535.243838052615
-13635.369977471953
-13515.81993818961
-13570.592968692146
-13742.488718620409
-13583.44366165812
-13615.609574015107
-13840.388324466361
-13791.577071781972
-13972.579078421208
-13844.473423239178
-13913.902355176013
-14138.316084007516
-14036.800946420968
-14000.48497435945
-14210.234747285527
-14209.7754085595
-14016.334336701162
-14332.429548796885
-14118.685602992631
-14328.44678255054
-14242.395826800739
-13976.955703229136
-14410.843002825552
-14257.73611811778
-14205.385410543866
-14348.592883358635
-14383.753233127685
-14323.110454830514
-14411.65234042344
-14416.578366247964
-14546.361121155074
-14480.143403690574
-14472.953461416524
-14726.856136086994
-14571.883133296153
-14748.853086354044
-14553.78057485282
-14499.856535997436
-14741.396481771604
-14673.581666485394
-14687.835884564296
-14829.983653570238
-14663.902526421569
-14675.641779171912
-14774.182446954375
-14783.708000580846
-14968.514471406621
-14755.219069349821
-14812.630910864373
-15045.548066487245
-14979.523867928021
-15068.190415802725
-14996.470407784267
-14722.904965079792
-14897.390329080736
-14975.84585238633
-14838.46875752092
-15005.265164777566
-14874.55483068674
-15165.46261611143
-15005.517918591251
-14729.476699901417
-14914.552684331957
-15171.956412798985
-15002.53490950598
-15269.349727395587
-15126.260933103154
-15179.065987392625
-15259.723876953125
-15184.35119050374
-15218.401394089251
-15141.313464702587
-14984.292380382665
-15110.17888420792
-15379.707044556242
-15450.421946738004
-15061.415863181743
-15301.764151189
-15397.562672113356
-15335.422053187944
-15277.59534674911
-15275.678740442647
-15302.431527232671
-15248.39678579032
-14718.552575567888
-15543.975093027992
-15352.107431710048
-15431.443448758238
-15384.676139072219
-15073.818701576847
-15395.98552338659
-15624.685911061075
-15408.508585708401
-15342.609579221897
-15329.12348337761
-15531.182332549615
-15533.462901617113
-15567.974156962751
-15408.081732148808
-15388.06274153723
-15176.487948015403
-15734.819154278362
-15510.077833419728
-15615.021721573237
-15354.546800947868
-15611.781230908435
-15698.509695622593
-15499.204957211752
-15617.868134557353
-15657.411907756497
-15449.73194632146
-15412.868559200051
-15600.975043274215
-15606.823276320905
-15644.816962219527
-15788.717213996779
-15703.445961034693
-15645.75253180192
-15328.692136936279
-15636.134397678466
-15689.729323256071
-15681.763271386024
-15462.291550188833
-14780.90276918818
-12914.73163275696
-14884.417447203143
-15214.40042591547
-15080.297724863929
-15556.051078037062
-15366.747142050504
-15550.517049635757
-15770.742875953421
-15535.626267853506
-15565.678882183056
-15512.110185234467
-15558.701061519967
-15773.95679347323
-15775.554190830031
-15626.601856105135
-15663.94734285906
-15619.284169852452
-15569.874928840529
-15758.791624240966
-15851.13974968065
-15782.14438531523
-15701.231090093675
-15790.814854626407
-15677.759045930836
-15898.572783700663
-15783.453779609283
-15661.80720093352
-15701.36280945692
-15833.46019784647
-15902.092669880221
-15823.725106912767
-15642.466586578514
-15906.81183989466
-15855.432020431446
-15705.972432358005
-15938.576697182316
