0.3769539887351649
0.43652161177299265
0.4342834711212167
0.3968758013459944
0.4576162874423963
0.4070306162474342
0.4238917055767253
0.42849479098954507
0.43036452443918327
0.45715701442709716
0.429452711295697
0.4328905548986202
0.4573582759307277
0.41944710271699087
0.42032642181842556
0.4741240752869487
0.41464238462343056
0.44152462681592336
0.4138573487267791
0.39813167006120703
0.4515940055233954
0.4966843597556589
0.41278265087011223
0.43741235912944865
0.4099644755575514
0.42859500409683327
0.4249820064169608
0.4108142097424802
0.46432097267342326
0.45866889300571606
0.40772343450976956
0.4563117814572176
0.46717339084582393
0.40997558952339236
0.43453826326104356
0.43679593235666303
0.40681280872102155
0.4719176560571666
0.4648354582419868
0.4246755643546032
0.42568743895001127
0.42969476405857343
0.4067732165245691
0.4074743308710612
0.40984091873405165
0.4233524396260213
0.3842966618951977
0.3913967226962409
0.4356764249400609
0.3443413664187704
0.41434097564714845
0.36917801997903305
0.4145491161997417
0.3668127601219487
0.3751583292668316
0.44873997225739437
0.37275433543777686
0.37133813151566114
0.4202023505100182
0.39586979317294285
0.45276660726229717
0.38654588938858103
0.38679600561956107
0.3865417507627318
0.3445486003867767
0.383687681385449
0.36097439198244
0.4073380036150805
0.35539385901274767
0.3641506299754167
0.38644248199078346
0.3118220382125422
0.34343794942726186
0.40872695846354357
0.33317598765758877
0.34411429758033446
0.36553431367544537
0.35444626584649086
0.30208373029420177
0.35143901429392294
0.3237591065329066
0.31850759417230634
0.3079342816351196
0.3280875878451469
0.35884737151284374
0.2910149463963124
0.35215213239055626
0.3294963850060366
0.3537223987315657
0.320800459759164
0.33331660715185
0.28976785655944576
0.339822986656757
0.27793433852837107
0.32166980690224106
0.31982984285681476
0.29999138095549177
0.31724672215188154
0.2924435885563012
0.27719761498598594
0.2737769371216198
0.30446398244475437
0.3302118396429422
0.3269557200269216
0.24765237410497007
0.30734485133727024
0.30750157138169637
0.298265152889806
0.2954550860578426
0.2649450305557471
0.30562338984919035
0.27668617274783863
0.23255773950454003
0.3261135299754445
0.3103686708544943
0.3196878161427269
0.2505815703945432
0.25664641800838683
0.28600907378963064
0.30817200399694905
0.27939299520422717
0.2441042248494408
0.2993093696401416
0.24335172183571324
0.2546638357302835
0.22446813298687596
0.21968231359518173
0.2655223962906662
0.2565755782743341
0.21534511659826552
0.30831665113087625
0.2693497743114211
0.26870279254451873
0.2567896241201989
0.23962233770072186
0.22528791914947227
0.2444833315724361
0.2325580627185374
0.23799047633696535
0.21768697509155846
0.22223992012269486
0.2108571363896269
0.24792088533017767
0.24434248263591446
0.2567862555092793
0.23545871146692796
0.20258981970563736
0.21741961153473036
0.244616853035686
0.22370179888925382
0.22611812224036537
0.2416287023501153
0.21616605642221629
0.20880131522614148
0.24375500820989157
0.23179342106096276
0.22317401798708097
0.174988381770624
0.22366299754661007
0.18797246465343587
0.17164310386344309
0.15798927646683966
0.2038228344515584
0.23638886741624313
0.20571339048106171
0.19954391346046968
0.17950958862025204
0.22910823961419444
0.18527827344079445
0.20628906286446042
0.2300831692482126
0.17073205333151575
0.1708335676187572
0.22546926489280117
0.19609278515582124
0.18604505845787614
0.18615239463351702
0.18841683344211652
0.18004670022549066
0.17708757065863173
0.2265924546580058
0.1788641008090288
0.1878863962008811
0.17299787696528202
0.1620718649986054
0.19542113199941644
0.18269518072368718
0.1643160330287228
0.14954668323054462
0.19523777475061263
0.2048190001283385
0.1374414893819989
0.15912010198596366
0.18868144590853958
0.19745789072047146
0.16235328860546586
0.15183806299496966
0.12214046336006597
0.169051289415708
0.1821866361418962
0.15149976605386367
0.1565880763649185
0.13364934414884821
0.15050948774608383
0.17628156132395228
0.16761666763689764
0.17797954592527607
0.16804221757885587
0.16080218125864315
0.17257021203495493
0.12496077905911716
0.14468626358893955
0.1797852295465351
0.14551957282516675
0.13862971114295145
0.18199483917656994
0.12341281436415913
0.11541509582965341
0.1673080970668384
0.13311189427716477
0.1255984390712416
0.11421689888047191
0.13358649314721308
0.14871401347387325
0.17823596689517476
0.11601085143208328
0.16587881224384438
0.13374456145461597
0.14281115399993857
0.14431935875013488
0.13100606523248182
0.11179273472701881
0.1281605457424611
0.14628593050681638
0.12233417578205716
0.1781010832782397
0.11393207766910723
0.13240049319467315
0.16454006971154053
0.14049360349633266
0.10857526077738693
0.13872077495604324
0.12493111179982772
0.1344342450482539
0.11782460491946031
0.12660258050207562
0.1210236063957738
0.13560318074263294
0.1252493693982573
0.085835982959563
0.0953713066872984
0.14026077591179986
0.11543700778572541
0.10767955733333073
0.1321332637653289
0.14063298254926188
0.13552199032351864
0.13914343361068982
0.10317752179893566
0.1331036052412315
0.13465331030585337
0.11645210207351978
0.09255182001280249
0.09475927510927003
0.06432967883959081
0.09299680666809189
0.12927303703468024
0.11523290106292797
0.1324953600156179
0.1553046205107618
0.13499307799773197
0.12082067801035545
0.12465462999306791
0.11633913541450873
0.0958445258859721
0.09030253543829103
0.1008627488704217
0.10612920787484717
0.13070886521308142
0.12593913180560456
0.08074508928780338
0.10473052084645522
0.09490802994243772
0.09875858485641566
0.08229554618852565
0.072263733985431
0.09565228210147342
0.14280482082389517
0.12105572114329494
0.08492797404562104
0.09248039000009108
0.1299138591999458
0.07382932385431885
0.10391004791354595
0.10792859987042466
0.1114035219210656
0.11851465795816149
0.11564201680693371
0.10680114083455593
0.10446998821185206
0.09767884277213688
0.08811295142371534
0.09530076639092241
0.13775059846868257
0.10323515758111489
0.09333702932301831
0.1264876497524237
0.1551304380259206
0.10474413380317588
0.12061452369213466
0.1022574394063655
0.0929523894231641
0.12294798515563238
0.08541556595597193
0.08446637809696105
0.10151001707809518
0.08808827038441543
0.06187968430317743
0.09542559490384628
0.09467945484491307
0.12997632859446953
0.08294478423360596
0.11758223588589535
0.0969063745621669
0.11200388876706778
0.08131003907119143
0.09619241109027536
0.07684735997852522
0.14256430899484024
0.10729418070405797
0.08944735848799694
0.06236480116568026
0.08549467114575286
0.10925435734867689
0.12490381177442099
0.08846989865932497
0.09134533848347408
0.09544917848730695
0.11586948814785777
0.08443521603690847
0.08183279772898534
0.09976225007508617
0.06594697022563799
0.11065171428093437
0.0871763744809684
0.09093518120618665
0.07760704103298631
0.05259320595802488
0.08014288117515898
0.11888916450332687
0.0798660699419746
0.08561615464764417
0.08701876196362483
0.06089255150466833
0.10621711579425054
0.057801985503088404
0.11304041690664444
0.08450217554501305
0.10612684570719781
0.08635299272540461
0.08346461679334194
0.09427352562750055
0.0978242181455298
0.09865161969311952
0.08114367901649856
0.10167312770748911
0.11157395274846837
0.048102866704610586
0.09828029658773073
0.09638662476805822
0.10357167850992072
0.07329433335321
0.07043448772320571
0.09359199663357003
0.05290918658562069
0.0722749893761976
0.05794155760145154
0.07465144494108664
0.09697078392039024
0.08809000556794769
0.08528557856253902
0.06139437583024203
0.06751920332109355
0.096360525226126
0.07202614339541033
0.0818332898133067
0.08434107626740303
0.10768817648451015
0.09385115792218314
0.0833752132340094
0.08888896829667589
0.08537199958271834
0.05618056350976147
0.05899633056498111
0.05042492426617819
0.06031428914966999
0.061079917143890126
0.07779909142011118
0.10922979509438097
0.06765075153922342
