0.06
0.055
0.075
0.11
0.1
0.11
0.08
0.08
0.085
0.085
0.115
0.1
0.105
0.1
0.1
0.105
0.105
0.09
0.095
0.085
0.085
0.095
0.085
0.115
0.105
0.095
0.095
0.09
0.12
0.085
0.095
0.11
0.105
0.09
0.075
0.12
0.095
0.135
0.105
0.155
0.155
0.16
0.17
0.195
0.215
0.205
0.185
0.235
0.205
0.195
0.185
0.19
0.175
0.19
0.215
0.2
0.205
0.23
0.21
0.215
0.22
0.215
0.275
0.225
0.245
0.27
0.24
0.235
0.29
0.245
0.26
0.28
0.265
0.3
0.275
0.295
0.27
0.285
0.335
0.315
0.33
0.33
0.33
0.31
0.32
0.325
0.355
0.355
0.3
0.33
0.35
0.35
0.385
0.39
0.35
0.415
0.365
0.38
0.365
0.37
0.41
0.425
0.42
0.4
0.43
0.33
0.355
0.43
0.46
0.445
0.45
0.405
0.49
0.455
0.42
0.41
0.445
0.435
0.455
0.485
0.42
0.445
0.5
0.47
0.45
0.51
0.555
0.465
0.455
0.525
0.445
0.465
0.455
0.485
0.5
0.53
0.48
0.46
0.495
0.485
0.535
0.525
0.515
0.545
0.51
0.53
0.535
0.585
0.52
0.55
0.525
0.515
0.5
0.585
0.605
0.575
0.575
0.58
0.615
0.59
0.6
0.63
0.61
0.595
0.54
0.59
0.595
0.61
0.61
0.6
0.595
0.63
0.67
0.645
0.545
0.645
0.655
0.63
0.65
0.665
0.62
0.635
0.675
0.68
0.75
0.655
0.695
0.69
0.74
0.68
0.655
0.78
0.675
0.68
0.745
0.675
0.705
0.73
0.685
0.74
0.74
0.71
0.755
0.7
0.75
0.73
0.705
0.745
0.72
0.725
0.755
0.72
0.66
0.69
0.77
0.77
0.775
0.785
0.735
0.755
0.79
0.795
0.775
0.69
0.705
0.765
0.72
0.75
0.76
0.725
0.74
0.805
0.775
0.79
0.75
0.74
0.805
0.83
0.755
0.8
0.8
0.77
0.775
0.79
0.81
0.755
0.81
0.785
0.78
0.835
0.83
0.76
0.82
0.785
0.795
0.83
0.785
0.79
0.805
0.785
0.79
0.795
0.83
0.84
0.9
0.805
0.785
0.815
0.775
0.775
0.83
0.86
0.765
0.85
0.81
0.82
0.835
0.815
0.82
0.81
0.84
0.83
0.835
0.865
0.875
0.885
0.815
0.795
0.825
0.825
0.85
0.83
0.9
0.845
0.815
0.825
0.795
0.85
0.86
0.87
0.845
0.81
0.855
0.78
0.835
0.85
0.84
0.785
0.845
0.805
0.835
0.865
0.85
0.885
0.84
0.83
0.88
0.865
0.825
0.83
0.835
0.835
0.84
0.825
0.825
0.88
0.85
0.855
0.835
0.835
0.85
0.88
0.895
0.875
0.84
0.87
0.88
0.86
0.835
0.875
0.855
0.84
0.88
0.855
0.815
0.87
0.87
0.92
0.86
0.82
0.87
0.86
0.845
0.885
0.875
0.885
0.855
0.86
0.895
0.9
0.855
0.885
0.865
0.865
0.865
0.855
0.835
0.9
0.84
0.865
0.875
0.855
0.86
0.84
0.92
0.875
0.905
0.89
0.87
0.845
0.875
0.92
0.92
0.845
0.88
0.9
0.87
0.87
0.855
0.845
0.88
0.87
0.9
0.9
0.89
0.9
0.875
0.875
0.84
0.91
