7.222316773746242e-07
2.1465743699271598e-05
5.995223385286917e-07
-1.8796436792921176e-06
-6.96288598852955e-08
9.481925003477679e-07
-1.3241272732938195e-06
-3.207358743335001e-07
-1.2223380355285172e-07
1.7888749285879132e-07
5.2122242507312966e-08
-5.947364787065048e-09
1.905032581310259e-07
-1.9225424683155696e-07
1.3426823175668657e-07
-3.8043648905178386e-09
1.242916634279836e-08
1.8121031111038402e-07
3.2380813144045878e-09
-1.6953319296697207e-07
1.4199122248702889e-07
-9.220985090177824e-08
-1.2936563693737018e-06
-5.739845135807438e-07
-1.0629710170735562e-06
-2.1799838696297844e-06
-1.3984451393287737e-06
-4.8746275775616915e-06
-1.0765164964429947e-05
-2.01227729938277e-05
-4.2035258400065464e-05
-0.0001056118751712261
-0.00027936859842361735
-0.0010585284356570744
-0.003023312142582542
-0.0077929704406139244
-0.010549646653554963
-0.016088965234139236
-0.017976259486087692
-0.0254336654371913
-0.02698391158314713
-0.029234781821304713
-0.029059606027029127
-0.03706067259990615
-0.04125959123153752
-0.038206211141734364
-0.04099498096946186
-0.04876268203635104
-0.047772248603306464
-0.048632795951562
-0.05562228578809313
-0.06181632296151318
-0.05897064124988789
-0.054921004080635126
-0.05305981401230487
-0.05769332642203541
-0.05982437683490074
-0.06887094731226352
-0.06615230041308885
-0.06895851317166364
-0.06743128833436006
-0.06116947741799445
-0.06498332477011387
-0.06668409291032472
-0.07248508961544642
-0.06821109362606453
-0.07053135136822106
-0.07369834695411934
-0.08106273247350572
-0.07453551901969507
-0.08323045899833319
-0.09634849873219145
-0.09215571726915113
-0.08559598878105458
-0.08953575291163265
-0.08732475889339089
-0.09254779549695163
-0.09500357487307358
-0.08585257795242089
-0.10337280656842258
-0.10400460432261512
-0.10106458878740492
-0.10475329501511335
-0.10042287192585485
-0.1094644566869884
-0.10679784463277149
-0.11244831122987643
-0.1078701177347116
-0.10990026794038536
-0.11519892844790813
-0.12231423318059453
-0.1257218417239274
-0.11506077492945073
-0.12829487619842117
-0.11872537478018923
-0.12868625325949695
-0.11917649394881104
-0.11418815578363826
-0.13489298128315483
-0.13535340172260718
-0.1351724373379731
-0.14111446523023724
-0.1370825227482412
-0.15107454777578272
-0.14167279995849877
-0.14060300098228934
-0.14770352547343873
-0.15034171090333312
-0.15198536132577084
-0.15151908135668363
-0.1640240825288951
-0.15384761465633934
-0.14808238422005962
-0.16899731774677598
-0.15259414185633027
-0.160202789568382
-0.1555369766384928
-0.1619489568228264
-0.16090572089115732
-0.16709627432614052
-0.16875232550893773
-0.15172166539735704
-0.15560724810472032
-0.15330748769821007
-0.16070529485840826
-0.15855982986949738
-0.15612257180196978
-0.15046874545205613
-0.1604544037061421
-0.16521146844728227
-0.16535026424727733
-0.18311239477970873
-0.1697239294489272
-0.16942499713945727
-0.16530780458019526
-0.17869814567022926
-0.18349158207078187
-0.16772304872995444
-0.1852543024402509
-0.18451276960919535
-0.18300229763850498
-0.17191055546828074
-0.18498828725545044
-0.17424535023719426
-0.17844085912639496
-0.17524766052027024
-0.17973069456445662
-0.16868087605317234
-0.1760973205692819
-0.16635805587129782
-0.17011582603351483
-0.1777165310007136
-0.17609911796005698
-0.18971004259388594
-0.1845683788282629
-0.19229524483533478
-0.17793612108760076
-0.19796521479696458
-0.1929667264187788
-0.1913063684566679
-0.18487628934556238
-0.17451629544480293
-0.18125638549803133
-0.17813763241846362
-0.18597349942931066
-0.1918780754333565
-0.19713833469067704
-0.19183640566906093
-0.19614303657582022
-0.2048728016174235
-0.18669913752005607
-0.20061799867069835
-0.19402801393204638
-0.19276015061479043
-0.20366562600137217
-0.1972746332816038
-0.19454950992000328
-0.18574789320935287
-0.19559023806039616
-0.19263090594049315
-0.1918446170695797
-0.19585544799158783
-0.2115798771063581
-0.21218669185441394
-0.20000017154961824
-0.19797994614848027
-0.20928683483275756
-0.2000197799946954
-0.19664035576850317
-0.20201371500259752
-0.20157883105737762
-0.19946409688690916
-0.20165433951816852
-0.20924380662634756
-0.197340824473561
-0.2121061521755549
-0.19530742810994953
-0.20691283304968153
-0.2108222982621094
-0.20943875977619422
-0.19593075073160832
-0.20596915908087204
-0.19438977250873476
-0.20299692058238372
-0.20590104686617144
-0.2025649571853085
-0.20042876216861027
-0.18874104326299582
-0.21697682559918346
-0.20786746301118866
-0.20902152507349636
-0.20223113838406678
-0.20200560765861758
-0.20225157092603463
-0.19591255621406387
-0.20996392592434635
-0.20201762421144906
-0.20911324121856895
-0.20493841104394805
-0.21948814724011445
-0.23224397510360767
-0.20883899642225195
-0.22406091702929853
-0.22625620813236982
-0.21696761781040808
-0.2184076654543809
-0.20661769930595505
-0.2102758062576381
-0.19962770951761735
-0.21160376297919106
-0.21286915417570815
-0.20828571180058245
-0.2179788038039677
-0.19526899343806703
-0.21275820418027058
-0.21023977252100792
-0.20957882869194186
-0.21988069496704574
-0.2144142182155455
-0.2174940358723792
-0.21087950244612144
-0.2141898472978782
-0.2071402914009953
-0.21774879473115877
-0.222881939460775
-0.22694570722358556
-0.2076617206813176
-0.21204140010815095
-0.19570915980079162
-0.22232581429642523
-0.2091977920789289
-0.2130970933857502
-0.22449397549068476
-0.2115808038054237
-0.21910642807800057
-0.217448748489268
-0.21402704986642662
-0.22084230402709643
-0.20255103023497661
-0.2194810976137482
-0.22759745202040502
-0.21118233297285027
-0.20810151670207555
-0.21949629980841237
-0.22066600933247268
-0.2183967462522353
-0.20787157110816917
-0.2266755530928478
-0.22917479863699297
-0.2205907068970079
-0.22616813731737329
-0.22238930197591536
-0.21216900786164247
-0.23072606061201242
-0.23157775556995264
-0.19886835274215947
-0.21502561515066948
-0.21527926772126654
-0.22453392641751263
-0.23001276029017864
-0.2314250150704271
-0.23754957108648045
-0.21216859390420653
-0.22112049434281073
-0.21549309826769394
-0.20896732007369612
-0.21345786540438003
-0.22925697766924144
-0.21475462834527317
-0.227850329855863
-0.22851326383685613
-0.22740923585943984
-0.22801749552578016
-0.23305637937621765
-0.23266343854508975
-0.24333544312071462
-0.22238033941960164
-0.23839237942731106
-0.2314033971755143
-0.22727367759492442
-0.22348597253809607
-0.21989287827075657
-0.2297032535499871
-0.21151497162728441
-0.21400663296590555
-0.22778417659543843
-0.227968775583387
-0.22377579602284878
-0.22703578078708836
-0.22103695689162053
-0.2026436784455301
-0.221521802116362
-0.23833900976096284
-0.23969074165651583
-0.21827702005989674
-0.21448318032388933
-0.22104170259918082
-0.20906794811400334
-0.24420072637957418
-0.21964685422019653
-0.238661877297569
-0.23296739605047975
-0.23135505286508826
-0.21346363363019522
-0.22750618794306193
-0.2188622722511458
-0.2476281222208156
-0.23286669706634436
-0.21819731288576297
-0.22762183170165354
-0.2362429123742603
-0.2234584252775969
-0.25640125912547956
-0.2177075300171477
-0.23250266326088193
-0.23343789090194975
-0.24754308424536933
-0.22686919947353443
-0.2121542561997911
-0.2461729890521245
-0.2503861928120326
-0.2543919227876087
-0.22906476496807102
-0.22718171050586689
-0.2251209206879139
-0.22180242604306807
-0.23113073688110786
-0.22346571457497247
-0.22580682335952346
-0.24780194006305215
-0.23036965218006294
-0.2233819867267993
-0.23279697632514187
-0.23305462577084513
-0.22516288422268785
-0.2435906459533243
-0.22979430121841943
-0.21662586486028834
-0.22549478093524114
-0.24225390540056319
-0.23409701529581328
-0.23416360996010321
-0.21399346573092926
-0.23136568161707496
-0.22076351522667756
-0.22799195978631623
-0.23156800252601717
-0.2323714132107335
-0.22766653170049966
-0.24626977246042817
-0.23309541628056016
-0.2556322957102156
-0.23087736589379468
-0.24023840343358957
-0.24121573792717538
-0.2267331968092523
-0.23331136738448913
-0.21869336566954004
-0.24598162856959335
-0.23337210183389379
-0.21835439251426836
-0.2299228163118258
-0.2337923720098317
-0.23509610165793324
-0.2567538522069135
-0.24106128488102335
-0.2411446983758272
-0.22669713960969334
-0.2409896479292786
-0.2435246656132394
-0.25159083904424834
-0.21048661627281476
-0.2196173374386619
-0.24176329679751848
-0.22573822544296207
-0.24163161226111282
-0.2253294144690884
-0.23210123784744105
-0.2278916085518508
-0.21969623084873033
-0.23591191913067447
-0.24448890464989495
-0.2222871345984286
-0.2127830117016201
-0.227221687979802
-0.2374173954782469
-0.23461498914207046
-0.25020083207283966
-0.23120841724572977
-0.23593631009814017
-0.22710982312876465
-0.2529553183292643
-0.2146908445239632
-0.2432031324053276
-0.2406307921537432
-0.2266546701173788
-0.24191661059560687
-0.227658979312221
-0.24863402204702817
-0.2513319021620527
-0.24461993667124926
-0.23002501445606138
-0.23610566349002704
-0.2299778596917388
-0.22833714314175868
-0.2265188593805825
-0.23487483763016795
-0.2304324776572021
-0.23551252036757098
-0.2379671133132166
-0.20884048586525905
-0.22613673763994074
-0.23463029660322038
-0.2455642934782669
-0.24979690533413848
-0.23694537926059198
-0.23214292942912657
-0.23809886660197335
-0.24054489894748016
-0.22793621733956815
-0.2259044544848556
-0.22449959547510503
-0.24989225203861037
-0.23933383193908708
-0.23715346470095605
-0.24206325613730256
-0.22722209527452975
-0.23553334808603849
-0.23897946484704718
-0.2339794272137585
-0.2302492433691053
-0.2476753750418741
-0.23975788620057828
-0.2388645984161804
-0.23823047824528387
-0.24081182444547589
-0.2451676686704865
-0.22554319204488918
-0.24375093354450725
-0.22677156942238882
-0.231621777579206
-0.22748504575977535
-0.2361526883811959
-0.237990463532119
-0.23214041245483322
-0.24128333962317203
-0.23697439644715232
-0.23587543753381837
-0.22165355495711286
-0.21276198754664202
-0.2276713197437883
-0.2564500283551407
-0.24838740378397547
-0.2518950179837185
-0.23596641792081544
-0.23498328432211238
-0.23268049503389693
-0.23533879221313284
-0.24907948014931092
-0.2315969521541731
-0.24304190477117968
-0.2290775561550747
-0.24083277741248468
-0.23488392509405293
-0.2422002492785913
-0.235216951271369
-0.2585072539111167
-0.2240433072410877
-0.2578829344962304
-0.2442996929580637
-0.25738139717146685
-0.24636121994652455
-0.2482190247166072
-0.24486210009180256
-0.252382101747097
-0.23032178106536796
-0.2522930190126054
-0.24498169011131848
-0.24256422476604653
-0.24615333630963807
-0.24664190034624808
-0.24314687255730244
-0.24893085230406709
-0.23568752499835752
-0.23695676225144857
-0.2446403088869077
-0.23957327690849442
-0.24627918563341783
-0.23889993617125738
-0.24655521606780387
-0.2572699205693899
-0.2483392788397404
-0.24811652891549738
-0.24663008527026922
-0.24272062726124627
-0.24695948029369538
-0.24509415832696863
-0.24215642284045782
-0.24009570014614487
-0.24098841424025066
-0.2476171220330548
-0.2508627494082067
-0.23471474163322512
-0.24804183913138805
-0.24987297951159954
-0.24645010083064137
-0.2486428372226479
-0.24050564009429207
-0.2503427906633328
-0.24790727942122667
-0.2368183635479784
-0.2516809445789296
-0.25759033239071405
-0.24452356135658038
-0.23832898745887088
-0.25012848660199777
-0.23453876364455334
-0.243912186592782
-0.2367037884952827
-0.2507135326492984
-0.25218197261976405
-0.252201734437338
-0.23432378787150104
-0.24189474398349697
-0.2393299372876681
-0.2455736892893734
-0.26692745713649485
-0.24903864743655893
-0.24890076037125564
-0.2425963738729065
-0.25218979076822223
-0.24282445478411965
-0.24166963935136723
-0.24641506106623612
-0.25040678865766214
-0.25060188761025104
-0.2539920133507647
-0.24609280891398683
-0.25573711304084545
-0.26168374923003784
-0.252906721915114
-0.24526382280928546
-0.25538434208507577
-0.23621761688953752
-0.22562128426098835
-0.25330665216767956
-0.2487410458546326
-0.24658739175956468
-0.25593793052314867
-0.2463336543343361
-0.24953071778348837
-0.2519195482214268
-0.2505606762817686
-0.2450730613657931
-0.22156723440178974
-0.2557303714245929
-0.24921543466730564
-0.2629113613817647
-0.25881184912088073
-0.24961657205075732
-0.23944593303046802
-0.2468165346549303
-0.26493861323655077
-0.2630517489088686
-0.24744911766412417
-0.2554642950798169
-0.24970231246053112
-0.23351930471145993
-0.2509606599772429
-0.2395667300484545
-0.24813040092772853
-0.25301654073652496
-0.23333846540708908
-0.25039239359028653
-0.25038204383617046
-0.25248312171972337
-0.26309926261887023
-0.2545740761666148
-0.24777208363098838
-0.2508988433928004
-0.24239373200030123
-0.25083488484147176
-0.2501933111486983
-0.25376343481370656
-0.23529295170441342
-0.256745922666096
-0.2618394539077982
-0.24757065604577697
-0.255844950596515
-0.25117964208373245
-0.26603394135020636
-0.24659385939980571
-0.2494834593367008
-0.2387294062894385
-0.25881742703688654
-0.25062850555537436
-0.2682982283639964
-0.24109624573404756
-0.24733393773507167
-0.26970855914656583
-0.2543946066562316
-0.2515448486052842
-0.25037577870120936
-0.24244387950571653
-0.24910371122060793
-0.24759109212323951
-0.2500298381921001
-0.24646415439615318
-0.246087798233016
-0.2568779325342221
-0.25634545157111793
-0.24712111760522304
-0.2436471409230577
-0.2548970541016362
-0.25323926895786236
-0.2591426781603793
-0.24858718323940632
-0.2493631108906738
-0.24537835830063404
-0.24475919265494245
-0.2552874028258979
-0.2619532508004823
-0.2341481502569541
-0.25468239362762085
-0.2564408433981134
-0.25756156934928415
-0.24824006036139132
-0.25625824407449266
-0.23846582607123382
-0.2540139501640723
-0.23431823358504694
-0.24307278812955624
-0.24861039675389288
-0.2532763268436654
-0.25882066773930434
-0.24628632445019666
-0.24098097736714408
-0.25806597207112336
-0.24604349978427045
-0.2552721312256327
-0.24210706221434106
-0.25035014708186565
-0.24232908044787238
-0.2498254905588885
-0.25115126156870504
-0.25992486243670304
-0.2534352887633711
-0.2516653011707474
-0.2529114564942523
-0.24257298450369688
-0.25054845634088696
-0.25770807540473434
-0.25270139819267096
-0.24657239963441768
-0.26108695125710485
-0.25760558417940876
-0.24802975022450302
-0.2502318550060146
-0.2512203472924653
-0.2569051840308374
-0.2584038370275667
-0.2548505865319928
-0.2579878689456396
-0.2620744152409488
-0.24792682033438254
-0.2509790115738155
-0.23250590157430284
-0.2578317437903576
-0.24056567829848494
-0.24878771933870417
-0.2616974183212595
-0.2605255625400498
-0.26235314539823484
-0.2471048121927615
-0.25463160369059695
-0.25824529386204953
-0.2619289917456454
-0.25209107512268303
-0.24558743928069188
-0.25145484273591173
-0.2495916878431594
-0.25543996855457674
-0.24522167939463216
-0.2503706612293189
-0.24844161278493174
-0.2512269665032484
-0.24757190204062168
-0.24979754346665614
-0.2562773923138024
-0.2524888492167279
-0.24946554486255793
-0.25298102357164376
-0.2642880330100585
-0.26028391696795183
-0.25330331707505677
-0.24241867070682172
-0.26851130427872116
-0.26702080836069386
-0.24911947080079838
-0.25002467037306575
-0.2526288297362802
-0.2531399042464206
-0.25159281565503205
-0.25942034754787363
-0.2505012151136359
-0.24716532353965026
-0.2512452662150018
-0.2547923764169781
-0.26880901694403725
-0.24895471788201287
-0.2642483704092237
-0.2540668572257251
-0.2612039283341706
-0.25004644225179373
-0.2575348041139508
-0.23965149810228725
-0.23692122423939707
-0.26654962937555043
-0.2552518346722092
-0.2438718958832853
-0.25150442770594
-0.26115717239218866
-0.2659263647607223
-0.24886572790018754
-0.25719095016410354
-0.263234385824983
-0.2552077644879784
-0.24528495227516367
-0.2451937829201679
-0.25664283568260227
-0.2804577114387146
-0.2516999942277033
-0.24345054789953888
-0.24453833798096644
-0.24844264186989357
-0.24022878401458123
-0.26091990669332976
-0.2565603806941783
-0.2526059628208278
-0.23404047245786513
-0.23507854913171575
-0.24731994125444742
-0.2715594750206688
-0.2630380646135852
-0.2639802426576473
-0.2503063914110063
-0.2718005244801112
-0.2552408273574583
-0.24093097209476896
-0.26822139931648475
-0.2665652131564668
-0.24649520566183808
-0.2524475848867218
-0.2475699408341782
-0.2630333511938972
-0.2535024960260503
-0.25550453364187015
-0.24958137851605694
-0.253913396898816
-0.26500886917043637
-0.26310016781806733
-0.25905042595695704
-0.24855684128400132
-0.2520046887645648
-0.24793813746947777
-0.26276778279675694
-0.26125706866454174
-0.2520854279210778
-0.2470997474045974
-0.26081234433630845
-0.25018848662410303
-0.24944302554449763
-0.23494566828870408
-0.24861999933930087
-0.24788927207414008
-0.24484893187584789
-0.24874835431805295
-0.26149259742472974
-0.23791485864192388
-0.25461713548626097
-0.26241187103339847
-0.2611840997879963
-0.24128691161766436
-0.2514729793911791
-0.2664932647435286
-0.25022573663160136
-0.26638331048916675
-0.25250427044875107
-0.25621309335303816
-0.248936821336933
-0.2520064351356354
-0.25166502607306596
-0.2665647020898936
-0.2429266254333735
-0.2652766751290974
-0.26507177067947046
-0.25285713824165446
-0.27073908241474515
-0.26832486913314363
-0.23911241327204977
-0.24096858583752648
-0.25026513786183147
-0.24739401031426766
-0.2677173912039653
-0.27140317418528676
-0.255763335078425
-0.26174795300306936
-0.2575409779175057
-0.24301736062984047
-0.26124840231073837
-0.2570217528813011
-0.26015107924674785
-0.2408023632067516
-0.2539185238693139
-0.24209996191917155
-0.2620438789216122
-0.24950780226050112
-0.2681223359665176
-0.24863773455040009
-0.2680371906784897
-0.25907052981874673
-0.26320063709573804
-0.2592691187945446
-0.2388596221831102
-0.2690351998336366
-0.24825658900630151
-0.2603989049066211
-0.2532361481290187
-0.24323233433279665
-0.23721216458791947
-0.2641867332434132
-0.2407959268883012
-0.2679664357013612
-0.2543449763879533
-0.24559926948735217
-0.265898755176784
-0.24814104179352944
-0.26174272765665896
-0.2551074038315962
-0.26367921338491673
-0.25848901485064246
-0.2603920202225588
-0.2646380094369935
-0.2514039594437309
-0.25953680062357565
-0.26248467812354354
-0.24013311825074715
-0.26353061020923824
-0.2516893890920267
-0.2621653328221556
-0.2616150779428923
-0.26131277368514316
-0.24488266258195962
-0.2607078781942903
-0.24949174337762173
-0.25824103069820514
-0.2637410587785651
-0.2506433464299834
-0.26077653193996414
-0.2483017504903801
-0.2561963017570888
-0.2569518273793408
-0.2605756374508566
-0.25340621886439446
-0.25452165128177656
-0.261742963468859
-0.25880114809318633
-0.2602896221065938
-0.250884215254778
-0.25053684992033776
-0.24933396851405573
-0.2621196972391617
-0.2639459766253335
-0.2637051169438314
-0.25932942382920693
-0.2738412037343934
-0.2508460656145005
-0.2620098569134683
-0.24746830574726747
-0.26352229991583465
-0.2521546587736403
-0.2599388510871555
-0.2513570955014342
-0.24371497174151135
-0.24497025981280618
-0.2507867608131108
-0.26253331345792913
-0.2542623933694343
-0.25527282115689953
-0.2518665654169863
-0.24716090507169752
-0.2638080548759885
-0.2563963450968124
-0.25733213933952753
-0.27409114888582325
-0.24845078009317553
-0.26081185922097255
-0.24844273315054052
-0.24886579485168742
-0.24392739817350043
-0.2706847248104582
-0.2798308320604532
-0.2493618716137104
-0.2527358613779186
-0.23969015973880534
-0.25114524872505695
-0.25558455849189965
-0.26549328999788063
-0.2675399235957324
-0.24665254034031342
-0.23683933150994269
-0.2558926745357601
-0.26658410970916113
-0.2622660556896391
-0.2570888200916584
-0.25138941786794866
-0.2592045060531082
-0.25645668195975474
-0.2417790045488904
-0.2582734500508208
-0.2630349220575597
-0.2539682288607803
-0.2623027166996098
-0.2701350715346811
-0.24503787584002548
-0.25192488684932485
-0.2728689179636573
-0.2503335958443829
-0.25243375786708144
-0.2600926229955355
-0.2759599712328606
-0.25745740935418276
-0.2509459526966639
-0.25353693515856823
-0.2639688060053964
-0.25611486430699226
-0.2567806623575953
-0.24754542723779183
-0.257994359661494
-0.2486811310573706
-0.26829644083376464
-0.25690274690586845
-0.2632568521315885
-0.25002776069392263
-0.25188301558169357
-0.2604320276157833
-0.2565573563013597
-0.26003956074398277
-0.25707573264448846
-0.25170469276995455
-0.25330589109616825
-0.25149299730011593
-0.25518096160690934
-0.242906501984568
-0.27451643163241196
-0.2637500525672889
-0.2633063460510418
-0.25560329578181296
-0.2645924302321192
-0.26927204169244706
-0.24805149280629452
-0.2497148073236436
-0.25863824014538694
-0.26155408285558224
-0.2531833566054349
-0.26258397304289643
-0.2643201216719868
-0.25730446723435446
-0.25203304726330306
-0.26810944115663593
-0.2658880098912671
-0.26639473325268354
-0.2679625655749539
-0.25104059607355517
-0.2626709064106806
-0.25064694594980275
-0.25275313235836994
-0.2578464672168037
-0.265520748271832
-0.26646307602489444
-0.2607249558519272
-0.24988965741115934
-0.25031556024864954
-0.2659563498728207
-0.2674328327064195
-0.2500783191172856
-0.25187482169312886
-0.2686297949204901
-0.2643044678233917
-0.25906622456607376
-0.2638199592000359
-0.2569625439625498
-0.25641947432522666
-0.2459098608784766
-0.2625527457462103
-0.2572776015243224
-0.255851055939033
-0.24687727629449838
-0.2633911284543044
-0.2560583748435381
-0.261204267772559
-0.25775032541913234
-0.26209657566877903
-0.2690183840497834
-0.25204144631869985
-0.24502186572964862
-0.2516036337612294
-0.24007825058293464
-0.25711824764360747
-0.2432345433151835
-0.26400437640683877
-0.25980580818808474
-0.24898546410645073
-0.25853403678309544
-0.2636576249789429
-0.2659476732623309
-0.2554833131563139
-0.269166504443398
-0.2573335818522632
-0.2585147430246334
-0.26954467716445857
-0.2554237163179859
-0.2627546749898714
-0.2683296846843797
-0.2454298081812206
-0.23919921221820664
-0.2551696261179179
-0.26216529363626173
-0.23921655095978922
-0.2539784265660032
-0.259787056133012
-0.2519460994820883
-0.2582278992027327
-0.26621715839669746
-0.244423951198881
-0.2738958241868217
-0.26246362592654204
-0.26234231004353514
-0.2596901898996207
-0.25650465419136376
-0.24872062133704598
-0.2646647512038808
-0.244125431425587
-0.25793839643170874
-0.27060453397314554
-0.25742298776534345
-0.2436551947976458
-0.2502990828306189
-0.26687960184545595
-0.2532693184029435
-0.2634261824362757
-0.25180477581441546
-0.24047505606453584
-0.24802913065002216
-0.2627485416370546
-0.24536911434365957
-0.24712460627227634
-0.2547424578624314
-0.24063181767010647
-0.25989169344058816
-0.2670754020855987
-0.26978483122566016
-0.25939258059566195
-0.2805003063726764
-0.25454402484564703
-0.2554592011315457
-0.26483727657893824
-0.2672127652780916
-0.2663681286109073
-0.251023908545731
-0.25413917879004616
-0.2476529521035622
-0.2489364719753798
-0.25898936325606947
-0.26740688864159357
-0.2729989079608454
-0.25013488603996387
-0.24562792823830912
-0.2653395763046789
-0.2384523603826832
-0.261032595131458
-0.2446463298917664
-0.23357989090843506
-0.25553145112196135
-0.26876637795542796
-0.2460752581400682
-0.2550322693878546
-0.25444592151490714
-0.2704005921656769
-0.25625615353338527
-0.2605825329455437
-0.2540011745634802
-0.26081266730882546
-0.2538594506698621
-0.2611282307001369
-0.25624881585468473
-0.2549247751233137
-0.25384897978146564
-0.2455333684398947
-0.26179300303354647
-0.2591095999042146
-0.25578241684017217
-0.27637203314487263
-0.2494422749492618
-0.2549020208205815
-0.2631168265151681
-0.2566250885938299
-0.26726864476939793
-0.26438343675886566
-0.25257738081680975
-0.2628845670017727
-0.2541353711946669
-0.26308980107448676
-0.26521556530041857
-0.255358676505562
-0.24823795377731464
-0.263942252253116
-0.25247095493926397
-0.2506495885511251
-0.2644939483165458
-0.26722702067742626
-0.2589286779366893
-0.2683455316764766
-0.26471523301437566
-0.2746886660596488
-0.270985605482065
-0.26586487190577235
-0.2489421223665442
-0.24547633325672263
-0.2521909907707388
-0.26314563300654786
-0.25813618620142553
-0.26248441328916927
-0.2678305371763776
-0.25964021475288257
-0.266072747505036
-0.24933105731003374
-0.2601338610300238
-0.25867092988224283
-0.25754381028573375
-0.2683900393792803
-0.2549087117642376
-0.24750382104508967
-0.2647344436302287
-0.26725411809698385
-0.2622979209072539
-0.272710485612285
-0.25853954875726975
-0.26047535220125767
-0.2603396245044484
-0.26203491209269064
-0.25519807820133333
-0.2647721831978109
-0.2521430194859009
-0.25122136136260925
-0.25501529794733674
-0.25303875228557826
-0.25805309733543635
-0.25826756902462783
-0.2717069222931684
-0.26415348250719045
-0.2745716194070487
-0.25764350291182647
-0.2808824537048266
-0.2507016898190241
-0.266808763367093
-0.25294169478595113
-0.2623679247989332
-0.2474082455643722
-0.2454169937961192
-0.22698414454598562
-0.27741304694970637
-0.25330088056471656
-0.26304332182800033
-0.2801805111222075
-0.27162599945838134
-0.25013412301918553
-0.2653600753271749
-0.25585808388235587
-0.2420920928282513
-0.2637514966050101
-0.2826862161696593
-0.2613915695005507
-0.24352754234287763
-0.2538547510219411
-0.25133594292021794
-0.265089054540091
-0.24944110394133281
-0.25058804824506925
-0.25370402945209986
-0.2522332919099461
-0.2609775064698469
-0.268936349193773
-0.267695736784435
-0.2665300589381448
-0.26267548767028825
-0.2639542257201403
-0.26785684715056024
-0.2610149200193549
-0.250570464120092
-0.25085761524533845
-0.27100477038807635
-0.25455345239896343
-0.2526783530061879
-0.2686722011336289
-0.2607639707245321
-0.25426082582305676
-0.24835319001386516
-0.26037990383724396
-0.24592970991374757
-0.2500266828993556
-0.25727287363878926
-0.24619840482753036
-0.2661921960584184
-0.25645897489800273
-0.2695902736032143
-0.24480103828692676
-0.25363617950953293
-0.26924136467278004
-0.2708865938293284
-0.26757719097173466
-0.2598873872874896
-0.2557005992168075
-0.2615916011016374
-0.2764818551663256
-0.25560257649622964
-0.2568202082473802
-0.2729630027632825
-0.27120401060332266
-0.2536228564545795
-0.26676980305299763
-0.2588074081952538
-0.2548643917725885
-0.26127231098993975
-0.256526039253426
-0.2671205437106579
-0.252803651713082
-0.24489769049461102
-0.2433593327982872
-0.2763189495633846
-0.2564663254265272
-0.26511567584305157
-0.26177899384323805
-0.2549316680187942
-0.25368696575657734
-0.26615497748857425
-0.2543801936250339
-0.24975847326394532
-0.2526279433985722
-0.2602738856329137
-0.2639759836533058
-0.252440342644309
-0.2570078004619451
-0.26248348769577334
-0.2671291852122729
-0.2583702718265249
-0.2691082269023945
-0.25892494518256864
-0.25685331235988446
-0.25268266973708053
-0.26901537104470047
-0.2584421484426582
-0.26229519038615634
-0.259709909266982
-0.25960664752809004
-0.2703812954488312
-0.2617310451418691
-0.253071908066623
-0.2744294847251397
-0.2579041119241178
-0.25225317300853467
-0.2594495224170563
-0.2436169579148434
-0.2638577454683693
-0.24996864877782443
-0.27150314822528177
-0.23213716309464655
-0.2570446504200522
-0.26861307103522297
-0.26247322829705066
-0.25717596570360896
-0.25908263123448566
-0.2528261930468797
-0.267832000636147
-0.26307756994007886
-0.23475945075329446
-0.2570109722597339
-0.246161877910355
-0.2586651870046226
-0.26937303012810754
-0.25938601335907857
-0.26460532500227624
-0.2600344772587455
-0.26223880109063824
-0.2634758135652549
-0.25485009574375483
-0.25962675414026065
-0.26374587478663475
-0.2591526270115757
-0.2521242878942693
-0.2503724426364358
-0.24072523764665657
-0.26573083685684545
-0.24979735326498606
-0.2592364267017957
-0.2702714875340462
-0.25385254881702257
-0.26669420378715225
-0.2562571524673305
-0.25537831053773374
-0.26385711398311135
-0.2468419688989925
-0.26155471300565025
-0.2518212663901361
-0.24800612174539488
-0.26871641807620067
-0.26713413106922007
-0.26632338669592454
-0.2641784890082563
-0.2611692964730528
-0.26464313106673165
-0.2530856761834209
-0.2566515846123866
-0.2527937949028184
-0.2615028387239044
-0.25654882981808264
-0.27569652016945534
-0.24466016259644693
-0.25128375285998056
-0.2614428687055035
-0.2774579913589344
-0.25594912847212703
-0.27792417508730954
-0.26252242468597625
-0.25210204810539694
-0.26487375600749
-0.2493668879598591
-0.2545995760060211
-0.26995636311787846
-0.2558258421039341
-0.27067857351975066
-0.2668180744609491
-0.2631381698729585
-0.26941117989914537
-0.25505116479515466
-0.27376764737316783
-0.26820382200566595
-0.2765293539241309
-0.2579559948354942
-0.2578655531788819
-0.26066019437253757
-0.25733372225686557
-0.2608894690235644
-0.26292401316721364
-0.26215820096574405
-0.28142825009133576
-0.2452026653981887
-0.2626628348453774
-0.26932377295383203
-0.25737160798250497
-0.2691166515581275
-0.26574548336531595
-0.26321348716544596
-0.2511453752834085
-0.2653597892036935
-0.27330578059417093
-0.2521267314298052
-0.26158805456789325
-0.2544271396439946
-0.2643523326858666
-0.24177910869067173
-0.2683842787298405
-0.2615056244912447
-0.2540325767402559
-0.2633677068744649
-0.26672621910466915
-0.2651688043751988
-0.26216382505063196
-0.2629953275845161
-0.267019001775867
-0.2349969804095506
-0.2561129813404727
-0.2554004390909385
-0.27001581203757447
-0.2597325719645803
-0.26384776663829645
-0.2632728546164859
-0.27341188782587716
-0.2611016885093877
-0.24845522103425097
-0.25768112625057205
-0.2621250460409864
-0.2529635636568493
-0.26131734487454966
-0.2540786508559051
-0.257448085997545
-0.25056847979748287
-0.24813771838437043
-0.2605424611807152
-0.2549563982519564
-0.26286614618608417
-0.24798763844392027
-0.2600013920728347
-0.2591137703545656
-0.25675198305133395
-0.2663930076498856
-0.2535412154437409
-0.25701613480587143
-0.2677966591359173
-0.2589539401652512
-0.24800741780434526
-0.261891604533035
-0.27312119514240013
-0.27250402025719533
-0.25288563788321167
-0.267416194955249
-0.25668202206421803
-0.24471545837360537
-0.2602883486465608
-0.2615406306601743
-0.26177359674284806
-0.26054771936617754
-0.24368011677787768
-0.26452411921315283
-0.253950830568864
-0.26666635224541596
-0.2588761483299241
-0.2668323807431588
-0.2519275277822115
-0.26205247477186905
-0.2588377655163778
-0.26135508015242037
-0.2579794894877415
-0.2645872220202786
-0.28435493996852385
-0.26887887354798934
-0.2637040871725157
-0.2602152618407426
-0.27252834418929794
-0.2556853173786148
-0.2603475911480979
-0.25693487978465324
-0.27015145817745073
-0.25895665032497794
-0.2583974662470803
-0.25510643494659724
-0.26744566372291173
-0.24490452479677036
-0.25376473035954683
-0.2604329981510108
-0.26633110727179105
-0.26138220497730336
-0.2684802949225521
-0.26412545031563367
-0.26294769915218036
-0.26617982123770983
-0.2658099271666029
-0.27182391483195445
-0.2718522766901851
-0.26053231562183227
-0.2695178533793908
-0.2544581612943941
-0.25280466880561053
-0.2574859359147142
-0.26171250734478235
-0.2687788245210786
-0.26816627051089825
-0.24728857939047694
-0.266237334476263
-0.2589179009372386
-0.27462113144701583
-0.26139956485850835
-0.25722289044780755
-0.26913779119351855
-0.253179930296166
-0.2665559546194388
-0.25408226119462507
-0.2657782089989191
-0.26078756973732226
-0.275606157849609
-0.2576786256020103
-0.25732776452014794
-0.2698981141256636
-0.2735431008394013
-0.2621462482879583
-0.25581059769519837
-0.2522999082837625
-0.2710556461347788
-0.2670594065260336
-0.2433125302990042
-0.2604123391475864
-0.251885549416898
-0.2645660696829276
-0.2598977655313591
-0.2574854810143958
-0.2609771870946185
-0.25199761183852976
-0.2814731809555584
-0.2625283693709362
-0.24282848783349398
-0.2690540011299077
-0.26946071405140287
-0.2765031575591643
-0.2647242835674311
-0.2591760629938112
-0.2638601530078463
-0.2675377787554292
-0.2710372921856235
-0.2653105740183832
-0.2548105603710735
-0.26440507984804035
-0.2597631555650895
-0.24945142382305663
-0.25234174766352674
-0.2531599220466663
-0.2631446291555726
-0.25604378887544876
-0.2592713527546388
-0.2583131705657954
-0.2661944374318513
-0.2605726955131897
-0.26677302148422644
-0.2576064936004544
-0.27816254892320286
-0.2517352153048343
-0.2542381860730702
-0.2630182294907728
-0.26804782839390445
-0.26425985569549254
-0.2574265623085589
-0.25722327655384325
-0.2500677998067361
-0.2508945632108015
-0.2651597334075304
-0.27584621076299964
-0.25551920320057436
-0.24841869292312888
-0.25935829143035466
-0.2518013633999497
-0.2772282985595201
-0.25862916273846165
-0.25725215288558845
-0.2693552372456303
-0.25548381762693845
-0.2587555213069976
-0.25316770834698216
-0.26656172978934517
-0.26380998097907454
-0.2592650914644178
-0.2470528818192446
-0.26086828156520053
-0.26801361177134286
-0.25506518775447146
-0.2731080137643416
-0.244676409165653
-0.2698345040567043
-0.2700834898057425
-0.2627046493089524
-0.258855626991204
-0.2540329369756071
-0.26592455285279104
-0.27817559109170925
-0.24333514854470842
-0.25366778675272567
-0.25278831180626465
-0.2523124448390086
-0.25195855675574164
-0.259097363693878
-0.25803051245403236
-0.2611113554705376
-0.25872045254193565
-0.27157480590116073
-0.276661135062081
-0.2755428435572233
-0.2543826213645003
-0.27544729607577007
-0.2628636244966944
-0.2748700266977622
-0.2630845503616743
-0.270073391709
-0.25615871963378095
-0.2449429064185769
-0.2632030844820831
-0.2601705678690101
-0.2621853231359715
-0.2619965403071512
-0.2550136991622041
-0.24396840392466262
-0.2538388858072601
-0.25857546420600175
-0.26490059404708977
-0.26295317843627025
-0.26207393743715723
-0.2593928098952248
-0.271714829396174
-0.25025526439921125
-0.2511429784580032
-0.2535384816792904
-0.27382993131823025
-0.2523248165722283
-0.2356902809258577
-0.24628196989287626
-0.2687088348571723
-0.2566598451341021
-0.25537568189521537
-0.257536990107622
-0.2666683410475322
-0.2607214916662988
-0.2701555152216229
-0.2572564585619911
-0.2560362044404045
-0.2644500917573272
-0.2600993148042375
-0.2469081605825423
-0.2608787040551683
-0.2667622373602684
-0.26495706406532304
-0.25732804547500976
-0.26530739304419804
-0.257306121678149
-0.2755016981628481
-0.2527847689713276
-0.25103499247666045
-0.24858192531877502
-0.269608868215392
-0.2685487117834601
-0.25041254984117794
-0.24574066166985578
-0.24140402737793057
-0.26198002321742725
-0.27254029667287427
-0.2591822274841403
-0.2641238394188937
-0.2691498224345429
-0.2548223821163813
-0.2496731157692688
-0.24521669269742452
-0.22250180400966477
-0.24877011122720502
-0.2537614455914469
-0.26776761880753586
-0.2667150599926145
-0.24675871654727025
-0.2493709453703809
-0.25487372528108376
-0.26182566104805477
-0.25810065870399485
-0.257101263683201
-0.26913692485276275
-0.2757175174228388
-0.2648658791195019
-0.25754470475927277
-0.2547930956804922
-0.2555058332175564
-0.2760928108122959
-0.26673243693142284
-0.252193151289041
-0.26555174607805626
-0.2686282377204553
-0.2527727283210763
-0.2605852313313227
-0.25493810670582745
-0.2676004100683635
-0.2652619302767148
-0.2676108966943459
-0.2635949370031956
-0.2520036860391215
-0.2644446251022307
-0.269048552112698
-0.24787562906353677
-0.25271485507614044
-0.25654994546307774
-0.25841316400687275
-0.2523008360311177
-0.2590390958545191
-0.2569940169110135
-0.2618155777399203
-0.26026726899430225
-0.2810954942370178
-0.26067069517139574
-0.26043719155449085
-0.2640424751791379
-0.25665431497044755
-0.26310847813409194
-0.2680205884941311
-0.27406700592409705
-0.25845004743962635
-0.2695166080642792
-0.26150353466959503
-0.2700186804250342
-0.2612053621957582
-0.2625701357367762
-0.2536606155335903
-0.2520799216189779
-0.2643281915865097
-0.2561352053277583
-0.26862252764050715
-0.24909342937083181
-0.2505541818913832
-0.24566205697337173
-0.2666700326559527
-0.264353375868117
-0.2637142982881216
-0.2706618287172433
-0.26608469259541184
-0.2577108663917294
-0.24977458986427228
-0.27164184856029905
-0.2526284840478787
-0.2609775345507674
-0.2612710024442047
-0.23555046365865598
-0.24401917631221468
-0.25200332392236635
-0.24242614205017404
-0.2705241638407888
-0.2700709462854393
-0.2642507769357219
-0.27755545726337283
-0.2567918854434555
-0.26909366665381534
-0.2626969418333958
-0.254296485564155
-0.269416182880153
-0.26622233497446746
-0.25620704089507673
-0.2542670250481869
-0.2619759141251233
-0.2716565104311782
-0.26406075967855364
-0.2702480363858184
-0.262697280329427
-0.26681097268493253
-0.2585255587804551
-0.2604229006545521
-0.271869677090267
-0.2734406801267258
-0.26083294930757506
-0.2714933103471288
-0.260581716078541
-0.27239775423719703
-0.2646362386838096
-0.2614964284444166
-0.27813411643507924
-0.2636713419281723
-0.25954772344011356
-0.25409656929037583
-0.253029159742509
-0.24594034524678618
-0.26173641869436365
-0.25221535211685003
-0.25034979210892844
-0.27422212811751884
-0.2650457117088598
-0.2568584868057644
-0.280630692292305
-0.25522089034972173
-0.25682777661379974
-0.24865404281751982
-0.26950798917261626
-0.2537955126959071
-0.2623146753846469
-0.26551019543366977
-0.2723444937088337
-0.26193739595642024
-0.25629141097513175
-0.2581776785951161
-0.27221364493071326
-0.2724274370567741
-0.25866237773683576
-0.269868393493728
-0.2618705708554491
-0.2673233566470268
-0.2542410076494324
-0.2690339539270689
-0.2521011600871151
-0.2481560445350917
-0.25140331450726183
-0.2488273729609383
-0.2607373035384863
-0.25768916422150306
-0.2587624017096244
-0.25375999525295334
-0.2573866828287382
-0.2666311086204027
-0.2574827081917772
-0.25990029553920296
-0.25915760811753746
-0.26745990214878207
-0.25282493634458403
-0.2520072044478067
-0.26335122543100214
-0.2657568413163955
-0.2790837069814451
-0.25843261325316974
-0.26280000383890634
-0.2645490784286323
-0.2641838001025514
-0.27156276662361706
-0.26373823989520373
-0.25002208875571663
-0.2539307304803653
-0.2591112902237906
-0.2603382336337702
-0.2643444944190753
-0.25474136071588616
-0.26073633990431494
-0.2545034792881141
-0.26448632398028793
-0.2704749884198627
-0.27199091071536613
-0.252831371505502
-0.2616582571912857
-0.2570028763277659
-0.2545079336417795
-0.26963329707576905
-0.2739686998295911
-0.2731057747280428
-0.26738342650287666
-0.2622597293158049
-0.2724540777928174
-0.2651558444389447
-0.27175134867959394
-0.268608348982594
-0.2638344653855603
-0.24216615429404081
-0.2656664250074263
-0.2564061429148531
-0.2765826197800125
-0.2563637480740016
-0.26651727667705144
-0.25084037100234163
-0.27231322137983205
-0.265807849977395
-0.2565011263546927
-0.26213489582329563
-0.25182471382851
-0.25684825548134144
-0.25836006552863744
-0.2542392160584576
-0.2681481607715705
-0.2708430095924444
-0.243922105212409
-0.2582117055136693
-0.24715147201872267
-0.2757595809203047
-0.2679560630156336
-0.26072658059933174
-0.2644919062913859
-0.2799853623725509
-0.2593645403300681
-0.2736440852562504
-0.26457757649334124
-0.24791019269920692
-0.2551002689301791
-0.26168370974179517
-0.27110742285000206
-0.25579854530851703
-0.2673629376183758
-0.2642603101323566
-0.2652319232046039
-0.2561769681823797
-0.2655354398545496
-0.26368820419334493
-0.2546566198955144
-0.2634002198266545
-0.26201906826753185
-0.28148585324003517
-0.2715720277615068
-0.2690144898855432
-0.24875251102477525
-0.2823615399281984
-0.2608637233525162
-0.27259550695594453
-0.26730022754220034
-0.2603030901720032
-0.2605711294137277
-0.2862235881405843
-0.24646341802013852
-0.2601220490702238
-0.26839072001276987
-0.25833764702293543
-0.2691482093220497
-0.24398044666266555
-0.2569586368491741
-0.2734928898583939
-0.2622700600853958
-0.26353068981166283
-0.27104732918142566
-0.26702951476136794
-0.2706388407166147
-0.2639803482457925
-0.27816751538400686
-0.2594195904642767
-0.266248340043129
-0.268531686321819
-0.24102882518967111
-0.2652886154668591
-0.2585631977651992
-0.26844353482603883
-0.258879048674769
-0.26062595970504937
-0.264547529926091
-0.2546547049630579
-0.2709448053126369
-0.26669892059612615
-0.2714052568167731
-0.26138280082485194
-0.2663291154420489
-0.26799082843436733
-0.26989720152664526
-0.2548584459234753
-0.2599128959667361
-0.24579099789968034
-0.26228031795471907
-0.2566910008745383
-0.2640107413905593
-0.2629687665162776
-0.2639936770873047
-0.2618677401782777
-0.2746991202780332
-0.2722623732461819
-0.25384039653385704
-0.27635479068065777
-0.2647607868263648
-0.256082064467725
-0.2690592134841475
-0.2640080053924243
-0.2625704660473206
-0.26271871531214475
-0.2647450401964134
-0.2622351572447196
-0.2555980124892623
-0.26268337448502743
-0.2597102436338556
-0.26559909978016366
-0.2641316871677406
-0.25891906908223344
-0.2612229109282707
-0.2667949011955428
-0.25242225252206646
-0.24953001737594604
-0.2719041901856873
-0.25953656439840467
-0.26683999507983713
-0.26539574292051427
-0.2580407346329559
-0.2688645814585177
-0.2662101976873609
-0.25205095716138587
-0.26781894252481053
-0.2611324777650113
-0.27148428979501904
-0.2542344306251343
-0.2626777309240217
-0.2656146790390896
-0.2672219319992933
-0.2599043924807266
-0.2674014523249645
-0.24793388404976135
-0.2687110273968605
-0.2759254010729668
-0.2593678520050041
-0.2673339801818415
-0.2598435539372654
-0.2720551939319237
-0.2680753335109537
-0.25370454033108436
-0.23834246330369283
-0.2490188790004153
-0.25085888898013364
-0.25423208763602223
-0.26014620235622354
-0.2545775217644129
-0.25790545339056103
-0.2676342667998543
-0.26620659145628106
-0.25280964710877685
-0.25771467626686273
-0.25452338347997144
