-66.94371302995813
-341.7613680571455
-373.02159733486616
-409.44884475804696
-276.4720506371441
-489.1254451505599
-498.4797284658054
-513.4427411808946
-500.21136873878095
-517.7986035006387
-537.9106134071877
-529.9752275097754
-540.850569224028
-531.2352421931956
-603.6417738369533
-565.4619569553208
-626.6660510087343
-600.402823837122
-572.3319671417711
-611.37139637679
-626.0945533387672
-662.5973030949518
-628.014841353289
-667.610467901977
-607.2282255717686
-660.2243342355649
-666.6279679025922
-650.9631300587808
-693.6452768903723
-702.2724450557463
-702.2996543134961
-688.8118314160729
-689.6340360586545
-735.0229136493349
-696.1548145663354
-713.6441479827951
-716.8127971167938
-703.0762380224219
-730.4232759816306
-742.319606973279
-746.2148642891563
-752.900106406981
-747.8829237118294
-729.8923244223616
-763.0885156310649
-772.8114487905107
-747.4413992787287
-770.3260072277438
-751.1579667774763
-751.8499897756884
-768.2504202143937
-803.1709753873711
-785.2461527459633
-786.5446341587102
-784.5304001860904
-782.8404115301123
-839.4916100666819
-800.4491749820621
-839.3101303445578
-792.0688993941803
-740.603194747103
-797.0814138041114
-787.3726752562457
-757.2536192857725
-646.5735040677857
-801.8405360769017
-767.8107245693558
-762.078568172345
-825.340274307585
-750.6502071575086
-783.772622276561
-797.992198558447
-778.8224564974759
-782.5487143663767
-780.4463062539079
-820.0925798081033
-858.64842132709
-836.9532901262908
-807.720655467653
-837.8309419784129
-853.2507681019845
-852.9248328846171
-787.989814060075
-832.2014268776788
-819.436341320864
-802.8201969065425
-898.0503194540877
-777.6570776286213
-856.1635353147709
-842.777723423347
-853.772664219553
-802.4556849370904
-818.5781436175246
-854.9926562419136
-846.4504859936402
-851.4348178426242
-855.3269225273814
-835.1835424619885
-812.5821754740131
-829.810321085464
-873.3839163263822
-868.1368824084234
-825.4988900068718
-847.7227089232014
-832.3508871101563
-846.0024358852668
-841.857784997483
-881.935951246644
-849.552020103426
-855.0261963847595
-846.1773711261661
-823.1333612758443
-903.2630049014284
-879.5407429848399
-895.7122231243942
-875.6377530152896
-843.1261516282086
-857.751770212903
-897.0177782246594
-859.7306119554465
-863.5863672805272
-868.360567018733
-846.0760241872223
-856.6862302639518
-888.1153064850838
-933.9392038358521
-853.8125387996023
-881.9712369217095
-894.509708103771
-880.5519921252255
-866.3210287995053
-865.2301692089178
-840.9700878309214
-876.9265194532509
-827.3905008421516
-868.8849762771537
-881.0613757805891
-899.8544662460204
-878.1724506881654
-889.600538143313
-859.6233828961849
-925.9236214828381
-859.3237087317326
-868.817692036247
-861.9267922271491
-830.8140501185634
-904.9105330915083
-880.0423087691931
-815.2756173165712
-878.3348111213627
-934.693839851063
-887.5128500658658
-883.1708519403836
-927.2700953241867
-908.9474417504077
-890.5190825110757
-893.7912043465242
-884.4373963164844
-847.1685177131732
-876.5270499782079
-923.7303750839102
-889.8971865141447
-886.9895725884058
-928.830442050635
-866.7436262801771
-879.0242997105083
-904.3188812249267
-871.8318834194939
-946.9713947918558
-871.1155029180618
-868.5829400972287
-843.3149472694793
-886.0212329629019
-856.9319543388033
-856.6827421594875
-894.2422729175761
-864.8566751485596
-897.5622628625088
-861.8402944984524
-860.9319527952628
-879.3482221040857
-909.290598455765
-922.3129449181843
-939.9279719011574
-855.0849947011965
-870.7783042802239
-887.9318763407693
-856.2134647675991
-873.3089963216936
-830.9937287419348
-877.2348038030934
-938.4150943699108
-911.298851513497
-890.4261138834197
-905.2621959765455
-951.201324786047
-912.6754033115053
-900.9453649548451
-905.8989696617363
-896.7286787835392
-905.7406809582689
-891.575671288275
-898.1985861722633
-939.9941703327486
-926.777225260979
-890.0405821333283
-911.5083908945811
-866.2526223379346
-909.1429108088398
-911.2721203432176
-902.5236799173306
-889.8054027183608
-916.2800565923603
-899.0822533814039
-897.4654164986797
-942.2744140394273
-889.4007355721865
-975.3976047319545
-872.9293570328366
-868.6921184252484
-874.7287943725934
-856.536202714006
-893.2096702056821
-896.0513786877622
-913.2242045177941
-885.7516815142131
-940.8456611479482
-924.8132304077907
-961.712425196363
-886.4755838664446
-951.0535553045537
-903.72478799982
-923.2329645704152
-922.3163358343911
-941.0799303627906
-961.3716835288485
-952.8773146298915
-910.4526795511422
-952.180845065051
-917.7020812190142
-915.3978899742224
-920.3649515421237
-897.1979098011684
-897.6914677380967
-955.1897154639943
-900.2072489973402
-924.1568247472838
-966.1177563645323
-922.4728345473818
-921.0301441965015
-885.9649135745066
-927.1478851598254
-920.645759266093
-926.5744907670356
-932.3298781942199
-922.6726171265942
-906.3744163520458
-900.3756520831957
-984.6060444664593
-929.0253721052707
-919.0434826856934
-932.0580715355785
-930.9687517581337
-888.109493097402
-930.1765696458939
-884.5651143640966
-918.3751682367193
-905.4888010900985
-938.2612225704479
-949.5254818040208
-915.3926868343893
-845.7279326479554
-936.6426033416742
-869.9123318662721
-946.4251806687924
-938.0804099124698
-879.3489659330056
-956.5276446170817
-914.379347558404
-949.611079514885
-937.1724419997756
-951.9419456715287
-968.4779485167446
-946.0293795150546
-918.871724991765
-948.9571767196677
-905.5592988238595
-955.760315454682
-921.6371878419192
-910.225761493561
-924.1840239494078
-924.5990464330612
-945.0579807263915
-899.4886468047636
-986.5301525625765
-924.1548608704427
-922.5098777011913
-943.0135173571
-932.0136532528119
-889.3817451001416
-935.9482070706273
-918.4538828214364
-896.5202618425714
-966.9496056269941
-919.6970620440998
-936.906535527233
-907.4801486023987
-950.5375361288748
-983.3841640616891
-907.3108397540958
-948.4778353349485
-883.0612073123621
-941.9645728889149
-919.9768705016024
-902.9438157803041
-967.6087580391802
-907.5525949861734
-973.0427511227307
-946.4461879315464
-910.3554921304026
-941.6437470550361
-963.0049849788115
-937.3217413772395
-918.8385177991339
-932.7577689561975
-949.0555790140882
-930.3855885750451
-956.4963999423912
-950.0213128228818
-889.5361839482645
-915.6837455570706
-937.6511309267738
-928.4205920487504
-883.6883393712229
-922.0826039555984
-951.4722213105296
-910.2080126875496
-906.9278243455933
-970.9399264232354
-915.1129348684566
-954.9273998232255
-913.311419141458
-915.971810395484
-911.5897255625367
-909.0585098491873
-992.1840870859411
-924.5996149364807
-925.9018112752299
-969.812277121478
-946.5788578965147
-949.2890687535134
-940.4077213478462
-979.248562507223
-949.7085181265935
-956.5476001220914
-947.4029488314001
-982.5109624887552
-959.5239735573513
-943.5948644416683
-921.2194713421047
-928.2682705806448
-907.6076178271754
-967.2616685013668
-964.185836161119
-943.1719521113804
-963.3429353742556
-1023.4908687193548
-923.2121968278515
-953.7304662659318
-940.5124847905098
-939.3663739972836
-983.0998847848534
-974.7879431501682
-985.9341040545984
-957.9985020682581
-941.9799639487292
-935.6470332401141
-953.1395184202686
-997.3549931718069
-969.1433924104147
-951.9892153410318
-962.2347065569658
-908.596027663484
-959.670051993947
-969.4586312489258
-921.0154579515198
-964.6985235106556
-955.7799485518569
-937.6517895976519
-996.797221901296
-916.3176688978398
-924.6794283697682
-956.697243342675
-953.6451890479584
-952.8341027185115
-965.9704684331002
-999.4889007037685
-1009.8765986570015
-965.8596867026386
-949.6356741718869
