-64.43776388789102
-334.15759544987833
-448.9689106567664
-444.8437455524497
-491.746199926473
-459.77174548839093
-529.6047258289179
-540.635013259501
-567.3378647659232
-631.0751981603385
-593.2073003531601
-638.5186901004633
-654.7685236952822
-655.6529349929177
-699.7881837132888
-611.1374925534296
-650.2567183015533
-684.0591117885256
-696.3974443910308
-735.4637772652411
-746.3164280658493
-836.5012956258888
-760.1087400550666
-774.589509050967
-821.4521509073846
-767.2457530553439
-797.7480774815731
-796.1406124308362
-845.9090281895229
-731.773556863108
-814.8042002383465
-858.923613214273
-863.5987568604781
-834.0948102836785
-865.775545313611
-822.5623385433777
-855.3876052364226
-872.9284066055228
-836.8244549096455
-887.6259669708217
-968.7480548493874
-802.2715099879673
-899.887200280818
-908.828547741411
-863.7348211558733
-834.1521778985652
-914.3111067785096
-908.6723406215966
-858.0563990992885
-906.116107606668
-985.2392341156709
-885.798108078917
-953.3516998730497
-892.8228730935655
-898.205266732774
-903.4655767695695
-965.00100211394
-967.7211699595649
-964.9303506684194
-896.9958098626906
-908.5416698192122
-900.6595066967099
-912.9845153351533
-921.8339840761528
-923.0626603579192
-962.7155369130148
-951.3564406012609
-978.2132627689344
-952.7254241732409
-918.2479105435209
-866.5344029044226
-993.9177248730638
-899.6572924583189
-1066.7959146455685
-958.6997495378766
-929.6382118699737
-995.0078167256122
-901.6940288961208
-971.2368704800232
-996.1374775407501
-976.9404909687657
-922.0106901177613
-964.6763817044447
-983.0131586312149
-892.3585123598301
-952.4183581479683
-959.7326324040988
-957.5425685407929
-981.2281823323069
-935.2405760584888
-974.7098472876482
-1015.9115124539845
-977.4371008807063
-938.4643663195421
-1034.6830401530462
-940.1034827869609
-981.2898851825345
-939.9444906436903
-963.8340098297541
-970.0227783396497
-947.1940349719491
-919.0052438902965
-979.0568843613022
-1018.1574921585997
-970.0436313822522
-984.2803302712155
-988.7286139017975
-979.393040670228
-972.4085031324818
-964.7331038532169
-1020.8145062319145
-927.922384213742
-1023.1805255380094
-1002.0859635700278
-974.1325552452545
-1019.0926932058027
-1019.8374903454759
-1036.546778771185
-958.1832467487881
-956.8486462957848
-933.2591030916311
-965.1098412720289
-996.7718602896836
-946.9851267942086
-1023.3750263512959
-1019.87501125072
-996.9641268374183
-987.5333091278779
-1019.6367423765121
-988.4601950579524
-1043.7207112466135
-946.8300174414287
-998.1809995976462
-1083.1288182131157
-1058.034029033327
-1026.5250240624775
-1070.0747020739016
-1036.5949058247052
-1042.224829045309
-1046.575151074317
-1007.7286792702389
-1056.1138061664071
-996.8079548497354
-1098.9731310215964
-1000.3866574687343
-1037.5640070515294
-1069.487501381729
-1061.4107856311007
-1020.1477175418133
-984.6343603881273
-1041.5636343802175
-1031.3026649633312
-1014.4528721928048
-1074.942621046497
-1036.0208392604704
-1098.988189477525
-1053.9352987966229
-1078.5790742882934
-987.0961426062518
-1006.6176993726036
-1078.0116986657067
-1043.0853827691847
-1065.6632760043517
-1022.5387544763803
-1075.1467052692642
-1112.0918274321314
-1044.0797712616106
-1013.5574348115701
-1038.4591536280197
-1106.6246555873327
-1077.6426871866674
-1033.2404212600075
-1046.596824224094
-1051.859128749865
-1055.0169032729716
-1037.4995519730353
-1091.024197767407
-1047.2861320741715
-1045.9189960901638
-1048.055237013074
-1011.8707875809911
-1090.773749083418
-1038.082028718588
-1052.0097831778812
-1025.9996833273892
-1146.3059426584553
-1073.7814073518673
-1071.7483841153335
-1051.1623957409836
-1140.2476223449005
-1032.3759101480932
-1139.4993929533366
-1092.0718000912996
-1040.2864659744473
-1009.7473773165233
-1014.2876977437103
-1066.4542983797837
-1069.5458657225156
-1099.2745347176829
-1030.5625835981236
-995.6189108290431
-1039.0145992859168
-1067.4854960419616
-1038.4731760684247
-1061.76027429818
-1074.9390089676676
-1092.5544137031802
-1063.1090078749414
-1092.0765046502038
-1055.8276785485755
-1080.1105388166718
-1121.6688708555864
-1075.3501563006282
-1073.6587393009167
-1044.0186489518337
-1086.5481949555708
-1117.0852627380652
-1162.2740994993992
-1149.2940976894397
-1016.2472569645824
-1067.3527859388957
-1094.2093063477546
-1080.186256887726
-1094.571990492157
-1030.4280898010675
-1081.756832070065
-1076.3599135579052
-1127.0664518857332
-1014.2419126923733
-1119.2512796375609
-994.4878300521781
-1016.8558931482553
-1076.1593543549286
-1056.3558027557513
-1011.1085774887542
-1004.6523133291078
-1064.5706000965313
-1067.9134743334512
-1102.5308738743654
-983.3897166098318
-1085.6066542946248
-1080.1397661481585
-1031.6465325366516
-1082.4591576272992
-1132.0331942826372
-1112.920083428308
-1086.4464543601885
-1064.159512040802
-1094.6586622730379
-1106.5322681550056
-1068.2277575725784
-1041.2874273924235
-1121.002569769934
-1067.549924050608
-1096.1706623899222
-1050.7654957573534
-1050.7009271366805
-1165.7516951670843
-1055.4498691119356
-1078.70007271481
-1022.3334819248745
-1118.3967549196586
-1052.4747894392585
-1072.5803353621664
-1058.4030090542983
-1033.2265115333591
-1077.4083719605126
-1068.3438643354425
-1132.657895083801
-1129.4612153224682
-1055.0187034562985
-1061.8077148402342
-1139.440160654657
-1128.663527739213
-1090.5063402114376
-1083.446407652121
-1075.0655852990217
-1017.8317063151417
-1083.1499924198274
-1023.839898472008
-1112.879198584139
-1134.4073970636464
-1023.9385892015448
-1118.4318745960288
-1092.7988055884014
-1045.345748971684
-1158.806183335968
-1149.839748927525
-1137.5794731966362
-999.0073525674882
-1086.614591756724
-1095.3600606610698
-1047.4132986112675
-1084.5376427118679
-1164.3889753280148
-1135.4003424226962
-1117.5474383446478
-1081.1975321835637
-1107.7005562145039
-1119.3152172071043
-1156.7667918754612
-1085.4713373843426
-1049.750382814539
-1124.5522844516736
-1089.0131159839543
-1081.16284777382
-1016.0423682340279
-1066.8211948025612
-1181.3922645814957
-997.898810074626
-1092.787581061438
-1134.7968668344383
-1112.8235270152993
-1069.6389840824813
-1017.7877613366475
-1063.3782819053545
-1086.3378325431577
-1073.4789261488322
-1015.4112060102999
-1111.119865171371
-1181.1023585334901
-1058.1975746330577
-1091.4732917047315
-1114.5986872026997
-1077.363312470748
-1118.119010255084
-1068.3152809626495
-1179.2535845585132
-1104.7866753916587
-1098.5926802389083
-1111.9793955367832
-1124.507812570317
-1078.7773106834306
-1074.502713196838
-978.8303736409833
-1090.3182255441693
-1114.5479287705664
-1072.544094490016
-1099.1920803175544
-1107.780732625091
-1164.008644033687
-1085.3393022651496
-1152.917803069963
-1099.7010952822075
-1138.909835639637
-1167.410384317697
-1068.0241348303957
-1092.3144166656355
-1115.5393693633894
-1111.7896615129462
-1054.2201088232928
-1107.0821530544263
-1113.4472692287463
-1091.6017522328461
-1134.6425701264411
-1081.9859400103169
-1082.1188294722738
-1117.0907517424378
-1034.0820275979108
-1093.9514274860858
-1093.6781341535154
-1163.0490622146888
-1090.4885054096098
-1172.2806212978978
-1079.8921757381634
-1135.3778318765526
-1075.4612978922057
-1103.0966313797207
-1088.2606417924028
-1150.0503904281125
-1112.8861780474263
-1122.0833179917754
-1070.2226954033847
-1180.8896923153081
-1149.0276400658393
-1120.1581777757215
-1119.0291999605943
-1079.0167930005332
-1067.7677729975792
-1152.5352636240596
-1064.2449762854158
-1016.1974665909868
-1100.124637691656
-1090.6221617685485
-1089.41947907127
-1094.8567212451987
-1086.3598230181751
-1099.0457958691682
-1037.2646445788546
-1164.267076272569
-1073.0760095482049
-1027.9434287075624
-1084.4608601293255
-1112.2453973655877
-1143.5877787946006
-1182.662834272956
-1028.9157834558443
-1093.86689823344
-1096.2929053416449
-1119.4777477985153
