6.498023546625166e-06
1.982829767488016e-05
1.0714378211031867e-06
-1.3639184438616714e-06
-5.853894972122122e-07
1.6686995965747161e-06
-6.842079890674968e-07
-9.597812939904027e-07
-8.48486053325382e-07
6.107722890764861e-07
-8.943565824024979e-07
6.655276954135312e-07
5.358770498924374e-07
9.789685785831028e-08
4.5095285758931993e-07
2.859252842928839e-07
-4.59491086171233e-07
-3.95158534318226e-07
-1.9157783267610074e-07
3.0664878705106127e-07
-8.56201697805079e-08
3.002690072252825e-07
-6.679041401217287e-07
-5.623418968453548e-07
-6.319362408432139e-07
-1.324489158562542e-06
-6.354180231649643e-07
-1.3089975965876906e-06
-7.856727838435596e-07
-1.055800796688495e-06
-4.01769974952718e-06
-9.978262616835693e-06
-2.0583909938727316e-05
-5.919393608055627e-05
-0.00020304458916300017
-0.0006589679419155272
-0.0024297484940286815
-0.010466948206451507
-0.013645107120496526
-0.014560035176043217
-0.01454111147449052
-0.015494887998986406
-0.023349738400121015
-0.023285111101270763
-0.023843689004519344
-0.020081760802520474
-0.02168424518847304
-0.022572079959150063
-0.02555601516286419
-0.02228677503817506
-0.02963660962996073
-0.026691653451112893
-0.02970143009893476
-0.028513702835398405
-0.030259487566523132
-0.028503760254474073
-0.03624780803001733
-0.040842134485124235
-0.03715014229753926
-0.03887395020375835
-0.035876891444317036
-0.03880338683404663
-0.04170079565256156
-0.04377521344402607
-0.04365722103303777
-0.046994626692931855
-0.051028443549755394
-0.04621507438500696
-0.04182099962077524
-0.038694524158541785
-0.041402503411183116
-0.04516318734453064
-0.04223141658429941
-0.057490985467171615
-0.05832782986011648
-0.06021799334775
-0.06115780125770881
-0.05660568213930623
-0.061878732197450194
-0.06825727899880728
-0.060890302152162595
-0.06187628283302733
-0.06339031430513895
-0.0687608594710033
-0.059902283696263006
-0.06711626813505843
-0.06271617252096397
-0.0657789307519845
-0.08016920158143344
-0.06710602413656283
-0.07149817246068184
-0.0741118738118748
-0.07107075174716795
-0.06887931424281066
-0.07942501973538284
-0.07731005435697906
-0.07394559693647214
-0.07095504794666793
-0.07163628526160726
-0.07898365527347577
-0.07703370993617535
-0.07238165188735257
-0.08178896411933104
-0.09158371577590858
-0.07713945458475757
-0.08481715422570019
-0.0783673794065658
-0.08287219391451196
-0.08793694903207128
-0.08589569657692558
-0.09113877502316045
-0.08734967929899645
-0.08652533042514997
-0.08884684324907392
-0.08430282713305945
-0.09263523907962895
-0.10010017091107945
-0.10654778207527808
-0.09408800403400357
-0.09556547411200311
-0.09107027162055668
-0.0996176526959007
-0.10578359263503284
-0.0966627647929163
-0.11565044979113334
-0.10106068040986764
-0.10498458045728307
-0.09757506345347222
-0.11169487202308283
-0.10139614279473937
-0.10465978028484478
-0.0947098193887604
-0.10325089009335986
-0.13473247054294782
-0.12554083469866728
-0.12414894888632445
-0.11681194042289106
-0.11549899435420666
-0.12597893848307087
-0.12325361859394572
-0.11535841250987423
-0.12874914937511017
-0.12017440135818198
-0.13228576801275224
-0.11811265368379378
-0.11865257928991521
-0.12130187417612269
-0.12877134616840938
-0.11319155718681664
-0.1234194545487311
-0.13371487519642647
-0.12719521058931482
-0.1317656873552341
-0.1343353618245886
-0.12912888158153538
-0.13153037908093382
-0.12984304762897908
-0.132175775979402
-0.12010754446589178
-0.1226758422002235
-0.12955684181552113
-0.12809317832452424
-0.13282502575644425
-0.12467151202748568
-0.14297963722455687
-0.1436925451678083
-0.13519603506691993
-0.12461139016465793
-0.12051197279231317
-0.1333367619169919
-0.14156552631201968
-0.13058319077977248
-0.12901498321529634
-0.14045387827565953
-0.13966019168030339
-0.13136605067801532
-0.1336342686624159
-0.1285386494519661
-0.12930028895849646
-0.11427123946246816
-0.11330901953516638
-0.1354855788487529
-0.13654127720880754
-0.13545710485502874
-0.1430232626244357
-0.15366147137955175
-0.1415831196424444
-0.1419955332493109
-0.13179218966496706
-0.15394356987178368
-0.14035440803707194
-0.1498979341877412
-0.14619755883861285
-0.13080359238504607
-0.1389103595560099
-0.12920034536840377
-0.13784978735316458
-0.1448650949689332
-0.13943070425192744
-0.13603067935771262
-0.12919389375717238
-0.13505302359723412
-0.14507085582167348
-0.1423716450690545
-0.13860813241606484
-0.140325279835309
-0.14798158120411162
-0.1441388377310356
-0.1492822721425105
-0.1429667603133315
-0.14073245946751384
-0.15150601072408568
-0.1518496797905059
-0.1476472461891059
-0.13019302223393564
-0.13887594423089433
-0.1409654511602312
-0.16214818331683356
-0.158263029157257
-0.13653778876310074
-0.15052870772684435
-0.15669056259519887
-0.14515376861648036
-0.14251253924446292
-0.14414944421727433
-0.1503901917891274
-0.14860579371345037
-0.15555094437210173
-0.1477561561432804
-0.1481803427182121
-0.14480562755777146
-0.1397086865542787
-0.14829114177221356
-0.14205353880464205
-0.14012373462693567
-0.13935187384441938
-0.14672065248566976
-0.15213233287513797
-0.1633125406084797
-0.13641383912074187
