-63.68821879356138
-333.36970823481334
-448.1634518671695
-444.03644357848276
-490.97363331680475
-459.00031620456326
-528.8369106004865
-539.8742207821613
-566.5325387688825
-630.3168076348195
-592.4346224855168
-637.7599286351885
-654.030584702294
-654.893824160923
-699.0150211857211
-610.3880268077147
-649.455751668473
-683.2336012932562
-695.5957451910467
-734.7222428893164
-745.5295510687587
-835.7120434446819
-759.3569489668042
-773.8283299449402
-820.6699382544663
-766.4526940941262
-796.9521300210381
-795.382131917136
-845.1408000849359
-730.9691504267504
-814.0527414275754
-858.1507866624313
-862.802324627951
-833.277084650532
-864.9808872240479
-821.7853743887167
-854.6301262884097
-872.2126449242165
-836.140269020186
-886.9037108135662
-968.0622410384192
-801.5349478139306
-899.2138636227577
-908.1019348460958
-863.0189358852975
-833.4589146842605
-913.5834690041256
-907.9665966737106
-857.3199107339306
-905.4192095863104
-984.5793986694055
-885.1235963650014
-952.6593845121322
-892.1246507794077
-897.5441484769918
-902.7762538364956
-964.3334964585194
-967.0762498917118
-964.2404845876079
-896.3307874257663
-907.8326538652868
-899.9881647632968
-912.3389107071309
-921.1957293040192
-922.4271782334499
-962.0959926860123
-950.7347669469596
-977.5460879088547
-952.0871586980908
-917.6283672152576
-865.8435249394536
-993.2711208778592
-899.0473387076559
-1066.181268814522
-958.0351093419686
-929.0339622080052
-994.3969115326481
-901.0834895443807
-970.6807404404962
-995.5285494937325
-976.356499922715
-921.4175703855154
-964.0849247335839
-982.4323308357995
-891.759491906188
-951.8410174604935
-959.1556484973925
-956.9561996558845
-980.7251662521319
-934.7045518330166
-974.1609968721592
-1015.3216757708431
-976.8910028791647
-937.8917160808766
-1034.1043315790766
-939.5809844979493
-980.7062697712727
-939.4146083005562
-963.2771674361646
-969.5045445948701
-946.5984692683418
-918.4593908155019
-978.5489962633853
-1017.6380406821378
-969.5211337112611
-983.7512190001352
-988.2120017532928
-978.8842622052689
-971.9218461700299
-964.210476115552
-1020.2902945472348
-927.4656622920718
-1022.6652290326659
-1001.5740240186041
-973.6241289871629
-1018.5815856500705
-1019.3587636596047
-1036.0893655416603
-957.6891428160777
-956.3621713357038
-932.8128423525991
-964.6603173698697
-996.355725266417
-946.5193394142361
-1022.9270846393251
-1019.3954117732114
-996.5304718369163
-987.1185825541272
-1019.2231110565124
-987.9673276101389
-1043.2648089975805
-946.3776128341525
-997.7522536653528
-1082.7367389976703
-1057.6378173361177
-1026.107880032557
-1069.6492468162617
-1036.2039225705757
-1041.8617225901871
-1046.1863388713055
-1007.3325520352834
-1055.6916353839883
-996.4150273360415
-1098.590384725052
-1000.0092632440927
-1037.1649327827488
-1069.086185739337
-1061.004953633805
-1019.7361565619569
-984.2612019903648
-1041.1843311380132
-1030.9218152723004
-1014.0724223863144
-1074.579696099879
-1035.6868825255451
-1098.5738060353538
-1053.5960615087763
-1078.2303321251673
-986.7176590822809
-1006.2693795004199
-1077.618011369134
-1042.7354450753207
-1065.3368585911765
-1022.1528070615733
-1074.7796317899283
-1111.7658678320695
-1043.7293744455285
-1013.1807343185222
-1038.0829944313946
-1106.2618987313065
-1077.3078507739826
-1032.902116661797
-1046.2474550937177
-1051.5383910720798
-1054.6850883773943
-1037.1778169897843
-1090.6755484738107
-1046.936153203661
-1045.5293305480536
-1047.644183134703
-1011.4910913008149
-1090.4426491672543
-1037.758437059442
-1051.6703179091353
-1025.6699583409568
-1145.9970784044485
-1073.4642030742311
-1071.411312451011
-1050.8209866345753
-1139.866045688704
-1032.0504265051284
-1139.193804334935
-1091.7324992237004
-1039.9516008900057
-1009.4323088205355
-1013.9573333389748
-1066.1168471843966
-1069.220814265963
-1098.9511561800257
-1030.2424809712968
-995.2837033595907
-1038.6959308160615
-1067.1952036273094
-1038.1894494679666
-1061.4547920150142
-1074.583283581492
-1092.2389850325299
-1062.8023525438
-1091.7950134442149
-1055.5125561974564
-1079.815288244854
-1121.3779473870582
-1075.058532002884
-1073.3604737877297
-1043.7181021321205
-1086.231459305583
-1116.734664819757
-1161.9831994546723
-1148.9827846437006
-1015.9434748289223
-1067.0715971806083
-1093.9408568671222
-1079.8854352049013
-1094.2263325364909
-1030.1307079995283
-1081.4895934360918
-1076.0440299120917
-1126.7601434052815
-1013.9424489621193
-1118.948938935583
-994.2217336761237
-1016.5471972034824
-1075.8684626581482
-1056.0346790453257
-1010.8315935057979
-1004.3752580622923
-1064.2892885697054
-1067.6227080503368
-1102.2653762173543
-983.0957221023498
