0.000125272593616856
2.6940295769160956e-05
-1.0086104027033823e-05
1.2181838326760798e-05
1.2402632467891874e-05
1.010252572034366e-05
-5.943978217734731e-06
6.145045976969698e-06
2.6951175403198463e-06
-3.315348773926173e-07
-4.45256695415531e-09
-6.371131628003835e-07
-2.5636393905433007e-07
-3.010945647278264e-07
-4.756780354575658e-07
-2.6646002880042963e-07
-1.2358549040050826e-07
1.407255459721853e-06
1.009102436331151e-06
-5.576447060656511e-07
2.558340383329736e-07
-1.2770080860039496e-07
3.775027976114793e-07
-3.2369038701839314e-07
5.703635128558057e-07
7.388785304231403e-07
3.6216120822356295e-06
-2.482988959648444e-06
-1.3883889198216076e-06
1.1001623688246451e-07
1.67673961228168e-06
-1.5402114919456438e-07
-6.882431089718623e-07
-5.848386451457422e-07
-9.853900546283234e-07
-8.987922214945713e-07
-8.310401731153827e-07
-1.3770882939487518e-06
-6.345031532565112e-06
-1.0878658417731635e-05
-1.5102405945447064e-05
-4.5578897330071525e-05
-0.0002260493401972634
-0.0005009566309969402
-0.0008933612604740597
-0.001453835515525087
-0.0025550810784350413
-0.004321333946615097
-0.007356038268130865
-0.007623394666891974
-0.012263682233931471
-0.015456256876733961
-0.01572683422256493
-0.019844407820054824
-0.021656405101294206
-0.02532310961034312
-0.027099564617868804
-0.03195018671594629
-0.03446634481757587
-0.03222345083741115
-0.03327076025626382
-0.03889180825216361
-0.04847305518690891
-0.04488012161479259
-0.04515938328665978
-0.04564084040541803
-0.048368734146644304
-0.054094167314641485
-0.04652295359421075
-0.05812696870073058
-0.05845947904847047
-0.0627039918130959
-0.05596216369531877
-0.0573381481129968
-0.06404459408123887
-0.06471305123899423
-0.06570443893409407
-0.06711909222665505
-0.06481474739285337
-0.07038993548176976
-0.07791437645022187
-0.07372821213072381
-0.07977719162483507
-0.07326019063059773
-0.07724746142209332
-0.09108531183653301
-0.08338882029056549
-0.08408074048540902
-0.07744161214267466
-0.07714900970061991
-0.08990745802146001
-0.08592953426443675
-0.08653530317159104
-0.09617549490638523
-0.10146331205354651
-0.09948721651228205
-0.09447299122428393
-0.11519606213175482
-0.10307289156333162
-0.1005791806731768
-0.1100943898267117
-0.10310787622160214
-0.10486179441353091
-0.09883585163340625
-0.10894690115208103
-0.1052529027552477
-0.10915091817271531
-0.11667553962441429
-0.11765083846151142
-0.12219024085641457
-0.12461474165105806
-0.11630275147464898
-0.12041739910768028
-0.11852034258608994
-0.1251332966207359
-0.1231286313796785
-0.1265555145905658
-0.129803865788556
-0.12187173077514747
-0.12450145846576116
-0.13392368202475394
-0.12987472721663076
-0.12927113270841986
-0.13343231044366338
-0.1367756455223621
-0.14099778658989387
-0.14249212962407876
-0.13500612536295048
-0.14301569449977117
-0.1404817713797951
-0.1379858340535845
-0.1355139143799307
-0.1422385220643356
-0.1429925578418896
-0.1531762477044823
-0.1490136384674292
-0.15500347292230976
-0.14948579217500402
-0.1445486898349452
-0.1628419875557865
-0.14976573340629104
-0.14354960277916923
-0.1592811731801879
-0.153596043427934
-0.1542825939365521
-0.1587543018963746
-0.15710377224939898
-0.16414554249538185
-0.16931461921382335
-0.1574263838184182
-0.1583111848776585
-0.15703794735694124
-0.155569323141145
-0.1711593042127788
-0.1573263948251094
-0.17337524707210228
-0.17511321543522762
-0.17632216147323082
-0.1615986477514978
-0.16258544019586513
-0.16987409220427951
-0.16216103340958327
-0.1775859610954394
-0.17042591688351938
-0.16890418313739797
-0.1610316160791618
-0.17130081688938018
-0.17864501512339037
-0.1763771384061756
-0.170131751566205
-0.16091540290583525
-0.17696002083251142
-0.16537359496793164
-0.16392326946820943
-0.16840792503122085
-0.16724582063677948
-0.18068124393370294
-0.1733371862489301
-0.18527278354743384
-0.19836217811339737
-0.17400655571869167
-0.16739573697065976
-0.17343361102997365
-0.17389130867021974
-0.17414240710317128
-0.18591454669764515
-0.17399304207362887
-0.17965516727203118
-0.18019304837396344
-0.18558674206107442
-0.18455696769095184
-0.173643636285469
-0.17851391218362317
-0.19248327112344657
-0.19425598141406814
-0.18399714540329673
-0.17842989331454656
-0.19192176150621562
-0.19266112187388032
-0.18519722383194667
-0.17492715695718397
-0.18586113688875042
-0.18658792286733603
-0.20389404889488
-0.1870490351739052
-0.2020899866844961
-0.17987681887528864
-0.20024653836335848
-0.1939561059998889
-0.18659302642920875
-0.2068978242644791
-0.2068741071265414
-0.2024179781842891
-0.18619956345456193
-0.17475751997964148
-0.18778424223344173
-0.20313562341635266
-0.192226356728011
-0.19401668138321368
-0.18796097984363663
-0.20571385550608834
-0.2014990767661465
-0.19815978956057945
-0.1978404103670471
-0.20745151299416745
-0.19812840050781652
-0.19493285892745865
-0.20768024828628323
-0.19581586540105841
-0.20378813691746256
-0.18674265093079978
-0.20008556187058443
-0.20286448333360907
-0.189078942722907
-0.19422014747759164
-0.19848986131606908
-0.19445210998697626
-0.18926771715592405
-0.2006493008304988
-0.19481380973526272
-0.19335993948448363
-0.19509016809564445
-0.20739987535479432
-0.19851826159240601
-0.21166682954929117
-0.19970786132879795
-0.19390449087105452
-0.20220736285439833
-0.19895702809704818
-0.19471747869805944
-0.21037167683243752
-0.20250841178437737
-0.19603738567281154
-0.20653497127060721
-0.21046702824919247
-0.2076593431974611
-0.2097763959103809
-0.20725486469605275
-0.18730941136187362
-0.21035588114234846
-0.21007603163131372
-0.19584767788665772
-0.2094370422808106
-0.19573990255647902
-0.18555476925923803
-0.20928858862095406
-0.1911936160970977
-0.19180479069768283
-0.21855816435635364
-0.2019963177599116
-0.1884940334591448
-0.19893040880131693
-0.21585298898256458
-0.1999961496438093
-0.19948287142552265
-0.20438464730119651
-0.21502363594240306
-0.2169466336951956
-0.21654885781881686
-0.21262713131486236
-0.19220017327193153
-0.21741309615650348
-0.2023450574882689
-0.21442978782793892
-0.19999239094177698
-0.21004070443088352
-0.21047627931022975
-0.21167682419415168
-0.21095690766375186
-0.2137496053296987
-0.21506835612970562
-0.2059929074863324
-0.20683535133501352
-0.22569723102834918
-0.2141154101848053
-0.21569686957682196
-0.19277909438314628
-0.19360854364244895
-0.21278616325062816
-0.20943808625177276
-0.2034398603514867
-0.216364946662693
-0.21327668746014894
-0.21446620469080277
-0.2025334559389592
-0.19812111320158612
-0.195111969597466
-0.2121197826224744
-0.2100751155156917
-0.2066335276730599
-0.2204551556279608
-0.21242441552206187
-0.20154012585153228
-0.20802944632808246
-0.21990326539804292
-0.22067884542906338
-0.20451473417232663
-0.2033562202281254
-0.22595479491076642
-0.20961068836357316
-0.19972359986915703
-0.21931330645499827
-0.20350541744685907
-0.20439766796331527
-0.19604490469917998
-0.21426071712107736
-0.22122085959787913
-0.22412312364694983
-0.22596340966174885
-0.22371523904781532
-0.2085545558293569
-0.22343432928182289
-0.20948711900182138
-0.21911460413889366
-0.22447186558236998
-0.21180692026692052
-0.20241744227467046
-0.20379048685998172
-0.2297983709937348
-0.20888470373790247
-0.21906618085101864
-0.20919390115457745
-0.21306749956021387
-0.23453857445840462
-0.20345793681729946
-0.2195843901862884
-0.2183082546043094
-0.21086786853037945
-0.20708582458871713
-0.21703640120061038
-0.2084091541095538
-0.21275814453543332
-0.22714577366765332
-0.211363000911124
-0.21009202792485188
-0.20744240947908932
-0.21592005112204135
-0.21407216376612126
-0.22066396086858714
-0.23311041903785057
-0.23211921166096414
-0.2127521865569862
-0.21059980766830563
-0.2147352498342296
-0.2197077679147403
-0.21958306044649145
-0.22390179849371383
-0.22521446130886535
-0.22779208874922194
-0.21899854828719445
-0.2253648922220731
-0.2217108725756836
-0.21579030955806888
-0.20613066586161521
-0.21381018411428218
-0.21205493770507572
-0.21103351469224638
-0.22705808973738126
-0.22333499663487968
-0.2151816472806002
-0.19889347497287982
-0.2167839768089457
-0.21579583576335334
-0.22502292324424064
-0.21981139799949073
-0.22465444326589595
-0.21795255451276468
-0.2182218172171149
-0.2190692411576857
-0.20713808145406248
-0.22452036164323305
-0.2123781477491702
-0.21187178697651637
-0.21562855944578205
-0.21649278630609817
-0.22520749192375877
-0.23652061440634287
-0.23027613301212096
-0.2164853008051965
-0.23141168287959515
