0.41710951924324036
0.48914663222390936
0.4668517916158597
0.4679946881216792
0.40901489857979084
0.4587316111863209
0.4375876874452637
0.4068924179000239
0.440510603157194
0.41359942629590013
0.4090223039762216
0.4388965388871558
0.4068314140997312
0.44544038825458093
0.42815910911505123
0.406483349523374
0.4300568262758892
0.485983913395262
0.3708066321600417
0.4607487067854899
0.40963538032248276
0.4186236469530015
0.4094134031146902
0.4320340872085589
0.46040774020044484
0.4609020889354741
0.44757792175090805
0.3828203806198687
0.44851504218193794
0.37809465671052583
0.3768921470535653
0.4392769117646503
0.42602096865391403
0.440662355192246
0.39675425714062107
0.4264434136209949
0.44601054105066484
0.44044691755131643
0.39298251690128433
0.4208261580785848
0.46942534980960704
0.4642011140245721
0.3888525623433326
0.4573787815808769
0.4695425828755726
0.44757760813983355
0.4424600450811298
0.4392153004416123
0.4029270451395742
0.3864711681423786
0.4019607492992955
0.4326819971821825
0.3647001106034501
0.3380994798812998
0.4249935309458438
0.3855755396427647
0.39018505809974563
0.3621593026040886
0.38858268588506684
0.38411668810804594
0.3727785853952307
0.44253024503520005
0.36780244681967017
0.3572466888632368
0.37476640151736373
0.35703458001811383
0.3543227365077366
0.3440908249210103
0.36274713549059107
0.29765402573731636
0.3212426855327553
0.3371077895095821
0.37943585038459793
0.33697224501091216
0.3076370329111128
0.3234492496068027
0.3401657871318303
0.3672123994455085
0.31436855102189676
0.3438963956512888
0.2682266064194216
0.3013212031809278
0.3003858755329787
0.3402993790977012
0.28442395220978467
0.3098462014738041
0.3080042552048435
0.3232364225360106
0.30423890097144013
0.3338097002237074
0.3285884909366133
0.29483744402497597
0.30509512977940695
0.296898453620859
0.3022815349945275
0.30244470136197205
0.2911269193008748
0.2668147536192072
0.2752138605976503
0.2501261006817565
0.25635908391275164
0.2932441741580032
0.26936808906598575
0.29840799534375767
0.250408279730977
0.24487159405470169
0.2691462406468007
0.2712225260316021
0.28219073344760226
0.23364440767171746
0.19177801781741705
0.23020010840250738
0.27907589069365907
0.251116626067645
0.2546473330140011
0.2510818204057107
0.21697796449442888
0.22916610394754716
0.2245605037770822
0.24256298408633278
0.1994717878285229
0.243022840753335
0.20296739549311693
0.19417090380075067
0.21752211373258587
0.19196993959552613
0.22150095069806697
0.2658909535349866
0.18572113735016949
0.1630322501848748
0.18312131273076224
0.1794432561559182
0.17299141640418686
0.1709220677009067
0.18552419855173521
0.19302183172122622
0.1706089350836961
0.18289400010116502
0.1605521734194478
0.16738795277017193
