1.298662624188832
1.0399559124239854
1.1911208587033408
1.1828246584960393
1.0395988800695963
1.2212245214198316
1.3039064219088428
1.042647313060505
0.8699906377920082
1.428911851985114
1.2462982258626394
1.0209524312189646
1.193657249212265
1.0625246922884668
1.2356044266905104
1.1902214799608504
1.185524387019021
1.1915734325136458
1.2148762771061488
1.2063763248068946
0.9578198535101754
0.9464853182435036
1.2014610362904412
1.4217768439224787
1.186597931597914
1.297634209905352
1.001960405813796
0.9873199122292655
1.1145374248070377
1.094701424241066
1.1200551007475172
1.252885605607714
1.3105240081037794
1.2331697344779968
0.9756951885563987
1.1141847499779292
1.282323463686875
0.8437271660992077
1.1665655672550201
1.3961093149014883
0.9494819732915077
1.156734321798597
1.3211731697831834
1.007196071956839
1.209649728877204
1.1246788586888994
1.5442052015236445
1.2275516188570432
1.092735699244908
1.116977600114686
0.996356349704521
1.0674599021939295
1.1887642634766442
1.4140429134879793
1.2181445636919566
1.293499577503938
1.0622292033263616
1.4935106464794703
0.8243110414062228
1.203452273405024
1.2119700110384397
1.292953297495842
1.0322772221905845
1.2045692631176539
1.0600428155490331
0.869280780000346
1.1182621642947197
1.1807809589164597
1.1632413182939803
1.124349098120417
1.0955566252980913
0.8107600201453481
1.257757699915341
0.7768044703240905
1.1328671766178948
0.9450901858508587
1.1864862399441856
1.1093908250331879
1.3037379256316595
1.5644966321332114
1.3810156796659743
1.0555821029203278
1.204049438238144
0.9802082617368016
1.389658361673355
1.4045728306685175
1.1306565999984741
1.1409049608877726
1.0878022955014155
1.4701743445226125
0.9981896794800248
1.0882280277354377
1.274040893784591
1.079711669257709
1.3974628554923194
1.26403928687796
1.209852586899485
1.3557171651295252
1.1371962917702538
1.2168823927640915
1.1452418368841921
1.2037415754582201
1.2193209656647273
1.3423623783247811
1.1270817880119597
1.2616976286683763
1.3122504225799017
1.041859575680324
1.1904672852584295
1.1049290810312544
1.2340351747614997
1.1961065999099187
1.3076242804527283
0.8451861355985913
1.154652836333428
1.0499507037124463
0.8985094215188708
1.030211376292365
1.116013418350901
1.1724810302257538
1.02867410518229
1.010662661067077
1.3789773136377335
1.4100230974810464
1.3796060170446123
0.8830901964434555
1.128770288079977
1.328648077590125
1.3252365248543876
1.1855822684509414
1.3064849546977453
1.1882875745317765
1.2416206023522787
0.9457254867468562
1.237522297671863
1.2764872355120522
1.1391180423753602
1.201541657958712
1.029963438532182
1.367765677826745
1.11912573661123
1.1211114759956087
1.138874786240714
1.1189478529351098
1.28335144211139
0.9375288167170116
1.1846466660499573
1.435566361461367
1.1660317587000983
1.4586552360228129
1.0893650778702326
1.1434061697551183
1.172115491969245
1.2669263524668557
1.3070289098790713
0.9755043131964547
1.1027887402368444
1.392995604446956
1.3236085543675082
1.0550714103238923
1.038353251958532
1.1417586118248957
1.3570580993379866
1.5094331077166967
1.0416381775534578
1.333515273673194
0.9729552577648845
1.2171595990657806
1.0297240689396858
0.8770131702933993
1.3401868620089121
1.1429985080446516
1.199547594014023
1.2537626602819987
1.468209104878562
1.1083978052650179
1.3003917570625032
1.146126470395497
1.1985371027673994
1.128874659538269
1.2155362495354243
1.209411518914359
1.0663139479500907
1.2738618510110038
1.1053934363382203
1.3116628900170326
1.1837101323263985
0.9585072568484715
1.161633157304355
1.3676900267601013
0.7389961111226252
1.1844118471656526
0.9569620213338307
0.9748442556176867
1.29210343424763
1.4966797956398554
1.3745451122522354
1.0226983092725277
0.9730698844151837
1.0931803733110428
1.4280058879937445
1.2039112044232232
1.1571038024766105
1.0828422361186572
1.2579155010836465
1.1347452253103256
1.1307792817907674
1.143516136067254
1.2208371726529939
1.3011123399649347
1.43678052510534
1.1346437675612313
1.2386283321040017
1.2776806844132287
1.1330726540514402
1.0303104402763503
1.0214648816202367
1.2862516726766313
1.2086781721029962
1.0236564459545272
1.0763731833015169
1.2015181354113988
1.2030573189258575
0.7688461164278644
1.166483855673245
1.1118955399308885
1.0682398889745985
1.1126688186611449
1.2462869435548782
1.1821448568786894
1.0005689425660031
1.215559956218515
1.2395767463105065
1.4022707396319933
1.134698944432395
0.9949841275811195
1.0415383226105146
1.1875180155038834
1.086046216743333
1.3588726605687822
0.9597153732819217
1.3055982547146934
1.1713370510510035
1.2293402871915273
0.9224070608615875
0.9553646743297577
1.286287794155734
1.0268488233642918
1.209894448518753
1.1436162803854262
0.8561096872602191
1.1264628038874693
1.0846372629914964
1.029994519693511
0.8652511345488685
1.0668570505721229
1.0047033322708947
0.6656816548534802
1.0409256645611353
1.043619269239051
0.8087604498224599
1.0867802160126823
0.8943973816266018
1.0482676667826516
0.9431921147874424
1.1595622918435506
0.929504256695509
1.001002209527152
1.1446165719202586
1.0887518397399358
0.9551012281860624
0.9871783873864582
0.7839911154338292
0.9802074820867607
1.0634876702513014
0.9149330481886864
1.0535256671054023
1.147523616041456
1.1927666813135147
1.0790813160794122
1.0672113533530916
1.0157731963055474
0.9508438397731099
0.8017464077898434
1.1363304587347167
1.0997391428266252
0.8512932628925357
0.9736972323485783
0.9205338758017335
0.9215662894504411
1.1050718895026617
0.8016052906002317
0.8582641120467868
1.0674014176641191
0.9725810544831412
1.0464250876435213
1.1525308979409081
0.9815575757196972
0.9244454886232104
0.8708734618765968
0.9972243915711131
0.979907459446362
1.0286015165703637
1.125068255833217
0.8223778645374945
0.9222016366464751
0.8781295977532864
0.7430494172232491
1.1749859537397112
0.9636198580265045
0.9996397175959179
0.9197368905214327
0.8494570510728019
0.8949148532535348
0.967510815177645
0.8863564963851657
0.8545183172183377
0.8898943258183343
0.7658755108714104
0.8159816243818828
1.0300238281488419
0.8647058052676064
0.8607215668473925
0.8117297823940005
1.0396941346781594
0.9698779822460243
1.0520696916750498
1.0045925570385796
1.0540989126477922
0.8410765464816775
0.8826522787234613
1.1544117033481598
1.0295997544058733
0.9558210990258625
0.8961484836680549
0.9243978442890304
0.8624167484896523
1.0353699262653078
0.9480298039104257
0.8286198973655701
0.8747639911515372
0.9654080207858767
0.8514667642968041
1.007801361914192
0.6996940720294204
0.8973986996071679
0.8796600465263639
1.0230143006358827
0.8802257648536137
1.0156786782400948
1.002032492841993
0.7659926611397948
1.0066721183913094
0.9972079055649894
0.8083876094647816
1.0176351251346725
0.9554486913340432
0.9359658264688083
1.0285986917359489
0.8444212760244098
0.9538091208253588
0.9640943152563912
0.8554528105471816
1.0051758672509874
0.847380990428584
1.0015185262475694
0.9259592060531888
1.049890406961952
0.9268280757325036
0.8617245129176548
0.8583687394857407
0.8970188136611666
0.9428249852997916
0.7094406528132302
0.7738486815776143
0.8187032544187137
0.7145256022257465
0.7534324883350304
0.9814370444842747
0.8665170328957694
0.7773649591420378
0.8600227300609861
0.6322029262248959
0.8739713089806693
0.7804203225033624
0.9493356203394276
0.7502081032310214
0.6677108548049416
0.719525797026498
0.9683712848595211
0.8454569748469761
0.8676065596250387
0.7111911582760513
0.8469959880624499
0.8614892810583115
0.8545449163232531
0.735449009974088
0.71599238046578
0.8069748793329511
0.8737764017922538
0.6396279217941421
0.8951351600033897
0.7869559015546527
0.7264864504603403
0.8456345722079277
0.8663955235055515
0.8399755720581327
0.906333423086575
0.8077310089554105
0.7865697480738163
0.6706254056521824
0.8461131049054009
0.9322901602302279
0.8143489616257804
0.8444910922220775
0.6915637696427959
0.8057591755475316
0.7920373124735696
0.8196535600083215
0.8138077535799572
0.8695679849811963
0.68776735663414
0.9095641779048103
0.7238761809255395
0.8788360740457263
0.8431519120931625
0.7811894022992679
0.7164099386760167
0.6543698608875275
0.7640659979411534
0.839352585375309
0.6347555321242128
0.7283519144569125
0.811962902545929
0.802500531077385
0.7924895712307521
0.9187133620892253
0.8391419670411518
0.927218636231763
0.7531420482056481
0.7225056684442929
0.6831509448014773
0.7143121212720871
0.6734110255326543
0.7707943618297577
0.6774635133998734
0.8200356108801705
0.6639821923204831
0.8566793735538211
0.7434814614909036
0.7823691751275744
0.6236140419329915
0.6671780512801239
0.6791078512157712
0.7000034486076662
0.7352395334414074
0.7439273414867265
0.7748484430568559
0.7099170876400811
0.6926992535591125
0.6209695566711682
0.7947093631540026
0.8335608499390739
0.7020757432494845
0.6922585000949246
0.6273139672619956
0.6681718086557729
0.6707347525017602
0.7707543873361179
0.8688798461641584
0.6288247081850257
0.7429211033242089
0.9143033440296466
0.6512091202395303
0.6932542813675744
0.731974649642195
0.7142181502921241
0.6991825210196632
0.6685688069888523
0.6454707873719079
0.5932120898595223
0.5668004000825542
0.6385268675429481
0.5758497145559106
0.7303490415215492
0.6046675954546247
0.4790169704439385
0.6293722125036376
0.6739118748477527
0.6306692851441247
0.7205399668642453
0.6034875469548362
0.5655092290336532
0.6810946437929358
0.6477328488337142
0.6278838547212737
0.599619444991861
0.7327282024281365
0.6837026647159031
0.5487955106156213
0.6819537878036499
0.6182603963783809
0.7513927221298218
0.6483323105743953
0.5412271342107228
0.668611649956022
0.6812437080911228
0.5882795542212469
0.6140379905700684
0.49821232312491964
0.5288538044052464
0.5718397200107574
0.6873361713119915
0.5544692256620952
0.6185162131275449
0.47599675187042784
0.5791019158703941
0.6568322564874377
0.657471589744091
0.523785687983036
0.6461006920518619
0.5995608759777886
0.5045728369482926
0.5123429479343551
0.622024190212999
0.6105749639017242
0.5845271665602922
0.5940899936748403
0.6533073080437524
0.5534402312976974
0.6087004712649754
0.539836340716907
0.6463066786527634
0.5876955538988113
0.620617191706385
0.5123537629842758
0.5235226516212735
0.5372201374598912
0.6930890147175107
0.636168339422771
0.6405925239835467
0.45845111299838337
0.5953340881637165
0.4509644103901727
0.5971531346440315
0.5170951224863529
0.5308060337390218
0.5165515158857618
0.48129733705094885
0.5243850669690541
0.6056772113910743
0.5524971804448536
0.7134611595954213
0.5299384711044175
0.5110935387866837
0.5309689002377647
0.5385983682104519
0.5555007755756378
0.6131929286888668
0.47884819470345974
0.5995066804545266
0.49226813656943186
0.4452999948656985
0.5460628377539771
0.4871013419968741
0.6466746436698096
0.5571532930646624
0.5166556957576957
0.6202465881194387
0.5761621253831046
0.5888479564871106
0.5891765419925962
0.5156792072313172
0.4984363413282803
0.5524925443210772
0.6041539737156459
0.6036727918045861
0.5475303466830935
0.4926307387650013
0.529155361865248
0.6080009937286377
0.5208238996565342
0.4720368262912546
0.6256470616374697
0.5690998594675746
0.6168698029858726
0.7008967410240855
0.581916552569185
0.49232104048132896
0.5039192230573722
0.4219572309936796
0.4949399796979768
0.5342225953936577
0.5064850199435439
0.43841941548245295
0.42407611065677236
0.531792870589665
0.6051858088799885
0.575492544897965
0.5630471377766558
0.5545496940612793
0.4229999487288296
0.47760565153190065
0.4514555921778083
0.4691723808646202
0.6073745297534126
0.5010994161878314
0.4368276207574776
0.5463043376803398
0.4664704416479383
0.5156968858625207
0.5414958596229553
0.44407321313130005
0.5143340017114367
0.493941105902195
0.35249053686857224
0.4823166919606073
0.44628048475299564
0.4805765226483345
0.4457324796489307
0.4563707560300827
0.5671219038111823
0.49462626728096176
0.43356194426970823
0.48039489558764864
0.4455924215061324
0.5487483867577144
0.5371206934962954
0.43944295602185385
0.4592608261321272
0.5162673603211131
0.5556263199874333
0.44595755636692047
0.5175936403019088
0.37553792766162325
0.47890722112996237
0.5627555836524282
0.4330844432115555
0.4931571962577956
0.3684887995145151
0.5432819682838661
0.4603784275906427
0.4312568945544107
0.4393087902239391
0.4868253522685596
0.43926238428269115
0.46512739333723274
0.4683620695556913
0.503410958818027
0.49789468731198994
0.5107842470918383
0.48564532292740686
0.3516265372080462
0.45873396737234934
0.4014701470400074
0.578892642898219
0.4434865564107895
0.5388980305620602
0.4281213714608124
0.5036627511893
0.4421586458172117
0.41400236104215893
0.44565932559115545
0.34333461948803495
0.476388900407723
0.3947216804538454
0.4573403356166986
0.608010858297348
0.46213106332080706
0.4873245864042214
0.36783832205193384
0.4343125309262957
0.447324486715453
0.45931544580629896
0.46737428062728475
0.4425331859716347
0.4283196287495749
0.40287845741425243
0.4577705743057387
0.44859852202768835
0.440573839204652
0.44481112914425985
0.4559488743543625
0.3974822445639542
0.43937091689024654
0.3123239494327988
0.3933746623141425
0.45400833232062204
0.44392458721995354
0.4500584696818675
0.2963984007281916
0.46821005642414093
0.4419966776456152
0.3814436224887946
0.47314255501675817
0.41462444407599314
0.401984341442585
0.47756890101092203
0.4376181938818523
0.34128984063863754
0.5213420242071152
0.49702064799410955
0.4836782653416906
0.42645817569323946
0.39776740223169327
0.44891602971724104
0.42359560834509985
0.5465941556862423
0.4206727671303919
0.3419553456561906
0.44620925800076555
0.4358574790613992
0.4684778968138354
0.5190758997840541
0.42716619299192515
0.49802123648779734
0.3356375960367067
0.3646014854311943
0.48835347273520063
0.31913939730397295
0.38387857590402874
0.5184862422091621
0.47690297323944314
0.3728416407746928
0.41059011965990067
0.4214800958122526
0.4091933284487043
0.4252701220767839
0.4010906474930899
0.42205596395901274
0.34456775044756277
0.4436061659029552
0.4973781257867813
0.4998140021094254
0.44156531031642643
0.42530849975134644
0.41951161303690504
0.4061682979975428
0.44177049877388136
0.3917724857372897
0.37697185735617367
0.2890701268666557
0.40213174905095783
0.34186773002147675
0.35678852136646
0.3290081654808351
0.3848679635141577
0.373324773141316
0.5478819869458675
0.5082514307328633
0.3583023963229997
0.45563352533749174
0.40834244393876623
0.4153439506356205
0.39452014224869864
0.44945903761046274
0.38689521642831654
0.30929704695673926
0.31136305576988627
0.4490047012056623
0.41758327345762936
0.3195279445499182
0.3643609013940607
0.48263114797217505
0.41984486100929125
0.38595121886049
0.3870532789400646
0.4289092283163752
0.4291320102555411
0.38101135566830635
0.4101391763293317
0.31701421338532654
0.33584217940058025
0.31186048886073486
0.47239018976688385
0.4748181775212288
0.42592917249671053
0.35489431981529507
0.36671213805675507
0.3638016658702067
0.4357519341366632
0.4245920995516436
0.3641475534864834
0.35844225330012186
0.4061244470732553
0.3345706697021212
0.36420978765402523
0.3428663398538317
0.34161930557872566
0.38494990659611567
0.37214591673442293
0.4537209573068789
0.3506231691156115
0.3225061127117702
0.32496484741568565
0.3792103816355978
0.3338315896689892
0.2953038224950433
0.42312457306044443
0.4438969825527498
0.42344509810209274
0.3622767723032406
0.45023263671568464
0.4314890525170735
0.351935438811779
0.3972820277724947
0.37727723909275873
0.4048434108761804
0.41732025519013405
0.3703226361955915
0.46543057901518686
0.335549659760935
0.35298935004643034
0.4412395991384983
0.4581270771367209
0.3206154831818172
0.2898554599710873
0.35383991178657326
0.34248999253447565
0.3538758241504963
0.31269928334014757
0.25385200658014845
0.2649984181459461
0.34138930269650053
0.5056441772196975
0.36869532082762035
0.4301380733294146
0.38849218136497904
0.34169138222932816
0.33662872282522066
0.3240217907088144
0.31574562865381056
0.2728784408952509
0.33629919136209147
0.3677831534296274
0.2770882562867233
0.26680911478719543
0.2708859709756715
0.37391814802374157
0.3124993267868246
0.36831558735242914
0.35471615434757303
0.37639104734574047
0.3769251142761537
0.3576303630002907
0.21285290673508175
0.3706123594726835
0.3026315082928964
0.39090016058513094
0.29912667566843865
0.4457185114068644
0.25771208732788053
0.29921519942581654
0.3034229015465826
0.34045074933341574
0.32535215666783707
0.2967739339385714
0.25129256217873525
0.37195218886647907
0.2523562310795699
0.3670005798339844
0.31967098851289066
0.36747016438416075
0.27445459871419836
0.28636213125927107
0.32553200902683394
0.3409491388925484
0.2959370829963258
0.34704174154571127
0.27837699305798325
0.2938706534249442
0.31721421650477816
0.309916511710201
0.3015414652015482
0.2960020870502506
0.3474867617977517
0.43256942874618937
0.30353328053440365
0.407322749029845
0.37215205122317585
0.3111473811524255
0.35952467897108625
0.2876073680818081
0.2860679291188717
0.3115419867847647
0.3541574073689325
0.24855406103389605
0.3006702682801655
0.34617983390178
0.41273241490125656
0.30181945647512165
0.45298779010772705
0.33559087238141466
0.29545132044170586
0.28980165619689685
0.3636435477861336
0.30795168078371454
0.28310840842979296
0.3306913221521037
0.23482230305671692
0.32597382606140207
0.2530229921851839
0.250954910580601
0.3058175830436604
0.3299244163291795
0.20405147703630583
0.3254117263214929
0.40065582894853186
0.4199605477707727
0.34120732226542067
0.33040619641542435
0.2548648144251534
0.27150789222546984
0.3271981201001576
0.19220230462295668
0.40127001809222357
0.2756056104387556
0.3535343664033072
0.35840708230222973
0.2999406967844282
0.2983779537358454
0.25710575389010565
0.3806263957438724
0.42315059368099484
0.3084710117961679
0.30306452406304224
0.24614308694643633
0.33771769808871405
0.3297431679176433
0.32134867725627764
0.27703895792365074
0.40239641442894936
0.30451562175793306
0.34176721423864365
0.32617260542299065
0.4747004977294377
0.32459201317812714
0.38334546025310245
0.2882376820115106
0.26095419749617577
0.4200240299105644
0.31119934363024576
0.41886671259999275
0.3793216443487576
0.47469440209014074
0.3130404039153031
0.38363264767186983
0.35394502484372686
0.26612517716629164
0.3410393297672272
0.2950745741171496
0.2954695469566754
0.4458481584276472
0.41955885237881113
0.2241715543371226
0.2513099799730948
0.2580326630600861
0.27694195189646315
0.3222715822713716
0.30636272419776234
0.30086615309119225
0.272263160773686
0.18141860035913332
0.36509255106960026
0.23585855774581432
0.2203382134570607
0.34548563829490114
0.3465780610484736
0.29996409533279283
0.32062261179089546
0.3050365581044129
0.21870911121368408
0.3086224350013903
0.3725826410310609
0.2881199596449733
0.3659353759139776
0.29399966849730563
0.32653385952913333
0.31716413024280754
0.35226499369101866
0.2023160614605461
0.24683913681656122
0.2989815633211817
0.2910643922431128
0.22131356996084964
0.2870366520115307
0.30719601921737194
0.33210515630032333
0.256061918501343
0.244734151288867
0.3703241114105497
0.29710557418210165
0.337121948067631
0.33945477860314505
0.27553738972970415
0.29391829429992605
0.310375144172992
0.2530037984251976
0.3443632764885059
0.21552552602120809
0.23661298331405436
0.2365724252802985
0.2258443723964904
0.2349794725222247
0.2798262009663241
0.26654963780726704
0.2849987535072224
0.26444947347044945
0.28101771218436106
0.26242569355028017
0.2141853640122073
0.23537898382970265
0.27266283838876654
0.2699842769652605
0.28399008166577133
0.36090876747454914
0.2690732910164765
0.26207241469195913
0.2697660965578897
0.31107416057160925
0.32178025266953875
0.21465538442134857
0.2838972711137363
0.21413006527083261
0.36177389483366695
0.24138921366206237
0.274122645546283
0.24035722074040677
0.31586154191089527
0.2645764590374061
0.23743401853633778
0.35558939086539404
0.4014185613819531
0.2743854782061784
0.22422097041271627
0.33314711547323633
0.280502782070211
0.30687752419284414
0.2717815435358456
0.23780568103705133
0.26710489245929886
0.1885502961065088
0.2209983571831669
0.2895687125050105
0.19699348296437943
0.2732535552765642
0.2599890705730234
0.29320918090109316
0.31339231239897863
0.19092814890401705
0.3259682351989405
0.21384135324374906
0.2410319380994354
0.3181092558162553
0.23286464650716102
0.27942054505859104
0.293844680168799
0.26092550557638916
0.2981217953243426
0.3605663872190884
0.2449584182884012
0.21471248966242587
0.31341987528971266
0.3080067452309387
0.2751824004309518
0.2328276682112898
0.23233295817460334
0.2725991147703358
0.24241880726601397
0.32960441655346323
0.28782687515818645
0.2144523852371744
0.23511797269540174
0.2981944722788675
0.23857643189174788
0.4121156720710652
0.2968888671270439
0.28223732991942335
0.301434871341501
0.15747654178578938
0.352474271985037
0.24104695527681283
0.21913137286901474
0.2171315336599946
0.2500420864671469
0.18791084231010505
0.21888648292848042
0.30056034587323666
0.26477627349751337
0.24662126569975434
0.1376391466307853
0.2457930858113936
0.20094348250755242
0.22309380796338832
0.3644327382956232
0.2877638186993344
0.28354068166975466
0.4986847798739161
0.2573030809206622
0.29305434386645046
0.2527409148003374
0.2528017698121922
0.23351196625402995
0.20045399399740355
0.24395303667656013
0.26128287320690496
0.20720831251570157
0.23871977281357562
0.3152883531791823
0.20119708590209484
0.222503414943016
0.15233333422137157
0.17749236810154148
0.26815721658723696
0.218747079372406
0.1824943669406431
0.312086870893836
0.2656623228852238
0.2462343837001494
0.28493307025304865
0.267584927380085
0.21079494830753123
0.21737190575471946
0.3311139393065657
0.3173683322966099
0.251126346444445
0.3203775685812746
0.22111609777701752
0.2718536514522774
0.263332106971315
0.17727842980197497
0.2293476428437446
0.2702055300718972
0.20701288804411888
0.29735091967242105
0.25153555175555603
0.16818591613056405
0.31640070996114183
0.2206390066338437
0.22801706015265413
0.31930627806910444
0.25815080053039957
0.3109251799594079
0.12370269120271717
0.23547973377364023
0.1950789482465812
0.17147385541881835
0.2603120593620198
0.170846678050501
0.2681915198585817
0.23762036061712674
0.20074928738176823
0.20119064327861583
0.29262487271002363
0.2047527533556734
0.1880812137745894
0.26133161639937985
0.21787165557699545
0.2111971957076873
0.15341267794636743
0.1839574535894956
0.26722834152834757
0.2770031723859055
0.1834481969209654
0.25085487010489615
0.23585695733449288
0.19711988645472697
0.171218603849411
0.21940108628145286
0.18697502011699335
0.17521173107836926
0.25676441485328333
0.19249685521104506
0.18368529262287275
0.22440121738383403
0.16397431226713316
0.17336729601291673
0.18148717360704072
0.1879637067073158
0.16046828064801438
0.15921877181556607
0.24395300121977925
0.24166531914046832
0.19586303384442413
0.19804200742925918
0.1786884187853762
0.14622456207871437
0.16310538168597435
0.1474888167743172
0.2478641944804362
0.1639239273167082
0.20923886614452517
0.1604660525918007
0.08311344373838178
0.2317444607615471
0.1406023271514901
0.18214963522872754
0.2587659067274736
0.2612054598118578
0.17488341662101448
0.21882213978096843
0.1514500697542514
0.19468743420605147
0.1856193095445633
0.19474537165037223
0.22036594724548714
0.27395264378615786
0.14261776474969728
0.2531659806679402
0.20112289381878717
0.32064488689814297
0.24438157651041234
0.23655563406646252
0.26186819055250715
0.23501313371317728
0.25138909675713095
0.24351133964955807
0.26124044933489393
0.3209339566528797
0.2523561023075932
0.24465758240382587
0.2380588719887393
0.1952440467263971
0.22486988322011062
0.14841177793485777
0.1774534012656659
0.2651010855500187
0.2492538525589875
0.2235006920860282
0.18547232023307256
0.1669083527688469
0.16693735512671992
0.18903175488646543
0.16303138700979097
0.1488770501954215
0.2401189830686365
0.18273905957383768
0.23272176178787568
0.2829725509582204
0.19621744698711804
0.187792951906366
0.2241023674474231
0.1512011624207454
0.20766613645745174
0.18117625399359635
0.18774279712566308
0.24790996605796473
0.19360293660845077
0.4066820756665298
0.3215044710252966
0.286156351012843
0.2248030612245202
0.15252760917480504
0.2688999053622995
0.19713784594620978
0.1976297130542142
0.30947937957742916
0.3588653588813031
0.25244535678731544
0.24211529748780386
0.1583914897138519
0.2020945982741458
0.18562586073364531
0.13367035296479507
0.2257071577145585
0.13774680412773574
0.225866169535688
0.3166240957964744
0.2547784059175423
0.21936695277690887
0.2583480571795787
0.3187270449208362
0.3075486176780292
0.2503438943198749
0.17123218066990376
0.20422451973094471
0.18947802909782954
0.2428505862397807
0.17493266234773078
0.2125073873570987
0.18474257617656673
0.2661064974963665
0.1725959623498576
0.137170095395829
0.24031216385109083
0.18486095179936715
0.16584516156997
0.1947729059361986
0.1692512012752039
0.1707324647743787
0.16533714645941341
0.12706206845385687
0.28152697022804724
0.44624750473751473
0.4055599058046937
0.35931338742375374
0.3146306662155049
0.2109430941220905
0.2311150673776865
0.22929174293364799
0.14309227566367813
0.1700993981877608
0.15760680673910038
0.1744664815986263
0.19925819946885376
0.1607045930567048
0.18124760328126804
0.14179512635538621
0.17357479062463557
0.15130968418504512
0.19770682640540013
0.13607874007097312
0.12001963318990809
0.15903519626174653
0.2545236171489315
0.19315189555553453
0.20595350036663668
0.21869387371199472
0.18995445195053304
0.31129358313046396
0.23120590299367905
0.22077321666958077
0.2183717946921076
0.18237665415342366
0.1763412790772106
0.17351305657731636
0.13801910056333458
0.12747964409105147
0.14853531241949117
0.22037020006350108
0.14025807433894702
0.1406379279547504
0.14874705969954707
0.19642745490585053
0.18312969697373255
0.15817709293748652
0.1569866180486445
0.1394271140119859
0.19001285204597348
0.11807651255678918
0.17498321299042022
0.1514535798092506
0.20615662168711424
0.16732950352265366
0.17788068218422787
0.23418484461892927
0.15837253177804606
0.3456887005429183
0.2776425883306989
0.3132589470881682
0.22556382151586668
0.13872065927301133
0.2065586304691221
0.1351450584396454
0.18324716046585568
0.19999282228361284
0.11387084038662058
0.20086360304516607
0.12818178636786928
0.20696317883474485
0.15397259333570087
0.15439462235995702
0.23625986357884748
0.16136078057544573
0.18450935601556143
0.18753560406262132
0.1579942628907572
0.20343663051192248
0.16799542973084108
0.14689556462690234
0.1256150634393894
0.23719810747674533
0.1999013093965394
0.2242497901565262
0.13072587310203485
0.10101894102990627
0.15664366077232575
0.14853486086108855
0.1827713261757578
0.09816652507288381
0.2765983601964308
0.1565930412949196
0.142583283928356
0.17834778262788728
0.1577602225754942
0.18907565058075956
0.18424582481384277
0.219180193376295
0.17294505276056174
0.12401940088186945
0.2404848506141986
0.2312317971788746
0.16072162427008152
0.2108072792845113
0.23077526755098784
0.16124182088034494
0.18974460097212745
0.12062106188386679
0.18810145487077534
0.1477878196830196
0.15162990162415163
0.1508824766746589
0.18571231181600265
0.2125987478398851
0.14770155064096407
0.29412519319781233
0.22988956488136733
0.18755933263206057
0.22621658923370497
0.10743502853438258
0.2629539390954261
0.10949915274977684
0.2078508592343756
0.29769903022263733
0.21868353729535425
0.13471913869891847
0.2595341064568077
0.21893514293645108
0.17037279784147227
0.21757424968693936
0.14518283538719906
0.12125153449596837
0.18612088282575964
0.16689321345516614
0.19460911988945945
0.1670801252392786
0.1815367536951921
0.21142457242655968
0.18277436468218053
0.2566841313881533
0.3186259969536747
0.22713821060356817
0.20007708209699818
0.27873527970431106
0.1803831753454038
0.23071073102099554
0.1713669508431995
0.17683454336864607
0.13333034102938005
0.11011226169232811
0.14698753705514328
0.19707730575464666
0.17451099016969757
0.1848936476412096
0.13831517665780016
0.35089188115671277
0.2669307691976428
0.2328827066147434
0.25073535673852476
0.14432204543397978
0.3148640902363695
0.11263878733318831
0.17727283454899276
0.16418551713494317
0.10796414871167924
0.08614053637055415
0.14072148694789835
0.1416049518489412
0.20046933833509684
0.09911994466425053
0.15868713300941245
0.13657478971539863
0.21432398119941354
0.15775351199720586
0.14187158896986926
0.24032702057489327
0.12100539705716074
0.11633622955663928
0.11368647117965988
0.1117294275068811
0.1274901805595456
0.23012214563121752
0.1242176846800638
0.136338017714609
0.1602376885213224
0.16129540093243122
0.1937121120946748
0.1550572064505624
0.24083849900801266
0.07932386743570012
0.14633556844533555
0.1133270973472723
0.1666643466201744
0.16658519156668003
0.14016588280043965
0.13779096943991526
0.13727694919465908
0.10202885394056256
0.1611506771961493
0.11346399376634508
0.11368637831349458
0.29437367987286833
0.12626717113224523
0.14576676505832717
0.2471574450443898
0.17663569409134133
0.12651871663651296
0.16351999159503197
0.15633376564697496
0.12500861972304328
0.23044357262551785
0.1484941108725392
0.10900375872318234
0.12511926483629005
0.09725252372611846
0.13954389938485942
0.17030939779111318
0.09067308623343706
0.11564060599942293
0.13864129407530917
0.1399710282151188
0.13590943180523546
0.18698729867381708
0.11802488963024059
0.18471710716507264
0.1901252050884068
0.13561255747585424
0.10126202719818268
0.11072821836985115
0.17159772584480898
0.11584739061072469
0.15282480254037573
0.16508368823893502
0.09195756100650344
0.1931739967050297
0.12887651014274784
0.15614026270174822
0.20183752596910512
0.23120381264016032
0.1731337793989951
0.22642038819881585
0.1717865810330425
0.18321115151047707
0.10553111501836351
0.11675895394624344
0.12835703442604945
0.1088618556885714
0.1096105777874722
0.12967114802449942
0.1680482864779021
0.12207023673025626
0.16640543741440134
0.12518520898551547
0.13076060408327198
0.1760636181404282
0.16378895941722607
0.1757220761584384
0.1740455241195897
0.14311606287291007
0.17470112309924193
0.1803140165284276
0.22338932560108202
0.13813262938388757
0.1729243860380458
0.15103587388044357
0.15177844704261848
0.11987520348546761
0.12995442146036243
0.11408027080220304
0.17943364079110324
0.10639673394949309
0.1398634910583496
0.14296115475839802
0.11355622681211182
0.18875303043854988
0.2308009558723175
0.25061696814373136
0.22079034327699837
0.15979175445889787
0.11360007205179759
0.09691368469170161
0.12203122142402988
0.1704235509969294
0.06578333793939757
0.14955272578767367
0.1386986770129834
0.23112106018483505
0.17347459251426958
0.10334148164838552
0.23376659197466715
0.1412340689483764
0.11565501745125013
0.07899946965127518
0.13757803264473165
0.14615259016864002
0.16658580615850432
0.18153783059096895
0.25959095226634027
0.16485926195413672
0.18841468549466558
0.13620999488713487
0.17761154666256446
0.1466990667727909
0.1454378388589248
0.12285438168328255
0.09559599493098046
0.09764591311769825
0.1584532683316086
0.09482053284799415
0.24007881821931473
