1.29866247517722
1.0399553238281183
1.1911184298140662
1.1828255568231856
1.0395966629896845
1.2212236268179757
1.3039071288492
1.042646056972444
0.8699895516037941
1.4289117412907737
1.2462978171450751
1.0209554923432214
1.1936568660395486
1.0625233953552586
1.2356035624231612
1.1902216832552637
1.1855251342058182
1.1915733047894068
1.2148770136492593
1.2063763929264886
0.9578219928911754
0.946486526301929
1.201461068221501
1.4217770993709564
1.1865979571427618
1.2976353807108743
1.0019612668880395
0.9873196184635162
1.1145380603681718
1.0947001427412033
1.12005592244012
1.2528862612588065
1.310525934611048
1.233168555157525
0.9756952545472554
1.114181718655995
1.2823237585169929
0.8437267797333854
1.1665656183447157
1.3961080802338464
0.9494822095813495
1.1567338917936598
1.3211731974567686
1.007198037845748
1.2096491839204515
1.1246806276696069
1.5442050865718298
1.2275504214423043
1.0927337855100632
1.1169744964156831
0.9963575468531677
1.0674591816163488
1.1887651149715697
1.4140416192156928
1.2181428500584193
1.2934993849350855
1.0622291309492928
1.4935118428298406
0.8243123170520578
1.203453270319317
1.211969220744712
1.2929538977997643
1.0322786228997367
1.2045691779681615
1.0600437309060777
0.869281891733408
1.118260389992169
1.180781171790191
1.1632412001490593
1.1243497324841363
1.0955557014260973
0.810759885502713
1.257758202297347
0.7768033426254988
1.1328673107283456
0.9450906791857311
1.1864845561129707
1.1093911635024207
1.303737393447331
1.5644965299538203
1.3810149218354906
1.055581975196089
1.2040489230837141
0.980206338422639
1.3896592557430267
1.4045734756759234
1.1306549792106335
1.1409023702144623
1.08780126617505
1.4701736973864692
0.9981902507799012
1.0882289303200585
1.2740418346864837
1.0797125164951598
1.3974615356751852
1.264038531442306
1.2098522399153029
1.3557169692856925
1.1371941566467285
1.216882229915687
1.145243695804051
1.2037411418610386
1.2193201737744468
1.3423611393996648
1.1270830120359148
1.2616974200521196
1.3122501799038477
1.041858799223389
1.1904658036572593
1.1049303710460663
1.234037003346852
1.1961060464382172
1.307624340057373
0.8451865272862571
1.1546506897679396
1.0499527949307645
0.8985077483313424
1.0302129313349724
1.1160138142960412
1.1724815283502852
1.0286747818546635
1.010662515248571
1.3789779575807708
1.4100229356970106
1.3796034114701408
0.8830866901470082
1.1287696297679628
1.3286470281226295
1.325236582330295
1.1855821907520294
1.3064843245915003
1.18828751532627
1.2416204916579383
0.9457256911056382
1.2375211736985616
1.2764878805194582
1.1391172345195497
1.2015427510653223
1.0299628382282597
1.3677658587694168
1.119125872850418
1.1211111971310206
1.1388745605945587
1.1189484681401933
1.2833518369921617
0.9375276501689639
1.184646561741829
1.435566587107522
1.1660325591053282
1.4586538353136607
1.089366264641285
1.1434058036123003
1.172114568097251
1.266926680292402
1.3070278125149863
0.9755055627652577
1.1027879770845175
1.3929943261401994
1.3236081030751978
1.0550709920270103
1.0383516275989157
1.1417594168867384
1.357060432434082
1.5094329161303384
1.041638333217374
1.333515124661582
0.9729560262390545
1.2171605229377747
1.0297233270747321
0.8770134598016739
1.3401855219687735
1.1429994851350784
1.199546545344804
1.253762274980545
1.4682092411177499
1.1083963364362717
1.3003922924399376
1.1461263043539864
1.198536000081471
1.128870393548693
1.215536845581872
1.2094106716769082
1.0663095797811235
1.2738603566374098
1.1053947231599264
1.3116627734686648
1.1837095937558584
0.9585066427077565
1.161634664450373
1.367689767054149
0.7389945606035846
1.184410680617605
0.9569616104875293
0.9748447643859046
1.292102389037609
1.496680166040148
1.3745445784713541
1.0226976141732718
0.9730692351503032
1.0931786075234413
1.4280050447476762
1.2039102571351188
1.1571036598512106
1.0828432132090842
1.2579126954078674
1.1347445654017585
1.130776850240571
1.1435164085456304
1.2208358091967446
1.3011101548160826
1.4367800801992416
1.1346410087176733
1.2386241810662406
1.2776765099593572
1.1330657888736044
1.0302977923836028
1.021454591836248
1.2862388278756822
1.208660140633583
1.0236325705690044
1.0763386700834547
1.2014666689293725
1.2029908943389143
0.7687718485082898
1.166277289390564
1.1117561778851919
1.0680673787636417
1.1122730118887765
1.2459870662008012
1.1811102160385676
1.0001449710024255
1.215137534907886
1.2390277513435908
1.4012732378074102
1.1342287148748125
0.9941463603505066
1.0401477329432964
1.18634110050542
1.084952473640442
1.3575494204248701
0.958022170833179
1.3024591792907034
1.1670353561639786
1.2252953158957618
0.918564705976418
0.9512127616575786
1.2816594849739755
1.0235862625496728
1.204811006784439
1.1361381539276667
0.8473894659961972
1.1173369924404792
1.07112275489739
1.0199404965553964
0.8490342966147831
1.0540950383458818
0.9928363263607025
0.6546052526682615
1.0214425091232573
1.029395810195378
0.798175288098199
1.0677727844033922
0.8832963304594159
1.03732238390616
0.923634264085974
1.1469043301684516
0.9147931449115276
0.9863008516175407
1.125807938831193
1.0668204299041204
0.9333843631403786
0.9622708644185748
0.7638959756919316
0.9628935699750271
1.0399988698107856
0.8943806375776019
1.0348670674221856
1.1178468806403024
1.169571386916297
1.055041423865727
1.0438763350248337
0.9784764413322721
0.9236985282706363
0.7664189540914127
1.113091685942241
1.0749876030853815
0.8204047126429421
0.934590859072549
0.8874115758309407
0.8788564790572438
1.067789474768298
0.7625587124909673
0.8119549165878978
1.0294383679117476
0.9337161694254194
1.0125716713124089
1.1293212217944009
0.9422066509723663
0.8888608873156565
0.8428196374859128
0.9593949913978577
0.9374933008636747
0.9859271837132317
1.086269153015954
0.7784729372443897
0.8844623735972813
0.8424720987677574
0.7025995680264064
1.143246435693332
0.9219400733709335
0.9637288515056882
0.8789766990978803
0.7985619902610779
0.8582725790994508
0.9160960082496915
0.8419484730277743
0.8155579375369209
0.8502054597650256
0.7217205182782241
0.770159757563046
0.9898836421115058
0.8121376910379955
0.8071766293474606
0.7619851955345699
0.9919046972479139
0.9336218062256064
1.013276178921972
0.9478626613106046
1.015507806624685
0.793193940605436
0.8362688547266381
1.1109358412878854
0.9829057178327015
0.9082647413015366
0.8542012700012752
0.8784355096452471
0.8183863610029221
0.9928614539759499
0.9133289202249476
0.7851442904876811
0.8218785236988749
0.9214779574956212
0.8123755968574967
0.9642233342996666
0.6566656819943871
0.8444546737841198
0.8334839322737285
0.9795999931437629
0.8203908971377781
0.9657856204680034
0.9472323964749064
0.712580071496112
0.9571396644626345
0.9446322917938232
0.7656696939042636
0.9684616082480976
0.9009887985885143
0.8953106967466218
0.9805235436984471
0.7790293267795018
0.9127506464719772
0.9111179113388062
0.8038615802569049
0.9619448408484459
0.7978720633046967
0.9531932686056409
0.879032450062888
1.0029838223542487
0.8765959164925984
0.7985219061374664
0.7932917880160468
0.8359171514000211
0.8802861390369279
0.6450689626591546
0.7066364990813392
0.7649955116212368
0.653979940606015
0.6973474233278206
0.9171704639281545
0.8079453323568616
0.7166811632258552
0.8095298281737736
0.573348395393363
0.8058593741485051
0.7154373356274196
0.8950507704700742
0.6787764302321843
0.5933941888755986
0.6697536674993378
0.90022276448352
0.7861719966999122
0.795705068569917
0.6566584326459893
0.7949625157884189
0.8009310311504773
0.7958554412637439
0.6853359522564071
0.6409553268126079
0.7375176506383079
0.7988549641200474
0.5777926338570458
0.8149095273443631
0.7265544384717941
0.6646324831194111
0.7755883964044707
0.798678170889616
0.7850273655993598
0.8349193611315319
0.7405506904636111
0.7175500595143863
0.6066365077027253
0.7788726602281842
0.8571619944913047
0.7394255527428218
0.7679892799683979
0.6239786291761058
0.7289541172129768
0.7153172301394599
0.7598748867000852
0.7330379363681588
0.8123428906713214
0.5963016343968255
0.8353526645473072
0.6473687594490392
0.8036755749157497
0.7631402292421886
0.7191516895379338
0.6370553746819496
0.5631293643798146
0.6971792158271585
0.7671295574733189
0.5590432632182326
0.6369936583297593
0.726545295545033
0.7073852707232747
0.7128048326287951
0.8590524313705308
0.761954665184021
0.8709190519792693
0.6713181808590889
0.6260894659374442
0.5697959925119693
0.6122375013572829
0.5873436353036335
0.6751672593610627
0.6094458039317813
0.7421386646372932
0.5773655122944287
0.7718315997294017
0.6670676107917514
0.6897567084857396
0.5325111097523144
0.585390838395272
0.5985137266772134
0.624211372807622
0.6456116363406181
0.6576894702655929
0.6934406113411699
0.6353122698409217
0.6028869628374066
0.5514478503859469
0.7317787004368645
0.7517196770225253
0.6104075057165963
0.6011495659393924
0.5450957630361829
0.5806816800364426
0.5715782802019801
0.6650265253015927
0.8025774849312646
0.547474816441536
0.670816961143698
0.838024839758873
0.5730563625693321
0.6062399106366294
0.6580767642174449
0.6268674454518727
0.6046045997313091
0.5800253088985171
0.5459313616156578
0.5066003019993122
0.4570342978196485
0.5520526553903308
0.4928012809583119
0.6498769825058324
0.490889596087592
0.3873208947479725
0.5249723643064499
0.5802011734672955
0.5283067545720509
0.6227414629289082
0.5047159918716976
0.4944517051002809
0.6016681460397584
0.5620509351470641
0.5039044629250254
0.48714836686849594
0.6459046006202698
0.5884193756750652
0.45598007632153376
0.5945984838264329
0.5290763010936124
0.6641132703849247
0.5551906393042633
0.4538563873086657
0.558532288564103
0.5729402048247201
0.4892652044405362
0.5120954417756626
0.42479126315031734
0.4211575984954834
0.4693564570375851
0.617818258702755
0.4566135603402342
0.5315817381654467
0.3479626833328179
0.47906545230320524
0.570378266274929
0.5612580393041883
0.41457850486040115
0.5609436448929566
0.49067055327551706
0.4145849969770227
0.3980223813227245
0.5262215531298092
0.533616511949471
0.4757294955530337
0.5180291866085359
0.5483474965606417
0.4594902688903468
0.5166394348655429
0.44075403788260054
0.5488379767962864
0.49871374666690826
0.5319318664925439
0.396239062505109
0.4331265352666378
0.43007577636412214
0.5905460779156003
0.5318547359534672
0.5401376677410943
0.32752635463007856
0.49945330939122606
0.3471532368234226
0.46949430661542074
0.41799004056624006
0.40543927039418903
0.40960089010851725
0.36906689032912254
0.4137015459792955
0.4974687211215496
0.43917014449834824
0.6067239652786937
0.39894471636840273
0.41130790220839636
0.4020810659442629
0.42653258038418634
0.43359850134168354
0.5075478447335107
0.383512336228575
0.47106501566512243
0.3963694508586611
0.34404817542859484
0.4139035620859691
0.35743566921779085
0.5569315563355174
0.4379463791847229
0.38996920734643936
0.5050220457570893
0.45260789883988245
0.4947796825851713
0.46824609275375095
0.380963034927845
0.4005667567253113
0.47088414723319666
0.49998010056359427
0.5122029451387269
0.42391191742249895
0.3723879818405424
0.39975229650735855
0.5159042307308742
0.39207262492605616
0.3636159250246627
0.4969223439693451
0.45136124002082006
0.5065053818481309
0.6005741325872285
0.4608895927667618
0.3653486387005874
0.4080734817045076
0.28416580174650463
0.38008382064955576
0.43280195764132906
0.37467340592827114
0.30615713021584917
0.321460811155183
0.40935636311769485
0.5083178015691894
0.4698596884097372
0.45082973316311836
0.42820710582392557
0.3293771698538746
0.3547631214771952
0.3248514378709452
0.3480759726039001
0.4814893220152174
0.38419149283851894
0.2797241322696209
0.44573634437152315
0.3762184724743877
0.38652437552809715
0.4305026116115706
0.32626944886786596
0.419972474021571
0.3747057265469006
0.2111439151423318
0.3415725188595908
0.3051361952509199
0.339645579457283
0.31534103410584585
0.3143673368862697
0.45703764791999546
0.3797616321327431
0.2997816194381033
0.3705132470599243
0.32755848871810095
0.428483994943755
0.4096161648631096
0.3363245778850147
0.3518929657127176
0.38036179010357174
0.44181032265935627
0.32539565435477663
0.3985313336764063
0.27443981410137247
0.33584784822804586
0.45974115495170864
0.2659725993871689
0.3859336259109633
0.24097469103123462
0.42295875027775764
0.3796808413629021
0.2740715422800609
0.3083528663430895
0.35623437485524584
0.3065715213971479
0.35955343927655903
0.3361688620809998
0.3950108289718628
0.3774522234286581
0.37024459881441935
0.33147144849811283
0.19354343840054103
0.34106658824852537
0.27703364778842243
0.46167143114975523
0.2848441685949053
0.39472117700747084
0.30550044029951096
0.3655350022017956
0.33072072906153543
0.30914732281650814
0.30504883400031496
0.18473648971744946
0.3575553691812924
0.2689837185399873
0.32784656148690444
0.48147719353437424
0.32233034500053953
0.34717631127153126
0.23945534442152297
0.30681278982332777
0.321434029511043
0.33850719779729843
0.3399323485791683
0.3208024139915194
0.27637327781745363
0.28313944382326944
0.30282887709992273
0.3223874515720776
0.31352626425879343
0.31283290152038845
0.32674509499754223
0.2265425537313734
0.27688285814864294
0.16797527484595776
0.2573410379035132
0.3579620915864195
0.29853200380291256
0.31722808203526903
0.15476143892322267
0.33387698020253864
0.2802034563251904
0.25851705404264586
0.3185696043074131
0.2613254434296063
0.27192993249211994
0.34447040195975986
0.3188455051609448
0.22061242109962872
0.40616542207343237
0.38115446854914936
0.3459954134055546
0.26545611236776623
0.25858183418001446
0.3416886691536222
0.27079749905637335
0.438295590026038
0.25552420424563543
0.18507162907293864
0.3277139485414539
0.2982264363339969
0.32947203889489174
0.38958363394652096
0.2823253025832985
0.3838634767702648
0.1916141855929579
0.20412395096250943
0.3394181579351425
0.13287936044590815
0.2245740635054452
0.3981523545725005
0.37878849091274397
0.18282261437603406
0.2511103791849954
0.3137464310441698
0.26661485912544386
0.30277036343302044
0.26639191274132046
0.25778948196343016
0.14091187183346068
0.2925258491720472
0.37625738126891
0.3910429887473583
0.2875515382204737
0.28765476601464407
0.28059864044189453
0.262468052229711
0.2945868399526392
0.2512070637728487
0.220834490443979
0.15791811421513557
0.29164554285151617
0.1912795283964702
0.24042093540940965
0.1637931050998824
0.24197538276868208
0.22769266899142945
0.4004560778183596
0.4004029535821506
0.21330928270305907
0.33918007143906187
0.228694210095065
0.2986312641629151
0.2663585788437298
0.32429176568984985
0.26964193467910474
0.15842655886496818
0.17814413830637932
0.276589745921748
0.30894925392099787
0.16328760449375426
0.20369155119572366
0.3471511368240629
0.2878688744136265
0.27529388133968624
0.24494759099824087
0.2764675478850092
0.25997946304934366
0.23697662885699952
0.25572848107133594
0.158587851694652
0.21067918251667703
0.1530116849711963
0.3504398156489645
0.3489869476429054
0.2923104323978935
0.1946477506841932
0.2509437453533922
0.24207054690590926
0.29369290066616877
0.29411992324250086
0.19861709592597826
0.21903719220842635
0.2557385798011507
0.17471744705523765
0.25756644404360224
0.19706361315080098
0.19617079397929565
0.24179602786898613
0.23022082394787244
0.32394850679806303
0.19274702029568808
0.1556813663669995
0.18775015217917307
0.1841502519590514
0.2258266545832157
0.148410507610866
0.27293757987873896
0.33462898965392796
0.3050872380180018
0.21324072352477483
0.34819211278642925
0.2995731287768909
0.21749270867024148
0.2684353047183582
0.2260029911994934
0.2665046557251896
0.27841733688754694
0.2214739652616637
0.29882789882166044
0.17156117675559862
0.2032653114625386
0.2831110791968448
0.3353749300752367
0.137055798300675
0.10266069482479777
0.2250100810612951
0.1967606395483017
0.23109533045707004
0.15978684249733174
0.08593207544514112
0.10135291942528316
0.18861201352306775
0.3687198353665216
0.22491987634982383
0.30142888533217566
0.2152092009782791
0.2092080664421831
0.19971045585615294
0.23427031561732292
0.18856928268304238
0.10027205305440086
0.20685345040900366
0.23807422923190252
0.13257379244480813
0.11032623185643128
0.09539688644664628
0.2587095530969756
0.13740171864628792
0.22073801713330404
0.19283550339085714
0.2392694896885327
0.2285465874842235
0.23228458847318376
0.033551109422530444
0.20826233284814016
0.1578451349799122
0.2136051920907838
0.1656391078306894
0.2967677999820028
0.05743349503193583
0.1283111008150237
0.1466702041881425
0.18391051249844687
0.1301246987921851
0.17118214682808944
0.08485397909368787
0.20278755681855337
0.08979395510894912
0.2200845666229725
0.19867063659642423
0.20584658426897867
0.10983327909239701
0.11690663652760643
0.14484210472021783
0.1751693817121642
0.11367914772459439
0.22093709345374787
0.11864427104592323
0.13790707609483174
0.1624204878296171
0.13639697219644273
0.14710735795753344
0.16931544856301375
0.1843364585989288
0.2802026511303016
0.13563275230782373
0.2949458687300129
0.25723825448325705
0.17636652131165778
0.2298581036073821
0.14162445015140943
0.09474518150091171
0.21469500820551599
0.1838044747710228
0.07403191924095154
0.15654161785330092
0.19111475348472595
0.24944277214152472
0.1616656817495823
0.307791425713471
0.20387050243360655
0.11436368950775691
0.10682041599200322
0.21842842442648752
0.17853720087025846
0.14493717439472675
0.17014172779662268
0.07028394618204661
0.16551486056830203
0.07045623127903257
0.06018901988863945
0.14750602255974496
0.15811076653855188
0.011454883962869644
0.1554696336388588
0.2556043581238815
0.2564217767545155
0.1732506560427802
0.19951821650777543
0.09384378737636975
0.139938763741936
0.15067053213715553
0.034484377929142544
0.23082878972802842
0.1237759313413075
0.19893560292465345
0.22387860555733954
0.11553190861429487
0.13077745054449355
0.11829968382205282
0.25798507566962925
0.25596201739140917
0.15708412283233233
0.15415742035423005
0.04872425193233149
0.18657047248312406
0.1787722637610776
0.18073043998863017
0.1213701425918511
0.25255401166422026
0.17243475307311332
0.16673201003244945
0.1456375185932432
0.3389823053564344
0.19284675030836038
0.27766517070787294
0.1368403136730194
0.0808473921247891
0.2540363020130566
0.1890374491257327
0.2544202506542206
0.25609211304358076
0.34102613957864897
0.17995096104485647
0.20302186108061246
0.179896351482187
0.10642468929290771
0.17167134902306966
0.1376075425318309
0.11300965771079063
0.3163621085030692
0.2837090715765953
0.06705856536115919
0.06242715833442552
0.09486857429146767
0.1265018076768943
0.14889749671731675
0.16605561466089316
0.181534117353814
0.09613985089319092
-0.03837656708700316
0.22646234716687882
0.09474476160747665
0.0045858390097107205
0.1793567788388048
0.19532496056386403
0.16791073472372123
0.16868325588958605
0.14086308968918665
0.06532615503030163
0.14683076526437486
0.19677716546825
0.1359102763235569
0.20563494573746408
0.1289068523507852
0.1945139616727829
0.16220514769000666
0.20100184742893493
0.0170131293790681
0.0817470954997199
0.1566430271736213
0.12070556357502937
0.049714897360120504
0.12918094492384366
0.11743277178278991
0.1954116698886667
0.1096568653093917
0.06284683237650565
0.20236450327294214
0.13975612925631659
0.1722113633794444
0.15688938913600786
0.11385302777801241
0.15216837876609393
0.16780611287270272
0.09348370507359505
0.2102531143105947
0.0750492869743279
0.07941625001175064
0.06342052881206785
0.07277685277430075
0.09040771584425654
0.129036349643554
0.07528855119432722
0.1295374304588352
0.07250409254005977
0.15659366601279803
0.12431541963347367
0.01883996544139726
0.08550878773842539
0.06716871953436307
0.09359965845942497
0.16124282511217253
0.20743280170219286
0.06350446292864424
0.08916857998285975
0.09056542973433222
0.1639625701521124
0.16228683665394783
0.04082573684198516
0.1380918590085847
0.05537207876997335
0.23554251369621074
0.08729032453681741
0.1016833960477795
0.10100181138217781
0.16783647771392549
0.07197352924517222
0.030824042856693268
0.21988082411033766
0.2532865655209337
0.11471205577254295
0.07602049995745931
0.1723333059677056
0.15079973438488586
0.18910170985119684
0.09037449051226888
0.09144516768200057
0.12523606153471128
0.008073458181960242
0.057425577991775105
0.14013543954262367
0.05204759245472295
0.11304768840117115
0.10993946117482015
0.16710051335394382
0.126350927565779
-0.02507907897233963
0.15794904104300908
0.032672966165202
0.07292356568255595
0.17516167887619563
0.0964995516198022
0.12247088445084435
0.09964612871408463
0.09412541373499803
0.10104200510042054
0.20843851300222532
0.10222033890230316
0.04922968255622046
0.15485626884869166
0.1625115191563964
0.14833058629717147
0.01995155481355531
0.044598025136760304
0.08281276587929044
0.09712349091257368
0.14504512399435043
0.13034972601703235
0.05071461520024708
0.07937067614070006
0.15766673322234834
0.08662568724581174
0.20047842604773386
0.1544479142342295
0.09909932368568011
0.15033340666975295
0.004201592611415046
0.16024982503482274
0.07392143351691109
0.047532057389616966
0.07431036353643451
0.09337144770792552
0.008205451337354524
0.05400999129882881
0.11068031883665494
0.07593143731355667
0.10761130973696709
0.0021030823034899576
0.08892321134252208
0.00560468967471804
0.07088618778756686
0.20258431562355586
0.11677888088992663
0.1307853806231703
0.3418181857892445
0.07620080347572054
0.09342332184314728
0.1027793043426105
0.1079668900264161
0.061249962342636924
0.07387029326387815
0.09691977846835341
0.09517699772758144
0.033594612032175064
0.07279832687761102
0.13837845996022224
0.015523080581000872
0.07722972546304975
0.00970486511609384
0.017327485206936086
0.03491634130477905
0.07516906836203166
0.035167445561715534
0.14412502492112772
0.09668891770499093
0.08537123139415469
0.08717714995145798
0.1384666245430708
0.027168729741658484
0.04883560272199767
0.1505400314927101
0.19452792086771556
0.06020113080739975
0.15502209322793142
0.07011246654604163
0.1359807580177273
0.12645176665059157
-0.037348851029361994
0.02772313090307372
0.07866660585360867
0.03848628194204399
0.11367751897445746
0.11534646313105311
0.01453106218416776
0.1250241526535579
0.02830469368823937
0.08286118008462447
0.15375302758600032
0.056853452431304116
0.17192996306610958
-0.07885093401585307
0.056602251316819875
0.015470355216945921
-0.03798733598419598
0.09810774799968515
-0.015741646023733274
0.11447524279356003
0.08886481661881719
0.028378278283136233
-0.012936000579169818
0.10793848761490413
0.019694358110427856
0.03284943361694996
0.12270904189118972
0.03242645412683487
0.0027862374803849627
-0.050114334161792486
-0.01547141426375934
0.11314928717911243
0.09789831031646047
0.011033975120101656
0.07134745030530862
0.0697031742227929
0.006638560976300921
-0.016158470085689
0.014400629592793328
-0.016581805422902107
-0.017822826015097753
0.07989997403430087
-0.0028134829231670926
-0.015150870595659529
0.06341235927091195
0.026664126398307935
-0.02411936117070062
-0.0018071718513965607
-0.02060969067471368
0.04386716176356588
-0.06970079935022763
0.07474801050765174
0.036719613309417455
0.08211487425225121
0.02578742935189179
-0.00033099896141460964
-0.01990836566048009
0.0006365217601082154
-0.07157754472323827
0.08322529321802515
-0.005540340074471065
0.06339996574180466
-0.08158376280750547
-0.13132325213934695
0.0441886516554015
-0.059962893170969825
-0.04948534324233021
0.1144471438601613
0.10219153894909791
-0.002645714341529778
0.030301967369658605
-0.03170035992349897
0.05108417770160096
-0.02170976677111217
0.07849991906966482
0.07003993208387069
0.09858276269265584
-0.10407627506979875
0.05638213615332331
-0.004492685730968203
0.11738849910242218
0.04888370686343738
0.07771811607692923
0.11756311569895063
0.058760021680167744
0.07697364554873534
0.05944732470171792
0.07140389084815979
0.14660668585981643
0.13006934164358036
0.045398201793432236
0.09326137070144926
0.0010916670518262045
0.04439160440649305
-0.058623380692941804
0.02097977963941438
0.11832254433206149
0.08586114751441139
0.054082342822636874
0.0038631920303617206
-0.014902208266513688
0.03665884876889842
0.010395941590624196
-0.012966569513082504
-0.06117906075503145
0.06731306628457137
0.007254940856780324
0.0975367823349578
0.07941010594367981
0.02134035580924579
0.016966573894023895
0.023675589157002314
-0.024897309286253794
0.04061800800263882
0.014375619324190276
0.022822652544294084
0.0785174226122243
0.06568025717777866
0.21167845545070513
0.16719317915184156
0.06824883259832859
0.02565308234521321
-0.033880275807210376
0.08217294460960797
0.045432839675673416
-0.04317693944488253
0.12091287225484848
0.14543316034334047
0.08011297881603241
0.04791398958436081
-0.030340958120567457
-0.009004672457064902
0.037585212982126644
-0.04868137517145702
0.0689826099468129
-0.05885249788739851
0.006078035171542849
0.15417387629193918
0.05264757147857121
0.06009142446730818
0.06395784712263516
0.175233322594847
0.14178901059286936
0.06323219250355448
-0.03217667288013867
0.0229437311312982
0.029705483998571123
0.042108780039208274
-0.07682407008750099
0.025359438998358592
0.01847039269549506
0.07414733352405685
0.0010492461068289621
-0.08858671119170529
0.0340541127536978
-0.03312207864863532
0.02720781520474702
0.05561410156743867
0.012839104980230331
-0.047293878027371
0.012784931010433606
-0.04463217460683414
0.12398657415594373
0.3143067593471362
0.2866413363122514
0.22238642988460405
0.15234556953821862
0.04834005715591567
0.06399076711386442
0.020802211548600878
-0.017407510163528577
0.006128181304250445
-0.040153918122606616
0.01816823266978775
0.05902384511760569
0.005482422454016549
0.006977591929691178
0.006925887295178005
0.010740611968295915
-0.006846642387764794
0.005540070789200919
-0.04178774489888123
-0.057736199881349294
-0.04666076973080635
0.0921376496553421
0.03414301474445632
0.01133004975106035
0.013031403933252608
0.02295532769390515
0.18398160211342787
0.07564180171383279
0.051419580089194436
0.08665032338883195
-0.0002149133277790887
-0.05400523649794715
0.008889703080058098
-0.021378690909062113
-0.03574558919561761
-0.04820641822048596
0.022197996931416646
-0.04653835642550673
-0.0880860909819603
-0.02619452029466629
0.03878201464457171
0.0178666069571461
-0.020715953782200813
-0.04242674554032939
-0.06002886327249663
0.02788230457476207
-0.03307069917874677
-0.021667903821383203
-0.11089178573872362
0.02818010321685246
-0.014219541368739945
-0.002273025257246835
0.047843853410865576
-0.028299769120556966
0.19185251689382962
0.06053445701088224
0.16652780026197433
0.056571737463985174
-0.07019892481288739
0.05123897894684758
-0.031930912019951005
0.012393294434462274
0.05737176617341382
-0.13371612397687777
0.01829624761428152
-0.07265512592026166
0.04338176628308637
0.0036087967455387115
-0.08036623203328677
0.00440767513854163
-0.05574351655585425
-0.029478109308651516
0.014272236132196017
0.026453688823884085
0.033709995448589325
-0.00999703205057553
-0.09986673614808492
-0.025167814855064665
0.06763992352145058
0.03264390969915049
0.04688214257891689
-0.07129319491130966
-0.05506724624761513
-0.04916892819372671
-0.03288875573447773
-0.04592781088181904
-0.05396241483478142
0.08183454296418599
-0.01888342042054449
-0.04815881619496005
-0.04569959347801549
-0.021969659786139215
0.02332137604909284
-0.00019189023545810154
0.02893022128513881
-0.006585998460650444
-0.08752068824001721
0.07431719611798014
0.028814759105443954
-0.012717211885111672
0.06851580739021301
0.08528279459902219
-0.05375050221170698
0.03685834604714598
-0.09871697874872812
0.08774802567703384
-0.03155077288725546
-0.0006955572004829134
-0.03789331657545907
0.012649726388709885
0.020727884556565965
-0.05037851578422955
0.15038459940946527
0.03343383063163076
0.008705638881240572
0.06592051392155034
-0.06951071481619563
0.06154063315345691
-0.05896211521966117
-0.00658275093883276
0.14153945499232837
0.0525114282832614
-0.05692215623067958
0.10581320311341967
0.04174524359405041
-0.012848356738686562
0.02373073755630425
-0.03998647976134505
-0.07927093867744718
0.07376601094646114
0.007761228430484023
-0.010298971618924822
0.03488691443843501
0.01663789339363575
0.04687416220882109
-0.018762947592352117
-0.02537484360592706
0.16051336138376168
0.02289090837751116
0.02615954859980515
0.1411791451807533
-0.032634376149092405
0.066299082711339
-0.028307867369481494
0.02158626208880118
-0.0699964767055852
-0.08041536621749401
-0.0707617114697184
0.0062872134149074554
-0.025985936767288616
0.02020742158804621
-0.014225368454520191
0.15352607092687062
0.11022967991552182
0.08957389768745218
0.05552526403750692
-0.06496260945613568
0.1598216031811067
-0.08933200780302286
-0.0008399382765804018
-0.025872663262167146
-0.058761714824608395
-0.06727881077677011
-0.015260590772543634
-0.03490090476615088
0.0007181135671479362
-0.07612367879067149
-0.05870930078838553
-0.028356444656050632
-0.0010214282998016902
-0.05477612838149071
-0.07408541973148074
0.04295603185892105
-0.05136998237243721
-0.08786832807319504
-0.08460237724440438
-0.08601689498339381
-0.07084983893271003
0.00540408944444997
-0.08211164868303708
-0.08247823254870516
-0.052493635565042496
-0.0587339376631592
-0.02598413186413901
-0.013470285439065524
0.06369778434080738
-0.13929292493100678
-0.04633789562753269
-0.07766851623143468
-0.002418757549354008
-0.02114502312490783
-0.009190498901131963
-0.06395468142415796
-0.11557535880378314
-0.06703689092626938
-0.025368022067206248
-0.0723763479452048
-0.10974706682775702
0.06419847626239061
-0.023708383286637918
-0.0675358406912822
0.0647674265450665
0.010186133640153068
-0.004100977908819914
-0.035084809575762065
-0.03104998038283416
-0.056074264725404124
0.07400603492611221
-0.021962593954343062
-0.03883173742464611
-0.0740675830415317
-0.0598022913161133
-0.08684233309967178
-0.0028162424319556783
-0.05531498244298356
-0.0880317788105458
-0.04941025682325874
-0.07933839410543442
-0.028353233156459674
-0.028147153024162565
-0.08832264744809695
-0.0309304664177554
-0.04703198054007122
-0.05495349973041032
-0.11189876922539302
-0.07906198341931615
-0.0012051236948796681
-0.06734237540513277
-0.034569844869630675
-0.03121381572314671
-0.10704358294606209
-0.020184874002422606
-0.07989352515765599
-0.03449249334101166
0.019079670176974366
0.06440877568508897
-0.013872741588524409
0.035295321964300595
0.02403926263962473
-0.0178893974849156
-0.0610285088020776
-0.1319641870047365
-0.06909168511629105
-0.07985608918326241
-0.07417909514957241
-0.05296756140887737
-0.05714669903474195
-0.0737818708377225
-0.0026151732142482486
-0.056472224449472766
-0.1050903241017035
0.0006339518918788859
0.005520532606169581
0.0146831071802548
0.011359670565330557
-0.07623203684176717
-0.003303467429109982
-0.040630750358104706
0.06949597371359621
-0.04662699305585453
0.0004371560311743191
-0.03697661769443324
-0.07241335803908962
-0.11410388776234218
-0.07117876852862537
-0.08765909754272018
-0.023038586335522786
-0.10559825652412005
-0.09973130375146866
-0.09411968876208578
-0.08292582365018981
-0.0053220582859856745
0.006163360018815313
0.06130007228681019
0.05686194556100028
-0.08989746602518218
-0.07178829610347748
-0.10089747155351299
-0.06616730223010693
-0.02407125463443143
-0.13037006621847727
-0.06523588885154043
-0.027584477327764034
0.04610507083790643
-0.011143663365926062
-0.10938835995537895
0.0019160195120743342
-0.02895131547536169
-0.11296263603227479
-0.12631468089031322
-0.10665536419089351
-0.05914957581886223
-0.017543611848460778
-0.006962787093860763
0.08667278925921502
-0.01696822020624365
0.01335009214069162
-0.06147588895899909
-0.018018652899907187
-0.04678131430409849
-0.02465076811079468
-0.0963528933269637
-0.09064822803650584
-0.12339528650045395
-0.07150348728256566
-0.09652185546500343
0.003911953951631274
