-1.5578254013754694e-07
-5.830489401757534e-07
-2.42104809241742e-06
9.015056109871824e-07
-2.2187475354127983e-06
-8.977156085165916e-07
7.113013030643092e-07
-1.245158695642853e-06
-1.075860422718376e-06
-9.73926356704981e-08
-4.0076166842238437e-07
3.0615449548219786e-06
-3.701086208301214e-07
-1.2931840598996911e-06
-8.507686532409155e-07
2.1450061079722866e-07
7.432014237045743e-07
-1.2844234983536547e-07
7.31622764403385e-07
6.156569197303594e-08
2.130425985212371e-06
1.2151220118994388e-06
3.622763853984777e-08
2.6418732496884853e-07
2.729854843762171e-08
1.1720669006771395e-06
8.643007366312563e-07
-2.903798953671607e-07
6.522659694902748e-07
-1.2754866955637972e-06
8.15683587721391e-07
6.585208974943921e-07
1.930878982290908e-06
-1.1690095139523952e-06
6.163423498557157e-08
-3.034129690604459e-06
2.7654972914855793e-07
-3.8624659534239723e-07
5.513025566220417e-08
-1.2414029210309048e-06
2.2564177827786936e-07
-4.115479847704202e-07
4.353642322842331e-08
1.9860427999317054e-06
-5.426863936008886e-07
1.770572818518953e-06
-1.0249704272626201e-07
-1.1953162584177335e-06
-1.9116892850945533e-06
-3.09846158432135e-06
1.2093900392885968e-06
-7.247207958828637e-07
8.53068740980234e-07
-1.2956883799526103e-06
-1.7012990168398443e-06
-1.121189274755352e-07
-6.292322041190346e-08
1.195379215549305e-06
1.2751390917133319e-06
9.799392225927152e-07
-7.889931867209401e-07
5.864336795216982e-07
1.3948080765300932e-06
-8.850356282761953e-08
9.059320810982692e-07
1.1187944275142009e-06
-1.7641242452879981e-06
2.1114008827031023e-07
-1.102118736590845e-07
6.281626170334675e-07
-9.266501592719578e-07
-1.3710869544476217e-07
4.902535997481599e-07
-1.1166135404242335e-06
1.3227532187037078e-07
4.974864517797479e-07
-1.6888356526578718e-06
3.362469637327844e-07
-5.42791831037448e-07
-9.719409328161938e-08
-7.674807806422126e-07
-1.391126797248684e-07
-5.206607949860751e-07
-1.9216998339288693e-06
8.837941355263215e-07
6.481284994411649e-07
-1.5431929309020883e-06
-2.5933483535871867e-06
-9.686263280985128e-07
-6.480783229432876e-07
5.702084828434246e-07
9.014950787137163e-07
9.385710687378637e-07
8.272891786223877e-07
-1.322978722636695e-06
-7.536757178984641e-07
-3.3505044427784014e-07
-1.781772677337098e-07
-2.146533363754445e-06
-1.6263473412436724e-07
1.864147455827541e-06
-4.307297335312147e-07
-7.985204482403268e-07
-1.2504199763238181e-06
1.2220908242202962e-06
-2.0639987902930962e-07
-2.5080968920779665e-07
-7.892492510969922e-07
-1.4962231570539837e-06
1.2966195056053818e-06
1.8173254464467651e-06
-5.457541557721665e-07
6.631853466387838e-08
3.919338626344272e-07
-2.1638568666406044e-06
2.085567172928547e-06
-1.665931384715285e-06
1.5582905597000263e-06
4.06072347556931e-07
5.00217960766999e-07
6.645918558336104e-07
-1.459460285957448e-07
6.445242440073733e-07
-1.6419617005729898e-07
-2.604067190199138e-06
-3.4968046804806363e-06
-6.584865260046107e-07
-1.0417762170383021e-06
6.760681462277976e-08
-6.802879478787613e-08
-6.246891319148875e-07
-6.433624782126962e-08
-1.0634535588646291e-07
2.0286788477668389e-07
-1.1342488761556524e-06
6.399390518449113e-07
-8.011338579194671e-07
1.1049093018300482e-06
-5.889187458966003e-07
1.8455341838879186e-07
1.3073969690984605e-07
-2.765272242299943e-07
-2.3307641835604693e-07
6.142895797113721e-07
3.7770250673117645e-07
-1.1594555664779754e-06
-1.1078054740210064e-07
1.9823414731945377e-07
7.972571381627467e-07
-1.3971753699390125e-06
1.175855719079014e-06
-3.6337259855047576e-07
-9.192816351953428e-07
3.2557568374613766e-07
-1.0776878249479133e-06
1.2413240954499218e-06
-7.565317129579594e-07
-1.276783246240143e-06
-4.641866769056995e-07
-4.064060722238797e-07
-1.624294770051295e-06
8.027736190082838e-07
2.3370701031564878e-06
-2.0474296645391276e-07
1.5965601310849058e-07
-1.6172186789731313e-07
7.684522367006659e-07
9.130651819701439e-07
-7.33225752875504e-07
2.888656308438645e-07
-1.3361162863085546e-06
9.836364520359503e-07
-1.0308921391453753e-06
-3.943748926157501e-07
1.1947534923300346e-07
-1.4741003724338952e-06
5.426062809224927e-07
-1.5749185904618506e-07
-1.1217991219122529e-06
-4.26335363304783e-06
5.834723911643128e-07
-8.475504549616224e-07
-4.358596015663352e-06
-1.5187434395816775e-06
1.2892649497838908e-06
-1.0059612387536276e-07
-5.467130920676157e-07
-6.100827038478331e-07
1.5070791822121725e-06
-2.7967150474848624e-07
-1.5561179225187516e-06
-1.1453436822453763e-06
-4.1276198154654206e-07
4.993040728809969e-07
-1.041795176856145e-06
3.6167845201313345e-07
-5.301958156321364e-07
-7.064551539315289e-07
-6.347618165695021e-07
-1.7678925503210913e-06
-8.363139788311205e-07
-9.456679721202883e-07
-1.3640897122968454e-07
9.78210404615051e-07
-2.8031505441283855e-06
-6.539895756369723e-07
-2.4453150980921886e-06
2.729259307443499e-07
-1.356594274121952e-06
-2.190886548244667e-06
-4.4838429540711946e-07
-2.7526703628869394e-06
-4.147039159566443e-06
-4.167072648085325e-06
-6.858622327854391e-06
-1.2652682861309067e-05
-1.0299631108117474e-05
-1.2839443765447608e-05
-1.803296840664968e-05
-2.3884324946266133e-05
-3.450556336507101e-05
-5.1478891171947385e-05
-6.641273083524928e-05
-7.425495894608503e-05
-0.00020656993781033504
-0.00013936635618197864
-0.00017251286876022017
-0.00039580305461380964
-0.000299891788862234
-0.0010346371458841272
-0.0004239680179125571
-0.0004224231145469405
-0.0005489787280177032
-0.0009975119755836204
-0.00047022289917159857
-0.0008377734040030711
-0.001390597288134034
-0.0011769091063667605
-0.0010937478972274611
-0.0013232308067797152
-0.0016931924157168915
-0.0031390716862266083
-0.004301696691462504
-0.004044978511988769
-0.0038423551595769823
-0.004151907125820539
-0.00462831137701869
-0.0032625676893595873
-0.005083447854433741
-0.007478122067238603
-0.008720217937869685
-0.00912580831001313
-0.013514503071616803
-0.010054021791022803
-0.016216829901428094
-0.012762019443990929
-0.011866996314243547
-0.011076409985045237
-0.01948316235627447
-0.01422346882256014
-0.010585173315900778
-0.01900742149778775
-0.011101043743630206
-0.010945273696311883
-0.019557847441839322
-0.012657959878976856
-0.014711112366057932
-0.014701350791645902
-0.018808645628658787
-0.021931411498891457
-0.02171686285042337
-0.024907523233975683
-0.020095133954393014
-0.017313915365126116
-0.023488804697990417
-0.020552404524226273
-0.018658592465466688
-0.029676736199430058
-0.023195305240473578
-0.024039897801620618
-0.023335019193057503
-0.03729675301084561
-0.02714532078243792
-0.03532745356538466
-0.0232387749544744
-0.024751536415091584
-0.030888541601598263
-0.03910637128033808
-0.03312230194985334
-0.042709803474800925
-0.03728241965706859
-0.039046569394745996
-0.04630917975945132
-0.03796305430919996
-0.03886489224221025
-0.033853410210992606
-0.023209676213030304
-0.0393509206894253
-0.0355845983805401
-0.028053820598870516
-0.037829399441501925
-0.042414151531245024
-0.04267432001818504
-0.03879911332790341
-0.04390492814127356
-0.03773925992261086
-0.03565751076010721
-0.040449848132474084
-0.03173951857856342
-0.04167978252683367
-0.03591086106773998
-0.040760189261553545
-0.05089505309505122
-0.036642271160547225
-0.05141480293657098
-0.04440801803554807
-0.038960378883140426
-0.039688856207898686
-0.044154991512186825
-0.045821870610650094
-0.04014017778847899
-0.05256812700203487
-0.05354493723383972
-0.04974458712552275
-0.04778942698612809
-0.03625616477802396
-0.038793506766004224
-0.05672988734607186
-0.03859110243086304
-0.04788261053285429
-0.046383414417505264
-0.04347585780279977
-0.04669404748295035
-0.04755635719214167
-0.04194721449831767
-0.04596234448919339
-0.04403039114549756
-0.04250847628074033
-0.0347008832863399
-0.043475612931485684
-0.05288546405998724
-0.04393005657142827
-0.03909116384706327
-0.043578030608062236
-0.043028385777558596
-0.05294401757419109
-0.04617611159171377
-0.04341430403292179
-0.059834862127900124
-0.049893069347100596
-0.05480009230918118
-0.053412590042821
-0.049532445679817884
-0.05257560226268002
-0.04271791010562863
-0.04917351735223617
-0.05445989580558879
-0.0406551363744906
-0.048075141717812846
-0.0653919502593843
-0.04105847458621221
-0.05297640298626253
-0.05159123182030661
-0.04323103664708989
-0.04950892020549093
-0.04832526296377182
-0.046926757719899924
-0.04690657835453749
-0.050232160570366044
-0.06320261023938656
-0.06507694481738976
-0.06110165826976299
-0.06253884825855494
-0.06437168922275305
-0.06721217915349241
-0.05370774984891925
-0.06054566042231662
-0.05608506514025586
-0.06426659093371459
-0.05857169455183404
-0.06068379644836698
-0.05049289842801435
-0.058854538681251664
-0.06811193802527019
-0.06498298927077226
-0.05428484973630735
-0.07143167579280478
-0.07431666340146746
-0.04977212739842279
-0.06814851934489395
-0.059284982406617406
-0.07093428368014949
-0.0545327201751726
-0.052033474668860435
-0.060558252302663665
-0.05868947718824659
-0.05011306024555649
-0.07503705365317208
-0.06945722696504422
-0.07492143740611416
-0.061835292992847304
-0.08022563053028924
-0.0604014543350786
-0.061853959557733366
-0.07004617633564132
-0.06771735095285944
-0.05494821723550558
-0.0714140741952828
-0.06718032301536628
-0.06901968909161431
-0.06398889635290418
-0.06724043636183653
-0.07512816094926425
-0.07492341473698616
-0.07650180892752749
-0.06758514831640891
-0.07680505540754114
-0.07672009005078248
-0.05977866931685379
-0.08076981322041579
-0.05722509324550629
-0.09146573208272457
-0.07421151335750308
-0.0765074323862791
-0.07516050604837281
-0.0800116853788495
-0.06203770956822804
-0.079354570380279
-0.09124049890254225
-0.06688678650451559
-0.07222302231405463
-0.07571226571287427
-0.09135824867657252
-0.0854176040738821
-0.09511525423399039
-0.07968473461057458
-0.05966092360072902
-0.07718730322085321
-0.05629958092634167
-0.08182386708046709
-0.09641620091029576
-0.10777332207986287
-0.10207462257572583
-0.08606738597154617
-0.09562710725835391
-0.06801771292729038
-0.07789694331586361
-0.08661666938236781
-0.08484777615272573
-0.07641385522271905
-0.0926124703671251
-0.09110293870825055
-0.0817872132839901
-0.08059412001499108
-0.0757920758000442
-0.08962788938411645
-0.0862378581826176
-0.08140782852258001
-0.0746048183043188
-0.08981228673032352
-0.06952170510443725
-0.06293065872575555
-0.08184117610965456
-0.09166823646851949
-0.09110892856759685
-0.08221820223012141
-0.08749012409576348
-0.09915646617966038
-0.10572786921901363
-0.06630236549036843
-0.08134988988084453
-0.07210413712475981
-0.08353641549391407
-0.07815275524210717
-0.08701436700565475
-0.07389789646757501
-0.08735070803335734
-0.09457792820675033
-0.08854349835642747
-0.0995394220309598
-0.08109982278464097
-0.10976610625428813
-0.08647421388221639
-0.08304843000535454
-0.08047206353928361
-0.113777991716883
-0.09169607529682773
-0.10439985152333975
-0.09371070244482585
-0.1023625231214932
-0.09779850340315274
-0.09877155242221695
-0.07105753131742988
-0.07942650144520615
-0.08568191687975611
-0.12397939073187965
-0.11247107918773379
-0.08682361138718468
-0.09528328451727118
-0.0928154353584562
-0.08735530610595431
-0.08918409661522933
-0.08727944881788322
-0.09314167173579335
-0.08737074370895113
-0.11007935819881302
-0.10830349714628287
-0.09901434924852635
-0.10194254533520766
-0.07342105678149632
-0.10769620431321007
-0.10248326776283127
-0.06951791181096009
-0.0978556600000177
-0.08693447589342083
-0.1280340664088726
-0.10003646569592613
-0.08645399606653623
-0.09621355177036353
-0.10920718498528004
-0.08515704799044345
-0.10889032323445592
-0.08998783651207175
-0.11432056874036789
-0.09580264227198702
-0.0769584456990872
-0.10879766941070557
-0.0760608037401523
-0.10495980855609689
-0.09394995708550725
-0.0920610281505755
-0.09908230815614973
-0.09746869520417281
-0.08898180616753441
-0.08868532521384102
-0.11611469741910696
-0.09039611801771182
-0.10714435896703176
-0.10254293281052794
-0.10431360506585666
-0.10045485251716205
-0.13092475703784398
-0.09588077757507563
-0.1038111801857927
-0.1276588248355048
-0.09910508072269815
-0.12536676760230744
-0.10695062936948878
-0.11223044938274793
-0.11068352098975863
-0.10820849293044635
-0.11332703434995242
-0.1067371925871287
-0.13099375992481196
-0.09978563498173441
-0.12888783722051553
-0.1120657856975283
-0.12190227370176997
-0.10564508049615792
-0.09533585687833172
-0.12844166532158852
-0.09589868890387672
-0.10125181664313589
-0.13215927939329827
-0.12966567703655787
-0.08974308906389135
-0.119206913081663
-0.12668649426528386
-0.1152245451563171
-0.12355422414839268
-0.0940682760306767
-0.12093044977102961
-0.1347161696425506
-0.09786958207509347
-0.08160839974880219
-0.10417387348466686
-0.09146984626672097
-0.12361843644508294
-0.12024275798882757
-0.1294030634952443
-0.09209676432822432
-0.1287512749965702
-0.10842089980308499
-0.12872472126036882
-0.11773862157549177
-0.11036442393170935
-0.10032261350923884
-0.12102695660931724
-0.12697240430861712
-0.09584574215114117
-0.1377914303115436
-0.11485616210848093
-0.10142063908278942
-0.13181161561182567
-0.13226228313786642
-0.10261530176337276
-0.12243650680673974
-0.0968680055479386
-0.10563285595604352
-0.1122174027508923
-0.12634258504424775
-0.09362277734492506
-0.12284253218344279
-0.12660415390772478
-0.12109640746244363
-0.1258852013519832
-0.11690792813897133
-0.1571034879556724
-0.10056799736672214
-0.09025196810918194
-0.12917250873787062
-0.11099324614873954
-0.1178037596068212
-0.09436153114906379
-0.11923538095184735
-0.14134662358888558
-0.14074417044009482
-0.14114428418023245
-0.14093094558588096
-0.1303914495344673
-0.1420034228691033
-0.11008425003715924
-0.11486463834132467
-0.13378032562988146
-0.10988165039036955
-0.11803393225584712
-0.12026438915303775
-0.12750452756881714
-0.10311837627419404
-0.1073678582906723
-0.13590557287846292
-0.11381600052118301
-0.12056190227823597
-0.11906230635941029
-0.10109811222979001
-0.14305936811225756
-0.10301442949899606
-0.16711184488875525
-0.10722357380603041
-0.1275141074189118
-0.12032322851674897
-0.08069759061826128
-0.1571853453559535
-0.1309559236147574
-0.13059098007423536
-0.1326908642160041
-0.10557395698768753
-0.13219320960342884
-0.10840012718524251
-0.1204424649477005
-0.14053964960787976
-0.1541738717683724
-0.15808309960578168
-0.11766738072037697
-0.12443649981703077
-0.11722120669271265
-0.1586423878158842
-0.14417685940861702
-0.12262093009693283
-0.13812774739095143
-0.11143791409475463
-0.10485504168484892
-0.14061049265520914
-0.15859812631138734
-0.11883352916421634
-0.12573796244604246
-0.13665614450084312
-0.1265336727457387
-0.13980071885245188
-0.14014826927866256
-0.12838297496948922
-0.12749974323170526
-0.125890458800963
-0.12080824854118484
-0.12744193391076156
-0.12173076745654855
-0.15194635106516735
-0.11973901438925948
-0.15494169986673764
-0.12621106879253471
-0.1270475768085037
-0.1319782282891018
-0.1292037804211889
-0.1709396881716592
-0.16248806047120265
-0.14434867352247238
-0.1360336265393666
-0.09604624106681772
-0.14539258953716075
-0.1328303883118289
-0.14163696340152196
-0.13433308194258384
-0.1617932231830699
-0.12292656515325819
-0.1545729466847011
-0.15329900171075547
-0.1300544078860964
-0.1330985049051898
-0.11877268945266094
-0.12067741980510098
-0.1151766013354063
-0.11586618237197399
-0.137682850339583
-0.16100206412374973
-0.13918556751949446
-0.10722735763660499
-0.15279811407838548
-0.10829856459583555
-0.1651485679405076
-0.15688371498669898
-0.11849530659882086
-0.13763104565441608
-0.139005858451128
-0.12949226264442718
-0.14484088841293538
-0.1141577557261501
-0.1440234093793801
-0.16047753180776322
-0.1489353126713208
-0.18626003419714315
-0.15930450947156974
-0.12033388510878597
-0.09811448518718992
-0.19001902480210578
-0.15947973808007582
-0.10773366051060813
-0.1425784733146429
-0.12249976024031639
-0.1346987360822303
-0.16426648199558258
-0.20365588154111589
-0.1510803140367248
-0.12112074558223997
-0.10877101362815925
-0.1540137720959527
-0.1376537321401494
-0.13891296780535153
-0.14370024443737098
-0.1471836576903505
-0.14056542169834887
-0.15613737276622228
-0.13115201318370445
-0.11048620433679648
-0.1505882026893752
-0.11636758382831301
-0.1652150617114135
-0.14289258207593644
-0.14563210042459623
-0.14742591178842954
-0.10784848140818733
-0.1449931114912033
-0.11645345190273863
-0.1796482319810561
-0.11671269073018006
-0.1281615655337061
-0.1251672703240599
-0.12749186783496821
-0.15087048815829412
-0.13321891906005995
-0.1724149552839143
-0.10863401448088032
-0.15624033899179526
-0.16066934713827713
-0.13548001327684947
-0.13197598553129605
-0.11065733858517238
-0.14210568953837668
-0.15244168309228762
-0.16915254880275046
-0.14403472627912248
-0.15441068953701428
-0.15842636009412153
-0.1251629963517189
-0.1588488037564925
-0.12195037598056453
-0.1258312344018902
-0.1336187371718032
-0.16024657285639218
-0.11576839376773153
-0.12173111736774445
-0.14205904038889067
-0.13047217684132711
-0.16553045809268951
-0.1394050626882485
-0.15038586467770593
-0.1598532229129757
-0.10664334680352892
-0.14580272763435329
-0.14544851159943
-0.1431538781949452
-0.1419250959796565
-0.12977244997663157
-0.1578761496181999
-0.16682474740913936
-0.13721469763134206
-0.19506012980959245
-0.10800493495272738
-0.1468933131545782
-0.1501869937138898
-0.10926799343100616
-0.11835785835449185
-0.14903604798018932
-0.10204052020396505
-0.1319159266671964
-0.13444272615015507
-0.12884672252195223
-0.15127424749412707
-0.13833876060588018
-0.1389029167060341
-0.14884866907128266
-0.16660267753260477
-0.16398848220705986
-0.1497240396482604
-0.1581285215382065
-0.12275214632973075
-0.18355968115585192
-0.18719476674284255
-0.1288298341844763
-0.14572935258703573
-0.12278049276210368
-0.15291244057672365
-0.1679199319332838
-0.16364549739020212
-0.15277728930647885
-0.136924345312374
-0.14377544075250626
-0.12870918533631734
-0.17328298131802253
-0.13248331512191466
-0.13691826909780502
-0.08975147429321494
-0.1277131209416049
-0.17260638890521868
-0.12944574348096335
-0.12970892240160278
-0.1445144647732377
-0.15648288372904062
-0.1754890869238547
-0.11520859562525791
-0.1750976044152464
-0.14757756888866425
-0.16188064563487256
-0.1371215611164059
-0.14837852865457535
-0.12534577825239726
-0.17930179860975062
-0.162350026092359
-0.14478637597390584
-0.17729496583342552
-0.13348756836993353
-0.14895071195704596
-0.20027859136462212
-0.170904098876885
-0.1567526970590864
-0.15654023736715317
-0.1952274590730667
-0.12559178790875844
-0.1664385816880635
-0.16916463151574135
-0.16256227583757468
-0.1469160137431962
-0.12100035191646644
-0.1616235790508134
-0.16462131908961705
-0.16945549473166466
-0.1806899027100631
-0.16577975824475288
-0.18225793620305403
-0.12610464809196337
-0.15973272201206004
-0.15596357759620463
-0.15479372947343759
-0.17351953844938958
-0.1544341083083834
-0.1266866416803428
-0.16315030971808092
-0.15236678160727024
-0.1679005271622113
-0.11237688269466162
-0.11491379767124142
-0.1347808591755373
-0.12966657456542766
-0.14598291497012333
-0.1913227497466973
-0.09684697678312659
-0.1703529278082507
-0.17452214126076018
-0.14412865175732545
-0.15506507935268538
-0.16328964621892997
-0.14015377525772368
-0.14519636386207171
-0.13172037074608461
-0.18108763053481067
-0.177979457325169
-0.1452151212309088
-0.12941448044564044
-0.1381712324385132
-0.1605495967503105
-0.16453835594334773
-0.1604589665574687
-0.18256676343402692
-0.19076589228851454
-0.15831156061696156
-0.17181365191936493
-0.19259659307343618
-0.1699420932148184
-0.14505147095769644
-0.16353876715792076
-0.16795666901660816
-0.13088797977460281
-0.16102102718182973
-0.13156912894919515
-0.1765275868986334
-0.15771792735904455
-0.17044122756591865
-0.1518296791639711
-0.15459876587348326
-0.13452847355178424
-0.18440878817013331
-0.16760050106261457
-0.1388060682054077
-0.12264131581676858
-0.16718857841832296
-0.15138688976211206
-0.14890710583754949
-0.19741883501410484
-0.15114722879869597
-0.15097090495484217
-0.14061823833201612
-0.15566881293697016
-0.14984239797507012
-0.13208086722131288
-0.17503520766539232
-0.180535082838365
-0.13571819862616913
-0.1317452665784263
-0.10568028715040002
-0.151397367939353
-0.1801068051052945
-0.16598772896187647
-0.12216189290796008
-0.16444645768829755
-0.12322952917643956
-0.13366826291063003
-0.13308944340263093
-0.18061078499470437
-0.17404867309544766
-0.15970048973602907
-0.16936797914760454
-0.15746702998876572
-0.18245989110852992
-0.12948604779584066
-0.13584978239876883
-0.15711298851030214
-0.18888282350131444
-0.16316408876861846
-0.1504401442195688
-0.17337408289313316
-0.14030711006905353
-0.1193320354712861
-0.1761233082839421
-0.21979516691395215
-0.13863020496709005
-0.1411137945417847
-0.21575237780676357
-0.1661288615848337
-0.1512530996863331
-0.13205335848033428
-0.1519393532403878
-0.16417346608691982
-0.15338295698165894
-0.16179167106747627
-0.17580547982028552
-0.15220968478492328
-0.16030043097479002
-0.17826968005725316
-0.13201989845505782
-0.1549589798918792
-0.1512631486569132
-0.18530293181538582
-0.16509204091770308
-0.14233853774411337
-0.17035882973245212
-0.17159867393118994
-0.1578557092164244
-0.189763250627688
-0.13669348481510366
-0.14640505399022782
-0.18188731508728648
-0.16795960600887025
-0.15734944439360074
-0.164910582027265
-0.18256539053150586
-0.1616843608873231
-0.14174991526773997
-0.14256903289684228
-0.15952009335160255
-0.13254133611917496
-0.14047623851469584
-0.15719673410058022
-0.17315189700041497
-0.15306751962218965
-0.1445717556135995
-0.1507898515888623
-0.1912610860807555
-0.15546132730586187
-0.19194537747119153
-0.12442404563937869
-0.138110272286992
-0.19534539803862572
-0.14987019688955375
-0.20549411858831132
-0.17638461983629636
-0.12274725628750664
-0.15347596364361898
-0.20556882862001657
-0.17290383683783667
-0.1792006678879261
-0.1471115904194968
-0.15949341441903794
-0.17382964811154775
-0.145805411173829
-0.15875798596867494
-0.12623137847653457
-0.15409888939133712
-0.17243924790195056
-0.13935540802776814
-0.14802506486220018
-0.19260292872786522
-0.20660997554659843
-0.1357085688837937
-0.14813199692538806
-0.15967342257499695
-0.1482004693576268
-0.16081381056989943
-0.1297030445587422
-0.11777581513992377
-0.1814070508948394
-0.1463605140202812
-0.14186882879585028
-0.18047683792454855
-0.16357278132012912
-0.16080735357744352
-0.14494589130793298
-0.16020586714148521
-0.15004960859992675
-0.12610866422099726
-0.1870413850992918
-0.21600723027118615
-0.16801919522030012
-0.181168386180486
-0.16810837294906378
-0.1429475780044283
-0.13636509555258922
-0.156949661139931
-0.19419855331735952
-0.16680009184139116
-0.19707978649863175
-0.15212787501513958
-0.1427380804504667
-0.16548280604183674
-0.15856360644102097
-0.14549522740500315
-0.126851813601596
-0.21287611552647182
-0.18773493303784303
-0.18978634742753847
-0.14529531701867068
-0.18455929309129715
-0.15747714867549284
-0.1637377699038812
-0.155747297086886
-0.140527740520026
-0.1519507441137518
-0.21163724788597651
-0.1424409547554595
-0.18313800463719027
-0.1511014620108264
-0.1532749491078513
-0.19222444774849073
-0.16712552282427037
-0.1715993160115821
-0.14282116746263845
-0.1566706368965762
-0.17970539097275054
-0.16487649282706635
-0.18988002783485822
-0.1888448345874037
-0.13900995227907384
-0.13553606293031148
-0.15686987154185772
-0.19533878990582057
-0.15220761937754496
-0.16184842533298902
-0.17098493900682246
-0.1527553011796304
-0.15686659035938127
-0.18110227744494165
-0.19963102149111883
-0.1499616125864642
-0.1448348808501448
-0.17226200284702436
-0.12658370206398623
-0.14703325874039105
-0.1661058765436922
-0.17361369778102795
-0.1659214472664254
-0.17690989401723659
-0.18567400478890964
-0.1452736897127969
-0.14262846671044827
-0.16016488256199019
-0.23324087687901088
-0.14357801380434207
-0.1473269217780658
-0.16796184311221754
-0.16897340438195638
-0.16086315312921734
-0.19775592109986714
-0.12911829751517093
-0.18362622016242572
-0.1685363038309983
-0.18057390967650072
-0.12284040943320308
-0.19092521630227566
-0.16535547535334313
-0.15100363016660726
-0.13587289409978048
-0.13688034085290773
-0.21462728189570562
-0.20162451187414782
-0.19153892381915025
-0.16852660503770625
-0.18367339883531844
-0.13618908742708818
-0.15365485368030413
-0.1913765620972429
-0.19233431294560432
-0.14515587793929235
-0.16555325048310415
-0.20129734676863467
-0.1389952190220356
-0.20255362508552416
-0.17887748032808304
-0.17960859409400395
-0.2094611914030143
-0.16220431189451898
-0.18658832194549696
-0.15371627706502164
-0.14875554399830954
-0.1723710112273693
-0.21412664359169348
-0.18468638669167245
-0.1850583945800151
-0.15879505659852708
-0.1560848658638341
-0.18544520171625273
-0.20841095969080925
-0.20352701310600554
-0.19942886754870415
-0.15407905355095863
-0.17910486180335283
-0.17241422007126467
-0.1795074168060507
-0.16615378164819308
-0.1904813272080251
-0.18737707446728433
-0.20500045535819872
-0.20355682580598763
-0.19303456002048083
-0.17686443869024515
-0.19531033773507392
-0.19883616273624025
-0.15744912784014428
-0.13731018586882524
-0.19748665844755514
-0.1832943462899753
-0.2085733977811677
-0.11660111881792545
-0.22891957206385477
-0.16920499064560449
-0.20494570476668222
-0.11374816218657154
-0.17225457621472223
-0.1790194154850074
-0.1661329274731023
-0.1624688601919583
-0.2190663612314633
-0.16463890066370368
-0.16946426779031754
-0.14583890146708914
-0.24204981699585915
-0.21443669637665153
-0.18755580804177693
-0.20056521998984472
-0.23163497847105777
-0.1443187610046672
-0.15901392006448337
-0.177529129731868
-0.18852017261087894
-0.1831504295447043
-0.14360325623835837
-0.2073290752513068
-0.11624545311289174
-0.15032601303287915
-0.1753698821578707
-0.24669404008558818
-0.19678384517984732
-0.20561558114630835
-0.20325638939227378
-0.19549787204180444
-0.15883751905390195
-0.14430507352309568
-0.17625311203300953
-0.17441545400236333
-0.184064014681748
-0.1898365579545498
-0.1743272678660495
-0.12228676011519772
-0.199259379612548
-0.14479750365301566
-0.19415238073893956
-0.1804782777159874
-0.20703515942607606
-0.15647362066166742
-0.14677854028663465
-0.1633927051776222
-0.1694183490638222
-0.18160912926707948
-0.18181055997099196
-0.1302785069482135
-0.17863581462630204
-0.17599795652287348
-0.2100561104182686
-0.1728059191788946
-0.17548411725355045
-0.13518497933234488
-0.20356244380984986
-0.17487709011350358
-0.1708263781453882
-0.20042677702648298
-0.17609847070915358
-0.1670481293861355
-0.16680063493549824
-0.16492014431527682
-0.16939254477620125
-0.1279226802289486
-0.19500362394111498
-0.1543112922725933
-0.21790751947888307
-0.19914997901235307
-0.18640788617943013
-0.18672696394579752
-0.1517050058713981
-0.24080665516001837
-0.18856650457850524
-0.21343219865645682
-0.17233237783823693
-0.19420130790344306
-0.18873244577220508
-0.2110992676711508
-0.14804064828370297
-0.18235172943345138
-0.15672454716903822
-0.19659930281341076
-0.21978813569460595
-0.16245022296373332
-0.20213083443897112
-0.15927552910787718
-0.19439020965780532
-0.14349372578518732
-0.16575960548860685
-0.18711170181632042
-0.20340885381613458
-0.18128078909856932
-0.15977254509925842
-0.2007418056683881
-0.25175673088857103
-0.1871479462300028
-0.1662721825497491
-0.19195916344012534
-0.17154671677521297
-0.22575680592230388
-0.20625805216176168
-0.2179830308471407
-0.13863734847732953
-0.13915880343743733
-0.15641209589583532
-0.21802634266870363
-0.15255221405199595
-0.17169424279459886
-0.1575403974524566
-0.13314995701823915
-0.11891856603324413
-0.1369269551443202
-0.16228509747556277
-0.1626030361013753
-0.16712430052991425
-0.20848952925630979
-0.1604997864259141
-0.16397121495434216
-0.19776072685739823
-0.15629824862948485
-0.14023435328687942
-0.1552221705870969
-0.17427001015416213
-0.13486923915999277
-0.162834177591971
-0.15815632870154722
-0.19216675790292875
-0.17786648417157785
-0.17775583320430347
-0.20569596546036856
-0.16238596928971155
-0.15900887974670955
-0.19462344901902334
-0.20566247031092644
-0.16699912505490438
-0.12731198101703609
-0.15556410074766194
-0.16935363624777114
-0.13172147023890698
-0.18259156867861748
-0.23034651471035822
-0.16462335416248866
-0.1593977910067354
-0.16322523195828711
-0.19674172891037806
-0.19817220206771577
-0.18679642916790076
-0.22872401827148028
-0.1749415791460446
-0.15764543866472586
-0.16526309001658643
-0.17889304698577949
-0.19941336368875845
-0.19945597595402173
-0.16213054715522698
-0.15114721176879747
-0.19665111441697394
-0.2623453669782196
-0.17797651727284705
-0.1815490456564086
-0.1801537083727973
-0.18634099034326418
-0.18667230222906386
-0.1538361869752407
-0.21710813205157006
-0.15406834839710168
-0.16899208458406584
-0.20891958421894483
-0.15531964959310635
-0.16707597034318106
-0.1708538673285927
-0.14262105521629564
-0.2475869639643601
-0.18256735668650695
-0.20083691339407647
-0.16358141281775065
-0.1503637967897313
-0.23476085492542811
-0.231852188706398
-0.2171042976634843
-0.21398746169039182
-0.17326336886201585
-0.13154057433296526
-0.16972663359982626
-0.17799246098314012
-0.2467623023050172
-0.15078287890979222
-0.16955818555184773
-0.16725740049566543
-0.1773676478437015
-0.202019067215068
-0.15608618780970573
-0.20581259032977478
-0.1814236156642437
-0.22869913758976118
-0.15212894177862576
-0.1947638187557459
-0.175476463245494
-0.1907421009881156
-0.2240473763751132
-0.17972988129726478
-0.16575427619474276
-0.18443771797631467
-0.19024997470634325
-0.17953105111207282
-0.21154009071843966
-0.16616765383098805
-0.20241704184029782
-0.17343883509082453
-0.14229147189429828
-0.1454924749476569
-0.21499232415642058
-0.15288625178592546
-0.21933804147244831
-0.10035342909395695
-0.17933859250375203
-0.15232546028814145
-0.18877579351621016
-0.173062585826431
-0.1918708628841809
-0.19808006419667176
-0.14374059152656368
-0.19645573464887484
-0.17885369381734303
-0.16029607291732514
-0.17694574381623948
-0.20192925791655267
-0.168461267969438
-0.21443360884274756
-0.15615957230329514
-0.16617210847990854
-0.19164129506264413
-0.15372090094855853
-0.17718989934240068
-0.18322115444711276
-0.1938435129289116
-0.18516931629606656
-0.20052247208410076
-0.11235487088561058
-0.15913198648818902
-0.20490809263927595
-0.13219321239739656
-0.16489885986915656
-0.16455040872097015
-0.20153731001274927
-0.2820589707366058
-0.1581126350377287
-0.20424730543579375
-0.17391753356371606
-0.13755613219525134
-0.21301755096231187
-0.16441164910793304
-0.1996748186647892
-0.1552482819450753
-0.2033268181341035
-0.1905276259141309
-0.2177492475935391
-0.19079009097601687
-0.200496929032462
-0.16468622695122445
-0.15254054497927427
-0.19736580923199654
-0.1567010898143053
-0.1433088095592601
-0.19521009496280126
-0.21438768239957945
-0.15504248573311738
-0.20197079383901187
-0.1781127748212644
-0.19005818079624856
-0.16672586277127266
-0.15341934747993946
-0.15598207605736597
-0.17650585461940085
-0.19975122649754798
-0.17524362435298307
-0.21739643492868968
-0.16493123450449534
-0.21534541063010693
-0.21252964064478874
-0.21595700750393526
-0.19737099057861737
-0.17237538046070508
-0.20420455879398755
-0.19828884782535688
-0.19774632209113666
-0.19834001934421913
-0.22471805661916733
-0.20632933239851678
-0.21881625136094435
-0.21273132200751985
-0.22002933892820561
-0.2196962439588138
-0.16852749405162676
-0.1771407164633274
-0.21861679506089007
-0.19267346497092927
-0.19099561178258487
-0.16908310619848116
-0.18773021336112702
-0.14935638116938726
-0.20174565139625752
-0.252852306834289
-0.15698962046631745
-0.18651869972901686
-0.18584034219384193
-0.22343344720346586
-0.23017520510724612
-0.14997555395322187
-0.2116018570959568
-0.18239001663667814
-0.16644956091684954
-0.1306196946118559
-0.19860480007316386
-0.18738374752657755
-0.181082885446293
-0.15643753590328352
-0.16907119378447533
-0.1478354957486902
-0.19918684821043695
-0.15705481597355433
-0.226386232567685
-0.1731256406222071
-0.14598806841032846
-0.2036723837788616
-0.1880515521126134
-0.21930942205446108
-0.16426266516957963
-0.21513445196407183
-0.2063475362956524
-0.2156475723854133
-0.23715718582804715
-0.19056605707321847
-0.21316079742142133
-0.18979020177253655
-0.17280284907402738
-0.18318976734631828
-0.18739464772599085
-0.19629750360867806
-0.1990011456821646
-0.21335887270314352
-0.20877003563301905
-0.19063275706555163
-0.18275785659040725
-0.1667950368885483
-0.1870065201073885
-0.19104234049362795
-0.1477473175951413
-0.20110054899539268
-0.16655962355434895
-0.24872314131685666
-0.19744871982506343
-0.188717944547534
-0.18378967259611403
-0.1826387079698699
-0.22519498584525927
-0.19585210803364003
-0.16902061152671063
-0.18165743350982666
-0.23585092702082225
-0.17542966614876473
-0.15826842854065554
-0.16103896897818362
-0.1626858538282769
-0.21934809988098486
-0.17800459159272058
-0.2209447654230254
-0.15389335581234523
-0.1847596221736499
-0.17248723123754775
-0.18801249297601835
-0.22419180481561593
-0.2339790921126093
-0.20113318786025047
-0.20173936869416917
-0.20247222616204194
-0.2119949891098908
-0.23959479800292424
-0.23708084438528335
-0.19648205116391182
-0.1940750889480114
-0.22463759487228735
-0.18931689485907555
-0.1639283991285733
-0.24968921818903514
-0.18538836842136724
-0.19781115597912244
-0.18819852346288307
-0.19449480676225253
-0.19615340126412256
-0.21478861357484544
-0.1656846061481961
-0.1850159876048565
-0.18461825592177256
-0.21272984306727136
-0.2318505724625928
-0.17018538367535388
-0.22861765484724725
-0.20531414768525533
-0.24423339696867125
-0.20530216502291815
-0.1841294172086886
-0.18850061936037882
-0.17291816563478538
-0.1818274807717119
-0.17506459381963527
-0.19768588511007174
-0.19270274841359683
-0.19348038041165896
-0.1700886067535196
-0.21920727406229293
-0.18624422326683998
-0.22104119935206004
-0.22995675621288164
-0.19134238921105862
-0.23616686356919153
