-73.08892891428987
-322.7334749500872
-374.47901926392234
-438.6841682206651
-446.6595532927096
-460.4764581275975
-503.95725648633896
-384.0415788971334
-458.8230712963139
-518.8350026816267
-531.59188006111
-553.4344024163787
-572.92512712171
-621.1576024068665
-610.7365574726861
-586.1801901215232
-607.7634972778883
-658.6966363867307
-630.845363607055
-621.5142586209257
-692.5911624222856
-702.111154754041
-570.5918727019965
-661.8790267964113
-706.9867667031178
-719.5843757462392
-668.8756688498132
-689.8978848182661
-692.8870676168099
-669.5514373164023
-722.1970331493061
-725.0848017321205
-728.6224309101632
-729.1099723780759
-755.2887575835127
-760.5712236863677
-774.3100276224075
-687.2000491124694
-677.5464060603199
-779.1537536563961
-756.8855319023132
-768.202501978193
-730.7206319543074
-808.1798301358377
-809.070875048088
-746.6254423323865
-775.8243239145675
-770.9940722153483
-796.7625040107059
-760.8454525157604
-765.0723410333906
-804.3267456880913
-748.8912432076332
-800.8354870016399
-796.9824393839331
-808.9399737685507
-847.4613651723905
-760.6838387981538
-813.8384435737188
-795.3806024191017
-817.7970809903562
-820.6153121601601
-791.2321279444453
-806.8604566100555
-850.99344043468
-820.2920916003566
-841.2790195139871
-798.5029783886149
-815.4942793725273
-825.3245757768781
-797.1491768239281
-854.8283178619525
-857.8615119413297
-839.6028743987808
-852.3143766464725
-816.0456041042706
-852.8218055518541
-854.5057880669694
-847.4680105499957
-822.6455761298606
-878.3327342793689
-887.400380499352
-824.6600436054616
-835.8199158396039
-851.9904684092043
-874.9913149231589
-861.6249642674275
-816.3851815533528
-873.06961550361
-832.3847134003441
-829.0723859560654
-860.4057727217125
-863.1859686286768
-866.6934845436554
-847.1526675334175
-868.5512799381661
-883.5006012883604
-899.3368552661917
-858.5729388009568
-908.761847394952
-825.7205467377939
-793.4524839446292
-877.1428975004205
-880.421873734294
-836.5102995297167
-833.1884900468835
-907.5430116171129
-876.8985311691113
-826.9192713773745
-900.1626462145335
-873.0940040597169
-866.8185383812074
-832.2670072091889
-857.6513368270364
-881.4554390607204
-899.5227599495566
-905.335380388295
-876.9048295425657
-860.7765359782403
-875.9677382943817
-931.4470610739448
-867.2974413465795
-912.7580836775116
-860.5391472781308
-894.704841801373
-870.2252041354844
-914.1156127279804
-887.8606339816748
-907.8582464538961
-840.3554564928679
-864.9347174357159
-875.0799338296571
-887.0798632318523
-870.873957400223
-888.6766001041034
-850.4266919776592
-891.2886531605699
-794.058398404841
-894.2802175643258
-925.4356465438544
-860.7775393007538
-906.8734415483914
-896.4432781440322
-905.5288228301958
-871.0800092593179
-900.8587013296268
-897.0976354663823
-903.7850077580747
-874.7901248344078
-933.3801733447659
-911.8930899316814
-908.9450032422104
-873.5464277422648
-937.953993807328
-879.5762622095473
-882.2896223076477
-887.1121412367315
-915.5373948754802
-909.1376532420585
-887.2206514417301
-842.3133072230947
-885.8092066835148
-949.2571990720687
-905.8400282523324
-892.0444213768359
-920.3475490149265
-924.4113894324698
-938.9926014451937
-916.4797284976678
-915.1397740840332
-867.6183085326226
-922.5904994904995
-941.3300579632482
-902.7400950682328
-899.9182525683636
-919.844064069371
-932.6033146722319
-914.1074295677073
-951.5646450857413
-904.4703891693447
-918.8290068156382
-868.0321636680349
-906.6935187362237
-883.4599274900069
-923.0112552711491
-888.312433215399
-954.7129458388387
-909.2707728021156
-914.5344856166482
-905.4820150083043
-946.7052923289862
-916.6439182928631
-940.0088152745352
-902.4337804805826
-928.3584410032436
-906.2718605465054
-937.1816982355243
-866.7990398084823
-889.474304356196
-935.6285239567954
-952.7180356293368
-934.8913701567708
-894.8613200264249
-909.3011450525803
-895.061987237302
-917.2844077597763
-944.9354423311999
-928.6715754512268
-934.020512172051
-952.2433047729635
-932.9011880109937
-898.8988475653564
-877.118010862194
-957.6865076598827
-927.3551953257091
-942.4106062819988
-924.1651879009976
-915.5090739128055
-913.4685133945558
-909.1047682632469
-968.41530672502
-914.4435299206439
-949.9507747361016
-924.6587309159236
-948.2800026206205
-957.1902236627578
-965.9945229385306
-965.0679503665544
-965.0177542776522
-944.2360009483752
-965.3520208086286
-911.413291224432
-881.5997484661252
-925.4216817583082
-941.3710800388108
-949.0319535528462
-929.8830761224169
-963.6630342521664
-905.8672711995821
-970.4024982692733
-952.7148655425556
-957.1471017376103
-921.0360924075411
-950.0546182377548
-943.4366275062613
-956.9469691278748
-968.2752883294211
-946.3132092213424
-945.5010767520023
-930.1467142944728
-915.3267732597076
-899.8776223689933
-931.7746986897613
-1006.6908311538982
-965.0932362764523
-921.2861262818086
-993.3475896801397
-964.7009804589408
-935.1506338917762
-960.8645355291283
-955.8887341157833
-968.8818695068634
-976.4249219254415
-959.3515198264391
-942.980784985181
-984.7434100387837
-981.6065495574529
-900.9606164328513
-924.0972435638857
-945.0816391134197
-938.5431832742581
-998.8676921895143
-947.0902216709326
-961.4504911928402
-959.8954901492164
-947.6678082571067
-903.057478607629
-963.6078714173854
-958.9803660433087
-989.833976216158
-963.7024622058827
-960.349751253651
-1019.2172570733981
-964.1604722932685
-949.5727439070641
-959.8031709380963
-975.3692279754696
-952.3985073501201
-971.4000348295757
-967.67793058304
-937.7920967488108
-930.5752228833563
-956.3949935885784
-967.002472456388
-893.4203255826523
-955.668335579488
-946.3364723034167
-945.5060954467492
-954.0431884439557
-952.1853751627399
-943.0505191094933
-967.3995504859784
-911.8751284579415
-1004.0110979195244
-949.6756008517358
-939.3909156544602
-975.9590383325694
-989.302775480557
-985.7258344289894
-961.7134994416399
-921.6823360040861
-1009.8466750059961
-970.8924288000173
-954.7921852668005
-963.3833123220277
-974.5920894156861
-1018.7524596535116
-957.229647763598
-961.291963102811
-977.659406874243
-968.2850232334456
-949.998312551093
-918.1867833899308
-983.0726381494376
-963.9661712878683
-940.6723880097356
-965.3098216269354
-932.8118169488737
-971.6032354813499
-974.073461933113
-1028.6147327063964
-995.9608410365605
-932.5786109290382
-938.18314845963
-999.8091550708002
-918.7263425530671
-959.2906414898722
-931.0385163090856
-968.3991540873183
-970.8231460462466
-995.8673047448084
-974.4820208431566
-1001.3167810953364
-988.8680856851391
-976.1773941813526
-915.6935383669243
-964.423269726351
-957.4690363270483
-974.3284132293842
-983.317236899909
-1017.0820848069376
-967.0822521914907
-990.4908677548308
-987.7264211937155
-961.025993399377
-1003.012399436142
-993.4574068866273
-909.4397397539054
-1006.3911726715229
-925.1257239860759
-929.4306508056853
-1011.8533883640148
-982.4184626426686
-935.508099921288
-967.8081812101077
-946.4022770631557
-972.0847620884668
-981.475124642967
-964.6823994629914
-984.3426508777212
-972.3110663985248
-981.7727617904552
-994.712723804743
-948.2013282547983
-978.3319379881026
-981.8789502204954
-1009.5242708775033
-994.159379713032
-1023.099369960793
-977.2196807344036
-1001.7513842332747
-1022.5001203593589
-978.2843506056729
-994.3018952138416
-978.2305934628325
-999.9550917476226
-950.7684696848514
-972.3257551941643
-999.1822283851661
-1013.9562554653339
-965.0072067251385
-976.94342421688
-970.572318276725
-999.4224217021863
-1013.7930624795861
-976.48250680888
-984.0652805451424
-952.8232405750845
-977.1093741657496
-949.5426881594216
-956.5241250493846
-1025.1584289897971
-973.2934068320534
-987.1991542341523
-958.2266871056396
-1006.8188951481735
-970.4167261835024
-977.4691180567587
-989.2539594151457
-1004.1628103861557
-964.2672816094092
-973.069317647677
-998.402712785589
-961.3032410260041
-997.7679223947673
-963.8472823614748
-975.388456197095
-983.2092205200911
-950.3329240979546
-974.672778304279
-1030.4193074846723
-936.2033015606041
-1036.9044440257564
-985.2129016495375
-928.8489049022015
-994.7090313467562
-977.8270603956398
-1034.568497552209
-966.5184422556476
-974.6907371761197
-1002.9785028829948
-1010.9643786447938
-976.9840015327206
-948.6610523126078
-1007.4537079630909
-956.2571140527052
-1028.18734373717
-1002.1531672884473
-992.083172401922
-990.9518934273427
-974.8678179562526
-979.7280425268251
-1012.3880719303536
-1028.2689862932477
-1001.0923331174398
-1025.4849294153416
-962.2330434797568
-996.8705057442394
-1001.5824705363704
-998.1292059065598
-1037.3394102261225
-991.6205216508856
-985.1383991236203
-993.277311477341
-931.847525390226
-1017.6810722354336
-937.258706460642
-1028.8647172219228
-975.7868284415841
-953.9925162157034
-976.0978048434647
-950.3047411532135
-1036.7443619107523
-951.8417650850963
-1000.201664356742
-965.8559756501335
-970.8051807391136
-970.4241202022539
-975.5104756999483
-1056.362596724444
-974.7111490508928
-1033.3570539965488
-987.1339419822506
-1034.651629027844
-945.6135674648543
-1010.7506249305136
-960.1283777625969
-978.7505549301762
-1048.211447855128
-1027.5778403870315
-980.7217571837106
-972.2171885034863
-1017.6576301302244
-935.4751047558153
-1016.3220342314607
-992.2131120555417
-1008.6676193380874
-998.8143698851045
-1021.314860079792
-1002.6155108833358
-1005.2769785289167
-1007.7856644485511
-958.9579744319778
-982.3495621399891
-1003.5885915120286
-974.8254944819462
-962.8847414208324
-984.0249176158278
-1018.3687095338165
-942.86876173417
-986.5882035835747
-959.9576461256041
-981.2398300261541
-999.9226442462838
-981.5129143297538
-994.3266856401269
-990.8776814617436
-1055.6910217598054
-1043.2473729096455
-1008.7591160058273
-1021.1914353813195
-971.6761163934426
-984.5404095866327
-1036.838380486919
-1000.0414187730663
-1016.2116622460603
-987.1176973567956
-1035.2508448763376
-1016.2361738110468
-983.1941875061549
-987.4469883869791
-958.3661727646027
-996.7752988115246
-1004.0416792084967
-969.282362243675
-941.457415849487
-967.7134338337155
-975.1606094153833
-978.5333401505466
-1004.2262782496394
-984.9935887064053
-961.7046258678356
-983.875136234922
-972.3287199781511
-1015.7096863393822
-946.4675949820074
-1005.9181947488389
-995.5167022564444
-976.6948543129203
-980.6246152691809
-968.3225128739248
-985.7136936099848
-1039.2184918907383
-1014.44586935079
-978.4175907310349
-998.7796533227106
-988.6873965621537
-992.3534499489217
-968.9625158898284
-969.2101840072972
-1041.2636038172607
-980.23119322523
-960.8765808736791
-955.8987550080286
-978.4418635839424
-1019.3071886053832
-980.2265150330056
-979.047323841074
-1026.1766649095364
-985.0892114728208
-971.2971361666818
-1029.643238041937
-1019.0072640977147
-1031.0921479631272
-989.743817247004
-959.3584627449409
-1053.8510056161624
-1034.7763576841405
-985.3362778930958
-1031.9556539123353
-1000.8887894592466
-1002.0454931726525
-951.7386935365697
-995.0021778902775
-973.4030985642688
-1021.9442391629043
-1023.5242360431339
-948.721389488062
-1004.8965820664645
-1001.2088432914186
-1048.920204699744
-979.9212491976491
-1011.1008356200048
-993.8818909891901
-987.2920755292633
-1003.8559657820548
-1034.705253843402
-974.8659212660466
-1016.2820977620839
-1011.3569389045891
-1001.9020785845919
-965.9443182051182
-994.3930571741098
-1000.0473040602402
-997.8044408313074
-982.0998754504096
-976.4353384757376
-1007.639162909733
-1052.9711531515272
-1005.8540871086963
-1000.3366152943554
-905.897769709166
-995.9755817638187
-961.9640836624202
-975.9650492738951
-996.694987681112
-1008.0007789790467
-999.6285994157106
-1016.0515491782091
-994.1855392645989
-1027.9212896535478
-1013.0529353562372
-988.1763892506423
-970.5096612985249
-991.4592195798724
-1009.6071123532513
-1023.582810877556
-992.7192306518555
-989.7692972258345
-962.6457094084382
-988.1006360569984
-972.2346249132185
-954.0202816939461
-985.6453577621477
-999.4179507722297
-957.3483382087599
-1007.9521467417912
-974.9104146603071
-994.8778611698372
-1001.390013136622
-988.2517158504475
-986.4610525723979
-1032.3117982791039
-965.226087779738
-1026.5640019588284
-976.8456322673967
-989.891331184418
-1007.5660914056313
-989.915949177027
-1004.4797924035267
-984.5931160524144
-932.4737692986805
-1004.1125340443807
-1010.6220824999393
-991.1470503213768
-1002.4954148478772
-1050.51874604043
-983.8298039853847
-1029.8619447731087
-1016.4307910951705
-1019.8450983604563
-1019.1881183677006
-1011.4402782347071
-1017.6180981085527
-1027.8269465490469
-1017.3323543948823
-994.9669732921151
-1010.5185078915363
-1015.3568623714183
-1037.3826888277167
-962.7981520622008
-1041.3495552842505
-1003.7174548141074
-1020.3880956271827
-762.9093284127453
-859.5545514689845
-971.850512973999
-976.5124398793394
-914.4567075105307
-935.3732745262885
-976.9613906580629
-992.2125583068566
-1012.8075341026338
-989.0010492351198
-1018.7157541034964
-972.6413862342658
-995.6548506394887
-961.490875779222
-968.9603135659754
-977.3902741143256
-1012.4850065907789
-992.4721555412932
-1001.7881078761567
-972.6199204893696
-981.3670392036411
-1033.220415983538
-1026.8119720204622
-1021.765454473107
-993.2264920607691
-968.3566316412939
-1009.9308033428983
-1049.6707328783277
-982.0549835874002
-1029.2879805147372
-1003.3880943580651
-951.2438736340979
-942.54300562174
-1026.6252138224809
-1016.2077663637791
-1017.841088594828
-973.5561306565305
-1005.7862987882257
-1010.9395019601567
-1010.4012140569938
-1017.6381880221304
-1036.1603270148353
-1011.9322458072321
-1006.4433919669297
-1024.4598303148823
-1037.6606410346978
-1021.1428118122823
-1014.1450672833965
-971.3200147249418
-994.8483056967998
-986.011187557537
-1012.4642972603925
-969.924018261894
-917.7632172029813
-990.8762545438531
-1028.207833652958
-1023.0853479622696
-981.1479589822552
-983.8839362601451
-1071.042101422895
-985.3317280980781
-1007.697286188127
-1037.8366225729203
-977.5348348129985
-983.2303762395644
-1017.1100512094766
-976.5894526875962
-963.7026897940658
-987.1172703414184
-975.6164007417698
-1038.7759598957778
-991.8785238849092
-1048.7430240701422
-1006.2639425831146
-998.0936154439404
-1011.4860584190429
-1015.9977117132443
-949.9385809727193
-1056.383855804468
-1024.7514304851056
-1020.691594477079
-973.2605441167319
-1006.4611799618066
-1016.6521503278226
-1022.7311082646647
-1013.9039778871473
-1021.4644758026996
-1002.1054687392876
-1002.2279892813979
-944.191832937436
-995.9472199951251
-987.8793671548641
-1030.740259017104
-1033.354261664841
-960.2411031563151
-969.1092849239226
-999.5578341151712
-986.1842674591027
-1042.3746479801216
-1023.4717185728011
-1041.1919343251843
-1009.2232754615045
-958.4071281728246
-995.5714465672245
-1021.9402651632986
-993.1279836296954
-974.7289020460634
-1028.1876152495636
-1006.5145435245356
-1049.2080284244523
-985.7262730752268
-995.7785137653392
-1049.0879960122545
-1000.9629437569104
-961.2200859237139
-1035.3337763567554
-926.6058597708117
-1029.9304884809503
-1026.5453698421384
-987.4107339384926
-1017.8071734333918
-1033.4852041086456
-959.665907173027
-1066.6304477391268
-997.4421660957801
-980.7039910377507
-1023.4566040046502
-1024.0120741568403
-1011.1611531253235
-1020.8747686922276
-1016.0397449768243
-966.1016233596449
-991.0201238531234
-1038.3948485009846
-1048.7587167492934
-936.125557417374
-976.8588839096408
-1007.839443096565
-1041.8198552910483
-1027.918517508425
-1045.0787757634291
-1037.2499338317027
-1040.3481623752875
-1006.8345128885671
-1001.3940986773935
-998.2520008806888
-1003.9522151566953
-988.8982121212331
-972.4032800150749
-1006.6405040325278
-982.4374846991856
-1000.6117055487523
-994.4085364836294
-1005.4802862773843
-994.5217229342131
-1003.059698933395
-987.0822817930424
-998.0438599476616
-1006.2551602151016
-1006.8725476858253
-998.2160237011329
-990.1614548310359
-990.7927695550833
-1029.846726826259
-1048.780787081213
-926.6522780739217
-1010.5310324280803
-980.0612722103958
-1003.1024467431852
-986.2729725679951
-1019.8001230125603
-995.0873142725313
-974.854203491167
-1007.7741506396553
-1026.6547046441608
-1001.9101104035924
-1012.9902044551163
-1064.2823930028396
-1030.6113054627672
-1033.507075906591
-1037.699057473565
-1016.1341309682699
-1063.3820983605451
-999.8641155986068
-1042.6694947636292
-1020.3309904354783
-1015.7209356281614
-1034.5301941306361
-1045.0504434620264
-983.8318608581745
-982.4806351755233
-1022.8214029149849
-954.0286585524354
-931.7642239953213
-935.0630270830497
-941.9671451174729
-983.0838876697655
-977.3718412817899
-1017.9040528708889
-989.0814886195928
-976.4573632136968
-1011.5052142601245
-1032.6703298841762
-972.6353949094148
-1014.2440906579056
-1049.6290878765585
-1038.600371996101
-1025.920777502352
-1055.5771840000482
-1026.5511262357384
-972.4926566510625
-1028.6888311711325
-979.3463881489959
-1046.6886345290918
-1017.9010985617406
-973.5877870480585
-1037.2556460280323
-977.6695069776412
-1008.4558296104732
-1025.2997030420786
-1002.5296389986858
-974.8717298667622
-1033.738145305807
-1074.6919972131795
-1005.0369144768046
-1038.6415473174059
-1036.9446967340284
-1025.3950681554556
-987.2301971242175
-1014.4767315901415
-1006.4067083937781
-992.3283767307672
-999.580914440243
-995.6938436049742
-994.5363725899002
-1035.0847596328265
-1026.8028642481213
-1025.3575675282414
-995.6562699243591
-1041.7850152644144
-1000.7420373615304
-1017.2491597117446
-1012.3054467860732
-1062.6142874794666
-1009.4358121792567
-1010.0107919213974
-1002.8860925664001
-987.3421084007414
-998.4489060332699
-1002.0017194862164
-1003.4157570377961
-1018.8439766141126
-1025.4358361591392
-1029.0821142943773
-1015.9096549966446
-1003.2222991275348
-980.3080383097315
-1037.9668550939741
-1039.8411664127755
-987.6531391759073
-966.4104267987788
-1015.4577956661101
-1058.228170544321
-1015.3104077879734
-1037.3828378767205
-1046.865271718881
-1006.8529301361623
-998.1647921968165
-1015.6103147759965
-1056.586790807737
-1015.8617734151381
-1037.0217251931467
-995.885982032987
-973.8206763904765
-999.8238097371618
-1032.5781500842509
-1004.7242716122336
-1003.5575732371774
-979.6246162975692
-986.153799252161
-966.6594781977254
-999.3859606385475
-1083.683728582848
-1019.3482565110729
-1005.005383430246
-942.0510542734702
-1026.556454435994
-1035.2673321204782
-996.0586577033117
-993.0998338219702
-992.6775046541384
-1004.5163830700009
-1016.8806044925868
-988.9602452994492
-1070.3857136387978
-987.686289211572
-1029.214620466509
-1020.4754090633373
-977.394210518293
-1044.0088767166237
-997.8456575218931
-1008.5562537408645
-960.6281892583117
-1029.2720525904738
-1031.7625022025152
-1042.7672127041067
-999.4960578601198
-1010.4632722622348
-980.0128159676829
-936.1247580631003
-998.1974363294645
-1001.8501450682838
-932.13865910974
-979.7316508091179
-975.5501896254976
-1028.588847920642
-1008.9577530891664
-1021.88244058206
-975.5612518021038
-1014.5911510505055
-1027.336065527027
-1001.8883500253
-1026.498916569887
-1047.6640854145526
-1043.1355967551963
-1004.8203807230952
-999.5586530326373
-1033.9852215863184
-1027.6354422577836
-1001.3779925210956
-1066.7352137411795
-999.2184918164394
-1012.82905719385
-984.5179226755652
-1063.0221324050333
-1022.5994405566547
-1004.8334231391602
-1030.0370943217756
-1013.5060075678034
-1023.6053277644144
-1017.8758598037305
-1013.8189281604257
-972.8019748300414
-997.3099562121976
-948.3041191154635
-990.7989294166389
-956.7636022087563
-1065.689201736759
-984.3265184126176
-1023.7218974935844
-1008.011457712784
-1024.548355746379
-995.7304013397562
-1055.559700146928
-1034.9511234979977
-1024.5452401209536
-1038.6700907117186
-1001.0053142072968
-992.5921495147564
-1001.8049342917959
-1041.6389851372362
-1032.9815919901957
-991.3173264710035
-984.3219776540793
-1049.8293464414535
-989.4305782230219
-1031.0633129348403
-959.4344399854107
-963.9249596082875
-967.1176322630828
-1052.8129104233008
-1011.5419032186408
-1027.3546998763998
-997.1370551549252
-988.3972729214784
-816.2774626905665
-931.1581199238708
-934.1343808503744
-958.7084084234993
-1005.5899648886123
-1032.329263321708
-929.6220923049808
-1003.1727674344871
-1010.6435154857724
-1014.6901848070369
-1001.9219929207168
-952.9416037795237
-1018.1737976766402
-972.1510056386112
-1045.966732107412
-990.47541645595
-1032.1247058232318
-1003.2223541851967
-1049.6093163380426
-993.0283307718792
-1037.1914930041753
-994.2468100124313
-994.837026217139
-1004.1298819861036
-1006.2788495545013
-999.2021829455679
-1035.3386938560943
-1026.6371072251645
-983.4080396379743
-1024.955098756722
-1030.6172225508278
-1041.639034605246
-997.1551710128527
-1011.3568737185495
-940.7839844567435
-986.7140505717647
-983.9602559250243
-1029.9752079988484
-1025.9064056436073
-1008.149808909557
-1000.1012543516774
-1020.0913748252227
-991.2391395881089
-1073.3706772442788
-1040.2061472002263
-1016.1445183248563
-1030.8646623690008
-1052.847398111897
-995.5680103134476
-1032.2210003764742
-1044.454638347373
-1010.6992354880791
-1001.0874185086956
-1038.5009835081596
-1023.3019227297507
-1013.0581138070828
-1023.1018820183892
-1024.9154997646124
-1033.466666050221
-1013.9407189013222
-956.1521182824403
-972.2635806208932
-1006.7816154638859
-1038.7829989766196
-1031.377527416027
-998.949939007034
-1043.01185678145
-976.5654433465774
-1033.0353778537517
-1025.1924756309404
-1000.8273872584957
-1076.6145988094368
-985.8946931900516
-1035.3459069737091
-1012.7219582171598
-1002.4357482969486
-1035.7706192825246
-1021.2461746037079
-1026.6214528644798
-940.6557401996278
-966.4073435285151
-968.8361058790872
-978.9049203187219
-989.7250271634572
-996.880508753113
-999.4496738547189
-1033.753997355837
-1027.7618512639149
-1034.6199230191894
-869.9613320662679
-955.7990569634371
-1039.5213447605959
-1022.8784192692025
-994.6912895743314
-1034.5572303209437
-990.84819195938
-1038.8285282641511
-1054.4786011368692
-1043.7184518880615
-1041.8247378652545
-1012.4055506622736
-1002.8437944391081
-1046.0505299898641
-1041.4254110309935
-1034.196869037119
-1096.097751528986
-995.3396748868863
-1036.3147593203778
-1011.5394117170081
-1008.8302237601599
-1046.0586276969655
-1039.641169095369
-1043.661634824509
-986.3497650950349
-1013.3278448433371
-1011.7136067256415
-1034.5455973387357
-1008.4038091187928
-1011.7417597726834
-1015.9778230333109
-1007.365570482296
-1011.2160967022593
-1007.5154470742698
-1014.8809266683693
-1061.7371232342061
-1006.1542938675749
-1006.0039090846543
-1019.4801287545497
-1027.5633502687726
-1004.42540652851
-1013.9715751564722
-1028.638493756474
-986.2676887753921
-1051.226870255594
-1022.9008235762492
-1022.25572130757
-1002.4273203117644
-1048.4872021955364
-1004.2584963836257
-1003.3809562015094
-1022.6241046089012
-913.1601445861676
-1015.6275416605818
-1012.0054626177572
-1003.1724755994735
-1071.2979330599032
-928.8705762696156
-958.8320073527582
-980.9796690589208
-970.6876393507373
-973.7436898007371
-1011.717606676339
-1045.6124958091068
-1011.1881630739309
-987.1346618272192
-1025.7485786824732
-1068.2645332582536
-1014.2399436330879
-1057.735995402534
-1077.4509260114712
-1047.0508156350131
-1004.8145352200978
-1004.623989962213
-1018.7121100927033
-1089.5665800736247
-988.6395154333572
-1025.5013284520116
-955.0247035397363
-1067.975582070065
-1008.8888818415628
-957.72897110282
-985.2054035696566
-1001.6511936627226
-1054.3919937408764
-999.8801477903089
-1018.1697354734218
-963.2097129562012
-1042.2110946145476
-988.8476976068339
-1000.4425436977966
-1024.8691732334323
-989.658873013637
-1007.6546502127076
-1019.6539267966275
-1052.5289886843773
-1036.7047122656475
-990.4175004257398
-1015.6592471566618
-997.4806178201184
-1012.2371293872183
-1003.9935123055212
-1016.5485952856354
-982.7334590794441
-1034.0898713494225
-983.5094832609776
-975.3598461986137
-1008.6904252160972
-989.759840337966
-990.5138941787727
-1011.9313863235684
-1035.9673654231683
-1038.7298738324355
-970.915058351345
-1028.1979430637875
-1026.5284708610116
-960.2794330512252
-1016.7179509176087
-989.7072147433156
-1049.8182872552263
-1012.8740687441718
-1061.4960032783895
-987.3233848266337
-987.5410633511663
-1045.4976397395683
-991.2262829392017
-980.3657030137674
-973.9856368290958
-1001.6744939204881
-1043.0417039397125
-941.3801630257461
-1014.1108243080878
-984.7875752841823
-1002.9269253175838
-1049.5241235829717
-1013.9145872252328
-981.9016329506026
-1009.7372104369481
-1009.4241473452005
-1018.9327274269772
-998.8129585151848
-1042.9692861678147
-969.6752037745313
-994.8073789639407
-1024.2674319007988
-993.033489365197
-1012.4684761950774
-1058.7076902729546
-1044.693792287933
-1005.0991245849877
-1012.6745870146334
-1053.9491913651846
-1008.4089393967307
-1010.9912686595183
-997.5769746125078
-974.8213797033121
-978.2815739349031
-1081.127951556087
-995.2428487584993
-1029.5782287175755
-1035.3177065519694
-1056.511240805349
-1003.153040929613
-956.2849828001749
-991.0370872594798
-1019.7778186962767
-1058.6656591881256
-1010.2267780652542
-1000.504220338461
-955.0115575573411
-1006.8263885817576
-984.7345376773501
-1024.4161855948635
-1049.600988716303
-1034.0115724789657
-1013.2891616115372
-1012.6344500346145
-1018.231984015848
-1003.7509979240356
-982.9409027272656
-992.359226870123
-1028.0086496150989
-1026.795130385928
-1012.1602148240612
-1018.152156942451
-953.8737005921004
-1032.6768361725417
-1036.0017846443443
-1001.2642352723856
-975.7646665776391
-1020.2645428389449
-996.8523223886292
-1044.6125276243083
-1011.2361241002237
-1058.6096894576253
-1045.233339177848
-1063.2079630557294
-1037.4984736991917
-1021.3817528129839
-1036.2233168782177
-1044.1211349030243
-976.8739044312094
-1012.3782725433267
-1005.9801556950524
-1062.3053710515599
-1000.9567751552103
-1014.8790226246355
-1010.16810116873
-1048.3111848171955
-989.4728755687239
-1035.553240024549
-1034.1495017909235
-731.8275941857545
-943.0355008547643
-993.3027852845082
-947.2689392695529
-1019.3398634387601
-1024.038966904038
-982.5532794196484
-986.1958124158097
-1027.6962372880778
-1001.9502865162132
-1005.6285411633105
-1036.3783036200373
-1037.4476634082707
-1019.4205004377859
-958.9187692934399
-1045.2593987971406
-979.1047673183215
-1040.4324336963416
-1042.437942891077
-1037.2469837789163
-1045.946664238855
-1016.6192454929517
-983.4816407586023
-1014.9258373614896
-994.2860268150456
-1028.1094388805946
-998.3983416018478
-1023.4760897212988
-1049.4184433133955
-986.0752170931909
-969.2690001105383
-956.4890140953393
-1008.921975037744
-1011.9284625426965
-1046.483909431141
-1035.989367612496
-993.6870497602472
-1062.4174438160137
-999.6918206157443
-1028.156635583271
-976.3800392656283
-1033.3639439174108
-1005.2586061844628
-1043.7836845855106
-1064.4280053064022
-995.3508348961544
-1047.8596662442255
-996.1447226712668
-1010.3916058869955
-891.7648139507046
-974.9126388465004
-1014.4110510514079
-1020.7800854080256
-981.3752870169658
-1034.9785829183693
-1023.3596617403282
-1011.8974839006701
-941.1852035993988
-952.17712815536
-1039.231964244958
-1025.3393177700702
-1002.6354225649928
-994.0348951245593
-982.4752416580503
-1002.1631452034695
-961.7357445186186
-1031.7179182550874
-1040.9161751039567
-1001.9249927547123
-1058.9131065316942
-1043.3881298441074
-1020.3997916709374
-1002.9550825679108
-981.6696058002341
-1012.2854712042391
-1016.1264757953481
-963.3986122904835
-912.4564862490253
-962.2822799137385
-1010.2317257542765
-972.4800355972782
-1018.0157338946645
-1013.044095720289
-1037.8312556359076
-1038.1136294246269
-984.1676622195178
-1049.0925882928382
-1041.155526297433
-1007.5148696038128
-1050.139646351605
-967.8357923753252
-1016.8746184041092
-980.8411895937647
-954.1422562124567
-987.1715446202637
-1008.7572307762463
-1025.7970334242016
-1017.4029154447916
-1027.128019253779
-970.4009605464853
-1017.0226375205176
-1036.9966246081938
-991.9075697821806
-1035.7605022477856
-1003.4647744877548
-1064.579172350478
-996.4751033282363
-992.846959012994
-983.1342770899496
-1034.4330618150773
-1025.571207017946
-947.3471045093056
-1048.4518199323536
-1080.825112699913
-1009.240587010087
-1017.014763370637
-905.3737910896335
-909.2471585954938
-981.401549855878
-978.8108592163128
-1013.8372261996643
-971.2015302839341
-993.233833176202
-989.6722568539983
-1013.005043996644
-966.2267287050802
-1030.3414552312704
-966.190991022348
-1058.7519174318065
-952.0658288054202
-1011.5414898846007
-1049.7291024690485
-1037.501962256878
-1038.843443592465
-985.8236673948146
-948.6438679848948
-980.0454427967458
-1036.2927324132684
-1005.9059040748303
-1042.0406907673503
-988.5622882724907
-1013.5161918253393
-1013.5873220392234
-1010.9905381855594
-986.6035511491607
-1023.7025428199937
-1044.4387864670996
-1062.3344014891495
-989.8550114864784
-992.1104957061574
-989.8483851906342
-993.2901767013269
-1008.7169687687901
-1028.859973531305
-994.3921487457859
-1002.8531172341557
-1039.8038895760665
-1004.3039660909844
-1026.255072165196
-989.751542258278
-1048.3060570750645
-1020.3337159662203
-982.6849768996788
-1021.0694423974385
-1039.930439751269
-1063.2064462073388
-1012.2799715568668
-1003.3531808385284
-1001.0998002768688
-1051.0807678971423
-1021.1441768624817
-1034.9120357618904
-977.2362290160962
-1046.4365350937346
-914.9241596624901
-1011.7133199174699
-1025.3467523601198
-969.9347446380432
-979.7270821074736
-913.862935193119
-977.8860313485844
-1005.7539225067163
-987.7578411658953
-986.1978892477975
-1014.9427740562896
-1063.0282225497583
-1020.0710611489376
-1013.6175995576217
-1058.5948934247417
-1007.1021955667172
-999.6022487582177
-813.4123481365909
-949.3209871508456
-994.5404820024693
-1046.7674198765908
-956.3114249276883
-905.0297538009563
-983.4358386303905
-1040.4735765237413
-1031.0060795022378
-1031.7706041375889
-1010.4128546739512
-1044.8546841894722
-987.6316670344172
-980.8433722570744
-1025.5785983564667
-969.1275243803103
-1014.5714427029483
-1032.5159495481148
-1001.5798272202693
-1045.9099806766858
-1005.0578876189921
-1029.844064509539
-995.6331041226174
-1010.923229762486
-1016.6322571006239
-952.489613159461
-996.6237959273949
-1024.8994693316622
-1069.6015880482812
-1040.1897945140363
-1063.4411072588189
-1020.581658605057
-1050.66050651737
-1035.4121518376785
-1018.1333544331212
-1040.9679684065502
-1001.5016123668938
-1032.142193304271
-1020.6408090723276
-1085.2051185572752
-1024.145699162319
-1014.9224450599213
-990.1846243159562
-1011.2090450585713
-1060.17689939578
-970.2539332971782
-994.7337684787913
-1016.1944396550754
-1003.0910782421241
-1011.2806947242279
-1045.5867122549066
-1001.5457274880827
-1073.9695526098208
-1054.064035502447
-1023.8577575847563
-1021.8936254967193
-990.6795777909217
-993.3766654951386
-1027.4978616968615
-1046.2307400329871
-1007.8590326029034
-1027.298545520976
-1006.4109042228805
-1005.8557989937918
-987.8005961529614
-1093.416688224687
-1009.9712689219532
-988.5591881124188
-1016.4446160911916
-1002.4840182695027
-965.231890108609
-986.7066233027452
-941.0268344423189
-950.210828429543
-1006.8921982966024
-1070.4778247253137
-988.0478855030908
-1006.049151259731
-988.0783193810158
-952.4041006594085
-1024.381618376701
-1005.8694826472932
-986.7536825584376
-1011.7623783215032
-1005.9265680886804
-1033.620356827837
-1018.3690974580527
-997.182372356897
-1017.5789517438925
-995.0297343873758
-1019.1181306267664
-986.1094114942484
-993.6189334095898
-1031.1248047648487
-1028.9236903385633
-1003.5759300899945
-1013.0763006243288
-1027.1850082995156
-1044.0261996987529
-1084.8522695725965
-1064.2688785920495
-998.0513103854272
-1002.9334454514463
-1018.6372314055617
-957.483997057335
-961.502760454875
-983.237144941869
-1040.8164068563733
-1028.684170825974
-1019.2354218663265
-994.469622053309
-985.4156805742962
-1000.8033660927695
-1028.0045521082143
-980.8840826589117
-986.5164227098364
-1017.0251742788174
-1028.426545929799
-992.9027393338752
-1047.0584614134054
-1016.3513124175885
-1036.9030827286606
-1035.2986562526721
-986.1225833804926
-964.316337989772
-1001.8276522626545
-1030.9082019180817
-1078.0554573305192
-1007.0308534648561
-954.5292985579393
-994.9447482329463
-1027.386185824587
-1034.7808938479707
-1044.1465993169265
-1009.937204627861
-976.211588020149
-979.6695673145504
-1026.3901081546742
-1013.7176187510864
-992.1088316693284
-992.5280010381601
-1042.6337317365656
-997.0871688228805
-1045.9951292577584
-998.281804621947
-1043.4187564199376
-930.0026288400597
-985.7592754891391
-1031.58437763903
-1060.179490375382
-1007.0243760012262
-1009.5611195718088
-1057.8406424687473
-1024.0028552042174
-1058.493394370181
-1001.2855605727517
-1029.0709840976697
-1052.178679312429
-1013.0688804942891
-1024.4272547783867
-1060.60636397331
-1008.4452710832868
-959.9853943503947
-984.4270462176767
-1016.858210011078
-1003.3035868804576
-1051.6324586472754
-1066.4825068067703
-1031.8393428951913
-983.1925343753006
-1067.6515332938338
-1056.8337242108885
-919.034146142308
-960.4947043860566
-1015.5577291589088
-1021.2942129917409
-1054.8716430664062
-1015.7444046645126
-1052.3952615931664
-1000.8269866380823
-988.3787233049419
-955.542262092993
-993.2567989155993
-997.353397176013
-1024.379019354895
-999.93717479758
-1017.3775316633387
-957.8879260382345
-995.6344095425627
-956.592653944745
-1064.2115150838404
-1052.0375481880976
-958.987625856004
-1041.7596629973382
-1024.3292798403922
-1011.7545335196679
-1005.4429730562799
-1006.9768345916326
-1004.9241780223934
-1065.1474984324693
-1026.2204692235184
-985.0733249586388
-1024.6348388689455
-1029.8811582377764
-1020.0100690428562
-936.9420568354717
-974.9969743473739
-968.3897285269153
-958.0902826431716
-1024.2980698581853
-1029.8906865878039
-1050.7869581830116
-1051.6023444198245
-960.668445624249
-934.2506954289414
-907.7051498593273
-1025.813092179562
-1019.7263543004266
-936.9433142798288
-983.1443186646787
-1025.796072489655
-982.2804454065139
-976.7207107101717
-975.7874311941218
-1056.8205702146215
-1040.3701610125704
-1022.5240684627573
-1032.0422773229361
-1005.3856777701235
-999.0088560745326
-1020.7735032815538
-1030.1355199286465
-1003.0328385302548
-986.17153543124
-1020.054755308131
-1067.9748371251997
-1043.5885879971654
-1058.5300470958664
-1010.3602724207162
-1028.455694769934
-1022.4640341903756
-1044.7655747398271
-1022.6732890748758
-1062.8179994220009
-1042.2965219895216
-999.8937845774241
-1016.5534506415441
-1034.8707585488596
-1043.5445817516695
-1070.6377002157374
-1040.8823537719416
-1014.388184878958
-1019.3896598903814
-1099.202761496267
-962.4772985256212
-988.1197176946473
-936.2693189695683
-977.9040630709741
-976.8454290537575
-987.635226237884
-1016.3106882824876
-1022.7412685875519
-944.0419625466074
-1011.0031150804703
-974.1805544558758
-1027.4315516755237
-957.5347670743645
-1035.219713272587
-1031.996188051489
-976.8194542104198
-988.8615470361212
-992.7457131240775
-1035.2887714851288
-1036.035045570767
-1089.5732443640309
-1045.169154575893
-1031.3453286869735
-1004.8807579778855
-964.7451694632892
-1024.1176039502368
-1011.9391665503374
-174.2898950488886
-596.1971970307662
-662.8947851201906
-737.8395932769995
-758.0038886641577
-897.2396255274475
-877.6596561203354
-1001.069167718227
-988.0246803809973
-1000.7034498951676
-993.4073551948684
-989.8103078004758
-980.009478082168
-1066.6757366338634
-1051.7123648289896
-986.3082804645021
-1047.0383440360495
-1016.2478708869302
-1031.2098549121386
-992.7238952794931
-1033.6802378887405
-1012.541281039207
-1025.521309833911
-1079.7607918313022
-1008.9992472233752
-1037.6051882115378
-1026.3130273335541
-1050.8377009708486
-1057.6607450845604
-1035.3179787446827
-1045.4066159860467
-1046.881107031475
-1039.5682149257527
-990.1078763950255
-1041.4780025697037
-1051.131343788815
-1047.801279867849
-990.1012284443776
-1014.9581731277676
-999.5241645450967
-1058.1650551995363
-971.1268684457524
-1004.2816516507056
-877.2256977445535
-953.4193573701217
-984.0414823892479
-981.1602845675535
-1017.8266657376638
-1009.1180800694445
-999.6590282035315
-1065.3538794229125
-989.997068772158
-1044.1778921663486
-993.4288732038079
-1008.1164004443488
-990.4152020804395
-946.100583281472
-1032.4444380726682
-1041.526958550451
-952.5297800893994
-999.4151357313567
-1066.8397851407804
-886.6173172326681
-941.4855895156442
-964.8084206149724
-1083.2649902108078
-976.854628620472
-1039.8404430617934
-1031.3423847251224
-1065.682525201689
-1026.6588594638806
-1051.1236347251224
-985.2918661717446
-1019.2462331781766
-1028.231708210185
-974.6708448559458
-1014.9551120033736
-1030.8317227077923
-1013.7747926724246
-1065.242285921827
-1003.5056387441499
-911.5432206628509
-1013.4362119859264
-1030.1438953292295
-999.8664022788474
-1005.1577943630319
-1032.6746953849583
-1035.9420924560266
-1024.8177421103974
-985.7534983004259
-980.8042177316233
-1020.174812633321
-1036.3660088637457
-1012.2477752016986
-1048.6286644034672
-974.5612531916886
-1047.483648954998
-1080.5820707329956
-1003.7365159065492
-904.2443658513133
-960.0187188185897
-1002.0538398631707
-997.0104249490764
-1041.6915788123135
-1036.8529850513396
-1046.62772149651
-1015.4570106471189
-1044.0758544989446
-1056.0344998380556
-993.6010749953314
-1014.7161490630232
-1033.5535646645446
-1038.5412336353759
-1023.5589824623776
-979.5988550493794
-1019.1920902193417
-1018.9032835361595
-1023.6016653567415
-1014.3960291758544
-986.2160516949846
-1058.9189287792435
-1007.9202800500228
-1031.1734585388465
-998.4050570720901
-1019.1450752912579
-999.4872467990295
-1012.0348306501763
-1000.0249244241122
-988.6041747825952
-1008.6697522000783
-1045.1033284774023
-957.6556207556907
-1049.3815086646614
-1022.7362492128709
-944.5288592444388
-965.5764869654782
-965.9877689027567
-1003.1457991522859
-986.8926362135771
-965.9756502049036
-1018.949000843659
-1024.8071838589858
-1049.9083827146187
-1073.3242868234672
-1028.1508968445103
-1016.683363461824
-1008.3110639346279
-1014.0623576259353
-989.2492451433853
-1051.3609474287605
-980.0532351402813
-1024.0710056893836
-965.5174177912523
-940.3034799515833
-1038.2128679976718
-999.120853547127
-1040.872082336707
-1007.5803612783757
-992.8478097690415
-998.9284434164724
-1010.1393038287262
-981.594883355803
-975.9433973912452
-963.6952227403491
-966.857048878472
-974.6494009197788
-966.6873047581406
-1007.9259167860181
-966.4886553484414
-1027.3095713133937
-1061.3535770084452
-1026.931226241602
-1027.8795438135849
-1037.110031918996
-986.4249663415058
-994.5499814995973
-963.5637574370281
-1033.257551555286
-1030.6147019510693
-994.107496534075
-975.1608894855061
-1058.9227616060305
-1059.2253850344139
-1003.8938693519561
-1029.4676097043648
-1015.1130311743905
-1007.2220011238129
-1009.8558156391442
