2.304533004760742
2.299375295639038
2.292304515838623
2.2734756469726562
2.2368810176849365
2.1704325675964355
2.060081958770752
1.900501012802124
1.7077100276947021
1.4971503019332886
1.374467134475708
1.2040812969207764
0.9678808450698853
0.9101031422615051
0.6628869771957397
0.6439584493637085
0.48403745889663696
0.363961786031723
0.34159520268440247
0.21909265220165253
0.197844460606575
0.1610126942396164
0.09876968711614609
0.06902097165584564
0.040878694504499435
0.033976323902606964
0.027987277135252953
0.020411770790815353
0.009014255367219448
0.0060262540355324745
0.004872079007327557
0.003585736034438014
0.0022448287345469
0.0012927517527714372
0.0007659486727789044
0.0005308684194460511
0.0004651255439966917
0.00041744826012291014
0.00030067467014305294
0.00019840840832330287
0.00016127598064485937
0.00013370324450079352
0.00010475567250978202
8.28643242130056e-05
6.695015326840803e-05
5.5608968978049234e-05
4.9117468734038994e-05
4.526159682427533e-05
4.1268714994657785e-05
3.63645885954611e-05
3.090354584855959e-05
2.5403689505765215e-05
2.045474866463337e-05
1.6393438272643834e-05
1.3285437489685137e-05
1.1113015716546215e-05
9.703433534014039e-06
8.657413673063274e-06
7.6084129432274494e-06
6.526625838887412e-06
5.555097231990658e-06
4.813035957340617e-06
4.2885244511126075e-06
3.915999968739925e-06
3.647782023108448e-06
3.4570489333418664e-06
3.299097443232313e-06
3.1530678370472742e-06
3.0129981496429536e-06
2.8878300781798316e-06
2.768621698123752e-06
2.6613347472448368e-06
2.560007942520315e-06
2.4437799766019452e-06
2.3633144792256644e-06
2.273908194183605e-06
2.2083438580011716e-06
2.142779294445063e-06
2.0921156647091266e-06
2.0444324491109e-06
2.0146301267232047e-06
2.002708924919716e-06
1.9848278043355094e-06
1.9669464563776273e-06
1.9639660422399174e-06
1.9639660422399174e-06
1.9758867892960552e-06
1.978867203433765e-06
1.984827576961834e-06
2.0116494852118194e-06
2.026550191658316e-06
2.0444317669898737e-06
2.0533720999083016e-06
2.0682732611021493e-06
2.077214048767928e-06
2.086154836433707e-06
2.0950951693521347e-06
2.0921149825881002e-06
2.09807581086352e-06
2.0980755834898446e-06
2.1040359570179135e-06
2.104036184391589e-06
2.1129767446836922e-06
2.115957158821402e-06
2.12191707760212e-06
2.127877451130189e-06
2.127877451130189e-06
2.1397986529336777e-06
2.145758799088071e-06
2.1606597329082433e-06
2.160659505534568e-06
2.1636399196722778e-06
2.169600065826671e-06
2.1725802525907056e-06
2.1636396922986023e-06
2.169600065826671e-06
2.1606597329082433e-06
2.1487383037310792e-06
2.1487389858521055e-06
2.1457585717143957e-06
2.1457585717143957e-06
2.1457585717143957e-06
2.1427781575766858e-06
2.133837824658258e-06
2.130857410520548e-06
2.133837824658258e-06
2.133837824658258e-06
2.1308576378942234e-06
2.133837824658258e-06
2.1308576378942234e-06
2.1397984255600022e-06
2.1397981981863268e-06
2.1457585717143957e-06
2.1457585717143957e-06
2.1487389858521055e-06
2.145758799088071e-06
2.1427786123240367e-06
2.1397984255600022e-06
2.130857410520548e-06
2.133837824658258e-06
2.136817784048617e-06
2.136817784048617e-06
2.133837824658258e-06
2.136817784048617e-06
2.1427783849503612e-06
2.1397984255600022e-06
2.12191707760212e-06
2.1219168502284447e-06
2.1189366634644102e-06
2.1189366634644102e-06
2.12191707760212e-06
2.1248972643661546e-06
2.1248972643661546e-06
2.1278776785038644e-06
2.12489749173983e-06
2.1278776785038644e-06
2.1278776785038644e-06
2.12489749173983e-06
2.12191707760212e-06
2.12191707760212e-06
2.12191707760212e-06
2.118937118211761e-06
2.1219173049757956e-06
2.133837824658258e-06
2.112976517310017e-06
2.1099963305459823e-06
2.112976517310017e-06
2.1159564767003758e-06
2.1099963305459823e-06
2.1219173049757956e-06
2.12191707760212e-06
2.1129767446836922e-06
2.112976517310017e-06
2.1099963305459823e-06
2.1070159164082725e-06
2.107016143781948e-06
2.104036184391589e-06
2.1040364117652643e-06
2.104035729644238e-06
2.107016143781948e-06
2.1070163711556233e-06
2.1070163711556233e-06
2.112976517310017e-06
2.109996557919658e-06
2.1099967852933332e-06
2.107016143781948e-06
2.1099963305459823e-06
2.1189373455854366e-06
2.1159569314477267e-06
2.1129767446836922e-06
2.109996557919658e-06
2.109996557919658e-06
2.1070163711556233e-06
2.107016143781948e-06
2.107016143781948e-06
2.1040359570179135e-06
2.1070159164082725e-06
2.1070159164082725e-06
2.1040359570179135e-06
2.098075356116169e-06
