2.310316801071167
2.3066530227661133
2.3034467697143555
2.300123453140259
2.2969532012939453
2.2935781478881836
2.289339065551758
2.2842354774475098
2.278494119644165
2.272543430328369
2.26501727104187
2.255411386489868
2.2435741424560547
2.229806423187256
2.2129156589508057
2.1931140422821045
2.169962167739868
2.1438214778900146
2.1147141456604004
2.0811915397644043
2.043119430541992
2.001692771911621
1.9564279317855835
1.9051015377044678
1.8496930599212646
1.7948029041290283
1.746433973312378
1.70175302028656
1.6577460765838623
1.6156679391860962
1.5743268728256226
1.528878092765808
1.4730771780014038
1.4178943634033203
1.362490177154541
1.309052586555481
1.2650030851364136
1.227809190750122
1.1890010833740234
1.147517442703247
1.1012088060379028
1.0494093894958496
0.9948824048042297
0.9407550692558289
0.8804560899734497
0.8155517578125
0.7518147230148315
0.6937247514724731
0.6414994597434998
0.6015641093254089
0.567658543586731
0.5339697599411011
0.49608883261680603
0.4550698399543762
0.42342671751976013
0.3974245488643646
0.38109979033470154
0.36116158962249756
0.34115374088287354
0.31645044684410095
0.29392942786216736
0.2751525044441223
0.25849372148513794
0.23556450009346008
0.21689124405384064
0.19918547570705414
0.18208637833595276
0.1687912493944168
0.15670479834079742
0.14650709927082062
0.13897958397865295
0.13631728291511536
0.16671614348888397
0.16330553591251373
0.10588055849075317
0.13543717563152313
0.09300921857357025
0.11358483880758286
0.08477403223514557
0.09594110399484634
0.07768192887306213
0.0785551518201828
0.07390754669904709
0.06305895745754242
0.06876444816589355
0.05490996316075325
0.05643714219331741
0.05319133400917053
0.045404329895973206
0.04787174239754677
0.04108176752924919
0.03837860748171806
0.03808017447590828
0.03337157890200615
0.032187916338443756
0.030492493882775307
0.02753027155995369
0.026926303282380104
0.024962106719613075
0.022877449169754982
0.022495677694678307
0.02094087563455105
0.019025059416890144
0.018792828544974327
0.0179721899330616
0.016354139894247055
0.01577465981245041
0.015370020642876625
0.014345137402415276
0.013583796098828316
0.013151993975043297
0.012505206279456615
0.011854484677314758
0.011463981121778488
0.010991031304001808
0.010396630503237247
0.010023130103945732
0.009771779179573059
0.009356427937746048
0.00890888087451458
0.008642381057143211
0.008416591212153435
0.008087043650448322
0.00774456188082695
0.007512200623750687
0.0073143718764185905
0.007074904628098011
0.006827293895184994
0.006628106348216534
0.006457055918872356
0.006270327605307102
0.006076711229979992
0.005907692946493626
0.0057598743587732315
0.0056084273383021355
0.005450693890452385
0.005305430851876736
0.005179694388061762
0.005059774033725262
0.004934182856231928
0.004809158854186535
0.004695776849985123
0.004593790043145418
0.004495640285313129
0.0043957652524113655
0.004298906773328781
0.004208703525364399
0.0041256071999669075
0.004044681787490845
0.003963645081967115
0.003884006990119815
0.0038082171231508255
0.003736975835636258
0.003668038873001933
0.0036001887638121843
0.0035337102599442005
0.0034693977795541286
0.0034081004559993744
0.0033490557689219713
0.0032913628965616226
0.0032346597872674465
0.0031792588997632265
0.0031254973728209734
0.0030734827741980553
0.0030229617841541767
0.002973733004182577
0.0029260197188705206
0.002879084087908268
0.0028336630202829838
0.002789535094052553
0.0027471703942865133
0.002704830840229988
0.002664631698280573
0.002624411601573229
0.0025858080480247736
0.0025485504884272814
0.0025108191184699535
0.002474768552929163
0.0024395345244556665
0.002404404105618596
0.002370932139456272
0.0023373893927782774
0.002306003589183092
0.0022737570106983185
0.0022430522367358208
0.0022130378056317568
0.0021836229134351015
0.0021546147763729095
0.002126462524756789
0.0020989521872252226
0.002071614610031247
0.0020452705211937428
0.002019112464040518
0.001993810525164008
0.0019686222076416016
0.001944273361004889
0.0019204446580260992
0.001896791742183268
0.0018739879596978426
0.0018510455265641212
