1.1947718400064943e-06
-3.907678479180944e-07
-1.5668581208331834e-06
-3.961238752768108e-07
4.448071086713079e-07
5.723415348553665e-07
9.461669288182901e-07
8.845633533943507e-07
6.173896229685698e-07
3.710589953066068e-07
-6.75143652867178e-08
-5.543349647031076e-07
-4.979993206543248e-07
-7.735048631779461e-07
-1.151548826623133e-07
4.4381659802857853e-07
-1.058949988704863e-06
-3.678929334442651e-07
-4.514915953110501e-07
-1.5546567513618083e-06
-1.2717965827886486e-06
-2.6027091732448643e-06
-7.0277648050722544e-06
-2.507344547725146e-05
-0.00014263902357818215
-0.0008062571189288398
-0.0022100481710453004
-0.003921978265137801
-0.008472731805823528
-0.01189757287286145
-0.01562834293209891
-0.020832387933796142
-0.02550325561872303
-0.018736990478380032
-0.03435918482068594
-0.033611312191856875
-0.03659012900368079
-0.041885922845188495
-0.03587473022692483
-0.04744961033378479
-0.04674754233401216
-0.05189179149981011
-0.053092583003913014
-0.05902135363417052
-0.06381104816573327
-0.06202950542180541
-0.06540038151133089
-0.0705688749899117
-0.07741076135002252
-0.06493900057164506
-0.06716694810729422
-0.07279748090284881
-0.07473899326899347
-0.08217079484613367
-0.09154200448846977
-0.08605228909269465
-0.08732232687931438
-0.09946045922246617
-0.08448431744708072
-0.08090989158746782
-0.08200468621850714
-0.08711768538601469
-0.099243365420562
-0.09938532505140688
-0.095468739811178
-0.10136438748567526
-0.09829368289863961
-0.1022302627099694
-0.10548592234651248
-0.1187822277004013
-0.10571396180555365
-0.11713548478158847
-0.10805671073293024
-0.11823782298993757
-0.12221993397956303
-0.11066443359746025
-0.1187350345871678
-0.11861276667086329
-0.1231254859753128
-0.1260554596055911
-0.126282096130745
-0.12446715920603892
-0.12283657184264189
-0.12523599955397594
-0.14067621043765208
-0.13271498752915314
-0.1268671368382119
-0.13368853699293495
-0.12681035270057445
-0.13996892464399105
-0.14184950643651922
-0.14630151766968866
-0.13959400629528532
-0.13243384013485882
-0.14735865891154662
-0.1457081307119257
-0.14069568568582652
-0.1342437415834114
-0.1390685544659694
-0.14718866567406147
-0.13870537841578884
-0.14305809583458087
-0.15284911585543218
-0.14515545115994175
-0.146049244632669
-0.1624230813724754
-0.1471041662447994
-0.15742514994729992
-0.15543124847061618
-0.15682469354723821
-0.15761590246417223
-0.14739716285621057
-0.152631348195735
-0.16335844127854832
-0.16854417892916243
-0.1614751604171426
-0.15153105029652655
-0.14875367975973047
-0.1585143262546667
-0.14676650230086324
-0.15779927678563646
-0.15867143666083125
-0.16899393696748943
-0.15593163319316827
-0.16778874860971538
-0.164956600536448
-0.16764824012373114
-0.1624114172830478
-0.16327352904465417
-0.1693929463030307
-0.16284000007829197
-0.17252063785106853
-0.16546845338700839
-0.18982213480013288
-0.16054978365069825
-0.16076826645026396
-0.1659788678535763
-0.1577206706418328
-0.17691673134659097
-0.16812317417672193
-0.17188338592141306
-0.18245895154459377
-0.18061600695473487
-0.16253357712494235
-0.17379238105602038
-0.16113831713673235
-0.16565840581143407
-0.17396106034027578
-0.17225441070789463
-0.1633884553281599
-0.1788543452396158
-0.161622599422595
-0.1722373286297134
-0.17537030387022687
-0.16649767597033227
-0.17239140650965798
-0.1745777033977735
-0.15439707157311375
-0.16931645671001902
-0.17700077978972817
-0.17538369300544585
-0.17734266768626109
-0.1803640203961464
-0.17850679501195924
-0.17075771848045884
-0.17913426759739148
-0.16419563564786713
-0.1730550651005666
-0.17240974066249956
-0.16673799408621595
-0.1934998142336246
-0.18043030265001625
-0.1796010634878283
-0.18014477905183332
-0.1860611936855764
-0.18079580248119265
-0.18582181022896
-0.1810632406432234
-0.18280541861840816
-0.16901803996956125
-0.17697767244800575
-0.17912684223601516
-0.16793585478594886
-0.19070417141900375
-0.17368823291620178
-0.17271923252923563
-0.17609402294895948
-0.1773748701676604
-0.18743806683016775
-0.1845835521642311
-0.19086456305058805
-0.1608102478812768
-0.17937978991950063
-0.17101912395022983
-0.17636891722923992
-0.1805572662597627
-0.1777920369796691
-0.18027653074560976
-0.1776652518857135
-0.17227670273573045
-0.18444909234946602
-0.18599163945064717
-0.1846120781746164
-0.1879476976991924
-0.18980513425640097
-0.1852850124169963
-0.17295491696934395
-0.17926201288164223
-0.17916367785729678
-0.1816072352317997
-0.1998217138789699
-0.1852075463650582
-0.16775566447928478
-0.17740434619375098
-0.18724148355406914
-0.1874788626853569
-0.1885601658824429
-0.1701653586960717
-0.1846113693047787
-0.17982057813295937
-0.17528383201534725
-0.18976866700489756
-0.1930265898079537
-0.18786962448614933
-0.17542219209209295
-0.18959098952459477
-0.18474283174255277
-0.18639385559434343
-0.1864183032229333
-0.18412415135844212
-0.1857882766047615
-0.18762531553005948
-0.18939120462382902
-0.18963921328945338
-0.19469514682434255
-0.1812123030144284
-0.17773971251789217
-0.2001587314325704
-0.18169440321286512
-0.19123517049647576
-0.1864253325090512
-0.19690244232890297
-0.1942905330912433
-0.18507255790011842
-0.19457868063393893
-0.198619305895108
-0.16828116938961504
-0.18614630685969444
-0.19030296227986543
-0.19236543445745177
-0.17107279844223544
-0.18979655601906245
-0.186649283399683
-0.17615187992319956
-0.18954995759006396
-0.18503699060573195
-0.1719870195754677
-0.19039002956126755
-0.1756266990759598
-0.17517818501787566
-0.1862197341616025
-0.19125144360280932
-0.1984169717196008
-0.17417233997404996
-0.18738047976239186
-0.19254103510207693
-0.18448352726272574
-0.17519919979678436
-0.2051543770139346
-0.19060011901083826
-0.19158813090636417
-0.1947108339780653
-0.19373001026737333
-0.18948031326087997
-0.18286763191957708
-0.1790162292724484
-0.18210224086252597
-0.1919557449228607
-0.18084860887780715
-0.1847021193522304
-0.1889329416624887
-0.19390651763814715
-0.19548016427382128
-0.19016594292613473
-0.19247171755534698
-0.1811871505364286
-0.18334357764029727
-0.19300929791875568
-0.17670008926564923
-0.18603374677198664
-0.18181974102716736
-0.20136774334829177
-0.19044096344216188
-0.19470285276003496
-0.20032160483221984
-0.190302829312799
-0.19921423946485414
-0.1956585461247555
-0.18299671633719977
-0.19555574272510032
-0.19271442280566328
-0.2071157445226022
-0.20662482426514928
-0.203998151090993
-0.18330177609664453
-0.18670175773839842
-0.1967878209015993
-0.18308611829358507
-0.17944621257188823
-0.19065051639705083
-0.1853299206035308
-0.2111934928153532
-0.18812259017547786
-0.19038723627796195
-0.19088094792997753
-0.19666861329925084
-0.19327704929812273
-0.19028932562189727
-0.2027774323860157
-0.2067510620494124
-0.18812034122357277
-0.19768028608370275
-0.1892271653504194
-0.18062858494474693
-0.18291746041007306
-0.17683156627610747
-0.1989403818646542
-0.1764915065004757
-0.19961607300549605
-0.18394979193343172
-0.1934748805945678
-0.19095895645436023
-0.18586161826243144
-0.18179514534998809
-0.1867937898184632
-0.1921324896814188
-0.18384035329111445
-0.19337901952261097
-0.18033002782175797
-0.18534362135988447
-0.19088449868692758
-0.19246797259687118
-0.18990567068136494
-0.2001954092569824
-0.18394374404487335
-0.20498089377326725
-0.189838328849122
-0.2053167131235342
-0.20924244840310213
-0.1887054366153608
-0.1792430765314701
-0.19654447221122856
-0.19760553578970771
-0.19455308018540832
-0.20590846877908028
-0.2068790750569301
-0.19916649126915584
-0.1884321774052185
-0.17650916406413664
-0.18928304419551098
-0.18398929101812866
-0.19483426220916178
-0.19243727612843137
-0.19709691757712286
-0.19912598302649082
-0.19809120266256688
-0.20303142375854924
-0.20041141040981725
-0.17895565454371518
-0.2005424486919188
-0.20228684641543268
-0.19171892792126383
-0.1827785151807986
-0.19426207683795732
-0.19281352493920725
-0.2000391122364732
-0.19582576001666382
-0.1848721187955267
-0.1938609199313132
-0.18116796667307195
-0.18771704743690615
-0.1984507504603585
-0.19455223565510182
-0.18432861674104778
-0.19400061187749737
-0.18781796403823883
-0.18760624516562957
-0.19432659973849503
-0.19116812582376977
-0.19319464121354926
-0.19591243044766182
-0.20485713768820388
-0.19730090973964354
-0.18967225713908953
-0.18840479759276438
-0.2025509277367396
-0.19370597498458614
-0.18558541065335554
-0.18158774033293756
-0.1864658709409966
