0.07
0.09
0.105
0.1
0.1
0.105
0.085
0.085
0.075
0.1
0.105
0.085
0.12
0.075
0.095
0.085
0.11
0.09
0.09
0.1
0.115
0.1
0.095
0.095
0.135
0.155
0.195
0.17
0.18
0.16
0.185
0.19
0.27
0.24
0.245
0.29
0.26
0.305
0.295
0.305
0.31
0.25
0.37
0.355
0.29
0.36
0.325
0.385
0.385
0.36
0.405
0.385
0.38
0.37
0.37
0.41
0.43
0.5
0.455
0.485
0.475
0.485
0.485
0.495
0.475
0.535
0.49
0.555
0.55
0.57
0.59
0.56
0.52
0.57
0.6
0.595
0.6
0.62
0.625
0.615
0.65
0.675
0.615
0.67
0.67
0.675
0.645
0.645
0.64
0.655
0.71
0.69
0.7
0.66
0.675
0.7
0.67
0.71
0.755
0.76
0.695
0.725
0.8
0.73
0.68
0.73
0.74
0.69
0.73
0.76
0.72
0.78
0.785
0.79
0.75
0.76
0.745
0.76
0.785
0.815
0.8
0.78
0.775
0.785
0.81
0.815
0.78
0.855
0.89
0.75
0.85
0.8
0.87
0.8
0.845
0.835
0.775
0.865
0.775
0.775
0.89
0.845
0.865
0.795
0.77
0.845
0.83
0.815
0.845
0.86
0.85
0.83
0.835
0.825
0.84
0.785
0.78
0.805
0.87
0.825
0.855
0.88
0.82
0.845
0.87
0.835
0.865
0.865
0.84
0.89
0.895
0.855
0.865
0.86
0.905
0.84
0.855
0.885
0.895
0.87
0.915
0.845
0.85
0.92
0.855
0.855
0.87
0.87
0.92
0.91
0.925
0.85
0.82
0.83
0.92
0.84
0.855
0.895
0.885
0.84
0.88
0.81
0.86
0.9
0.9
0.89
0.895
0.84
0.91
0.82
0.885
0.88
0.88
0.9
0.91
0.865
0.94
0.885
0.91
0.935
0.905
0.9
0.845
0.89
0.935
0.895
0.86
0.875
0.895
0.905
0.835
0.905
0.88
0.895
0.8
0.885
0.905
0.92
0.885
0.945
0.88
0.845
0.91
0.945
0.895
0.92
0.88
0.93
0.905
0.895
0.825
0.97
0.935
0.935
0.925
0.845
0.84
0.945
0.865
0.88
0.905
0.91
0.905
0.83
0.925
0.97
0.9
0.89
0.9
0.905
0.89
0.895
0.895
0.85
0.945
0.885
0.85
0.915
0.875
0.905
0.89
0.935
0.915
0.915
0.97
0.905
0.945
0.915
0.905
0.95
0.885
0.885
0.85
0.88
0.89
0.965
0.925
0.89
0.84
0.92
0.96
0.955
0.905
0.88
0.93
0.895
0.905
0.875
0.945
0.92
0.925
0.895
0.905
0.955
0.9
0.92
0.935
0.965
0.97
0.885
0.93
0.885
0.915
0.915
0.87
0.915
0.93
0.91
0.975
0.94
0.885
0.89
0.88
0.88
0.915
0.935
0.955
0.955
0.91
0.94
0.915
0.915
0.925
0.895
0.89
0.885
0.905
0.945
0.91
0.875
0.9
0.92
0.945
0.905
0.96
0.925
0.915
0.895
0.885
0.875
0.86
0.9
0.94
0.985
0.925
0.97
0.93
0.93
0.925
0.865
0.93
0.96
0.92
0.89
0.92
0.95
0.885
0.88
0.95
0.905
0.95
0.915
0.88
0.925
0.89
0.925
0.9
0.935
0.93
0.955
0.95
0.95
0.93
0.905
0.91
0.92
0.93
0.875
0.885
0.905
