2.3155345916748047
2.3039339780807495
2.302526116371155
2.3012564182281494
2.2961246967315674
2.287290930747986
2.2649673223495483
2.2276268005371094
2.1210683584213257
2.044341564178467
2.035756289958954
1.9249681234359741
1.8737491965293884
1.8271456360816956
1.7833563685417175
1.763975977897644
1.7708789110183716
1.73233163356781
1.6979419589042664
1.6911979913711548
1.6025128960609436
1.590652883052826
1.6299099922180176
1.55804842710495
1.5134245157241821
1.518681824207306
1.3831385970115662
1.3855788707733154
1.3728864192962646
1.285885751247406
1.2265297174453735
1.3039456605911255
1.172821581363678
1.146521508693695
1.1098792552947998
1.0555574297904968
0.9963891804218292
1.0159303545951843
1.113252580165863
1.0727020502090454
0.9541625082492828
0.9620467722415924
0.9521865844726562
0.8785422742366791
0.9118948578834534
0.8787288665771484
0.9329202473163605
0.8457791805267334
0.8846941590309143
0.8683826923370361
0.8551740348339081
0.807946115732193
0.8093405365943909
0.8561050891876221
0.7788257896900177
0.743341714143753
0.7639048397541046
0.7233970463275909
0.7116232216358185
0.7128903567790985
0.6172535866498947
0.6643970608711243
0.6376403272151947
0.6631708741188049
0.598700076341629
0.5856302678585052
0.5489388108253479
0.6075005978345871
0.5216894745826721
0.4788781702518463
0.5402525067329407
0.5221964418888092
0.5281835198402405
0.6035391390323639
0.6041219532489777
0.5236133486032486
0.5132195204496384
0.5276637673377991
0.6205903887748718
0.6353793144226074
0.5221528708934784
0.5078661441802979
0.5966551750898361
0.48430053889751434
0.5049673914909363
0.4487985521554947
0.4055693447589874
0.36604686081409454
0.39378586411476135
0.4237670451402664
0.37798136472702026
0.38426151871681213
0.35740581154823303
0.3263254165649414
0.31293652951717377
0.32233160734176636
0.3493298590183258
0.29568100720643997
0.2696090564131737
0.3080267608165741
0.27964215725660324
0.24308709800243378
0.2523939982056618
0.21958646178245544
0.2478322982788086
0.2110525444149971
0.2283499613404274
0.2250637710094452
0.17798727750778198
0.20041190832853317
0.19853158295154572
0.18318427354097366
0.20003117620944977
0.19940685480833054
0.172294519841671
0.17160703986883163
0.16461454331874847
0.14829201251268387
0.17745603621006012
0.15437447279691696
0.15503522753715515
0.12964536994695663
0.1612500660121441
0.17614787444472313
0.14529412984848022
0.17191629111766815
0.14230810850858688
0.17357101291418076
0.14345696941018105
0.15287042409181595
0.14497674256563187
0.16607756912708282
0.12588704004883766
0.12499770894646645
0.1266944818198681
0.1273605413734913
0.11860765516757965
0.10664617642760277
0.09849132597446442
0.11823537014424801
0.09282422438263893
0.0946490466594696
0.08048464171588421
0.08624408766627312
0.05955938622355461
0.0798986442387104
0.09313343092799187
0.05652363784611225
0.07857256196439266
0.08219005912542343
0.0765354223549366
0.07825418189167976
0.04916469380259514
0.09151776693761349
0.09398162364959717
0.06237737834453583
0.070631243288517
0.11820538714528084
0.19966912642121315
0.11993992794305086
0.3204920142889023
0.18595777451992035
0.3360406495630741
0.21337132900953293
0.0969621017575264
0.1276964470744133
0.13408701494336128
0.12105397507548332
0.11442635953426361
0.13793348148465157
0.09499380365014076
0.11528748646378517
0.08318989351391792
0.13478733599185944
0.08245290815830231
0.12044120952486992
0.0667971670627594
0.07659107074141502
0.039731016382575035
0.03330831043422222
0.05010618828237057
0.04257475398480892
0.021165912970900536
0.039957230910658836
0.027192418463528156
0.022791332565248013
0.02805612701922655
0.0164924506098032
0.013806839007884264
0.013606755062937737
0.014685832895338535
0.01413536025211215
0.011497252620756626
0.011760739143937826
0.010435071773827076
0.009554419200867414
0.00868959166109562
0.008007152937352657
0.00808017561212182
0.007566662970930338
0.006856355117633939
0.00691586104221642
0.006976607255637646
0.005981135414913297
0.006602955982089043
0.005476604914292693
0.005534294061362743
0.005803112406283617
0.004667995264753699
0.005258624907582998
0.005441023851744831
0.004467218182981014
0.00453545618802309
0.004003436071798205
0.004077626974321902
0.0041685563046485186
0.004268272314220667
0.004079204984009266
0.004555124789476395
0.004165197955444455
0.0038588866591453552
0.0038803921779617667
0.0038684975588694215
0.004015877959318459
0.003302950761280954
0.0033278592163696885
0.003203374333679676
0.0030950845684856176
0.0034257223596796393
0.003155955229885876
0.0027477038674987853
0.0028690200997516513
0.0030698366463184357
0.002851643832400441
0.002425268176011741
0.002384217397775501
0.0027743350947275758
0.002720310934819281
0.0027323844842612743
0.0022723310394212604
0.002450446248985827
0.002293539000675082
0.002371765789575875
0.002300029154866934
0.0024468934861943126
0.0019132072338834405
0.002358769066631794
0.002064269152469933
0.0019498105393722653
0.0017718958551995456
0.0019157803035341203
0.0018804411520250142
0.0017437792266719043
0.0018577667069621384
0.0017091610352508724
0.001820426608901471
0.0016706771566532552
0.0016397841973230243
0.001576481678057462
0.001701619941741228
0.001622487383428961
0.0016083703958429396
0.0015558486920781434
0.0014893623301759362
0.0016042868373915553
0.001238545577507466
0.001393442857079208
0.0013006991357542574
0.0012919053551740944
0.001259068085346371
0.0012371019693091512
0.00116014588274993
0.0012842835276387632
0.001253693364560604
0.0011649365769699216
0.0011834711767733097
0.0009996999870054424
0.001074921921826899
0.0010484253871254623
0.0009779089305084199
0.0010393426637165248
0.0010648984753061086
0.0009889719658531249
0.0008888047304935753
0.0010263204749207944
0.001006570499157533
0.0009394072403665632
0.0010373109835200012
0.0010032095888163894
0.0008999549027066678
0.0009640826901886612
0.0008931457996368408
0.000947766617173329
0.0008831316663417965
0.0008501122356392443
0.0009178368200082332
0.0007806278590578586
0.0008560953428968787
0.0008310419216286391
0.0008624150650575757
0.0008311537094414234
0.0008209602383431047
0.0008226285572163761
0.0007629712054040283
0.0007112184830475599
0.0007584829872939736
0.0007742852321825922
0.0006784646975575015
0.0007949791615828872
0.0008202281896956265
0.0007434913422912359
0.0008203126781154424
0.0006478912255261093
0.0006473301764344797
0.0006910853553563356
0.0006932316464371979
0.0007188542804215103
0.000659942626953125
0.0006560558394994587
0.0006395898235496134
0.0006715253985021263
0.0006332158809527755
0.0006401501013897359
0.000625239743385464
0.0006168400577735156
0.0005903426208533347
0.0006428537017200142
0.0006093200645409524
0.0005781470681540668
0.0005883846897631884
0.0005358092312235385
0.0005931222112849355
0.0005572152731474489
0.00055371766211465
0.0006096044089645147
0.0005547088221646845
0.0005566793261095881
0.0005516649689525366
0.0005172607343411073
0.0005102513823658228
0.0005575367249548435
0.0005063722201157361
0.0005638371949316934
0.0005258647142909467
0.0005412455939222127
0.0005520709528354928
0.0005450871394714341
0.0005317093746270984
0.0005060156690888107
0.0005125317256897688
0.00048731177230365574
0.0005026372382417321
0.0004544964467640966
0.0004883664805674925
0.0004430326080182567
0.0004492339357966557
0.00046583365474361926
0.00043454130354803056
0.0004679073463194072
0.0004276849504094571
0.00047445854579564184
0.0004481154173845425
0.00043302304402459413
0.0004358995065558702
0.00045381978270597756
0.00044875410094391555
0.00041813710413407534
0.00047505578550044447
0.0004190494946669787
0.0003970001562265679
0.00045515908277593553
0.0004092048475285992
0.00038216022949200124
0.00046416792611125857
0.00039976928383111954
0.00042033182398881763
0.0003966051444876939
0.00036217029264662415
0.00038466382829938084
0.0003708464791998267
0.0003539241006365046
0.00036735842877533287
0.00035722352913580835
0.0003824782615993172
0.0003693310864036903
0.0003469681541901082
0.0003532154223648831
0.00035278117866255343
0.00034074239374604076
0.0003630089049693197
0.0003288318548584357
0.0003136341547360644
0.00031668145675212145
0.00030200389301171526
0.0003159211773891002
0.00033838878152891994
0.00034418281575199217
0.00031740625854581594
0.0003047645732294768
0.00032470251608174294
