-64.2572668579317
-315.1949983379259
-361.5686071402466
-414.6821324133104
-470.5889155480169
-541.6986842594938
-526.9226557736023
-587.9088255007696
-600.2914316335581
-572.8028209896131
-689.3619866634843
-669.2738574792712
-673.9370723100302
-650.3420948158212
-765.605514471432
-754.1194372045279
-743.9495725181246
-754.223745880039
-711.9368966603608
-802.4818551155829
-723.2492850112476
-812.4984550520022
-769.2775909999549
-831.225778353379
-837.7980259387724
-779.2006285849804
-823.7388634483935
-841.5564645347507
-837.1393711643834
-831.902122840354
-895.3209006841281
-834.2367298877733
-871.7731731377439
-833.318532864619
-867.5216834325395
-832.6856870695193
-810.9223445846188
-897.7165886751518
-915.22541689653
-854.0067262605588
-903.3509211913781
-931.2396414367834
-924.2142290948174
-874.6454637149512
-909.1368982561173
-922.8993899195974
-906.1636671536529
-919.9959575987082
-913.2373669213414
-881.7323319670243
-867.7100952973564
-988.5882578544353
-969.7771762779781
-906.8229456255513
-873.4551244463239
-887.226553238482
-898.5127828137665
-916.7585741276016
-917.7378638911357
-923.3691744167135
-874.9888715535265
-930.8554649874911
-972.8115500277638
-914.2240307023449
-949.4057359124109
-919.2018299772992
-965.8283206339805
-890.1028906974924
-958.5524754936245
-989.7741181993265
-970.7660912489562
-943.1564506144018
-961.4325154920876
-931.5862570056169
-911.5471177705422
-1009.8511619611819
-949.170794473815
-975.2302778767001
-1023.9397154777281
-993.2600718747635
-972.8786384894552
-957.8018250003938
-986.3251586844844
-924.4433219625104
-935.0480927662916
-962.4065653459268
-950.5022873114881
-923.2324129117799
-969.4590555956836
-980.816157838716
-930.625670251209
-995.1163201601274
-976.2416783851413
-987.7240231465635
-934.7625485581736
-1068.2724799143004
-968.7293121007181
-1031.202204014299
-957.0083147391746
-974.6539680963288
-1007.0396413044996
-981.8186162001526
-961.2236391250989
-1032.5375301892857
-975.4798927488415
-1015.2617825027985
-968.5975883891506
-1057.3377592640538
-1032.7990108305407
-1037.8144605242162
-1023.4807863455214
-963.0200598778263
-999.2501797637632
-989.1317163376215
-982.6040864474213
-1053.5873649839982
-1009.3768892178338
-1003.9768707466565
-992.9129162675225
-977.7636294639605
-962.0021870218663
-1011.3195256082693
-999.9103403245249
-976.4442388500486
-959.3631131572108
-984.0531908004515
-997.6035987451878
-1039.7292930975489
-1028.469670963727
-978.099673717802
-978.1321230527992
-996.6803521060724
-1034.2835305714937
-1085.3841672762198
-1082.2388344327426
-1019.4092716983936
-1056.0974834146587
-1030.751397924489
-1019.8227429939305
-1066.9066647736158
-986.7828585079739
-1061.5885514180231
-1065.5739915579695
-996.5146337709119
-1089.497593245748
-967.8570080286896
-1051.8955136422187
-998.4759740038402
-1037.9856576320763
-1020.485383594091
-1066.317998593304
-1026.889342172904
-1034.3249652116529
-1022.3453130386941
-1083.1388264559382
-1019.7867264714658
-1046.9302277345262
-1110.2590423838883
-1027.2107242010707
-991.0100845455574
-1002.5521910849804
-1078.2693253266646
-1062.6685998593607
-1050.047458128995
-1103.2662583611527
-990.8893928967314
-1111.8552800763039
-1063.2401216579472
-1132.171781208658
-1078.8168804222537
-1020.4462041448338
-985.7863009283619
-1040.802458746642
-1145.5305866030503
-998.1729151768618
-1065.7326540029544
-1077.324949153008
-1019.6455943024104
-1021.3870647200791
-1096.3530116081238
-1028.614669808045
-1094.184727574823
-1041.1439782309642
-1080.0627540904804
-1034.3849949996043
-1074.1050820350647
-1100.6697782805438
-1121.1682461088153
-1081.0233454391155
-1013.6356844023076
-1002.3976422757048
-1159.9660254244432
-1123.5083443360395
-1065.1236845996523
-1073.1883992978505
-1115.2132480836683
-1105.3243420618471
-1043.728639107146
-1030.9286675821252
-1037.9774345241933
-1066.09685792901
-1089.2242839144121
-1045.8374553028889
-1053.0697556953826
-1068.648964078745
-1089.4944013060513
-1081.019528805935
-1117.1087458600646
-1059.128608836007
-1121.275440565452
-1055.7181527680516
-1017.9749005252864
-1095.0363247652756
-1036.3177580943304
-1060.579431115757
-1024.4040724330234
-1063.8269494332476
-1057.2286674723648
-1088.968758310041
-1078.4802101993341
-1018.1820445148626
-1091.771797050529
-1058.8771064990128
-969.084892133414
-1079.5008152684857
-1089.8876472717056
-1023.5176754942687
-1098.2282259590615
-1074.685165837613
-1139.2020003455025
-1097.2267469140243
-1056.4801426867737
-1020.6547411367092
-1061.797786632441
-1055.21026171737
-1078.2812060749475
-1117.879848680738
-1145.2328243250122
-1047.4116118498112
-1100.926939732468
-1096.5041195939764
-1093.6284839711432
-1027.0595654430476
-1112.2038208169322
-1092.4443794933882
-1093.8718629679922
-1089.2507447185603
-1105.673013384441
-1094.4088802019023
-1064.0068446304392
-1124.632712086225
-1098.3205718115178
-988.3342446187675
-1075.6541096307164
-1124.9317836212124
-1061.52230069879
-1104.2994609340544
-1110.970745313552
-1164.9413757439584
-1030.1168986322693
-1074.8251543088993
-1054.4662121495892
-1109.8833818215928
-1104.2398195145865
-1060.751914261673
-1060.6815694636464
-1044.0582276862888
-1100.9118344750823
-1091.3180377274614
-1090.8620708571052
-1063.7224205281877
-1111.4365745293928
-1037.407802190649
-1065.103319640533
-1079.4571043467192
-1026.305040218863
-1123.7846989571224
-1064.6601055074946
-1044.329901422773
-1068.7508644519314
-1099.9552123969602
-1069.6176488509375
-1048.3682779793367
-1070.8750452577792
-1073.5439876081757
-1124.479800381968
-1008.0532468642507
-1076.3117166384025
-1148.2030978208313
-1068.7110457530218
-1107.1559771859702
-1084.9814465067902
-1042.7235208700329
-1101.003735801042
-1036.1994197934455
-1054.6084277558436
-1055.8450635116772
-998.3254518041962
-1005.5368694138417
-1137.2057794244608
-1093.9266744110441
-1087.4497326777278
-1065.664785761987
-961.722814133365
-1066.750259399414
-1104.6296759909749
-1100.4833441371193
-1040.5269744198442
-1150.282074375636
-1106.9012213764104
-1120.1523971815811
-1114.7785021313873
-1153.3854486634655
-1105.8111439591728
-1097.2589646066938
-1122.6934574430438
-1070.2376758129367
-1004.0027506593185
-1051.7807523314304
-1034.2048984233136
-1091.604569657607
-1103.0264596241411
-1094.2390150776657
-1148.6437377127634
-1080.668473300846
-1164.538932026806
-1017.782771122071
-1049.8948001724234
-1101.1672855906772
-1103.2939853756109
-1069.7473198197404
-1111.1619109404253
-1067.460202602747
-1050.3500081888542
-1051.5937976688833
-1012.8168680124019
-1193.846627173336
-1020.435121367604
-1106.5743273024186
-1132.3773560414118
-1079.2276073798605
-1118.681869366202
-1033.149507703869
-1064.9851133312497
-1080.549237635828
-1138.3039409416613
-1099.824789170296
-1077.7769003458286
-1117.3155355008516
-1114.6623005801082
-712.6245470014036
-922.6261309352338
-940.1919335610306
-948.752081640305
-1048.173215621078
-1058.4313014135932
-1042.212764681759
-1026.582203405244
-1072.8872247313575
-1080.042057164803
-1080.466739113979
-1016.322990916841
-1101.0860111570578
-1053.3330473108774
-1178.844056101988
-1051.0580419219584
-1054.9897080357723
-1085.9667741263518
-1107.3027946460081
-1104.3608437265668
-1079.581991661529
-1030.0058178434724
-1083.9819815460987
-1069.6986975472093
-1058.1155561944856
-1066.9019349994746
-1070.5614675354848
-1095.103465787826
-1084.7830079046812
-1045.577816971436
-1138.8186624813738
-1119.5620322502155
-1057.7894422557497
-1081.8207578779916
-1131.32095754641
-1102.1549908988486
-1112.8691715144892
-1091.0270852982173
-1100.2396184260945
-1000.0814804020016
-1082.8730067020188
-1037.489371900185
-1118.7356650065717
-1049.5869333820958
-1074.6038824654943
-1109.951292568088
-1168.1585382827416
-1076.4175541142715
-1116.6782471073388
-1074.9541998217182
