0.07
0.1
0.08
0.115
0.095
0.1
0.095
0.115
0.08
0.075
0.085
0.095
0.085
0.075
0.09
0.085
0.07
0.095
0.08
0.105
0.09
0.095
0.095
0.095
0.105
0.075
0.095
0.11
0.105
0.1
0.115
0.13
0.07
0.105
0.085
0.115
0.1
0.105
0.085
0.095
0.085
0.1
0.13
0.135
0.165
0.19
0.125
0.175
0.16
0.18
0.17
0.215
0.185
0.22
0.215
0.205
0.24
0.27
0.29
0.28
0.3
0.235
0.275
0.315
0.32
0.345
0.28
0.28
0.335
0.365
0.325
0.32
0.325
0.37
0.305
0.365
0.4
0.39
0.41
0.36
0.395
0.4
0.375
0.405
0.375
0.38
0.47
0.445
0.43
0.445
0.425
0.5
0.515
0.405
0.475
0.515
0.535
0.47
0.51
0.535
0.45
0.535
0.53
0.575
0.5
0.565
0.515
0.575
0.57
0.56
0.605
0.585
0.53
0.53
0.565
0.555
0.525
0.6
0.625
0.605
0.57
0.615
0.63
0.59
0.59
0.535
0.665
0.63
0.61
0.66
0.585
0.635
0.645
0.645
0.645
0.64
0.645
0.66
0.655
0.64
0.67
0.625
0.69
0.675
0.635
0.67
0.715
0.74
0.66
0.73
0.71
0.675
0.705
0.74
0.695
0.75
0.7
0.66
0.715
0.715
0.72
0.72
0.67
0.685
0.73
0.69
0.75
0.71
0.755
0.68
0.7
0.795
0.745
0.795
0.695
0.715
0.79
0.775
0.745
0.735
0.74
0.72
0.77
0.755
0.75
0.78
0.79
0.755
0.745
0.765
0.735
0.75
0.735
0.785
0.76
0.785
0.805
0.765
0.8
0.775
0.75
0.82
0.755
0.775
0.81
0.815
0.725
0.79
0.82
0.81
0.81
0.77
0.785
0.8
0.79
0.765
0.785
0.79
0.82
0.85
0.785
0.805
0.825
0.825
0.825
0.79
0.815
0.8
0.795
0.795
0.815
0.75
0.83
0.82
0.78
0.79
0.84
0.82
0.8
0.815
0.825
0.845
0.8
0.805
0.82
0.85
0.79
0.83
0.815
0.815
0.805
0.8
0.825
0.86
0.815
0.815
0.85
0.84
0.825
0.845
0.84
0.865
0.845
0.825
0.86
0.84
0.88
0.82
0.87
0.8
0.775
0.805
0.815
0.815
0.905
0.855
0.885
0.865
0.845
0.81
0.81
0.855
0.825
0.825
0.81
0.845
0.825
0.815
0.83
0.86
0.865
0.87
0.875
0.855
0.835
0.88
0.84
0.84
0.855
0.86
0.83
0.85
0.865
0.84
0.81
0.825
0.905
0.83
0.835
0.845
0.85
0.835
0.88
0.86
0.89
0.85
0.88
0.84
0.87
0.88
0.835
0.87
0.815
0.845
0.84
0.89
0.875
0.84
0.87
0.88
0.855
0.89
0.875
0.865
0.835
0.86
0.885
0.8
0.84
0.835
0.84
0.875
0.875
0.86
0.88
0.855
0.88
0.83
0.885
0.88
0.795
0.795
0.82
0.83
0.855
0.845
0.87
0.87
0.825
0.845
0.885
0.87
0.9
0.865
0.895
0.885
0.885
0.895
0.86
0.885
0.91
0.89
0.865
0.87
0.845
0.86
0.89
0.84
0.915
0.87
0.87
0.87
0.865
0.875
0.9
0.89
0.875
0.88
0.895
0.875
0.83
0.86
0.865
0.865
0.835
0.895
0.915
0.85
0.845
0.795
