-88.76666984511411
-343.09085343839934
-341.9501743547378
-237.69382529448254
-314.5698062186966
-452.3529491160872
-523.1489631745123
-496.9165626769791
-534.4254479287407
-591.8490189099641
-606.4366180138654
-553.0713363968282
-643.1891212265613
-661.1705640614857
-734.1096747998268
-679.9396061271017
-753.2108082727353
-702.2479788982374
-748.1645430639592
-766.2004056658063
-735.4161872226522
-780.4733702685976
-709.2907489829349
-820.2295711600835
-743.3025309764845
-767.5734184447522
-820.1979567894738
-807.4228762569516
-821.6571913336828
-835.7323400611701
-838.5742397747831
-873.6904671642637
-854.8212871573488
-880.3910154406376
-856.7279673831254
-927.591561172415
-893.9008343516407
-848.2609360009294
-918.1711980417576
-837.0020077085715
-895.7911005701337
-960.1316185151377
-916.2912939764936
-840.2111922057543
-940.0585948882565
-907.2618910420325
-911.9386023892785
-880.8082434894852
-898.61696827961
-941.6839689175654
-931.2733954009922
-955.0809218757164
-903.4769309841543
-939.4923846161311
-948.9444371577232
-905.2621032614862
-904.2711019768693
-946.9603065510499
-988.1046028686559
-923.93293291193
-973.8451110954109
-901.865590006525
-936.4827605518877
-887.8131999365196
-915.649807469636
-927.463878414598
-928.701747780022
-971.1783725770388
-949.8302233202667
-913.5741246263003
-930.4448274884905
-955.4227471241753
-929.3623288507285
-927.5478946844004
-880.9782493114471
-997.1475442642441
-1020.7993745056715
-977.7183796282737
-961.2565772742171
-959.4981235238264
-920.0159734207364
-862.9043377544473
-962.8066964248359
-991.27084945259
-1020.0419137620706
-940.3315368643554
-900.018294142688
-933.3560217338772
-988.568457524348
-986.3615897745581
-921.9105109284001
-956.0635360484848
-984.4000932055135
-988.6650600850857
-962.4099784205036
-959.9367735616622
-962.8738091607248
-962.631888024818
-956.7386799380527
-913.2727494975938
-958.0710662916508
-966.8073525478213
-962.7432762878831
-915.5978247602964
-997.2939567565918
-984.4084401202092
-1004.4157843078885
-937.8367036916144
-968.9831660590413
-953.399446514345
-935.0683254052966
-949.9508126353338
-928.313899960386
-1009.0021915748921
-985.3383511661934
-973.8368147446813
-988.2989944285512
-961.8429795388253
-988.7827649858141
-995.3918184069445
-958.096736225115
-946.8230689319048
-997.329484192457
-929.7472692134743
-1017.1603830838533
-981.0967104319603
-1004.3560577037697
-988.3514931674378
-942.3357340443519
-960.728167098788
-1008.6407616380172
-1009.9535354106657
-1047.9282113939935
-931.4185120191443
-1019.7749447553389
-1009.3936341649377
-986.6818033198607
-969.5927631316647
-984.3441545578742
-979.3597363678541
-1002.4939069308443
-991.9658612034838
-988.3405660896258
-940.9427076188101
-1014.684171061362
-1059.1717423090738
-939.8960688015283
-973.6331930517601
-971.4210110809396
-1036.8886372751904
-988.2720538487632
-1022.4299456798536
-1014.4506049266059
-1036.1389273339153
-978.359144852458
-975.1155338045639
-965.2906801162228
-979.4515126773289
-972.4705137690091
-1030.7507102082952
-998.7758931185243
-990.6513342522256
-1027.6108200478664
-995.4922037261972
-1022.0372528194832
-962.542834372015
-1016.5523137502406
-1034.2347589687267
-1021.1357605380397
-1021.8596025903104
-1025.0471683438473
-1070.5419270091343
-1036.8974209957958
-926.005116266589
-987.1407615764899
-1033.8654411333498
-989.9854709234106
-1033.6604586400194
-1052.0849191884292
-1007.5258680472176
-992.4521936216662
-973.1876854671311
-1033.5036668546738
-1007.8513866020238
-992.9614423925426
-1091.3546488999223
-971.3640933789416
-1014.2247737365933
-998.6231562415576
-967.3590267089105
-1006.0608581274336
-1028.6624250642715
-1011.9936517158411
-1004.4932467201338
-1024.1011377781767
-1029.6167642312116
-1008.9853557090056
-1050.906387065413
-1083.7514513027834
-1006.5558707911847
-1094.2169047863254
-1015.7682497314594
-1033.6995653424945
-1099.6602201296987
-1026.3360662070288
-1053.6546578813807
-1022.4616591287648
-1050.8629947488757
-1054.7804080302815
-1127.1606928335357
-992.1651034717736
-1005.6307836282089
-998.2442183000152
-1051.04522040143
-1018.7877457839553
-993.5404935806029
-1088.2529972972957
-1048.27188372612
-1037.339281353533
-1012.910800322959
-1025.341501984728
-966.9493289268511
-1078.0710892583918
-986.6933042080171
-1003.016124160059
-995.9519133501888
-1053.7939423861042
-1024.0963513642412
-1029.5300381123195
-1051.3026655434464
-971.7625522712409
-1057.314646159449
-1052.143590790885
-1066.5388521736118
-978.5269010253766
-1086.3813858032227
-1078.5419364310628
-1048.7939869511513
-1014.205132643748
-1094.2188004887048
-1058.2716351170693
-1116.2361245232244
-978.8250388104794
-1078.1214780104326
-1042.4132048039942
-1031.927248412563
-1015.5864071780086
-1031.9105829461928
-1023.8968079496639
-1035.31243883245
-1087.4867564577112
-1057.6921379637608
-1075.2604854436513
-1065.196508712483
-1030.0733787194924
-1083.8466498632035
-1103.061763579395
-1034.8734848724532
-1068.1291901801587
-915.4024717225457
-952.4059443561712
-1023.7861337518912
-1040.4144517545876
-991.233218689668
-1061.46564998385
-1056.4944188605805
-1056.6666237588302
-1057.935234031919
-1114.3645709862906
-1077.374239357935
-1059.413374027349
-1005.9955435738585
-1096.9755737512342
-1048.6267813933061
-1090.376290780608
-1062.2944197253698
-1065.5315490477647
-1055.3974792699112
-1076.7251007414084
-1058.2690875326982
-1126.7977529198342
-1008.7337775071096
-1036.849517391574
-1036.3754263594403
-1085.3703898460635
-1129.213214463902
-1082.7100372429818
-1049.537811854468
-1031.9185302054277
-1044.2153061013069
-1119.7835137547436
-1037.4436297383727
-1049.5440448637933
-1123.877022980545
-1045.9578948916378
-1012.9635581673565
-1116.6979066891604
-1129.0273408615094
-1126.1440366336278
-1052.5966452112946
-1078.252208183438
-1074.1743744996286
-1116.0147980358195
-1060.1339921627177
-1051.1392631052827
-1092.7372025844688
-1093.8503739303708
-1104.9477072860789
-1083.235091952135
-1126.6724056186763
-1131.4982462959356
-1086.0973082874227
-1081.3651160622521
-1113.8658982897134
-1091.6072026400523
-974.6891143530745
-1001.8757128385904
-1096.9880492346626
-1140.7041719981603
-1131.5649628320598
-1050.2992312787314
-1113.081411411136
-1107.7667736897272
-1132.2952325970346
-1052.875739041012
-1107.9189458448216
-1119.2020150895491
-1079.9339392569757
-1116.796892747901
-1083.3732929817543
-1025.1620951358075
-1044.7809710249924
-1099.3800116255536
-1067.8971530638532
-1093.8009260123777
-1115.2335650398984
-1080.0837861513762
-1032.8666693049092
-1106.6323059857716
-1105.784041368467
-1138.275643561293
-1086.703751143772
-1074.0398709785004
-1128.954316246894
-1060.3019537980656
-1097.6403327828727
-1105.7635510083169
-1085.8286963811117
-1155.0192725345287
-1103.0756948345818
-1077.3489894839477
-1052.4299050558548
-1065.229133056056
-1039.0300820082564
-1000.5442070763232
-1050.0728973172227
-1071.265834115068
-1149.3105024868441
-1125.1172762592817
-1098.3468055703124
-1123.1747558962913
-1063.1909581966663
-1076.5545013703509
-1121.9014467918378
-1137.1492007981797
-1107.1832500718156
-1065.4789564120604
-1075.701795173131
-1072.3138850729586
-1010.4428908028361
-1173.2592750496578
-1064.3184227344627
-1085.1421554714852
-1053.730223385969
-1066.7921949910678
-1101.8363661095843
-1054.0308655280671
-1053.6647845083667
-1071.5066834858485
-1091.7599881947865
-1118.4469058810291
-1077.8681383506494
-1101.6665275942894
-1117.1621735892538
-1166.4432251557776
-1034.753745159246
-1025.2268724309683
-1108.3575785967612
-1124.3333028076981
-1124.3733721856147
-1020.1474752140484
-1103.1648409443517
-1156.1867088914466
-1084.7037864385113
-1130.1578772534972
-1125.5033022407013
-1123.8529459705
-1087.419276716797
-1084.3431216082815
-1161.6788187158822
