-86.62103218252209
-334.21097977809643
-398.36068367848196
-381.03764342382755
-453.6868909405124
-438.4977117046233
-467.46261248610534
-502.4896156029767
-537.5859492253599
-508.4442569451398
-541.7835314966018
-563.6112883607364
-563.5663086324244
-586.3977837189002
-585.2835791100006
-604.165806758239
-635.8307002480678
-633.9504797887143
-641.6440128379154
-546.7008777285502
-650.3820063507502
-558.320899161051
-691.0194412793982
-678.5429560314126
-656.3943938286073
-675.0769978536439
-679.3444246773346
-666.5904959401777
-719.5400846982332
-699.0422409316911
-717.9482719315911
-703.9478766621532
-758.3383058996244
-753.5492491831977
-773.223400555448
-721.4178989779565
-710.3954381635112
-715.7505755446474
-747.8168783934984
-794.8317520475607
-791.6390899535148
-779.8663565991661
-756.554085270051
-812.8761207826676
-795.4825254870999
-763.4565941771054
-812.6219244750414
-722.460558245259
-815.3963376937375
-776.5375325075493
-788.031278293803
-762.6509879679174
-822.201244261957
-785.1168084562099
-812.4772018749044
-827.6975029800345
-805.657719836257
-833.68043152418
-773.6902299169021
-837.3818928591118
-805.4357268865207
-822.5703506821311
-820.8292353142242
-851.9318283713908
-830.3028512814078
-841.6449860076201
-836.1389906571208
-831.7879793896653
-835.3195319988761
-831.9921819010088
-847.1219747604862
-845.0643478648453
-845.8809079376783
-853.67765303581
-864.0299735794418
-885.1564636933639
-851.5815512529716
-817.3270854158885
-882.1298021413214
-838.5019981981972
-871.3428571520863
-828.4944154941542
-848.206916246546
-889.2727013161655
-854.3916790430447
-861.2719243836293
-836.8041248936808
-842.662714276995
-868.5862428471789
-895.4084454901207
-849.9527879090903
-859.0980637018582
-847.9231114101849
-895.7937719107773
-902.6413175169773
-898.7270906685684
-892.6934835724018
-895.8224435973277
-879.2067996170114
-877.8184058545372
-846.2787592927432
-893.6461861430225
-862.537010711459
-908.3049474619501
-904.1037279120238
-828.1828093990202
-831.5329584569974
-884.4911823887979
-908.1228802588678
-907.5230472054899
-904.4507399879842
-825.5823587162704
-908.8656345842071
-902.1198376774239
-871.738832939605
-933.7574956823604
-891.1792336037631
-851.0568497126004
-917.7403717041016
-916.1990018923711
-877.1081980692077
-916.9935588825683
-880.4593480545254
-854.4298990135369
-860.0847310009091
-882.4722275624077
-879.9446536648658
-890.5995688372493
-908.1308004976967
-869.1148347898562
-888.0059558675036
-850.9317677053988
-917.4725199141261
-883.8538820468885
-922.2689289145756
-891.1820172252743
-864.8868898554332
-880.4177599623456
-904.6128713722053
-874.3638917861447
-891.4889164410429
-915.3864782307005
-922.4610871345766
-854.4339014440088
-906.708363229778
-935.0602735176614
-891.005067834107
-880.6661248976185
-893.5929158470049
-911.5257960991926
-926.1265147468462
-922.6855363626084
-901.0618114207747
-897.274996436686
-893.2073530909104
-941.6202429142966
-909.8208997875864
-889.8246128636022
-878.6564609861593
-906.005034991673
-909.9923524021553
-923.2600239696591
-956.3031780576925
-925.3905389056227
-892.6357846941266
-910.0127196949198
-885.4156155915854
-936.6118452406149
-937.7484707458777
-872.7258569919569
-903.2436466656522
-949.7348520832677
-923.4800926946824
-935.1417167593257
-946.9237245480585
-926.525141843453
-912.3530426025391
-925.2290754537978
-901.1602765799668
-945.1740012278755
-942.5664381739182
-892.5236424740558
-915.0600188646448
-977.8740812732327
-907.7569052349038
-953.9187993695659
-894.8763173890004
-888.4175562353178
-925.8638808166926
-949.4389508858254
-849.3914882818125
-915.8873733309557
-944.1545566611576
-921.311274093417
-905.772291152708
-912.4421330113565
-942.8641360234556
-906.5360914485245
-994.8062320832283
-928.0143316066759
-872.3183272928686
-933.3483559920492
-935.7505953916207
-907.1335097633748
-952.4708135578489
-947.8381759186494
-912.7046019734325
-911.3026245486352
-946.0747761440716
-924.0714425733013
-890.2319047110421
-933.7686164961433
-917.6578862765967
-921.8282865357289
-937.351097704628
-899.1865851406677
-926.714526637908
-914.7729776268181
-927.5272929108088
-945.5406824454734
-877.9632321195119
-908.9068388345604
-879.9646655843005
-939.673362204556
-913.7696651335685
-953.7691759381976
-943.5226684605472
-955.7284588616016
-964.2728298908005
-946.401225252635
-913.8377207215481
-945.0882311130998
-912.6188262025332
-918.463133640553
-936.3739908807289
-945.265745839765
-977.1343570129113
-980.7848720089082
-972.9023268036029
-929.6295822776408
-951.3525596961448
-928.7999271489508
-918.0075986660021
-918.7246662262947
-926.5084284769225
-921.9444885253906
-970.8179408218454
-926.2432695467901
-937.5344137376354
-912.9554439360096
-921.9251457271488
-919.5394526362968
-944.277025583153
-965.0367821548392
-942.2139337776993
-935.9298857587823
-948.2929989687309
-927.8382698445826
-941.041820455806
-967.6273368097121
-926.1375931418986
-940.8410056681128
-950.1257107158959
-970.1407629883234
-941.0445929672311
-988.7803205850487
-919.4704533238565
-982.1821424774311
-960.7066805263818
-973.9763338994321
-952.7520241451703
-929.9914643731535
-904.9400090599939
-960.5071390257453
-960.2322479107413
-984.6014113909638
-927.2189769305392
-962.393842680663
-987.7409254504788
-882.3512509253717
-918.154961950768
-938.0768748340519
-990.9396783855104
-991.4758564470001
-921.8428839055075
-963.6838525517196
-980.5547718342548
-957.0560048802108
-952.0487908877535
-921.7300196528984
-968.7367195797406
-925.9868420719552
-992.6283753214893
-928.2751997462066
-919.2538217575319
-923.0232652233493
-942.7061561021936
-955.3330129829969
-927.0367223502304
-956.6982756935506
-985.3536766860892
-984.0688015634563
-944.5687529744091
-954.6233436127412
-961.7542608234739
-938.5615737668929
-967.0671198620774
-972.9608497971213
-978.7634799447477
-979.9580584407402
-977.6607464733212
-960.0471249945152
-985.1371924580517
-899.3742018317297
-986.0774396289878
-986.3926572667838
-963.1188061973467
-984.942140289166
-920.606446085987
-985.1394364317441
-976.0023711947252
-942.1146211580198
-960.8815820228119
-999.3423199280066
-973.2018563582601
-959.3518498855801
-986.5113429056335
-1021.6035692768712
-987.9646135848789
-964.2870779817555
-987.389389319354
-987.5539581720731
-996.3756911457958
-966.4150514031336
-948.9768745668473
-969.270735780215
-969.5183565188113
-976.1247627152825
-969.804097531578
-995.2720830539405
-990.3862963294104
-997.1945572250999
-988.6523142168598
-962.6234037249868
-984.8727415410056
-957.3175114508598
-994.6061987635178
-948.690548277121
-956.1417519002466
-982.5700458579349
-952.9166285782915
-983.7406012627387
-939.531264625936
-939.6202351794265
-1014.2497624515938
-966.8473275531821
-1019.6439917779738
-939.4003778020358
-1024.3500272337742
-981.015707393945
-991.5889058618502
-995.4559307889455
-939.7185543253674
-997.9109890493929
-927.2436576175251
-977.6680993429527
-981.7124316967028
-997.2094402752714
-965.3986062080629
-943.4228964950631
-1028.192779154272
-1002.7348112203009
-1000.4524727746639
-984.7806795709145
-962.6108411973522
-1061.442134593489
-990.3653425708894
-959.922406086724
-994.2566657703593
-1020.3080182405112
-1006.8922552293346
-1006.6645653192899
-1062.4277338739914
-993.1339807993805
-1005.9348666283393
-966.9419567530057
-978.145044871739
-996.8577062721076
-935.509217380928
-970.415032312068
-969.9395685086052
-980.9022882347283
-966.8178832058533
-955.360474300824
-1008.3631278930172
-969.0597829291348
-954.8423782471688
-1022.8591865504392
-991.5230570850284
-975.7767319920974
