0.0, 1.0, 33.75 
0.0, 1.0, 33.75 
0.0, 1.0, 33.75 
0.0, 1.0, 33.75 
0.0, 1.0, 33.75 
0.0, 1.0, 33.75 
0.0, 1.0, 33.75 
0.0, 1.0, 33.75 
0.0, 1.0, 33.75 
0.0, 1.0, 33.75 
0.0, 1.0, 33.75 
0.0, 1.0, 33.75 
0.0, 1.0, 33.75 
0.0, 1.0, 33.75 
0.0, 1.0, 33.75 
0.0, 1.0, 33.75 
0.0, 1.0, 33.75 
0.0, 1.0, 33.75 
0.0, 1.0, 33.75 
0.0, 1.0, 33.75 
0.0, 1.0, 33.75 
0.0, 1.0, 33.75 
0.0, 1.0, 33.75 
0.0, 1.0, 33.75 
0.0, 1.0, 33.75 
0.0, 1.0, 33.75 
0.0, 1.0, 33.75 
0.0, 1.0, 33.75 
0.0, 1.0, 33.75 
0.0, 1.0, 33.75 
0.0, 1.0, 33.75 
0.0, 1.0, 33.75 
0.0, 1.0, 33.75 
0.0, 1.0, 33.75 
0.0, 1.0, 33.75 
0.0, 1.0, 33.75 
0.0, 1.0, 33.75 
0.0, 1.0, 33.75 
0.0, 1.0, 33.75 
0.0, 1.0, 33.75 
0.0, 1.0, 33.75 
0.0, 1.0, 33.75 
0.0, 1.0, 33.75 
0.0, 1.0, 33.75 
0.0, 1.0, 33.75 
0.0, 1.0, 33.75 
0.0, 1.0, 33.75 
0.0, 1.0, 33.75 
0.0, 1.0, 33.75 
0.0, 1.0, 33.75 
0.0, 1.0, 33.75 
0.0, 1.0, 33.75 
0.0, 1.0, 33.75 
0.0, 1.0, 33.75 
0.0, 1.0, 33.75 
0.0, 1.0, 33.75 
0.0, 1.0, 33.75 
0.0, 1.0, 33.75 
0.0, 1.0, 33.75 
0.0, 1.0, 33.75 
0.0, 1.0, 33.75 
0.0, 1.0, 33.75 
0.0, 1.0, 33.75 
0.0, 1.0, 33.75 
0.0, 1.0, 33.75 
0.0, 1.0, 33.75 
0.0, 1.0, 33.75 
0.0, 1.0, 33.75 
0.0, 1.0, 33.75 
0.0, 1.0, 33.75 
0.0, 1.0, 33.75 
0.0, 1.0, 33.75 
0.0, 1.0, 33.75 
0.0, 1.0, 33.75 
0.0, 1.0, 33.75 
0.0, 1.0, 33.75 
0.0, 1.0, 33.75 
0.0, 1.0, 33.75 
0.0, 1.0, 33.75 
0.0, 1.0, 33.75 
0.0, 1.0, 33.75 
0.0, 1.0, 33.75 
0.0, 1.0, 33.75 
0.0, 1.0, 33.75 
0.0, 1.0, 33.75 
0.0, 1.0, 33.75 
0.0, 1.0, 33.75 
0.0, 1.0, 33.75 
0.0, 1.0, 33.75 
0.0, 1.0, 33.75 
0.0, 1.0, 33.75 
0.0, 1.0, 33.75 
0.0, 1.0, 33.75 
0.0, 1.0, 33.75 
0.0, 1.0, 33.75 
0.0, 1.0, 33.75 
0.0, 1.0, 33.75 
0.0, 1.0, 33.75 
0.0, 1.0, 33.75 
0.0, 1.0, 33.75 
0.0, 1.0, 33.75 
0.0, 1.0, 33.75 
0.0, 1.0, 33.75 
0.0, 1.0, 33.75 
0.0, 1.0, 33.75 
0.0, 1.0, 33.75 
0.0, 1.0, 33.75 
0.0, 1.0, 33.75 
0.0, 1.0, 33.75 
0.0, 1.0, 33.75 
0.0, 1.0, 33.75 
0.0, 1.0, 33.75 
0.0, 1.0, 33.75 
0.0, 1.0, 33.75 
0.0, 1.0, 33.75 
0.0, 1.0, 33.75 
0.0, 1.0, 33.75 
0.0, 1.0, 33.75 
0.0, 1.0, 33.75 
0.0, 1.0, 33.75 
0.0, 1.0, 33.75 
0.0, 1.0, 33.75 
0.0, 1.0, 33.75 
0.0, 1.0, 33.75 
0.0, 1.0, 33.75 
0.0, 1.0, 33.75 
0.0, 1.0, 33.75 
0.0, 1.0, 33.75 
0.0, 1.0, 33.75 
0.0, 1.0, 33.75 
0.0, 1.0, 33.75 
0.0, 1.0, 33.75 
0.0, 1.0, 33.75 
0.0, 1.0, 33.75 
0.0, 1.0, 33.75 
0.0, 1.0, 33.75 
0.0, 1.0, 33.75 
0.0, 1.0, 33.75 
0.0, 1.0, 33.75 
0.0, 1.0, 33.75 
0.0, 1.0, 33.75 
0.0, 1.0, 33.75 
0.0, 1.0, 33.75 
0.0, 1.0, 33.75 
0.0, 1.0, 33.75 
0.0, 1.0, 33.75 
0.0, 1.0, 33.75 
0.0, 1.0, 33.75 
0.0, 1.0, 33.75 
0.0, 1.0, 33.75 
0.0, 1.0, 33.75 
0.0, 1.0, 33.75 
0.0, 1.0, 33.75 
0.0, 1.0, 33.75 
0.0, 1.0, 33.75 
0.0, 1.0, 33.75 
0.0, 1.0, 33.75 
0.0, 1.0, 33.75 
0.0, 1.0, 33.75 
0.0, 1.0, 33.75 
0.0, 1.0, 33.75 
0.0, 1.0, 33.75 
0.0, 1.0, 33.75 
0.0, 1.0, 33.75 
0.0, 1.0, 33.75 
0.0, 1.0, 33.75 
0.0, 1.0, 33.75 
0.0, 1.0, 33.75 
0.0, 1.0, 33.75 
0.0, 1.0, 33.75 
0.0, 1.0, 33.75 
0.0, 1.0, 33.75 
0.0, 1.0, 33.75 
0.0, 1.0, 33.75 
0.0, 1.0, 33.75 
0.0, 1.0, 33.75 
0.0, 1.0, 33.75 
0.0, 1.0, 33.75 
0.0, 1.0, 33.75 
0.0, 1.0, 33.75 
0.0, 1.0, 33.75 
0.0, 1.0, 33.75 
0.0, 1.0, 33.75 
0.0, 1.0, 33.75 
0.0, 1.0, 33.75 
0.0, 1.0, 33.75 
0.0, 1.0, 33.75 
0.0, 1.0, 33.75 
0.0, 1.0, 33.75 
0.0, 1.0, 33.75 
0.0, 1.0, 33.75 
0.0, 1.0, 33.75 
0.0, 1.0, 33.75 
0.0, 1.0, 33.75 
0.0, 1.0, 33.75 
0.0, 1.0, 33.75 
0.0, 1.0, 33.75 
0.0, 1.0, 33.75 
0.0, 1.0, 33.75 
0.0, 1.0, 33.75 
0.0, 1.0, 33.75 
0.0, 1.0, 33.75 
0.0, 1.0, 33.75 
0.0, 1.0, 33.75 
0.0, 1.0, 33.75 
0.0, 1.0, 33.75 
0.0, 1.0, 33.75 
0.0, 1.0, 33.75 
0.0, 1.0, 33.75 
0.0, 1.0, 33.75 
0.0, 1.0, 33.75 
0.0, 1.0, 33.75 
0.0, 1.0, 33.75 
0.0, 1.0, 33.75 
0.0, 1.0, 33.75 
0.0, 1.0, 33.75 
0.0, 1.0, 33.75 
0.0, 1.0, 33.75 
0.0, 1.0, 33.75 
0.0, 1.0, 33.75 
0.0, 1.0, 33.75 
0.0, 1.0, 33.75 
0.0, 1.0, 33.75 
0.0, 1.0, 33.75 
0.0, 1.0, 33.75 
0.0, 1.0, 33.75 
0.0, 1.0, 33.75 
0.0, 1.0, 33.75 
0.0, 1.0, 33.75 
0.0, 1.0, 33.75 
0.0, 1.0, 33.75 
0.0, 1.0, 33.75 
0.0, 1.0, 33.75 
0.0, 1.0, 33.75 
0.0, 1.0, 33.75 
0.0, 1.0, 33.75 
0.0, 1.0, 33.75 
0.0, 1.0, 33.75 
0.0, 1.0, 33.75 
0.0, 1.0, 33.75 
0.0, 1.0, 33.75 
0.0, 1.0, 33.75 
0.0, 1.0, 33.75 
0.0, 1.0, 33.75 
0.0, 1.0, 33.75 
0.0, 1.0, 33.75 
0.0, 1.0, 33.75 
0.0, 1.0, 33.75 
0.0, 1.0, 33.75 
0.0, 1.0, 33.75 
0.0, 1.0, 33.75 
0.0, 1.0, 33.75 
0.0, 1.0, 33.75 
0.0, 1.0, 33.75 
0.0, 1.0, 33.75 
0.0, 1.0, 33.75 
0.0, 1.0, 33.75 
0.0, 1.0, 33.75 
0.0, 1.0, 33.75 
0.0, 1.0, 33.75 
0.0, 1.0, 33.75 
0.0, 1.0, 33.75 
0.0, 1.0, 33.75 
0.0, 1.0, 33.75 
0.0, 1.0, 33.75 
0.0, 1.0, 33.75 
0.0, 1.0, 33.75 
0.0, 1.0, 33.75 
0.0, 1.0, 33.75 
0.0, 1.0, 33.75 
0.0, 1.0, 33.75 
0.0, 1.0, 33.75 
0.0, 1.0, 33.75 
0.0, 1.0, 33.75 
0.0, 1.0, 33.75 
0.0, 1.0, 33.75 
0.0, 1.0, 33.75 
0.0, 1.0, 33.75 
0.0, 1.0, 33.75 
0.0, 1.0, 33.75 
0.0, 1.0, 33.75 
0.0, 1.0, 33.75 
0.0, 1.0, 33.75 
0.0, 1.0, 33.75 
0.0, 1.0, 33.75 
0.0, 1.0, 33.75 
0.0, 1.0, 33.75 
0.0, 1.0, 33.75 
0.0, 1.0, 33.75 
0.0, 1.0, 33.75 
0.0, 1.0, 33.75 
0.0, 1.0, 33.75 
0.0, 1.0, 33.75 
0.0, 1.0, 33.75 
0.0, 1.0, 33.75 
0.0, 1.0, 33.75 
0.0, 1.0, 33.75 
0.0, 1.0, 33.75 
0.0, 1.0, 33.75 
0.0, 1.0, 33.75 
0.0, 1.876093764969339, 4.181835432284817 
0.0, 1.8592207235624567, 4.7513005797670775 
0.0, 1.7801816966130772, 7.4188677393086415 
0.0, 1.8433831830033045, 5.285817573638476 
0.0, 1.7987263107744913, 6.792987011360919 
0.0, 1.831919147794867, 5.6727287619232385 
0.0, 1.8238738801109677, 5.94425654625483 
0.0, 1.804677119562746, 6.592147214757318 
0.0, 1.8000095231868838, 6.749678592442665 
0.0, 1.8325388850432769, 5.651812629789406 
0.0, 1.8898380381657807, 3.717966211904899 
0.0, 1.8464788115274133, 5.1813401109498045 
0.0, 1.8067793075776313, 6.521198369254939 
0.0, 1.7942038689652482, 6.945619422422877 
0.0, 1.8307575452296625, 5.711932848498899 
0.0, 1.8617022322655354, 4.6675496610381835 
0.0, 1.7752804658866157, 7.5842842763267155 
0.0, 1.830429298504817, 5.723011175462435 
0.0, 1.817781057318594, 6.149889315497453 
0.0, 1.8860364983749116, 3.8462681798467284 
0.0, 1.8617167759402156, 4.667058812017734 
0.0, 1.854172944299231, 4.921663129900958 
0.0, 1.7998427095828033, 6.755308551580388 
0.0, 1.8711016877494013, 4.3503180384577105 
0.0, 1.8272199418016049, 5.831326964195827 
0.0, 1.752849423386927, 8.34133196069121 
0.0, 1.8905094483258433, 3.695306119002798 
0.0, 1.8609550302762543, 4.692767728176417 
0.0, 1.818928289324398, 6.111170235301568 
0.0, 1.809647842183071, 6.424385326321344 
0.0, 1.85106162206812, 5.026670255200946 
0.0, 1.817067019654943, 6.173988086645672 
0.0, 1.814691714720038, 6.25415462819871 
0.0, 1.80913573880655, 6.441668815278934 
0.0, 1.8614523579398514, 4.6759829195300195 
0.0, 1.8705483038296502, 4.368994745749303 
0.0, 1.8652037511570623, 4.549373398449154 
0.0, 1.808018322608255, 6.479381611971403 
0.0, 1.8496023312586904, 5.075921320019198 
0.0, 1.8513491533370234, 5.016966074875455 
0.0, 1.807327569571319, 6.502694526967988 
0.0, 1.861885092798029, 4.661378118066522 
0.0, 1.89519953823885, 3.5370155844388194 
0.0, 1.8103155652298075, 6.401849673493997 
0.0, 1.8436453502440082, 5.27696942926472 
0.0, 1.8708823155813374, 4.3577218491298595 
0.0, 1.8233917391339847, 5.960528804228019 
0.0, 1.8692028525381377, 4.414403726837857 
0.0, 1.8614016074340904, 4.677695749099453 
0.0, 1.8289854810364972, 5.771740015018226 
0.0, 1.8858866099826106, 3.851326913086886 
0.0, 1.8532534221660915, 4.9526970018944105 
0.0, 1.898016935100086, 3.4419284403720902 
0.0, 1.8638680246486639, 4.594454168107591 
0.0, 1.8688733408404647, 4.425524746634307 
0.0, 1.883184442851927, 3.942525053747462 
0.0, 1.872473035021435, 4.304035068026569 
0.0, 1.8603160082991195, 4.7143347199047225 
0.0, 1.7981765476224856, 6.811541517741116 
0.0, 1.8179753751202483, 6.14333108969162 
0.0, 1.866859288377824, 4.493499017248442 
0.0, 1.8993031511985892, 3.3985186470476205 
0.0, 1.8651669257559986, 4.550616255735052 
0.0, 1.8195781861920364, 6.089236216018776 
0.0, 1.8396569082782728, 5.411579345608287 
0.0, 1.874875732663079, 4.222944022621084 
0.0, 1.8450209008138903, 5.230544597531198 
0.0, 1.8205934433997284, 6.054971285259164 
0.0, 1.8287635926382275, 5.779228748459818 
0.0, 1.8463435732977427, 5.1859044012011815 
0.0, 1.8744495298585964, 4.2373283672723785 
0.0, 1.8575019583121997, 4.809308906963259 
0.0, 1.8631601030635738, 4.618346521604386 
0.0, 1.8128100524436548, 6.317660730026646 
0.0, 1.8407865527225538, 5.373453845613812 
0.0, 1.8433731469042405, 5.286156291981896 
0.0, 1.8779453228234824, 4.119345354707463 
0.0, 1.8248243755953493, 5.912177323656965 
0.0, 1.8340484136502135, 5.600866039305301 
0.0, 1.8694764672942787, 4.405169228818096 
0.0, 1.8571743779010779, 4.820364745838617 
0.0, 1.83916018355819, 5.42834380491108 
0.0, 1.9012305038542265, 3.3334704949198546 
0.0, 1.8475938576155404, 5.143707305475505 
0.0, 1.8966830703944566, 3.4869463741870885 
0.0, 1.8989762895346545, 3.4095502282054118 
0.0, 1.8187979832682872, 6.115568064695306 
0.0, 1.8216284836384986, 6.020038677200675 
0.0, 1.8549451377281254, 4.8956016016757635 
0.0, 1.8858755477334515, 3.8517002639960163 
0.0, 1.8643439802048238, 4.57839066808719 
0.0, 1.862649041515334, 4.635594848857468 
0.0, 1.864636225844018, 4.568527377764391 
0.0, 1.8702583603559022, 4.3787803379883075 
0.0, 1.8748579066876352, 4.223545649292314 
0.0, 1.9016449288458346, 3.319483651453092 
0.0, 1.8734640324248144, 4.27058890566251 
0.0, 1.8217842225759793, 6.014782488060693 
0.0, 1.8664822156732632, 4.506225221027375 
0.0, 1.8203536398910427, 6.063064653677297 
0.0, 1.884188275896821, 3.9086456884822915 
0.0, 1.8284103239605678, 5.791151566330835 
0.0, 1.8734350741774861, 4.271566246509838 
0.0, 1.8075511391552153, 6.495149053511491 
0.0, 1.8157667311718975, 6.217872822948462 
0.0, 1.8776578481499229, 4.129047624940099 
0.0, 1.8891578434347787, 3.7409227840762176 
0.0, 1.8823180523610372, 3.97176573281499 
0.0, 1.8859377407176516, 3.8496012507792603 
0.0, 1.868399860773734, 4.441504698886479 
0.0, 1.8670258287977397, 4.4878782780762885 
0.0, 1.9137015195653224, 2.9125737146703647 
0.0, 1.804821462268267, 6.587275648445986 
0.0, 1.874338856156155, 4.241063604729771 
0.0, 1.891773097796281, 3.652657949375518 
0.0, 1.8825889677098788, 3.962622339791582 
0.0, 1.9098922520912922, 3.041136491918894 
0.0, 1.796645391685128, 6.8632180306269275 
0.0, 1.8574449888650562, 4.81123162580436 
0.0, 1.8577276095719175, 4.8016931769477855 
0.0, 1.8533464157220374, 4.949558469381247 
0.0, 1.8664998160811346, 4.505631207261708 
0.0, 1.8437596219318602, 5.273112759799721 
0.0, 1.877485980954849, 4.134848142773847 
0.0, 1.8929676912003133, 3.6123404219894315 
0.0, 1.8285903623791395, 5.785075269704041 
0.0, 1.8616833381631144, 4.668187336994886 
0.0, 1.9160430912633069, 2.833545669863391 
0.0, 1.86627372642974, 4.5132617329962805 
0.0, 1.8377686155882027, 5.475309223898152 
0.0, 1.8127924004412748, 6.31825648510698 
0.0, 1.904575831601123, 3.2205656834621066 
0.0, 1.9080030023379622, 3.104898671093777 
0.0, 1.892238197656689, 3.6369608290867417 
0.0, 1.8991938589429427, 3.4022072606756883 
0.0, 1.901774650373007, 3.3151055499110127 
0.0, 1.8625654472556046, 4.638416155123337 
0.0, 1.8896090139328883, 3.7256957797650214 
0.0, 1.7914331764586846, 7.039130294519396 
0.0, 1.826114365600146, 5.868640160995079 
0.0, 1.9028742985576266, 3.27799242368011 
0.0, 1.8534240335238747, 4.94693886856923 
0.0, 1.8775748611835186, 4.131848435056255 
0.0, 1.9319079433020485, 2.2981069135558636 
0.0, 1.8010179822188972, 6.71564310011222 
0.0, 1.8715553342225908, 4.335007469987572 
0.0, 1.9126516257107904, 2.948007632260825 
0.0, 1.869397236355315, 4.40784327300811 
0.0, 1.8341495483458783, 5.597452743326615 
0.0, 1.8905381667905519, 3.6943368708188737 
0.0, 1.9276589832317133, 2.441509315929675 
0.0, 1.93036709358538, 2.3501105914934275 
0.0, 1.8531763007087212, 4.9552998510806665 
0.0, 1.9008000716862379, 3.3479975805894653 
0.0, 1.8865444262657098, 3.8291256135322893 
0.0, 1.911123988227727, 2.9995653973142105 
0.0, 1.9223541224500411, 2.62054836731111 
0.0, 1.9113981081419256, 2.9903138502100104 
0.0, 1.924305968380009, 2.5546735671746927 
0.0, 1.8969957262077508, 3.476394240488414 
0.0, 1.9058630163625825, 3.177123197762843 
0.0, 1.863691556095912, 4.6004099817629625 
0.0, 1.9200054639384607, 2.699815592076949 
0.0, 1.8965596942691905, 3.4911103184148153 
0.0, 1.9438941897392523, 1.8935710963002281 
0.0, 1.9074633399234087, 3.123112277584951 
0.0, 1.893284350030012, 3.6016531864870927 
0.0, 1.868192293617919, 4.4485100903952395 
0.0, 1.890542686579151, 3.6941843279536535 
0.0, 1.8847799890980677, 3.8886753679402175 
0.0, 1.8765187564928045, 4.167491968367856 
0.0, 1.872876348164672, 4.290423249442324 
0.0, 1.8790376775841813, 4.082478381533874 
0.0, 1.9138794699396064, 2.9065678895382776 
0.0, 1.8933067670472812, 3.6008966121542563 
0.0, 1.9314008529782878, 2.3152212119827804 
0.0, 1.9286084008261655, 2.4094664721169066 
0.0, 1.9091520734297107, 3.066117521747261 
0.0, 1.9069204817893541, 3.141433739609302 
0.0, 1.925002422793783, 2.531168230709834 
0.0, 1.8649053428326987, 4.5594446793964085 
0.0, 1.8959437534738857, 3.5118983202563587 
0.0, 1.888027246135838, 3.779080442915474 
0.0, 1.9368913969602566, 2.1299153525913463 
0.0, 1.9333875922570378, 2.2481687613249686 
0.0, 1.9132681271921645, 2.927200707264444 
0.0, 1.9230492537322488, 2.5970876865366015 
0.0, 1.9071265867733234, 3.1344776964003427 
0.0, 1.9083948058936653, 3.0916753010888027 
0.0, 1.887550955071319, 3.7951552663429933 
0.0, 1.9107233494697144, 3.0130869553971373 
0.0, 1.9084107769803162, 3.091136276914329 
0.0, 1.900412471777899, 3.361079077495917 
0.0, 1.9246638862096042, 2.5425938404258592 
0.0, 1.9271556945225836, 2.458495309862812 
0.0, 1.897732312221741, 3.4515344625162343 
0.0, 1.900929449547834, 3.3436310777605964 
0.0, 1.8951109053547284, 3.5400069442779163 
0.0, 1.9064730868832733, 3.1565333176895227 
0.0, 1.9033860998881829, 3.2607191287738257 
0.0, 1.8829453939116605, 3.9505929554814587 
0.0, 1.8734593705921265, 4.2707462425157345 
0.0, 1.9522378699094112, 1.611971890557374 
0.0, 1.8705155707211598, 4.370099488160861 
0.0, 1.929165741392045, 2.3906562280184844 
0.0, 1.9324582092214577, 2.279535438775805 
0.0, 1.9028605863933672, 3.278455209223855 
0.0, 1.9193434320713267, 2.722159167592716 
0.0, 1.9300972674979018, 2.3592172219458147 
0.0, 1.9327776894380697, 2.268752981465147 
0.0, 1.9096554222657653, 3.0491294985304265 
0.0, 1.9524984136981793, 1.6031785376864438 
0.0, 1.9343110094390399, 2.2170034314323996 
0.0, 1.926920218009987, 2.46644264216294 
0.0, 1.9452521761361539, 1.847739055404799 
0.0, 1.9349044031405929, 2.1969763940049964 
0.0, 1.9323204444050024, 2.284185001331163 
0.0, 1.883541065451295, 3.9304890410187956 
0.0, 1.8898047757797238, 3.7190888174343244 
0.0, 1.9431664492242535, 1.9181323386814437 
0.0, 1.9045209192918937, 3.2224189738985833 
0.0, 1.8711076628700387, 4.350116378136202 
0.0, 1.882643879080236, 3.9607690810420353 
0.0, 1.9091965474105541, 3.0646165248937884 
0.0, 1.90718670325423, 3.1324487651697326 
0.0, 1.8980650479580594, 3.440304631415496 
0.0, 1.9237633926282642, 2.5729854987960814 
0.0, 1.9303341305377841, 2.351223094349788 
0.0, 1.897743068129933, 3.4511714506147673 
0.0, 1.9255261403579544, 2.513492762919038 
0.0, 1.9464290581436299, 1.808019287652496 
0.0, 1.9213490009231102, 2.6544712188450275 
0.0, 1.9307664692785576, 2.3366316618486787 
0.0, 1.9243222120217827, 2.5541253442648397 
0.0, 1.916072640964433, 2.8325483674503844 
0.0, 1.9391285546248949, 2.054411281409794 
0.0, 1.931176785747098, 2.322783481035445 
0.0, 1.9135161998677865, 2.918828254462198 
0.0, 1.889514117041202, 3.7288985498594283 
0.0, 1.9144970380486377, 2.8857249658584783 
0.0, 1.9000073683200775, 3.3747513191973795 
0.0, 1.9221976076890988, 2.625830740492918 
0.0, 1.887979747500285, 3.780683521865375 
0.0, 1.9102037458726815, 3.0306235767970024 
0.0, 1.921973044073022, 2.6334097625355124 
0.0, 1.915944416802644, 2.8368759329107704 
0.0, 1.9070627714085746, 3.136631464960612 
0.0, 1.9076224569600595, 3.1177420775979896 
0.0, 1.9363217892329876, 2.149139613386669 
0.0, 1.915916291811765, 2.837825151352933 
0.0, 1.890054429467867, 3.7106630054594953 
0.0, 1.943034766212691, 1.9225766403216835 
0.0, 1.8971001266027636, 3.4728707271567343 
0.0, 1.919091843309051, 2.730650288319537 
0.0, 1.919041634347226, 2.732344840781122 
0.0, 1.918909629707733, 2.736799997364014 
0.0, 1.9135002308671694, 2.919367208233029 
0.0, 1.9085537128267727, 3.0863121920964294 
0.0, 1.928145956502247, 2.4250739680491704 
0.0, 1.9376856085187502, 2.1031107124921875 
0.0, 1.9242217341109344, 2.5575164737559617 
0.0, 1.9448362790668514, 1.8617755814937615 
0.0, 1.9388585499824833, 2.06352393809119 
0.0, 1.9224881953793234, 2.616023405947839 
0.0, 1.8997889227310916, 3.382123857825659 
0.0, 1.9229814472735838, 2.5993761545165466 
0.0, 1.8930078232699632, 3.61098596463874 
0.0, 1.9264923082295702, 2.4808845972520066 
0.0, 1.9108212285101822, 3.009783537781355 
0.0, 1.9207561186974802, 2.6744809939600467 
0.0, 1.9372358839698323, 2.118288916018165 
0.0, 1.8800822981359644, 4.047222437911202 
0.0, 1.9288304936145935, 2.401970840507478 
0.0, 1.8998417641036622, 3.3803404615014 
0.0, 1.9163867140691775, 2.8219484001652635 
0.0, 1.9387701079352828, 2.066508857184209 
0.0, 1.9371129293228244, 2.1224386353546856 
0.0, 1.937514131023593, 2.1088980779537363 
0.0, 1.9352782991384796, 2.184357404076308 
0.0, 1.9129770676484577, 2.9370239668645484 
0.0, 1.9185620618295216, 2.748530413253638 
0.0, 1.9049413978640373, 3.2082278220887432 
0.0, 1.9402060116154993, 2.018047107976898 
0.0, 1.901977360865544, 3.3082640707878963 
0.0, 1.949345012011519, 1.709605844611241 
0.0, 1.9323225492778113, 2.284113961873869 
0.0, 1.9049438972563673, 3.208143467597603 
0.0, 1.9383983896674912, 2.079054348722166 
0.0, 1.9434936614186356, 1.9070889271210545 
0.0, 1.9319215810474177, 2.29764663964966 
0.0, 1.9274682922356297, 2.447945137047496 
0.0, 1.9424646952248423, 1.9418165361615702 
0.0, 1.9325180082931896, 2.2775172201048486 
0.0, 1.915842217712623, 2.840325152198969 
0.0, 1.9133169487960313, 2.925552978133948 
0.0, 1.9081471557353116, 3.1000334939332412 
0.0, 1.9338400474391317, 2.232898398929309 
0.0, 1.9321931586668022, 2.2884808949954163 
0.0, 1.874924380843645, 4.22130214652698 
0.0, 1.9134119889162873, 2.9223453740752987 
0.0, 1.9578460981895354, 1.4226941861031825 
0.0, 1.9311020095489126, 2.3253071777241927 
0.0, 1.9481241462878058, 1.7508100627865488 
0.0, 1.9290789471425818, 2.3935855339378667 
0.0, 1.9575666796364015, 1.4321245622714387 
0.0, 1.934516328964859, 2.210073897436006 
0.0, 1.9379061079206505, 2.095668857678048 
0.0, 1.929408335285794, 2.3824686841044493 
0.0, 1.948013898784331, 1.7545309160288276 
0.0, 1.917529409150912, 2.783382441156714 
0.0, 1.9139792674904017, 2.903199722198945 
0.0, 1.9029607487621658, 3.275074729276904 
0.0, 1.939811472311338, 2.0313628094923417 
0.0, 1.947547194811903, 1.7702821750982807 
0.0, 1.8969581111381415, 3.4776637490877182 
0.0, 1.949708839154872, 1.697326678523074 
0.0, 1.8699017616872033, 4.390815543056885 
0.0, 1.9150780774335343, 2.8661148866182193 
0.0, 1.92896807851172, 2.397327350229448 
0.0, 1.9453822634452955, 1.8433486087212798 
0.0, 1.926303120622391, 2.4872696789942963 
0.0, 1.9335840659723957, 2.2415377734316455 
0.0, 1.9341166284448648, 2.223563789985809 
0.0, 1.9231482430594773, 2.5937467967426486 
0.0, 1.9261857593577576, 2.4912306216756877 
0.0, 1.945970554648851, 1.8234937806012737 
0.0, 1.873985773799579, 4.252980134264206 
0.0, 1.9216400706844434, 2.6446476144000353 
0.0, 1.9278857505500002, 2.4338559189374913 
0.0, 1.9262698680216448, 2.4883919542694857 
0.0, 1.9310618469257101, 2.326662666257286 
0.0, 1.9164370500502799, 2.8202495608030587 
0.0, 1.9148798465050842, 2.872805180453414 
0.0, 1.9327786872373294, 2.268719305740134 
0.0, 1.9441500771914046, 1.8849348947900881 
0.0, 1.9358330219930333, 2.165635507735123 
0.0, 1.9439124843086746, 1.8929536545822327 
0.0, 1.8975498076764625, 3.457693990919395 
0.0, 1.9299463820970126, 2.364309604225817 
0.0, 1.9177210292816005, 2.7769152617459887 
0.0, 1.9465365831625432, 1.804390318264164 
0.0, 1.9131522818689373, 2.931110486923375 
0.0, 1.9282124134062846, 2.4228310475378927 
0.0, 1.920861408218814, 2.670927472615035 
0.0, 1.9279146466263921, 2.432880676359267 
0.0, 1.9294678433225851, 2.3804602878627485 
0.0, 1.9080709256060289, 3.10260626079653 
0.0, 1.9295573711196456, 2.3774387247119613 
0.0, 1.8928592133994142, 3.616001547769766 
0.0, 1.8951417135383035, 3.53896716808226 
0.0, 1.9327854712666472, 2.2684903447506604 
0.0, 1.9357613809693655, 2.1680533922839094 
0.0, 1.9190421639979922, 2.7323269650677604 
0.0, 1.9382805674453059, 2.0830308487209317 
0.0, 1.9278861633435724, 2.4338419871544357 
0.0, 1.9172379423677923, 2.7932194450870065 
0.0, 1.9603183489154388, 1.3392557241039447 
0.0, 1.9277971103927227, 2.4368475242456062 
0.0, 1.937456512471472, 2.110842704087822 
0.0, 1.948051945263618, 1.7532468473528964 
0.0, 1.9509855609906892, 1.6542373165642386 
0.0, 1.9181614984491693, 2.7620494273405343 
0.0, 1.9334495221230408, 2.2460786283473766 
0.0, 1.947957216467525, 1.7564439442210307 
0.0, 1.9033480743139806, 3.262002491903163 
0.0, 1.9342165038644428, 2.220192994575064 
0.0, 1.8867284637427308, 3.8229143486828363 
0.0, 1.9459246024186678, 1.825044668369954 
0.0, 1.9408666191017407, 1.995751605316254 
0.0, 1.9222906768378585, 2.622689656722276 
0.0, 1.929423516705815, 2.3819563111787394 
0.0, 1.9447842493659644, 1.863531583898698 
0.0, 1.921054212455243, 2.6644203296355498 
0.0, 1.8905605980365972, 3.693579816264847 
0.0, 1.9489504377397762, 1.7229227262825593 
0.0, 1.9389528143518324, 2.0603425156256554 
0.0, 1.933180326713978, 2.255163973403243 
0.0, 1.9385463423383087, 2.0740609460820822 
0.0, 1.9354946029905247, 2.1770571490697948 
0.0, 1.9218223036728106, 2.6384972510426437 
0.0, 1.9455050809491954, 1.8392035179646515 
0.0, 1.9535282167939698, 1.5684226832035235 
0.0, 1.9122738040595897, 2.9607591129888458 
0.0, 1.9245669899593005, 2.545864088873603 
0.0, 1.9278217341716448, 2.4360164717069837 
0.0, 1.9639633195573551, 1.2162379649392583 
0.0, 1.9472755631207745, 1.779449744673849 
0.0, 1.9304825115521786, 2.346215235113962 
0.0, 1.9499184252602195, 1.6902531474675901 
0.0, 1.901796493276654, 3.3143683519129192 
0.0, 1.9347159258611228, 2.2033375021871078 
0.0, 1.963783627227197, 1.2223025810821164 
0.0, 1.9360088697461815, 2.1597006460663786 
0.0, 1.927723661063904, 2.439326439093236 
0.0, 1.935130980832405, 2.18932939690633 
0.0, 1.9612959714906069, 1.3062609621920231 
0.0, 1.9407389429492252, 2.0000606754636516 
0.0, 1.912870871156901, 2.940608098454583 
0.0, 1.9520700611404915, 1.617635436508415 
0.0, 1.9336979983125544, 2.2376925569512864 
0.0, 1.946706215805081, 1.7986652165785142 
0.0, 1.922690424543154, 2.6091981716685493 
0.0, 1.941219697166278, 1.983835220638118 
0.0, 1.9482016010822993, 1.7481959634723951 
0.0, 1.9477626944842719, 1.7630090611558267 
0.0, 1.9325250005427077, 2.2772812316836095 
0.0, 1.9469921331075069, 1.7890155076216476 
0.0, 1.9321830713197565, 2.2888213429582183 
0.0, 1.9348492856512511, 2.198836609270277 
0.0, 1.9402120607797906, 2.0178429486820697 
0.0, 1.9586274092377984, 1.3963249382243001 
0.0, 1.9160863063258582, 2.832087161502292 
0.0, 1.9316762368974596, 2.3059270047107345 
0.0, 1.9211631725123506, 2.660742927708169 
0.0, 1.936374760890581, 2.14735181994289 
0.0, 1.9603460485659607, 1.3383208608988248 
0.0, 1.9041070092733399, 3.236388437024785 
0.0, 1.9543334128470295, 1.5412473164127523 
0.0, 1.9356416446325275, 2.17209449365219 
0.0, 1.9144544999173572, 2.887160627789191 
0.0, 1.92478904381241, 2.538369771331157 
0.0, 1.9591503992834456, 1.3786740241837065 
0.0, 1.950675543847109, 1.6647003951600787 
0.0, 1.9474278486950987, 1.774310106540422 
0.0, 1.9327331936103707, 2.2702547156499944 
0.0, 1.9254841669953748, 2.5149093639060935 
0.0, 1.9275786611590184, 2.444220185883131 
0.0, 1.943116886967374, 1.9198050648511302 
0.0, 1.9358047439907207, 2.166589890313172 
0.0, 1.929300584394921, 2.3861052766714117 
0.0, 1.9421803624267335, 1.9514127680977482 
0.0, 1.941210015597204, 1.9841619735943647 
0.0, 1.9545759516174386, 1.5330616329114517 
0.0, 1.9521940908167348, 1.6134494349352044 
0.0, 1.9330896492070349, 2.2582243392625783 
0.0, 1.9446317195193144, 1.8686794662231339 
0.0, 1.9510859807794847, 1.6508481486923932 
0.0, 1.9225377192422985, 2.6143519755724207 
0.0, 1.9406217230798222, 2.004016846055994 
0.0, 1.941385260442904, 1.9782474600519864 
0.0, 1.9311276290411339, 2.324442519861731 
0.0, 1.9324392697140125, 2.2801746471520823 
0.0, 1.9503717773644371, 1.6749525139502464 
0.0, 1.9560114799541215, 1.484612551548402 
0.0, 1.9327448813049117, 2.269860255959218 
0.0, 1.9045607940544194, 3.221073200663337 
0.0, 1.950623502943459, 1.6664567756582567 
0.0, 1.9557526780827221, 1.4933471147081296 
0.0, 1.934076933664056, 2.2249034888381067 
0.0, 1.947575160007304, 1.7693383497534942 
0.0, 1.9547831573286534, 1.5260684401579432 
0.0, 1.900423308957516, 3.360713322683839 
0.0, 1.9489135402590156, 1.724168016258227 
0.0, 1.919651118195245, 2.711774760910481 
0.0, 1.9580140956739531, 1.4170242710040792 
0.0, 1.909003427347648, 3.0711343270168867 
0.0, 1.931070248524709, 2.3263791122910757 
0.0, 1.9505209029330468, 1.6699195260096753 
0.0, 1.933016367989932, 2.2606975803398 
0.0, 1.9572969405271639, 1.4412282572082238 
0.0, 1.960528420451015, 1.332165809778242 
0.0, 1.9602724321845026, 1.3408054137730328 
0.0, 1.8874333671565044, 3.7991238584679827 
0.0, 1.940845981714716, 1.9964481171283293 
0.0, 1.948686687255514, 1.7318243051264046 
0.0, 1.9352360199549277, 2.1857843265211865 
0.0, 1.9478483373771662, 1.7601186135206446 
0.0, 1.9414294047641074, 1.9767575892113785 
0.0, 1.9332624261539704, 2.2523931173034923 
0.0, 1.9454938233175003, 1.8395834630343664 
0.0, 1.938596316298979, 2.072374324909468 
0.0, 1.9220314872307094, 2.6314373059635647 
0.0, 1.9536987735233728, 1.5626663935861562 
0.0, 1.9148689130635639, 2.8731741841047267 
0.0, 1.8858844488919164, 3.851399849897824 
0.0, 1.9599026966993944, 1.3532839863954382 
0.0, 1.8939568381849434, 3.5789567112581686 
0.0, 1.960044585593638, 1.348495236214721 
0.0, 1.9649020196645692, 1.1845568363207952 
0.0, 1.9439830000298461, 1.8905737489926913 
0.0, 1.940311825435131, 2.0144758915643264 
0.0, 1.9609022514650143, 1.3195490130557745 
0.0, 1.968085151171566, 1.077126147959649 
0.0, 1.9531279771137369, 1.5819307724113774 
0.0, 1.9512313052768344, 1.6459434469068313 
0.0, 1.9399924757379794, 2.0252539438431936 
0.0, 1.9173972414177352, 2.787843102151442 
0.0, 1.9780738182153816, 0.740008635230877 
0.0, 1.9151192515634954, 2.864725259732041 
0.0, 1.955932956670148, 1.487262712382509 
0.0, 1.9188353675724483, 2.739306344429868 
0.0, 1.95412005933204, 1.548447997543657 
0.0, 1.9119017883500038, 2.9733146431873636 
0.0, 1.9493293434337369, 1.7101346591113815 
0.0, 1.9485203141924905, 1.7374393960034473 
0.0, 1.9731149806753034, 0.9073694022085129 
0.0, 1.9491807645457735, 1.7151491965801355 
0.0, 1.945646913875425, 1.8344166567044016 
0.0, 1.9708703744133615, 0.9831248635490466 
0.0, 1.9524897831879897, 1.6034698174053552 
0.0, 1.9323129509579533, 2.2844379051690695 
0.0, 1.971558595290816, 0.959897408934969 
0.0, 1.9339744212487777, 2.2283632828537527 
0.0, 1.9521655953659032, 1.6144111564007686 
0.0, 1.9426733117565855, 1.9347757282152334 
0.0, 1.9696528057946878, 1.024217804429284 
0.0, 1.9612123551161706, 1.3090830148292372 
0.0, 1.946362918538019, 1.8102514993418675 
0.0, 1.9474979519126094, 1.7719441229494297 
0.0, 1.9476158909699912, 1.767963679762798 
0.0, 1.9599162701351969, 1.3528258829371107 
0.0, 1.962843301664297, 1.2540385688299773 
0.0, 1.960220332276229, 1.3425637856772672 
0.0, 1.9565405764229005, 1.4667555457271138 
0.0, 1.9601850614019019, 1.3437541776858115 
0.0, 1.9344575596667863, 2.2120573612459675 
0.0, 1.9430228880665832, 1.9229775277528147 
0.0, 1.9461830435200735, 1.8163222811975128 
0.0, 1.9461226552994226, 1.818360383644488 
0.0, 1.9623039041320103, 1.2722432355446545 
0.0, 1.9562298708620047, 1.4772418584073392 
0.0, 1.9553045340504969, 1.508471975795727 
0.0, 1.9476751528623717, 1.7659635908949556 
0.0, 1.9646356116331671, 1.1935481073806022 
0.0, 1.968170018511089, 1.0742618752507531 
0.0, 1.938518160563357, 2.075012080986704 
0.0, 1.9142982818452026, 2.8924329877244177 
0.0, 1.952136263357317, 1.6154011116905456 
0.0, 1.9556861319504102, 1.495593046673662 
0.0, 1.9562133732698368, 1.477798652143006 
0.0, 1.9578282919463934, 1.423295146809219 
0.0, 1.9509470529240993, 1.6555369638116448 
0.0, 1.9660438861705738, 1.1460188417431445 
0.0, 1.9346490981198023, 2.2055929384566704 
0.0, 1.941685579424612, 1.9681116944193466 
0.0, 1.9438671911579002, 1.8944822984208582 
0.0, 1.935910851987251, 2.1630087454302873 
0.0, 1.9728204348471812, 0.9173103239076335 
0.0, 1.935818902743635, 2.166112032402309 
0.0, 1.961797609836572, 1.289330668015705 
0.0, 1.9398673634747121, 2.0294764827284704 
0.0, 1.9199383882711967, 2.702079395847111 
0.0, 1.9479136915204758, 1.7579129111839522 
0.0, 1.9688206708556573, 1.0523023586215596 
0.0, 1.9551933552714766, 1.5122242595876711 
0.0, 1.9507424088064962, 1.6624437027807568 
0.0, 1.965182773288823, 1.175081401502217 
0.0, 1.9416501260090262, 1.9693082471953567 
0.0, 1.9462816122565862, 1.812995586340211 
0.0, 1.9562653542199802, 1.4760442950756794 
0.0, 1.9566635292707655, 1.4626058871116645 
0.0, 1.942747815974033, 1.9322612108763877 
0.0, 1.9626752342426825, 1.259710844309468 
0.0, 1.9503602987997524, 1.6753399155083615 
0.0, 1.9233536259730313, 2.586815123410196 
0.0, 1.924387888884719, 2.551908750140724 
0.0, 1.9420452766019687, 1.9559719146835566 
0.0, 1.961293274828831, 1.306351974526956 
0.0, 1.9457520135073247, 1.830869544127787 
0.0, 1.9649828499734208, 1.1818288133970494 
0.0, 1.9606781542639329, 1.327112293592265 
0.0, 1.9692615691079414, 1.0374220426069742 
0.0, 1.9456148997854872, 1.835497132239805 
0.0, 1.9563327685717407, 1.4737690607037497 
0.0, 1.9271841556611038, 2.4575347464377435 
0.0, 1.9332904314516708, 2.2514479385061086 
0.0, 1.9479658489427791, 1.7561525981812007 
0.0, 1.9424297083822968, 1.942997342097489 
0.0, 1.9344500510168379, 2.2123107781817284 
0.0, 1.9643646646592225, 1.202692567751242 
0.0, 1.9615335766729378, 1.298241787288345 
0.0, 1.9550201960343299, 1.5180683838413738 
0.0, 1.9469497720426834, 1.7904451935594419 
0.0, 1.9386493861557916, 2.0705832172420338 
0.0, 1.9668418261579936, 1.119088367167718 
0.0, 1.938953411565291, 2.060322359671435 
0.0, 1.9637278021878188, 1.2241866761611202 
0.0, 1.9530106205501476, 1.5858915564325167 
0.0, 1.9556369720308087, 1.497252193960205 
0.0, 1.965153431297317, 1.1760716937155586 
0.0, 1.9623934329331312, 1.2692216385068216 
0.0, 1.9740139067378828, 0.8770306475964552 
0.0, 1.9502291279418091, 1.6797669319639372 
0.0, 1.9637315730075708, 1.2240594109944865 
0.0, 1.9707906350179687, 0.9858160681435646 
0.0, 1.95155496372354, 1.6350199743305205 
0.0, 1.962181883494482, 1.2763614320612329 
0.0, 1.9640972175834301, 1.2117189065592329 
0.0, 1.9530525992394834, 1.584474775667435 
0.0, 1.9575503778026586, 1.4326747491602754 
0.0, 1.96099554563733, 1.3164003347401172 
0.0, 1.9639821012557226, 1.2156040826193677 
0.0, 1.9320141661673271, 2.2945218918527144 
0.0, 1.947830512138891, 1.7607202153124348 
0.0, 1.9624192494473633, 1.2683503311514954 
0.0, 1.947206551658754, 1.7817788815170454 
0.0, 1.9682186115986735, 1.0726218585447724 
0.0, 1.9637020893762727, 1.2250544835507946 
0.0, 1.9686181248400296, 1.0591382866489953 
0.0, 1.9431722729652847, 1.9179357874216492 
0.0, 1.9386264439573866, 2.0713575164382054 
0.0, 1.967015535823527, 1.1132256659559643 
0.0, 1.9623413050766425, 1.2709809536633139 
0.0, 1.935011538019203, 2.193360591851897 
0.0, 1.9495397794045914, 1.703032445095046 
0.0, 1.9586461680861638, 1.3956918270919658 
0.0, 1.9601229438572627, 1.3458506448173797 
0.0, 1.9600182966975286, 1.349382486458401 
0.0, 1.9605734095924974, 1.3306474262532177 
0.0, 1.9547060032925387, 1.5286723888768132 
0.0, 1.9534197321564863, 1.5720840397185807 
0.0, 1.9419618126112883, 1.9587888243690217 
0.0, 1.9635650447843511, 1.2296797385281393 
0.0, 1.9650438950157452, 1.1797685432185958 
0.0, 1.9710179357126627, 0.9781446696976274 
0.0, 1.9397426066763526, 2.033687024673091 
0.0, 1.963743666801298, 1.2236512454561976 
0.0, 1.9666545418900927, 1.1254092112093756 
0.0, 1.961258572951064, 1.3075231629015862 
0.0, 1.956777929273891, 1.4587448870061814 
0.0, 1.968649786201387, 1.0580697157031935 
0.0, 1.9604960223407275, 1.33325924600044 
0.0, 1.9375079365050574, 2.1091071429543033 
0.0, 1.9460406442699345, 1.8211282558897177 
0.0, 1.9654127845592155, 1.1673185211264725 
0.0, 1.9595853617728967, 1.3639940401647388 
0.0, 1.950367716338624, 1.675089573571444 
0.0, 1.9412307726228497, 1.9834614239788184 
0.0, 1.9490761720921845, 1.7186791918887738 
0.0, 1.933577441653581, 2.2417613441916426 
0.0, 1.9603870075686198, 1.3369384945590677 
0.0, 1.9557168108828318, 1.4945576327044212 
0.0, 1.9374409007018982, 2.111369601310937 
0.0, 1.9614085463209963, 1.3024615616663846 
0.0, 1.9418793505700815, 1.9615719182597513 
0.0, 1.9413350506506584, 1.9799420405402781 
0.0, 1.9599433042702428, 1.351913480879309 
0.0, 1.9749507912529292, 0.8454107952136465 
0.0, 1.9415365674325475, 1.9731408491515205 
0.0, 1.948195254056332, 1.7484101755987913 
0.0, 1.9564026918533044, 1.471409149950981 
0.0, 1.9574833538815992, 1.434936806496025 
0.0, 1.963959491862222, 1.216367149650008 
0.0, 1.97178816625187, 0.9521493889993877 
0.0, 1.962627004061186, 1.2613386129349755 
0.0, 1.9714016097477471, 0.965195671013536 
0.0, 1.9461048646189507, 1.8189608191104218 
0.0, 1.9452109460999532, 1.8491305691265765 
0.0, 1.9642004462806362, 1.2082349380285269 
0.0, 1.9627852828229633, 1.2559967047249931 
0.0, 1.9331741711891692, 2.2553717223655387 
0.0, 1.9686727331024536, 1.057295257792196 
0.0, 1.9651484608720786, 1.1762394455673522 
0.0, 1.9549713241142743, 1.5197178111432461 
0.0, 1.9727770299425273, 0.9187752394396964 
0.0, 1.9131321053119157, 2.9317914457228444 
0.0, 1.971554424820128, 0.9600381623206777 
0.0, 1.955418683411975, 1.5046194348458557 
0.0, 1.9560822501727977, 1.482224056668072 
0.0, 1.9590101484513618, 1.3834074897665358 
0.0, 1.9679762427006735, 1.0808018088522633 
0.0, 1.9295927249486076, 2.376245532984487 
0.0, 1.949900802693118, 1.6908479091072628 
0.0, 1.9578109937897832, 1.4238789595948227 
0.0, 1.9486009216726625, 1.7347188935476356 
0.0, 1.9558531793945935, 1.489955195432465 
0.0, 1.9489286524393623, 1.7236579801715233 
0.0, 1.9707022485802748, 0.9887991104157241 
0.0, 1.9758114417451218, 0.8163638411021455 
0.0, 1.9742700788545062, 0.8683848386604149 
0.0, 1.9399048088706583, 2.0282127006152773 
0.0, 1.9695323056231537, 1.0282846852185692 
0.0, 1.9434547754062819, 1.9084013300379894 
0.0, 1.9348940232355516, 2.197326715800133 
0.0, 1.9654131408692188, 1.1673064956638581 
0.0, 1.9721460295359055, 0.9400715031631901 
0.0, 1.9738270224943788, 0.8833379908147102 
0.0, 1.930049136425557, 2.360841645637457 
0.0, 1.9742095744809767, 0.870426861267036 
0.0, 1.9431771070561303, 1.9177726368555956 
0.0, 1.9691942558361846, 1.039693865528766 
0.0, 1.9534003712613461, 1.5727374699295746 
0.0, 1.9567839463261725, 1.4585418114916702 
0.0, 1.9236860338394777, 2.575596357917634 
0.0, 1.9579749680936662, 1.4183448268387715 
0.0, 1.9526199071407777, 1.5990781339987428 
0.0, 1.9803451133223793, 0.6633524253696939 
0.0, 1.9419635935262662, 1.958728718488513 
0.0, 1.9524249447595816, 1.6056581143641164 
0.0, 1.956219373157725, 1.4775961559267707 
0.0, 1.9490369673071526, 1.7200023533836037 
0.0, 1.9578053317917998, 1.4240700520267477 
0.0, 1.9451050299391044, 1.8527052395552261 
0.0, 1.9558250849020196, 1.490903384556843 
0.0, 1.9827209154851286, 0.5831691023769046 
0.0, 1.94172057045407, 1.9669307471751227 
0.0, 1.9696001918791155, 1.0259935240798395 
0.0, 1.9819586753116596, 0.6088947082314888 
0.0, 1.9718391097749322, 0.950430045096047 
0.0, 1.9644860271255065, 1.1985965845141562 
0.0, 1.9790532958387752, 0.7069512654413415 
0.0, 1.9710746585542323, 0.976230273794657 
0.0, 1.978288306239112, 0.7327696644299703 
0.0, 1.9821414280191267, 0.6027268043544699 
0.0, 1.9405696609316767, 2.005773943555909 
0.0, 1.9730098407841574, 0.9109178735346843 
0.0, 1.9334969933695023, 2.244476473779299 
0.0, 1.959111462961959, 1.379988125033893 
0.0, 1.9680574111045217, 1.0780623752223966 
0.0, 1.9510325638788866, 1.6526509690875826 
0.0, 1.9564428591866223, 1.4700535024514965 
0.0, 1.9748564378242688, 0.8485952234309283 
0.0, 1.9638794885914848, 1.2190672600373909 
0.0, 1.9574984339858874, 1.4344278529763013 
0.0, 1.981809718781566, 0.6139219911221461 
0.0, 1.9714870865806982, 0.9623108279014306 
0.0, 1.9613134606864582, 1.3056707018320435 
0.0, 1.9655254586021331, 1.1635157721780074 
0.0, 1.9649352379798406, 1.183435718180384 
0.0, 1.9570498955834208, 1.4495660240595474 
0.0, 1.9749255061608468, 0.8462641670714195 
0.0, 1.9743857647882228, 0.8644804383974735 
0.0, 1.9765219100913232, 0.7923855344178372 
0.0, 1.9615142852844405, 1.2988928716501311 
0.0, 1.9289583429754316, 2.397655924579191 
0.0, 1.9344228185298518, 2.2132298746175123 
0.0, 1.971383716880972, 0.9657995552671879 
0.0, 1.9299773599808174, 2.3632641006474073 
0.0, 1.9824291860294407, 0.5930149715063806 
0.0, 1.968627005601901, 1.0588385609358384 
0.0, 1.9843327092837548, 0.5287710616732718 
0.0, 1.942901862216259, 1.9270621502012582 
0.0, 1.9756201345884854, 0.8228204576386169 
0.0, 1.9594756728395986, 1.3676960416635433 
0.0, 1.969021079050623, 1.045538582041468 
0.0, 1.9748188438230605, 0.8498640209717064 
0.0, 1.943941866787627, 1.8919619959175893 
0.0, 1.9639490289102972, 1.2167202742774652 
0.0, 1.9568872888227768, 1.4550540022312795 
0.0, 1.965124627102486, 1.1770438352910937 
0.0, 1.9624879866430567, 1.2660304507968392 
0.0, 1.9368332620693454, 2.1318774051595932 
0.0, 1.9696985514632335, 1.0226738881158817 
0.0, 1.9463470792481994, 1.810786075373268 
0.0, 1.9614604974156675, 1.300708212221215 
0.0, 1.9431513774456357, 1.9186410112098005 
0.0, 1.9762128537324946, 0.8028161865283138 
0.0, 1.971312347604573, 0.9682082683456583 
0.0, 1.971467980181818, 0.9629556688636411 
0.0, 1.9575961677854643, 1.431129337240579 
0.0, 1.9659355536972127, 1.1496750627190702 
0.0, 1.9325096303441454, 2.277799975885101 
0.0, 1.9518288236684076, 1.6257772011912384 
0.0, 1.9758195279981412, 0.8160909300627368 
0.0, 1.931112889652587, 2.324939974225191 
0.0, 1.949803002095484, 1.6941486792774232 
0.0, 1.9549787093217788, 1.5194685603899583 
0.0, 1.9644162136442542, 1.2009527895064231 
0.0, 1.9760895685704858, 0.8069770607461009 
0.0, 1.948404061766961, 1.7413629153650663 
0.0, 1.9644127342505937, 1.2010702190424658 
0.0, 1.9734688042871273, 0.8954278553094469 
0.0, 1.9725507502633477, 0.9264121786120135 
0.0, 1.975026104877042, 0.8428689603998277 
0.0, 1.9726242789086212, 0.9239305868340413 
0.0, 1.9712311611878213, 0.9709483099110346 
0.0, 1.9408936965098103, 1.9948377427939048 
0.0, 1.9815282121087052, 0.6234228413311985 
0.0, 1.9538269601565124, 1.5583400947177126 
0.0, 1.9908210566528532, 0.30978933796620023 
0.0, 1.9544560516367646, 1.5371082572591852 
0.0, 1.9673983382275235, 1.1003060848210813 
0.0, 1.9416322984047911, 1.9699099288383042 
0.0, 1.9642674023543534, 1.2059751705405677 
0.0, 1.9696764660561048, 1.0234192706064649 
0.0, 1.965010228116194, 1.180904801078453 
0.0, 1.97085647243565, 0.9835940552968061 
0.0, 1.9566467243128312, 1.4631730544419546 
0.0, 1.9543168203367993, 1.5418073136330246 
0.0, 1.9816976951245455, 0.617702789546597 
0.0, 1.9527701045011756, 1.5940089730853262 
0.0, 1.9777299124176004, 0.751615455905976 
0.0, 1.969048693615537, 1.0446065904756314 
0.0, 1.9509871444844709, 1.6541838736491097 
0.0, 1.9683550919871853, 1.068015645432496 
0.0, 1.931139164550136, 2.3240531964329207 
0.0, 1.9668214222945128, 1.119776997560195 
0.0, 1.9771587640146135, 0.7708917145067977 
0.0, 1.92309690461387, 2.5954794692818886 
0.0, 1.9739080639214786, 0.8806028426500916 
0.0, 1.9703950523081717, 0.999166984599208 
0.0, 1.9740498796444241, 0.8758165620006843 
0.0, 1.988978351013256, 0.3719806533026093 
0.0, 1.9780688330880076, 0.7401768832797422 
0.0, 1.9522732278536272, 1.6107785599400877 
0.0, 1.968358075719669, 1.0679149444611726 
0.0, 1.9743228480924464, 0.8666038768799306 
0.0, 1.97709967114765, 0.7728860987668076 
0.0, 1.95662052397313, 1.4640573159068613 
0.0, 1.9775566956680117, 0.7574615212046084 
0.0, 1.98225255746786, 0.598976185459731 
0.0, 1.9607122996225907, 1.3259598877375613 
0.0, 1.9691048640069293, 1.0427108397661347 
0.0, 1.96282846549038, 1.2545392896996752 
0.0, 1.9655880333226232, 1.1614038753614593 
0.0, 1.968832025129416, 1.0519191518822055 
0.0, 1.95907338408026, 1.381273287291218 
0.0, 1.9807966771396475, 0.6481121465368984 
0.0, 1.9721412905107527, 0.9402314452621043 
0.0, 1.9652623981132356, 1.1723940636782917 
0.0, 1.971221930953907, 0.9712598303056426 
0.0, 1.9820613941284797, 0.6054279481638142 
0.0, 1.9764399798224648, 0.7951506809918175 
0.0, 1.9746298381071845, 0.8562429638825102 
0.0, 1.9601360974142765, 1.3454067122681728 
0.0, 1.967196574881496, 1.1071155977495097 
0.0, 1.9769313624059146, 0.7785665188003793 
0.0, 1.9353235078355278, 2.18283161055094 
0.0, 1.948232238099628, 1.7471619641375549 
0.0, 1.975025409927126, 0.8428924149594915 
0.0, 1.9760303383436042, 0.808976080903365 
0.0, 1.9648377374722275, 1.1867263603123221 
0.0, 1.9620641930657885, 1.2803334840296376 
0.0, 1.945543352512887, 1.83791185269007 
0.0, 1.9644813022884346, 1.1987560477653265 
0.0, 1.9721709813027795, 0.9392293810311906 
0.0, 1.9751322796891655, 0.8392855604906683 
0.0, 1.971786081848075, 0.9522197376274619 
0.0, 1.9431376353163288, 1.9191048080739053 
0.0, 1.9848027205909393, 0.5129081800557994 
0.0, 1.937309783001847, 2.1157948236876627 
0.0, 1.9818001341503197, 0.6142454724267082 
0.0, 1.965861479616163, 1.1521750629544918 
0.0, 1.9707279467556211, 0.9879317969977828 
0.0, 1.9371478753797702, 2.1212592059327537 
0.0, 1.9668315476323877, 1.1194352674069097 
0.0, 1.9613259537266612, 1.3052490617251795 
0.0, 1.980439206907735, 0.6601767668639464 
0.0, 1.9564533484286144, 1.469699490534265 
0.0, 1.9732104848469263, 0.9041461364162382 
0.0, 1.9624065179775376, 1.2687800182581097 
0.0, 1.9588521618515065, 1.3887395375116485 
0.0, 1.973025753009008, 0.9103808359459831 
0.0, 1.9641938892579238, 1.2084562375450716 
0.0, 1.9719742512547516, 0.9458690201521305 
0.0, 1.9576830471609747, 1.4281971583171005 
0.0, 1.965139189016453, 1.1765523706947218 
0.0, 1.964935522935936, 1.1834261009121565 
0.0, 1.9578511424030656, 1.4225239438965418 
0.0, 1.9577854585914676, 1.424740772537962 
0.0, 1.9696989415336783, 1.0226607232383587 
0.0, 1.9624909559522297, 1.2659302366122476 
0.0, 1.9869194155280423, 0.4414697259285755 
0.0, 1.9647179855491075, 1.1907679877176258 
0.0, 1.989193227791713, 0.3647285620296929 
0.0, 1.964065668602398, 1.2127836846690674 
0.0, 1.9560206936841253, 1.4843015881607633 
0.0, 1.953847716499449, 1.557639568143598 
0.0, 1.9759496474894145, 0.8116993972322574 
0.0, 1.9701232850568489, 1.0083391293313475 
0.0, 1.9682828417769251, 1.070454090028786 
0.0, 1.966923094107479, 1.1163455738725874 
0.0, 1.9649155969071248, 1.1840986043845392 
0.0, 1.9463955079435373, 1.8091516069056204 
0.0, 1.967936349139741, 1.0821482165337457 
0.0, 1.953116838167916, 1.5823067118328407 
0.0, 1.9721459057469954, 0.9400756810389067 
0.0, 1.9254345400641826, 2.51658427283384 
0.0, 1.963661340067977, 1.2264297727057696 
0.0, 1.975835623963612, 0.8155476912280962 
0.0, 1.9773962284994762, 0.7628772881426787 
0.0, 1.9572075523068475, 1.444245109643894 
0.0, 1.9719673120652363, 0.9461032177982666 
0.0, 1.965321253967744, 1.170407678588631 
0.0, 1.9785654656341585, 0.7234155348471593 
0.0, 1.9624751716412505, 1.2664629571077939 
0.0, 1.9820182355493028, 0.6068845502110292 
0.0, 1.991452013000964, 0.2884945612174693 
0.0, 1.9669437274784838, 1.1156491976011653 
0.0, 1.9580206215133797, 1.416804023923435 
0.0, 1.9463810433608206, 1.809639786572304 
0.0, 1.9799760404659692, 0.675808634273546 
0.0, 1.9826209844314246, 0.5865417754394097 
0.0, 1.975729240658953, 0.8191381277603429 
0.0, 1.975050397179205, 0.8420490952018393 
0.0, 1.979308187481129, 0.6983486725118927 
0.0, 1.9571699017417148, 1.4455158162171338 
0.0, 1.978537016866099, 0.7243756807691684 
0.0, 1.9829196426626483, 0.5764620601356205 
0.0, 1.9616070443914555, 1.2957622517883765 
0.0, 1.9852687122863666, 0.49718096033512027 
0.0, 1.9576968088256854, 1.4277327021331199 
0.0, 1.936404540539637, 2.1463467567872527 
0.0, 1.9805910741713073, 0.6550512467183731 
0.0, 1.96446550699303, 1.1992891389852336 
0.0, 1.9689975407779121, 1.046332998745474 
0.0, 1.9796613530766023, 0.6864293336646685 
0.0, 1.968165208716443, 1.0744242058200497 
0.0, 1.9642709177272097, 1.205856526706677 
0.0, 1.9788856754349828, 0.7126084540693355 
0.0, 1.9685267287134274, 1.0622229059218264 
0.0, 1.9694192021995927, 1.032101925763747 
0.0, 1.9694044315405088, 1.032600435507831 
0.0, 1.9728215234252486, 0.9172735843978626 
0.0, 1.9651381516289161, 1.176587382524083 
0.0, 1.973852994140008, 0.8824614477747239 
0.0, 1.9883707631102645, 0.3924867450285779 
0.0, 1.973927684152847, 0.8799406598414208 
0.0, 1.9745652701879046, 0.8584221311582168 
0.0, 1.9475368584309283, 1.7706310279561701 
0.0, 1.9840677510896223, 0.5377134007252458 
0.0, 1.9777489959018122, 0.7509713883138479 
0.0, 1.9703185415200914, 1.0017492236969063 
0.0, 1.9821492369088458, 0.602463254326458 
0.0, 1.9783713268875796, 0.7299677175441783 
0.0, 1.9695093800210572, 1.0290584242893126 
0.0, 1.9588756547536406, 1.3879466520646278 
0.0, 1.968191381825211, 1.0735408633991292 
0.0, 1.982860399732893, 0.5784615090148553 
0.0, 1.952050226058583, 1.618304870522831 
0.0, 1.98021862781868, 0.6676213111195484 
0.0, 1.982800663606252, 0.5804776032889933 
0.0, 1.9710465986514807, 0.9771772955125297 
0.0, 1.9643609959976758, 1.2028163850784406 
0.0, 1.962189487409564, 1.2761047999272053 
0.0, 1.9826663212647158, 0.5850116573158473 
0.0, 1.9455086851270573, 1.8390818769618114 
0.0, 1.9834677906951932, 0.5579620640372315 
0.0, 1.9283759335281903, 2.417312243423574 
0.0, 1.9534818052613894, 1.5699890724281065 
0.0, 1.967836427278171, 1.0855205793617275 
0.0, 1.9537377449429738, 1.5613511081746303 
0.0, 1.960298379252663, 1.3399297002226296 
0.0, 1.962725221460188, 1.2580237757186523 
0.0, 1.9827791544115934, 0.5812035386087226 
0.0, 1.965781253380793, 1.1548826983982448 
0.0, 1.974394570381493, 0.8641832496246166 
0.0, 1.9519618265373155, 1.6212883543655938 
0.0, 1.9557240514386707, 1.4943132639448589 
0.0, 1.9675776670790148, 1.0942537360832414 
0.0, 1.9678540865911551, 1.0849245775485168 
0.0, 1.9563820447218683, 1.4721059906369525 
0.0, 1.9674314612377741, 1.0991881832251178 
0.0, 1.9816549254605984, 0.6191462657048085 
0.0, 1.9761158941844112, 0.8060885712761279 
0.0, 1.9776767046277477, 0.7534112188135208 
0.0, 1.9428587990389894, 1.9285155324341134 
0.0, 1.9856403779045144, 0.4846372457226471 
0.0, 1.9418104411230444, 1.9638976120972547 
0.0, 1.9634604636377577, 1.2332093522256762 
0.0, 1.9660938133062862, 1.1443338009128443 
0.0, 1.9797536364585955, 0.6833147695224079 
0.0, 1.9668778963661415, 1.1178709976427244 
0.0, 1.9651588761350394, 1.1758879304424146 
0.0, 1.957814670389472, 1.4237548743553194 
0.0, 1.9716363853580061, 0.9572719941672843 
0.0, 1.953491692887713, 1.5696553650396807 
0.0, 1.9809809736966748, 0.6418921377372219 
0.0, 1.9545593290277514, 1.5336226453133865 
0.0, 1.974056403100222, 0.875596395367509 
0.0, 1.9655274282663902, 1.1634492960093352 
0.0, 1.987157698709502, 0.43342766855430376 
0.0, 1.9778914874027218, 0.746162300158139 
0.0, 1.97561030158272, 0.8231523215831992 
0.0, 1.9656534542583213, 1.1591959187816578 
0.0, 1.9779435929664317, 0.744403737382936 
0.0, 1.9771945421618569, 0.7696842020373372 
0.0, 1.981832428706112, 0.6131555311687125 
0.0, 1.9633260166816622, 1.2377469369939074 
0.0, 1.9818575970318353, 0.6123061001755582 
0.0, 1.9522730477816568, 1.6107846373690844 
0.0, 1.970852018391851, 0.9837443792750271 
0.0, 1.9707407817501872, 0.9874986159311785 
0.0, 1.964068968720033, 1.2126723056988922 
0.0, 1.9642665687122551, 1.2060033059613933 
0.0, 1.952755117683557, 1.5945147781799556 
0.0, 1.990110100373512, 0.33378411239395817 
0.0, 1.9716154805938182, 0.957977529958624 
0.0, 1.951357825872306, 1.6416733768096734 
0.0, 1.9633251305496584, 1.2377768439490293 
0.0, 1.9779081489710664, 0.745599972226504 
0.0, 1.9666514543225042, 1.1255134166154759 
0.0, 1.9714178262399995, 0.9646483644000182 
0.0, 1.9662606623887364, 1.1387026443801445 
0.0, 1.9726379083181673, 0.9234705942618433 
0.0, 1.9834671137089843, 0.5579849123217909 
0.0, 1.96417687560691, 1.209030448266779 
0.0, 1.9787442432359192, 0.7173817907877306 
0.0, 1.9772748416631014, 0.7669740938703214 
0.0, 1.9734855598524783, 0.8948623549788483 
0.0, 1.9598644641435967, 1.3545743351536137 
0.0, 1.9757364381477807, 0.8188952125123993 
0.0, 1.9797062992874133, 0.6849123990498047 
0.0, 1.9902461364163289, 0.3291928959488977 
0.0, 1.9791672971112992, 0.7031037224936502 
0.0, 1.9550300263733027, 1.517736609901025 
0.0, 1.963919790565496, 1.2177070684145088 
0.0, 1.965874988752378, 1.151719129607232 
0.0, 1.9673654472263002, 1.1014161561123643 
0.0, 1.9713688221036718, 0.9663022540010762 
0.0, 1.9808819625736924, 0.6452337631378774 
0.0, 1.9650299962415438, 1.1802376268478962 
0.0, 1.9915209270570016, 0.2861687118261986 
0.0, 1.972899419809656, 0.9146445814241103 
0.0, 1.9703765979648784, 0.9997898186853545 
0.0, 1.9744895918815084, 0.8609762739990924 
0.0, 1.9713231001494083, 0.9678453699574807 
0.0, 1.9790219723510725, 0.7080084331513042 
0.0, 1.9704596214415726, 0.9969877763469304 
0.0, 1.970016604709655, 1.0119395910491438 
0.0, 1.960140052290523, 1.3452732351948458 
0.0, 1.9766518390820127, 0.7880004309820693 
0.0, 1.991241066986202, 0.2956139892156819 
0.0, 1.9709586178968026, 0.9801466459829079 
0.0, 1.9826522747222732, 0.5854857281232758 
0.0, 1.9450168567497874, 1.85568108469467 
0.0, 1.9754824444878831, 0.8274674985339467 
0.0, 1.9621281680504459, 1.2781743282974505 
0.0, 1.95343083732171, 1.5717092403922894 
0.0, 1.9695511162304387, 1.0276498272227015 
0.0, 1.9605528457888706, 1.3313414546256102 
0.0, 1.9762491376797098, 0.8015916033097901 
0.0, 1.975129268355184, 0.8393871930125415 
0.0, 1.9772282421590708, 0.7685468271313648 
0.0, 1.9569263742279628, 1.4537348698062575 
0.0, 1.922547360982145, 2.6140265668526137 
0.0, 1.9544246787847979, 1.5381670910130694 
0.0, 1.939105305128483, 2.0551959519137 
0.0, 1.9700184870276314, 1.0118760628174401 
0.0, 1.970539605103855, 0.9942883277448962 
0.0, 1.9796536680292982, 0.6866887040111866 
0.0, 1.9791127791660048, 0.7049437031473327 
0.0, 1.9438533651535568, 1.8949489260674526 
0.0, 1.9707267034062625, 0.987973760038645 
0.0, 1.9361448037942914, 2.155112871942666 
0.0, 1.9695645770824903, 1.0271955234659553 
0.0, 1.9624176711538968, 1.2684035985559814 
0.0, 1.9599154111769612, 1.3528548727775598 
0.0, 1.9725076447795482, 0.9278669886902514 
0.0, 1.986246344126807, 0.4641858857202739 
0.0, 1.9599951679520184, 1.3501630816193702 
0.0, 1.971300491252528, 0.9686084202271746 
0.0, 1.959111169016727, 1.3799980456854506 
0.0, 1.9869465063704628, 0.4405554099968825 
0.0, 1.9870705013567167, 0.4363705792108054 
0.0, 1.9830632180355772, 0.5716163912992686 
0.0, 1.986679132473979, 0.44957927900321404 
0.0, 1.9866931019143514, 0.449107810390632 
0.0, 1.9744548442595646, 0.8621490062397027 
0.0, 1.9799116628128954, 0.6779813800647826 
0.0, 1.980415476701961, 0.6609776613088074 
0.0, 1.9686738238456691, 1.0572584452086686 
0.0, 1.9821380300101274, 0.6028414871582058 
0.0, 1.976042756160745, 0.8085569795748495 
0.0, 1.9660488540222572, 1.1458511767488269 
0.0, 1.9707856648121305, 0.9859838125906039 
0.0, 1.9652075034595449, 1.1742467582403606 
0.0, 1.97030056791231, 1.0023558329595346 
0.0, 1.9586610074677873, 1.3951909979621793 
0.0, 1.968037944541005, 1.0787193717410852 
0.0, 1.960655266933327, 1.3278847410002133 
0.0, 1.9754282365077116, 0.8292970178647391 
0.0, 1.9628062341318127, 1.2552895980513166 
0.0, 1.969181263027044, 1.0401323728372645 
0.0, 1.975016893482464, 0.8431798449668453 
0.0, 1.9562129098431014, 1.4778142927953226 
0.0, 1.9633620132932017, 1.2365320513544422 
0.0, 1.9819063665710346, 0.610660128227574 
0.0, 1.9544074728689123, 1.538747790674208 
0.0, 1.9722543478412577, 0.9364157603575461 
0.0, 1.9713388342859053, 0.9673143428507014 
0.0, 1.9745749782356523, 0.8580944845467342 
0.0, 1.979455744793071, 0.6933686132338538 
0.0, 1.9849841759563003, 0.5067840614748633 
0.0, 1.9908898051949004, 0.3074690746721176 
0.0, 1.9772895472717962, 0.7664777795768786 
0.0, 1.9590682823639036, 1.3814454702182555 
0.0, 1.9689585649710781, 1.047648432226116 
0.0, 1.9727137612892465, 0.9209105564879325 
0.0, 1.9712340865949982, 0.9708495774188012 
0.0, 1.9688802784245092, 1.0502906031728199 
0.0, 1.9823574955222762, 0.5954345261231793 
0.0, 1.9909466475654292, 0.3055506446667686 
0.0, 1.9483743067170491, 1.7423671482995937 
0.0, 1.9833236254529762, 0.5628276409620482 
0.0, 1.9766140038312596, 0.7892773706949975 
0.0, 1.9594940253176083, 1.3670766455307266 
0.0, 1.9831324306820293, 0.5692804644815062 
0.0, 1.9776014987387962, 0.7559494175656276 
0.0, 1.969169704277763, 1.0405224806254987 
0.0, 1.9689168686212863, 1.0490556840315894 
0.0, 1.970251975511753, 1.0039958264783415 
0.0, 1.9846270339288736, 0.5188376049005214 
0.0, 1.9827293856620158, 0.5828832339069625 
0.0, 1.9789552711879614, 0.7102595974063037 
0.0, 1.979624011523421, 0.6876896110845436 
0.0, 1.9754371139750475, 0.8289974033421488 
0.0, 1.9570033369609003, 1.4511373775696192 
0.0, 1.9770800607333572, 0.7735479502491968 
0.0, 1.9880955647600378, 0.40177468934871763 
0.0, 1.994408373692799, 0.18871738786802494 
0.0, 1.9720512983057028, 0.9432686821825311 
0.0, 1.9778124255312317, 0.7488306383209278 
0.0, 1.9727886928917786, 0.9183816149024696 
0.0, 1.9678921699778797, 1.0836392632465592 
0.0, 1.978469498002393, 0.7266544424192342 
0.0, 1.953292992655828, 1.5763614978658076 
0.0, 1.9808716162849136, 0.6455829503841674 
0.0, 1.9707065658492073, 0.9886534025892554 
0.0, 1.98313166527131, 0.5693062970932774 
0.0, 1.983828652171675, 0.5457829892059659 
0.0, 1.9817973956277788, 0.6143378975624693 
0.0, 1.9764237847955286, 0.795697263150905 
0.0, 1.976441173173399, 0.7951104053977862 
0.0, 1.9807849620678197, 0.6485075302110832 
0.0, 1.9684786849706597, 1.0638443822402366 
0.0, 1.9715394613028743, 0.9605431810279873 
0.0, 1.985486854356956, 0.48981866545273106 
0.0, 1.9684380468063754, 1.0652159202848388 
0.0, 1.9781681695191562, 0.7368242787284678 
0.0, 1.9645332421512156, 1.1970030773964826 
0.0, 1.9843466196395323, 0.5283015871657846 
0.0, 1.9776987444912597, 0.7526673734199903 
0.0, 1.9583619121016702, 1.4052854665686318 
0.0, 1.976138688945136, 0.8053192481016528 
0.0, 1.9641608878061076, 1.2095700365438744 
0.0, 1.9728048147743122, 0.91783750136697 
0.0, 1.9842801592487236, 0.5305446253555745 
0.0, 1.948881674065643, 1.72524350028455 
0.0, 1.9562650954893175, 1.4760530272355339 
0.0, 1.9812883267235648, 0.6315189730796847 
0.0, 1.9689157864980211, 1.0490922056917908 
0.0, 1.9692608295748002, 1.0374470018504922 
0.0, 1.971682050298463, 0.955730802426864 
0.0, 1.9767218851440156, 0.7856363763894747 
0.0, 1.9406248935625865, 2.0039098422627055 
0.0, 1.9714251771917828, 0.9644002697773303 
0.0, 1.9652755067890113, 1.1719516458708674 
0.0, 1.9665556576687895, 1.1287465536783516 
0.0, 1.960390432156817, 1.3368229147074195 
0.0, 1.967788776223168, 1.0871288024680805 
0.0, 1.9646373295959794, 1.1934901261356972 
0.0, 1.9780279829269534, 0.7415555762153273 
0.0, 1.9651656276153018, 1.1756600679835647 
0.0, 1.9873893562134801, 0.4256092277950435 
0.0, 1.9622353354619848, 1.274557428158016 
0.0, 1.9817347041916589, 0.6164537335315124 
0.0, 1.9461051282003579, 1.8189519232379223 
0.0, 1.9402834672521532, 2.0154329802398245 
0.0, 1.979205683116486, 0.7018081948186102 
0.0, 1.9648443031948284, 1.1865047671745417 
0.0, 1.9603414342835388, 1.3384765929305655 
0.0, 1.9527842823017187, 1.5935304723169854 
0.0, 1.9557925497725137, 1.4920014451776606 
0.0, 1.9836058561130596, 0.5533023561842406 
0.0, 1.9624978688974073, 1.2656969247125003 
0.0, 1.9813077889974071, 0.6308621213375107 
0.0, 1.9728593305992128, 0.9159975922765704 
0.0, 1.968556156896618, 1.0612297047391472 
0.0, 1.9860642201935201, 0.47033256846868704 
0.0, 1.966050369655106, 1.1458000241401713 
0.0, 1.9898913130873284, 0.34116818330265986 
0.0, 1.957021157313138, 1.450535940681593 
0.0, 1.9854935077154858, 0.4895941146023597 
0.0, 1.973816058186213, 0.8837080362153082 
0.0, 1.955550447153147, 1.5001724085812858 
0.0, 1.9820932908793976, 0.6043514328203361 
0.0, 1.97753780398962, 0.7580991153503176 
0.0, 1.9809164060421822, 0.6440712960763559 
0.0, 1.9850891836841327, 0.5032400506605259 
0.0, 1.9420052826621248, 1.9573217101532898 
0.0, 1.97852504259051, 0.7247798125702721 
0.0, 1.9736773169955037, 0.8883905514017502 
0.0, 1.9749687942326646, 0.8448031946475647 
0.0, 1.9827771260564093, 0.5812719955961839 
0.0, 1.9806358934187418, 0.6535385971174581 
0.0, 1.9705824090592636, 0.9928436942498511 
0.0, 1.971574456322691, 0.9593620991091873 
0.0, 1.9721292511383308, 0.9406377740813251 
0.0, 1.9758455811274114, 0.8152116369498694 
0.0, 1.9839582892849434, 0.5414077366331531 
0.0, 1.9658607872411153, 1.1521984306123663 
0.0, 1.9591762376934208, 1.3778019778470534 
0.0, 1.969262924641227, 1.037376293358579 
0.0, 1.9688344594022449, 1.051836995174234 
0.0, 1.9740514284663087, 0.8757642892620859 
0.0, 1.9691661820804027, 1.0406413547863995 
0.0, 1.984110774575834, 0.536261358065595 
0.0, 1.9663781721891112, 1.134736688617494 
0.0, 1.9689336638214945, 1.0484888460245512 
0.0, 1.9703287270596868, 1.0014054617355737 
0.0, 1.9813408857483987, 0.6297451059915448 
0.0, 1.9679931989826969, 1.0802295343339756 
0.0, 1.982848259989676, 0.5788712253484403 
0.0, 1.9694169664863672, 1.0321773810851094 
0.0, 1.9886925554428827, 0.38162625380270404 
0.0, 1.9918001547227644, 0.27674477810670395 
0.0, 1.9471580057766404, 1.7834173050383866 
0.0, 1.9826193660080942, 0.5865963972268148 
0.0, 1.9650615896163521, 1.1791713504481165 
0.0, 1.981597025127751, 0.6211004019384114 
0.0, 1.9785914964750078, 0.7225369939684857 
0.0, 1.9828636793346353, 0.578350822456064 
0.0, 1.9827930365599888, 0.5807350161003801 
0.0, 1.9733419523430267, 0.8997091084228523 
0.0, 1.969212949796106, 1.0390629443814245 
0.0, 1.9569171326349157, 1.4540467735715912 
0.0, 1.9547557676494551, 1.5269928418308896 
0.0, 1.9754332783997242, 0.8291268540093171 
0.0, 1.9811583581097802, 0.6359054137949164 
0.0, 1.9828955625362377, 0.5772747644019843 
0.0, 1.9778496823272644, 0.7475732214548245 
0.0, 1.9709368284976092, 0.980882038205693 
0.0, 1.985007626619989, 0.5059926015753692 
0.0, 1.964997065590424, 1.1813490363231847 
0.0, 1.959937512660213, 1.3521089477178172 
0.0, 1.9710229610158696, 0.9779750657143959 
0.0, 1.9698931871519016, 1.0161049336233214 
0.0, 1.98988078814181, 0.34152340021391 
0.0, 1.9683222670674019, 1.0691234864751933 
0.0, 1.9757348121523268, 0.8189500898589628 
0.0, 1.9730638947767192, 0.9090935512857216 
0.0, 1.9743686889931942, 0.865056746479693 
0.0, 1.9752525901542035, 0.8352250822956357 
0.0, 1.9749783505534004, 0.8444806688227432 
0.0, 1.9727053008402262, 0.9211960966423592 
0.0, 1.9729981965994932, 0.9113108647671093 
0.0, 1.9695689351824175, 1.027048437593408 
0.0, 1.9823834796665887, 0.5945575612526359 
0.0, 1.986449356557654, 0.4573342161791751 
0.0, 1.9872304585933585, 0.4309720224741527 
0.0, 1.9835909750964753, 0.5538045904939544 
0.0, 1.9873533677967459, 0.42682383685981845 
0.0, 1.9889760071835374, 0.3720597575556128 
0.0, 1.9711961319136289, 0.9721305479150347 
0.0, 1.9731000865562058, 0.9078720787280514 
0.0, 1.9936486812905572, 0.21435700644369313 
0.0, 1.9684764858898787, 1.063918601216597 
0.0, 1.9796941879247703, 0.6853211575390072 
0.0, 1.9881695797512526, 0.3992766833952212 
0.0, 1.9645353854429304, 1.1969307413010988 
0.0, 1.9916286168687518, 0.28253418067962 
0.0, 1.940290665961222, 2.0151900238087603 
0.0, 1.9680304374172515, 1.0789727371677635 
0.0, 1.9861787144772058, 0.46646838639429816 
0.0, 1.9666088348371549, 1.1269518242460246 
0.0, 1.9664414273028639, 1.1326018285283546 
0.0, 1.9820313901546496, 0.6064405822805756 
0.0, 1.9732547127807523, 0.9026534436496213 
0.0, 1.9861410655916256, 0.46773903628264063 
0.0, 1.9786085585931539, 0.7219611474810628 
0.0, 1.9646934769586961, 1.1915951526440147 
0.0, 1.9831281466216921, 0.5694250515178921 
0.0, 1.9917146880657568, 0.27962927778071117 
0.0, 1.9891657686320556, 0.36565530866811596 
0.0, 1.9773282915376182, 0.7651701606053828 
0.0, 1.9867046304498477, 0.44871872231763293 
0.0, 1.95851981257394, 1.3999563256295233 
0.0, 1.9730914390736118, 0.9081639312655985 
0.0, 1.9339381376673752, 2.229587853726082 
0.0, 1.9728188134125144, 0.9173650473276366 
0.0, 1.9679542879139105, 1.0815427829055246 
0.0, 1.9883122107387525, 0.3944628875671005 
0.0, 1.9797194234673892, 0.6844694579756211 
0.0, 1.9764927129439773, 0.7933709381407623 
0.0, 1.946197240926508, 1.8158431187303554 
0.0, 1.9719764837167661, 0.9457936745591414 
0.0, 1.9654436532466093, 1.1662767029269472 
0.0, 1.9781879844697534, 0.7361555241458166 
0.0, 1.9858305365415534, 0.4782193917225752 
0.0, 1.9735833018743465, 0.8915635617407999 
0.0, 1.9822173112015873, 0.600165746946432 
0.0, 1.9922098465026454, 0.2629176805357092 
0.0, 1.9825244039994316, 0.5898013650191861 
0.0, 1.9814391209961213, 0.6264296663809102 
0.0, 1.9877834148521816, 0.41230974873886694 
0.0, 1.985545246984821, 0.48784791426229035 
0.0, 1.9772236374112961, 0.7687022373687465 
0.0, 1.9890937822010417, 0.36808485071483826 
0.0, 1.9914304199034631, 0.28922332825811875 
0.0, 1.9886072242863788, 0.38450618033472217 
0.0, 1.9847878227129256, 0.5134109834387564 
0.0, 1.9595193213705078, 1.366222903745364 
0.0, 1.9904928900288856, 0.3208649615251128 
0.0, 1.9896753672937362, 0.3484563538363944 
0.0, 1.968530745165521, 1.0620873506636674 
0.0, 1.993072788498505, 0.23379338817545114 
0.0, 1.9723595793807216, 0.9328641959006523 
0.0, 1.9711105080527422, 0.9750203532199485 
0.0, 1.9717293826865652, 0.9541333343284252 
0.0, 1.9766924898172118, 0.7866284686690945 
0.0, 1.9939595439908855, 0.20386539030760825 
0.0, 1.9778220396770643, 0.7485061608990755 
0.0, 1.9778502151874477, 0.7475552374236393 
0.0, 1.993372575050362, 0.22367559205028892 
0.0, 1.9798915178134011, 0.6786612737977008 
0.0, 1.9689581612769227, 1.047662056903867 
0.0, 1.9874564071428586, 0.42334625892852046 
0.0, 1.9422268305363424, 1.9498444693984456 
0.0, 1.9739390479790508, 0.8795571307070394 
