0.075
0.09
0.1
0.105
0.095
0.11
0.12
0.095
0.095
0.07
0.085
0.105
0.08
0.115
0.1
0.09
0.13
0.1
0.085
0.095
0.08
0.11
0.09
0.085
0.1
0.07
0.095
0.1
0.085
0.095
0.09
0.11
0.095
0.075
0.075
0.095
0.075
0.09
0.105
0.085
0.12
0.085
0.11
0.105
0.075
0.07
0.095
0.11
0.09
0.065
0.13
0.135
0.085
0.105
0.11
0.07
0.11
0.08
0.08
0.08
0.045
0.09
0.105
0.06
0.09
0.09
0.12
0.105
0.1
0.11
0.075
0.11
0.1
0.075
0.11
0.095
0.09
0.075
0.105
0.11
0.1
0.125
0.105
0.095
0.09
0.11
0.085
0.11
0.085
0.12
0.08
0.1
0.125
0.095
0.125
0.095
0.11
0.09
0.11
0.11
0.11
0.12
0.1
0.1
0.16
0.13
0.11
0.145
0.145
0.175
0.15
0.145
0.12
0.21
0.175
0.195
0.165
0.17
0.155
0.185
