1.183740073038886
1.1770704921386013
1.2144723805514248
1.200304452436311
1.1926387992094865
1.1827465103222774
1.0861995897509835
1.0796020263671011
1.1253463193161848
1.2181671161088161
1.1536604734403746
1.1788086359172243
1.120736119666082
1.0820622827775557
1.1688581259170574
1.1876556637926379
1.2878963538957104
1.101879175363192
1.1484928784002342
1.1385242865653709
1.2347880992204396
1.1771430582033866
1.2188267507805275
1.186029363757194
1.2317052774972492
1.1205250941540883
1.2531984491624695
1.2860255350048344
1.1751401298321211
1.2393208148387762
1.2104455686133841
1.0252006219133087
1.1333767333717057
1.1169412412470388
1.2511695105295915
1.1708062606445258
1.0680995746382644
1.153735674917698
1.2198738604784012
1.1614695436937708
1.1281741607715101
1.2945179696316305
1.2889168641783975
1.1210150942206383
1.0940642855404055
1.1088994548601263
1.0794260349610578
1.1872667984065155
1.100347047385115
1.1060483293302024
1.0892842281323212
1.1318603021217817
0.9992387625875313
1.1437840116294948
1.1634095817183454
1.1507087794483686
1.130418042412826
1.141514616963618
1.0427776800934225
1.073118940103745
1.14383101674603
1.122879336505909
1.2016485740031515
1.0004192531581908
1.1198147837862824
1.0727312633956687
1.1125756515495813
1.0891683011908422
0.9832016795244015
1.1348668314627748
1.034052080341748
0.9924609839496478
1.1134662587248103
1.0042941999254804
1.0328889365561984
0.982763355757509
0.9241145609516594
0.9633685776465376
1.060583019576652
1.0537487495204676
1.1134911959662157
1.0621010901109464
1.0238857525400817
0.9730386749974319
1.013755071352222
0.9332088091948503
0.9276184220657204
0.9203946590423584
0.9843814224004745
0.9589127661716758
0.8702352861208575
0.9051769802018124
0.8085430002500934
0.9293687468504205
0.8543559377094809
0.9530592609697314
0.943258297198744
0.9835452373211201
1.009534674539016
0.9218846578413332
0.8841682448983192
0.8696331467423866
0.8788749012682173
0.8920052222138832
0.8690499056538101
0.9247187418404265
0.9399681807314949
0.8376136749317603
1.00461732985984
0.8573624058820618
0.8594366202819838
1.0164858762535356
0.7906026632924165
0.9439234512039658
0.9360951409976491
0.8901669919687265
0.9219245641625353
0.9662064859615778
0.8961317188551893
0.9428383452726192
0.9217986971406
0.8604521119097869
0.9374452069995628
0.8408224260915191
0.9188760485914018
0.7714755811714841
0.7118667118166658
0.7481193491883242
0.689064311978379
0.7018788097732103
0.8193988972754382
0.7998273238038215
0.9348493233769083
0.7601399651982568
0.8173786618531896
0.8403883128818395
0.6892938326097658
0.6895265997901782
0.8338723042489666
0.7622471302071766
0.8098591506832103
0.8337378909382673
0.668675522373191
0.9230960054681279
0.8385556330904365
0.7449149332559583
0.8035357361835794
0.7864424575036809
0.6695150073006082
0.7863476779649331
0.7690268001546535
0.6317409919574857
0.7063033331407985
0.6562507289998007
0.712362769080083
0.629949503192412
0.8236509999105692
0.8359452645475839
0.8984882788958423
0.6869697016461388
0.7563936919804014
0.6577022428608661
0.5771944355221743
0.6650460604622354
0.6857611658858201
0.648279947760914
0.6138255821315397
0.586245663985332
0.5671642901787821
0.8703816190696466
0.6491254241713746
0.48415607588190207
0.7574615503453698
0.651374036722911
0.6097602910915578
0.6370596732485337
0.522231045263886
0.564936776844395
0.5349743398368609
0.6186669281510883
0.6043184234705918
0.5384285753095845
0.7150019738737408
0.4954103424720776
0.6201573430167193
0.6721571051899854
0.4688935565625018
0.5780222789488856
0.6110616226392329
0.6057542712704603
0.4695838601471483
0.6669631114709773
0.5547878896300402
0.6009843335272279
0.6627711178597939
0.6671756311872331
0.4930089078323804
0.4718856589088043
0.5660589747091372
0.5159579789877922
0.5124317204552238
0.4548592775754514
0.46411971090282983
0.5572334678100156
0.5599515593379637
0.46190775194240163
0.45115608031503235
0.5633515807752754
0.5359744303190369
0.44715790159872476
0.45361971257742295
0.3945938302634386
0.5596758289329256
0.43169022307044014
0.5383031505763066
0.4986031686509677
0.37738639634427806
0.514274866799015
0.44328365504267914
0.4909613423540651
0.417194010326239
0.3848641698153301
0.40787102359231986
0.5220087977346944
0.39284111160436974
0.393824835741792
0.42063868602154325
0.5365109241923646
0.4059354149066801
0.5218516078116944
0.4119219552898819
0.33944465390603634
0.5119522502093036
0.3392427509786909
0.3657779225278671
0.5441731131036447
0.5537842199601015
0.37832307788436004
0.29241861428200383
0.3311088671102579
0.4745202297597381
0.3299200336249099
0.385194006943879
0.3977321406354154
0.2986713723524049
0.3809781025016362
0.3235042105653195
0.38608214401347685
0.4877691069206934
0.3296081684926158
0.3209802941744566
0.30453817254237947
0.3682777529668206
0.4453982509342843
0.3697840104593809
0.28318775400038754
0.30730356337012565
0.4182261012076718
0.42447668367233055
0.3513730654960733
0.4371590150244362
0.37402222796230233
0.4358096282047312
0.5268878943679605
0.33668657337794183
0.4087828186013313
0.37323575001319914
0.34407112635992515
0.42572217675498186
0.341073043062258
0.299165354990843
0.3246664813411834
0.27433940747323504
0.28425102202280533
0.40826482935950525
0.367013302014894
0.23875117205342947
0.409007981148968
0.38889346686895804
0.4005447808934453
0.34264092517114475
0.28458789835998155
0.35931353797727184
0.25743547258767097
0.2772122888586273
0.25282767218641794
0.2624629852033039
0.44111658017603855
0.43201045880452965
0.37772524634446725
0.2955196449573036
0.25686769493535233
0.3346400247680112
0.30240517533524364
0.4163439850876818
0.40763674898607305
0.32718108234191007
0.23247580725804642
0.24774094832991977
0.27565619911431405
0.2978399433402132
0.3115259396059404
0.286820679307015
0.3427689803412927
0.24151299084276284
0.49824130178847453
0.26418958492689726
0.3965765909864711
0.307162846382667
0.33184470577620073
0.3032877482780002
0.25059499517887357
0.39460367272117935
0.37481184822301017
0.33303502318937167
0.3212146816242271
0.37757438071428695
0.2074151110698839
0.27220334849119987
0.3838378922306764
0.417224795410284
0.2422271938824786
0.35881595754259715
0.39218406499976277
0.24907162809729733
0.2735529671259194
0.25101026835436024
0.26005363434473544
0.2294941325069265
0.2810943937800362
0.33308163346610886
0.2653701852326205
0.22661423606109798
0.40708631929590805
0.3121002224585123
0.2423764421313774
0.20432965547602958
0.17573354974788127
0.24040892516873133
0.22303636721412173
0.2453341044899495
0.3750078899652221
0.251759692407198
0.3458714605924643
0.3038665840838144
0.21983518594537493
0.2928805094012054
0.37199007264743295
0.2310443330740095
0.33661974178311155
0.2793105537147834
0.32983547670654845
0.14742946718022795
0.2894534002729571
0.1985464440836937
0.19895264368786092
0.2947407600879956
0.24427435802141367
0.2744238531805179
0.23249642580044053
0.23558297078430823
0.2919601538952917
0.21976452710707178
0.2959987270402978
0.3617565538248176
0.25773046103944686
0.2962050743873486
0.33972831000925996
0.22814611939733667
0.30451252791244837
0.27772992742503877
0.32056077607519784
0.27411108173391713
0.19752797948016282
0.19957797901351362
0.26805804864697647
0.32779680328598715
0.22285179530439608
0.3065146148219222
0.20275880940421248
0.2882938381875568
0.24364580761660534
0.13392593049320725
0.2945450829619641
0.2646873466591224
0.15181428475958847
0.2996988837818511
0.5595554756274632
0.25625303026408985
0.20061177818857476
0.3262441710857062
0.3045371175129929
0.34713414070769427
0.2217298658367739
0.2522179582999353
0.19494374403563222
0.21743388870455674
0.18166932659668364
0.32251195336486776
0.20459747283167234
0.24404811813296967
0.19900135935726965
0.24561634469225838
0.20733854765639273
0.2341422693632775
0.25510139306305407
0.2133361915741864
0.41014560610536
0.16087676706835433
0.17221165437552421
0.17020483017987936
0.19099661371453924
0.17063402623272178
0.31262146800386303
0.2410541917713078
0.2101004452833242
0.27167277775386295
0.15394618158120502
0.18629173607312977
0.26852742302378996
0.20608337220893388
0.23603222926455664
0.24256640293090295
0.23969902115690506
0.26828737939875175
0.20202935481051554
0.16757853381437282
0.18290574326780565
0.15365419398942068
0.21573880728420536
0.2661507940575167
0.19314691003634943
0.22763186325043663
0.21714942789591982
0.27101159631089444
0.28992340121125904
0.30406575571429495
0.2081377598937308
0.24622851717174973
0.11792927174209471
0.343290169175246
0.3409098728383915
0.25073610994845535
0.22952567977696783
0.21653307142291078
0.22711980112190214
0.18768597081294594
0.14711758037014538
0.3544592917096594
0.19382096172213237
0.18636061344446272
0.20580892455915611
0.281793133522285
0.18982145109676724
0.18100043042908057
0.24022362579225365
0.2726968046418731
0.1972633833372484
0.23453989014299217
0.24554548140488144
0.20978492159560022
0.13644037035502182
0.2637997683810009
0.28599285148321285
0.19988266473393868
0.2245402882844652
0.15199998560659922
0.21237245666839183
0.16882569158780963
0.17046199984442395
0.1699126146417936
0.18177386080421076
0.16392086881346113
0.19402673009019386
0.2788236594157113
0.22822803841151199
0.19663546072764915
0.19293885547935807
0.2261392471562479
0.3224694577000776
0.2829332570085558
0.31061067096518113
0.1349158154940182
0.1076901748868736
0.1446833244144192
0.1549281461874223
0.23086991644180097
0.3291577600030808
0.31427354255873613
0.1695968866981953
0.20776610273613788
0.18933397796716525
0.19749815807693064
0.23306932772477304
0.20084685632141766
0.1853994062742511
0.19922867730701507
0.23409582697032646
0.26557859194003536
0.26642672953189284
0.1820589135219856
0.16145186182322843
0.19013839246591174
0.2328865715377597
0.2092323270494895
0.15211822393943794
0.4580490307543257
0.22351937285767434
0.16753596862811995
0.12431693244538539
0.23740245413387107
0.2033124305821666
0.1988882473325163
0.1479674070124211
0.1545471738790796
0.2896198227024364
0.18517624825227683
0.1972896664496318
0.21078862930204548
0.13454674366157168
0.21066243054641678
0.22777037754812843
0.21309980909450965
0.17401215873562648
0.20075397137190393
0.2538409176737463
0.15259631052782396
0.22485153414485906
0.16647296270854794
0.21789121015867988
0.19906665739285048
0.22338027827925006
0.1804404846862246
0.1533633162149217
0.16311523015749044
0.2707042999739916
0.23269173205359686
0.2669780768011533
0.23967369844157424
0.14273226238528422
0.2201415203077166
0.305468572090891
0.20248568981461493
0.30474069647037694
0.1768991204170747
0.13680352830939327
0.18051508644254574
0.18333653629759225
0.08469957579620217
0.22005993294796197
0.13241422441176157
0.37241235533371186
0.15006647559042224
0.16197052376293475
0.16724906979338036
0.20225192507614798
0.19379604107018067
0.18811582750200254
0.15375247611723797
0.25303796527193373
0.1475396278622783
0.21801967103175376
0.16017763540992394
0.15538979285039808
0.19316937156230862
0.2516244233933763
0.28516384716980075
0.11588958415238355
0.12669041320809202
0.20028072685196519
0.20917900955510588
0.13973067763820954
0.13023049904762937
0.16163904059281742
0.14659722818171317
0.1598866593536322
0.1804431851003084
0.1383232810536316
0.13429465600495574
0.21217970075453035
0.16963471721040654
0.3652889905696973
0.16985963360747172
0.22622857447332512
0.3053464915749201
0.27270770266036987
0.11611734719755734
0.11940569023416255
0.2101484804262286
0.10405421832814009
0.19292935234677872
0.10697007263790058
0.13873300606411396
0.22742868030603697
0.1587575207246843
0.10270106852360772
0.0918908503611101
0.10566802782964474
0.20364360058834122
0.17940141694513542
0.09142963716179053
0.1437321224135224
0.1002488529966423
0.13313126759041277
0.1009093911984067
0.11406967750565356
0.18703265355306536
0.2369284127099696
0.14189831780056616
0.20552341342778632
0.25898323760014214
0.14941007378168927
0.17027390842769075
0.12829674620465126
0.15613889666691927
0.1334722067762922
0.2248909611479724
0.1958944293448144
0.18798143230505987
0.1992476175764748
0.1230848801298015
0.17963517180575952
0.09728854524640954
0.04265393737964246
0.21702220697180316
0.1127785603687181
0.12376504376676699
0.13458664116000488
0.2357939252672336
0.2000721855668738
0.2592822244171847
0.10290482871748971
0.12171327727175993
0.07096519332971332
0.12419691253669993
0.20521701514045243
0.20776700291564967
0.18463154291595726
0.10347437917373631
0.22635096476795324
0.15556133673870004
0.11694885777363309
0.13008288514179936
0.13059290499005105
0.10656788875282014
0.31060705892653534
0.13368807289076193
0.11435003125053628
0.16900467120025606
0.17408676714504204
0.16810012765678634
0.343369981117188
0.20885350022737864
0.12477497867041827
0.10966652490704615
0.15319874642946868
0.19924201035546155
0.1358044248163012
0.08584837874447193
0.13384261387305332
0.1498641403362562
0.14160632637296902
0.09722321493155443
0.21955108649995225
0.18250789009425478
0.12894596815311105
0.1130799163974458
0.14642620476752105
0.11104000623974135
0.11356469850006111
0.3161186658739946
0.1729861414350104
0.07952658402106569
0.10054411393304603
0.15299159505419746
0.1482776599139337
0.1719723820217279
0.20362153799460028
0.2168663784250062
0.13866116345423857
0.11279061315726484
0.10120089172139499
0.1960297909668781
0.14442356883015664
0.1576511445174448
0.10262488275290252
0.14553542667796332
0.2401279613863282
0.20356685509253558
0.16290496659777215
0.10986036128613579
0.1291164652042218
0.08856857482866828
0.12685163145920572
0.10419669807399204
0.2983426266448951
0.12397027110529635
0.15463467630763983
0.2818238487221424
0.10395956060498998
0.2474264745117028
0.15986940366139737
0.1318543873786566
0.0613300196409856
0.080165999066448
0.08227868821157333
0.10890226305577139
0.13611826361792295
0.08643539446068049
0.08311416287123458
0.09938517082604222
0.07669650270403551
0.13108065140315234
0.14561688772756334
0.17994432970292187
0.1457806035142255
0.09576737430133776
0.0615492312218401
0.18458233344153907
0.07977232035091088
0.15472738532647623
0.13427653225515657
0.07450595903838664
0.11975265159330133
0.18585962266360043
0.08134133542391231
0.16715828424108678
0.16785932577208096
0.07306478968269896
0.07862773325304052
0.06546597302917735
0.1348990036028822
0.06836271703946789
0.207703493244352
0.13512334251899927
0.11187608387591995
0.1671420973043876
0.21742840606753372
0.09083689199435672
0.09875915009078058
0.1517780868506291
0.12810774651247045
0.29429274857334875
0.2080016917358356
0.06834659030577064
0.11486689018379719
0.2288331685049427
0.1883780694920828
0.11289130561899283
0.25128415494090084
0.17057535807043162
0.10386175090910726
0.1409448278564913
0.1443022444243486
0.14762117349334378
0.17569839577302482
0.2771277341247911
0.1429075400014948
0.06161587104020289
0.05249867067150675
0.11725598788947492
0.1442812508344962
0.12782894848116166
0.09881673035982604
0.14926672342239525
0.13067963636696386
0.1257306227612098
0.06354278891664313
0.12306780214609407
0.27264252990809595
0.13144101538865005
0.06861654145936419
0.17204629965905935
0.14711219119570118
0.14258797554281824
0.16546917250666646
0.13397391136092782
0.18445796900335037
0.2598813627412791
0.21022636686598836
0.09896906495374153
0.15198833690427666
0.11225355202024663
0.08673357262090446
0.14796364848472118
0.10907735794386833
0.13677283072485644
0.1102575089107018
0.15788372491489217
0.27172934102230206
0.11890614849471604
0.08227674688588373
0.0945674356699207
0.18357980624501574
0.12598440930962915
0.2069328456847766
0.06975006607683554
0.11666760408311991
0.15011909198153198
0.14607544377841788
0.14246575540272463
0.14615028604294275
0.1776395026145706
0.17092531863442081
0.1851987542805165
0.09833285830480445
0.20596184823750227
0.10738599477279882
0.2458919939706697
0.15788096246422734
0.10832920438288783
0.21631459279270362
0.10958253687739399
0.13899206197647657
0.18180789144443857
0.14076117999871599
0.07214166860327623
0.10050846994161758
0.0806956633604276
0.19348179696661685
0.10475402238807263
0.13070470009741103
0.1657145151073051
0.1054735976966248
0.1243552160413086
0.19349127199680846
0.09817118283575235
0.08152794335416516
0.1406625245281146
0.150970021967789
0.15753053242278564
0.16745352084103418
0.11410006484836958
0.18204764019346112
0.09597197618185604
0.0747343774270295
0.192504141566673
0.09983861721053297
0.17968918893476116
0.08848976640672271
0.06473627662197312
0.10798391936854826
0.1365830265249754
0.23603352792890958
0.16492760396339481
0.22143236227422777
0.10264821225395954
0.17542739316758976
0.1043619449880966
0.13493077333537284
0.09715205187995535
0.2566997329873195
0.09073545040207807
0.29764845148546
0.07231574724915804
0.13894468588304773
0.11694526452581383
0.07379119676495467
0.12885205386262905
0.07520084664089205
0.21281920604953333
0.19929363163352687
0.089727959601857
0.09361248858186197
0.11222739619470976
0.25399312104219524
0.2539640978181132
0.18429139213439696
0.057268977850458216
0.06399421434357015
0.15809526389025794
0.18418085091008604
0.049628970922112436
0.1298287275833814
0.10317010342071015
0.1287612770367612
0.1549560227174983
0.16499144699678267
0.16372618393715177
0.14683524729754405
0.3117875442688109
0.09501392904924436
0.08762012565746861
0.12398573617836617
0.1074049148273307
0.06889249957071886
0.0743532840296866
0.26544017178814866
0.18808609888540262
0.07374257688979904
0.17590716670751227
0.11464269108472491
0.13794788426620042
0.11201059797410802
0.1609027771213856
0.09154089246382911
0.20746514754714987
0.1813634012884034
0.09846814006343303
0.12414884633752375
0.11874964223058841
0.16676421372821823
0.15134667806263014
0.15488670338744423
0.06725002455765267
0.14931430624520492
0.11001378679651234
0.09069394379434062
0.05157253770026944
0.10868967328168255
0.30169079165446105
0.07776083135609085
0.08319859494379918
0.08556587955919027
0.09658852373160119
0.18811236030568937
0.09341150715861095
0.1726752530319336
0.18309067533042783
0.12528129862794127
0.06221988513735655
0.10344580276656545
0.13616920542800848
0.0971592790595032
0.10720602317456475
0.17512194374101955
0.20875247559218715
0.11571663676321975
0.2008212115211422
0.1224212458576195
0.15908663793195651
0.20840375731160943
0.106566298215885
0.03211809980519512
0.09414120736948021
0.07270218262084217
0.06712665613856683
0.10807604035004462
0.05550643573841861
0.014226818321577898
0.13911494308952793
0.06621008405556676
0.09946521035557654
0.061263203876007366
0.13349505156528185
0.26561297869163336
0.13580991391090239
0.22475831743293082
0.1217495618220321
0.09752634326454046
0.13292832276747216
0.1485204321955412
0.09228476319900882
0.052757199491133513
0.1316106463063025
0.056445341465603864
0.13329779985078605
0.21392607583470427
0.08362742453571388
0.12900869513728194
0.18243644666702966
0.08190430933683233
0.08339270348858256
0.1241349454802119
0.07041895513499798
0.14639692075271857
0.07667047238584172
0.2340691185546104
0.12242409163238177
0.1488875359043468
0.14742770347697692
0.20858120350678988
0.11847673226712364
0.10727779837522142
0.14436344931337244
0.08428298620265522
0.12697756366636423
0.09018574707335178
0.2632942094611716
0.14084337694764906
0.07134629051809455
0.44074969380633866
0.08597674094261694
0.135746303323802
0.04406977626513447
0.1712449561822402
0.10210520651477197
0.2540043707733381
0.16597689674152544
0.2241285540705151
0.09759697055186341
0.11537035861435316
0.07702886647691595
0.0732525752151331
0.08147254126353622
0.06094410968595812
0.035231914958872575
0.1079035386902032
0.17724958928700907
0.10178301313428875
0.11978393308403386
0.05109592010544454
0.12495856932236589
0.08111596718173054
0.050770024721689816
0.11622120537863173
0.11026587390052996
0.2742600319689901
0.10494204833226309
0.08906400420940404
0.11263102226938702
0.14373205266500536
0.15722170900653243
0.054477649120830494
0.10611196130885557
0.021919048289776116
0.2642635902128016
0.09501142410657973
0.12288711171456201
0.10275387326857287
0.026810273024272274
0.13456942385119194
0.16153658094407639
0.18301649004921322
0.17975669859230112
0.14666259199153633
0.1596360279639305
0.08595872704878593
0.14206447629269908
0.036241289025054135
0.0720908011772597
0.1993660072483651
0.09751252493360481
0.10381704641748381
0.14592502827477133
0.10484322776086481
0.15947373879567434
0.24635865593251077
0.12373900108317372
0.07361539679506332
0.1411899845698527
0.08979388890184674
0.16286173483898206
0.08801020731143089
0.11794044008354475
0.10910676851792314
0.10482178232968985
0.12464132880927847
0.3163706554693021
0.2865113963502952
0.10140114456810098
0.07996710531620713
0.1165825821079611
0.1081530645171987
0.1148362909875508
0.08561399663118656
0.1692308921206868
0.0911446052558262
0.14306798406111332
0.10091310872897752
0.11679984924160451
0.10415595524299803
0.12562212038905027
0.09502314983081193
0.1503640977975694
0.0934595541620994
0.20383072880243996
0.11051820195446727
0.3467660224899469
0.07641849287269023
0.13476748077634856
0.06504834399483267
0.20964877826547682
0.14145657830929637
0.11427502987352021
0.12488381348612018
0.09586962390364695
0.15395025157118622
0.1540559663929367
0.10139950724939285
0.061208229048401605
0.12060768858615163
0.09597697105333462
0.06558629201346318
0.1607841892165701
0.025788118762921385
0.19405714654930525
0.08044351010353562
0.1290318548751259
0.08154283484477098
0.23081137983585245
0.12415738384406115
0.09721001187968356
0.14605174896101997
0.11261190098015963
0.0411098184529807
0.09255378522983654
0.09153201617904255
0.11335810880308327
0.17238685818862975
0.1796493137229726
0.22657886723289972
0.07117286615169043
0.0902770170372382
0.05687980565666879
0.04725448053240009
0.07896828477909773
0.15514488022429745
0.09667850991067176
0.08046973035257435
0.21084587996681617
0.20060900918006933
0.17232525041545652
0.17725863899084424
0.17600302874762822
0.1407858936070977
0.09262846667297857
0.08662211982943883
0.09272753757397609
0.08616242245727858
0.1211367997865908
0.0762754124247202
0.05921186703165728
0.08467608895340023
0.07272098401288878
0.07338701434966463
0.10292175101822948
0.05099620090769151
0.3173021278910211
0.1269863507625915
0.06318666249574541
0.12768030308829803
0.10588151372095796
0.08481655474052527
0.13422878005784514
0.14375151306304995
0.10698157429837644
0.09124458158150676
0.0880620551544537
0.11459723212336206
0.16728932395446097
0.0870635158586948
0.09162831436228175
0.13260418203397248
0.05407737542383728
0.120219692267386
0.10936485372618365
0.12265089929018937
0.1405087082139415
0.07791019209521464
0.2688329574751929
0.10097104565813725
0.08335346195293132
0.1386654154418504
0.12832260606596393
0.10028552770161611
0.1315054974248406
0.10706728807882686
0.13055870096756017
0.04586067476036559
0.1150262664912263
0.17746102760772275
0.15065047429128614
0.051924063187007215
0.13186353812441856
0.05045894356777101
0.018727817632714836
0.037032578105594814
0.08420924090358982
0.18606669601584674
0.07367192984775597
0.1964422194192872
0.0650764945608689
0.10135706034352489
0.1653991641010589
0.03877323657027489
0.20131330131546943
0.1356463966034599
0.10634494203425321
0.09719265686230731
0.1339407050339379
0.08640630030802285
0.07535402513614488
0.05545339160522644
0.18359108752415498
0.09993157747724005
0.24863588838321946
0.1059217641613159
0.1742635179567002
0.1771613444234485
0.05782402585824927
0.04886119705583719
0.05431395722687209
0.2308773642125197
0.04696233617427608
0.09130080547303551
0.1158240731827044
0.1224438855270596
0.14172302573841422
0.038588088810426566
0.1674704845804221
0.05215011981716616
0.08994597802618823
0.1097406729411397
0.1149663518283512
0.11835409158462135
0.18445996164851652
0.2697990508729959
0.10484050248103603
0.08115748644578129
0.04147668062129981
0.1409395046008487
0.09410799913332143
0.09123417104248879
0.48500478115857387
0.22466538159198604
0.06138764798130381
0.14569809652056542
0.14862079877954665
0.0719385009856747
0.15150663533076342
0.02526098305066281
0.13707139988730885
0.06920685245401277
0.16543786177846956
0.06949929044276171
0.030313247055613456
0.14647535159892197
0.11144597414344466
0.18889069815881027
0.12384900228688232
0.11880018407764267
0.17616369528989706
0.13587762711301798
0.08618897377159238
0.15632187743084275
0.16543687220118636
0.08574782083354057
0.24113501679638663
0.15487616965721213
0.06960651352903073
0.11134302179063527
0.06702055481894867
0.06778761553786125
0.13774350287507245
0.11742730128382577
0.06646901762424778
0.18252561743321996
0.17949189663178197
0.1287042559452601
0.1744781777463341
0.07835345792971594
0.08647692923125196
0.09717326433525088
0.07277540147932399
0.04974201740767416
0.03315437770924712
0.09778182319564008
0.044014976223031
0.09770469453269594
0.147175483084056
0.09232272063830822
0.059533982209976834
0.1510691319410968
0.05512647112696184
0.144028626535267
0.2371941303289831
0.20737385001321507
0.08227435447985847
0.06633735880880712
0.10345140999421176
0.10522421094916162
0.07687550156238203
0.08885360945695926
0.05352684545122574
0.15605522996938592
0.12461693101653899
0.15280704047029017
0.1268439322682247
0.16591580015884255
0.1269404047397127
0.0980741233931324
0.10491426033816273
0.15116835298089992
0.11785126979960354
0.10662459969825752
0.16958430190409074
0.12037119662915328
0.1213993496803296
0.10523878115446929
0.19941561796807883
0.0794552289795908
0.02059848141189001
0.10580395371457592
0.13165449361744277
0.1439397685772797
0.10996411013899515
0.15273191121153468
0.08795808931192464
0.12975898937994593
0.1247985219079545
0.09626454553421931
0.13199552591035585
0.05867852721959056
0.02043969558545094
0.13805013270392633
0.1326124027066227
0.11077154851717964
0.08055566831984695
0.04611010827851583
0.1537718452107681
0.19437266209366102
0.018081947428196517
0.11804169765883847
0.09535921934817627
0.07888128769277347
0.08012327668403461
0.15457639919533675
0.1319360242611224
0.10638871952723555
0.11173612541779698
0.11905896540516407
0.11204803764076904
0.05469213467900202
0.059623134981673945
0.17751100682764073
0.12445855244975872
0.1873430571332347
0.1364668040672196
0.07768855307752033
0.10647045534614409
0.18289206995895238
0.06156990883004362
0.08783297166178991
0.03228778149235367
0.1998297691869771
0.05842319684809086
0.06771944494349467
0.13337016440945657
0.13557670692637472
0.04489912215151695
0.19513935030472998
0.05619053994392403
0.13003362648886538
0.20429486631761362
0.07458378928219524
0.143458173579678
0.09456320730461194
0.20171005248222837
0.04953671539286213
0.0946400337454608
0.06141388451854835
0.1137852110585411
0.2044021976076008
0.3081945590042061
0.11044931863109127
0.151118271751051
0.13427362528354594
0.09130624194841215
0.16004612328979326
0.19925244814949006
0.0735582579224046
0.12665723089622644
0.0415329413573348
0.04245110218203322
0.2779700577363831
0.0895329700413764
0.21463748315964862
0.04905555674441567
0.04816443950651326
0.1015901020935579
0.07938930618189573
0.2481087289703637
0.06852676206538133
0.27096384672828094
0.08435654229305165
0.1077091071528207
0.037925492241947134
0.09052829327298609
0.1817916016541835
0.06240065948847245
0.11909013216325083
0.13584676305845927
0.08602425151985298
0.07702575791886387
0.08595096411845711
0.08443600748866081
0.07512962880520584
0.07162934162516447
0.06141765957180542
0.043127198822650537
0.11517758288931233
0.0850022941817286
0.03784217350350198
0.025458669811567795
0.18694356330921988
0.134071087886892
0.08369522121058727
0.08999503729768478
0.14472604872957792
