0.09983333333333333
0.1
0.09333333333333334
0.10266666666666667
0.0965
0.09583333333333334
0.107
0.10266666666666667
0.09533333333333334
0.095
0.10716666666666666
0.1055
0.1005
0.11183333333333334
0.10066666666666667
0.1095
0.10516666666666667
0.10116666666666667
0.09916666666666667
0.10983333333333334
0.13333333333333333
0.14533333333333334
0.14866666666666667
0.16133333333333333
0.16983333333333334
0.17033333333333334
0.181
0.18866666666666668
0.19433333333333333
0.19233333333333333
0.1935
0.20333333333333334
0.2065
0.19566666666666666
0.2005
0.19433333333333333
0.20033333333333334
0.20583333333333334
0.20616666666666666
0.21133333333333335
0.2105
0.22583333333333333
0.23016666666666666
0.23816666666666667
0.25633333333333336
0.26616666666666666
0.2791666666666667
0.30516666666666664
0.3015
0.3263333333333333
0.3436666666666667
0.358
0.36183333333333334
0.3475
0.36716666666666664
0.3675
0.36433333333333334
0.3775
0.39466666666666667
0.3855
0.4038333333333333
0.4035
0.42816666666666664
0.4045
0.4295
0.43966666666666665
0.45166666666666666
0.45
0.47333333333333333
0.49266666666666664
0.49516666666666664
0.5073333333333333
0.514
0.5213333333333333
0.5246666666666666
0.5415
0.5348333333333334
0.5411666666666667
0.5543333333333333
0.5823333333333334
0.5593333333333333
0.5796666666666667
0.5865
0.568
0.5711666666666667
0.578
0.586
0.6101666666666666
0.612
0.6136666666666667
0.6025
0.6128333333333333
0.612
0.6083333333333333
0.6333333333333333
0.613
0.6153333333333333
0.6288333333333334
0.6316666666666667
0.6461666666666667
0.6448333333333334
0.6381666666666667
0.644
0.6698333333333333
0.668
0.6411666666666667
0.6716666666666666
0.6581666666666667
0.6606666666666666
0.6746666666666666
0.663
0.6765
0.683
0.6633333333333333
0.6821666666666667
0.6785
0.6876666666666666
0.6833333333333333
0.6905
0.7023333333333334
0.7128333333333333
0.6931666666666667
0.7045
0.6943333333333334
0.7185
0.7346666666666667
0.7028333333333333
0.717
0.7265
0.726
0.7251666666666666
0.735
0.7483333333333333
0.7366666666666667
0.7521666666666667
0.7276666666666667
0.7468333333333333
0.7446666666666667
0.7605
0.7428333333333333
0.7405
0.7386666666666667
0.7526666666666667
0.7576666666666667
0.7385
0.7511666666666666
0.7648333333333334
0.7546666666666667
0.7635
0.7483333333333333
0.771
0.7638333333333334
0.7681666666666667
0.7613333333333333
0.7811666666666667
0.77
0.7533333333333333
0.7855
0.7731666666666667
0.7475
0.766
0.7796666666666666
0.7661666666666667
0.7821666666666667
0.7788333333333334
0.7838333333333334
0.7941666666666667
0.8031666666666667
0.7953333333333333
0.7961666666666667
0.7855
0.782
0.7958333333333333
0.7868333333333334
0.8046666666666666
0.7908333333333334
0.7936666666666666
0.788
0.8003333333333333
0.7691666666666667
0.7951666666666667
0.7943333333333333
0.7971666666666667
0.793
0.8026666666666666
0.8136666666666666
0.8016666666666666
0.7995
0.8348333333333333
0.8151666666666667
0.8021666666666667
0.7973333333333333
0.819
0.8066666666666666
0.798
0.812
0.8113333333333334
0.8161666666666667
0.812
0.7941666666666667
0.8081666666666667
0.8181666666666667
0.8116666666666666
0.8111666666666667
0.8056666666666666
0.7863333333333333
0.8146666666666667
0.7961666666666667
0.8258333333333333
0.805
0.8295
0.7976666666666666
0.8065
0.8236666666666667
0.8143333333333334
0.8265
0.8216666666666667
0.8136666666666666
0.8235
0.8281666666666667
0.8251666666666667
0.8166666666666667
0.827
0.8318333333333333
0.817
0.8201666666666667
0.8116666666666666
0.8231666666666667
0.8076666666666666
0.7995
0.8351666666666666
0.8218333333333333
0.8298333333333333
0.821
0.8241666666666667
0.816
0.8136666666666666
0.8313333333333334
0.8253333333333334
0.8128333333333333
0.8248333333333333
0.8283333333333334
0.8245
0.8388333333333333
0.8405
0.8373333333333334
0.8288333333333333
0.8431666666666666
0.8131666666666667
0.8148333333333333
0.835
0.8358333333333333
0.8165
0.8396666666666667
0.8428333333333333
0.8245
0.8145
0.8346666666666667
0.8435
0.8295
0.8348333333333333
0.8328333333333333
0.8163333333333334
0.8241666666666667
0.8345
0.8433333333333334
0.849
0.839
0.8556666666666667
0.8448333333333333
0.8398333333333333
0.8313333333333334
0.8391666666666666
0.8446666666666667
0.823
0.8221666666666667
0.8548333333333333
0.849
0.8125
0.8231666666666667
0.841
0.841
0.8388333333333333
0.8438333333333333
0.8355
0.856
0.8423333333333334
0.849
0.8483333333333334
0.8625
0.8298333333333333
0.8561666666666666
0.8588333333333333
0.8615
0.8355
0.8463333333333334
0.8401666666666666
0.8495
0.8513333333333334
0.8486666666666667
0.845
0.8345
0.8435
0.8476666666666667
0.8291666666666667
0.8525
0.8511666666666666
0.8351666666666666
0.8638333333333333
0.8545
0.8395
0.836
0.8598333333333333
0.832
0.8656666666666667
0.8325
0.83
0.8433333333333334
0.8603333333333333
0.8463333333333334
0.8501666666666666
0.8436666666666667
0.8578333333333333
0.8556666666666667
0.8623333333333333
0.8448333333333333
0.8575
0.828
0.8588333333333333
0.841
0.869
0.8486666666666667
0.8618333333333333
0.87
0.8435
0.836
0.8463333333333334
0.8511666666666666
0.8518333333333333
0.8515
0.8648333333333333
0.8751666666666666
0.8585
0.8606666666666667
0.8446666666666667
0.8481666666666666
0.8416666666666667
0.8508333333333333
0.8403333333333334
0.8528333333333333
0.8608333333333333
0.8491666666666666
0.855
0.869
0.8635
0.8423333333333334
0.8583333333333333
0.8498333333333333
0.8576666666666667
0.8605
0.8505
0.856
0.8525
0.8626666666666667
0.8523333333333334
0.8481666666666666
0.8563333333333333
0.8476666666666667
0.8568333333333333
0.8655
0.8668333333333333
0.8653333333333333
0.8571666666666666
0.8451666666666666
0.8465
0.8546666666666667
0.847
0.855
0.8551666666666666
0.8486666666666667
0.84
0.86
0.8565
0.8496666666666667
0.8678333333333333
0.872
0.8648333333333333
0.8575
0.8578333333333333
0.855
0.8743333333333333
0.8535
0.8626666666666667
0.8723333333333333
0.8426666666666667
0.8703333333333333
0.8558333333333333
0.8503333333333334
0.8681666666666666
0.8565
0.8728333333333333
0.877
0.863
0.866
0.8733333333333333
0.8511666666666666
0.859
0.8571666666666666
0.8573333333333333
0.8718333333333333
0.8688333333333333
0.851
0.8636666666666667
0.8563333333333333
0.8776666666666667
0.8208333333333333
0.8701666666666666
0.8635
0.8661666666666666
0.8708333333333333
0.8571666666666666
0.8531666666666666
0.8513333333333334
0.8535
0.8658333333333333
0.8531666666666666
0.8793333333333333
0.8643333333333333
0.84
0.8631666666666666
0.8656666666666667
0.864
0.8481666666666666
0.8508333333333333
0.8583333333333333
0.8523333333333334
0.856
0.8668333333333333
0.8656666666666667
0.8568333333333333
0.8626666666666667
0.881
0.8518333333333333
0.8606666666666667
0.8761666666666666
0.8605
0.8853333333333333
0.8715
0.8693333333333333
0.8648333333333333
0.8791666666666667
0.8705
0.8713333333333333
0.866
0.8805
0.8603333333333333
0.8753333333333333
0.871
0.8693333333333333
0.8958333333333334
0.8798333333333334
0.8751666666666666
0.8561666666666666
0.8738333333333334
0.8633333333333333
0.8521666666666666
0.8613333333333333
0.8736666666666667
0.8585
0.8708333333333333
0.8713333333333333
0.8506666666666667
0.8553333333333333
0.8725
0.8821666666666667
0.8753333333333333
0.8638333333333333
0.8435
0.867
0.8713333333333333
0.8645
0.8761666666666666
0.8655
0.8708333333333333
0.867
0.8701666666666666
0.8675
0.8683333333333333
0.8656666666666667
0.8738333333333334
0.8606666666666667
0.8925
0.8771666666666667
0.8495
0.86
0.8575
0.8563333333333333
0.872
0.8555
0.8731666666666666
0.8556666666666667
0.869
0.8765
0.87
0.8651666666666666
0.862
0.8638333333333333
0.8698333333333333
0.8868333333333334
0.8728333333333333
0.8783333333333333
0.8773333333333333
0.862
0.8601666666666666
0.8841666666666667
0.8593333333333333
0.865
0.8676666666666667
0.8631666666666666
0.8833333333333333
0.8773333333333333
0.8725
0.8721666666666666
0.8785
0.8843333333333333
0.869
0.8751666666666666
0.8741666666666666
0.8651666666666666
0.8638333333333333
0.8861666666666667
0.876
0.858
0.8753333333333333
0.8851666666666667
0.8723333333333333
0.88
0.8766666666666667
0.887
0.8831666666666667
0.8703333333333333
0.871
0.8763333333333333
0.8755
0.8606666666666667
0.8756666666666667
0.8738333333333334
0.8781666666666667
0.8665
0.8805
0.8791666666666667
0.857
0.8445
0.8758333333333334
0.8705
0.8715
0.883
0.882
0.8741666666666666
0.8873333333333333
0.8791666666666667
0.8688333333333333
0.884
0.8786666666666667
0.8718333333333333
0.8753333333333333
0.8915
0.8663333333333333
0.8771666666666667
0.877
0.8815
0.8851666666666667
0.8903333333333333
0.887
0.882
0.888
0.8853333333333333
0.879
0.8821666666666667
0.8633333333333333
0.9013333333333333
0.8816666666666667
0.8696666666666667
0.8798333333333334
0.8795
0.8713333333333333
0.8828333333333334
0.8775
0.8726666666666667
0.8875
0.8715
0.8785
0.8768333333333334
0.8753333333333333
0.8788333333333334
0.8698333333333333
0.8896666666666667
0.8875
0.8751666666666666
0.8718333333333333
0.8766666666666667
0.878
0.8806666666666667
0.8688333333333333
0.8671666666666666
0.8693333333333333
0.8671666666666666
0.8638333333333333
0.8625
0.882
0.8751666666666666
0.865
0.8871666666666667
0.868
0.8741666666666666
0.8633333333333333
0.8746666666666667
0.8736666666666667
0.8658333333333333
0.8785
0.8691666666666666
0.8661666666666666
0.8983333333333333
0.8711666666666666
0.8623333333333333
0.877
0.87
0.8751666666666666
0.8621666666666666
0.8738333333333334
0.8678333333333333
0.8665
0.8576666666666667
0.8775
0.8605
0.8711666666666666
0.8606666666666667
0.8688333333333333
0.8626666666666667
0.8578333333333333
0.8666666666666667
0.8723333333333333
0.8656666666666667
0.8685
0.8696666666666667
0.8731666666666666
0.8861666666666667
0.8715
0.872
0.8726666666666667
0.8588333333333333
0.8648333333333333
0.8785
0.88
0.8808333333333334
0.8601666666666666
0.8563333333333333
0.8761666666666666
0.8676666666666667
0.884
0.8706666666666667
0.8753333333333333
0.88
0.8735
0.8755
0.8638333333333333
0.8743333333333333
0.8658333333333333
0.8736666666666667
0.8783333333333333
0.8791666666666667
0.8713333333333333
0.8835
0.864
0.8718333333333333
0.8773333333333333
0.872
0.8705
0.8755
0.8946666666666667
0.8781666666666667
0.8751666666666666
0.8658333333333333
0.8663333333333333
0.875
0.8643333333333333
0.863
0.8661666666666666
0.8931666666666667
0.8605
0.8825
0.8901666666666667
0.8741666666666666
0.8866666666666667
0.8843333333333333
0.8585
0.8845
0.8771666666666667
0.8808333333333334
0.8865
0.8866666666666667
0.8633333333333333
0.8668333333333333
0.8755
0.8713333333333333
0.8738333333333334
0.8643333333333333
0.8863333333333333
0.8526666666666667
0.8863333333333333
0.8856666666666667
0.875
0.8695
0.8791666666666667
0.8785
0.8753333333333333
0.8808333333333334
0.8823333333333333
0.8706666666666667
0.8801666666666667
0.8745
0.8706666666666667
0.8796666666666667
0.882
0.8706666666666667
0.8683333333333333
0.882
0.884
0.8525
0.8846666666666667
0.868
0.881
0.8705
0.8713333333333333
0.8705
0.8713333333333333
0.8865
0.8543333333333333
0.8868333333333334
0.8858333333333334
0.8825
0.8655
0.8663333333333333
0.8711666666666666
0.8768333333333334
0.8641666666666666
0.8806666666666667
0.8776666666666667
0.8888333333333334
0.867
0.883
0.8675
0.88
0.8746666666666667
0.8828333333333334
0.8798333333333334
0.8703333333333333
0.8835
0.8855
0.8753333333333333
0.8766666666666667
0.8693333333333333
0.8865
0.882
0.877
0.8585
0.8726666666666667
0.8796666666666667
0.8755
0.8711666666666666
0.8856666666666667
0.8805
0.8716666666666667
0.8763333333333333
0.8511666666666666
0.8791666666666667
0.877
0.87
0.8766666666666667
0.8815
0.8861666666666667
0.8661666666666666
0.866
0.8768333333333334
0.867
0.892
0.872
0.8751666666666666
0.8911666666666667
0.882
0.8853333333333333
0.8656666666666667
0.88
0.8783333333333333
0.8786666666666667
0.8893333333333333
0.8688333333333333
0.8818333333333334
0.8811666666666667
0.8698333333333333
0.8641666666666666
0.8831666666666667
0.8821666666666667
0.8746666666666667
0.8978333333333334
0.8803333333333333
0.8743333333333333
0.8746666666666667
0.8628333333333333
0.8728333333333333
0.8778333333333334
0.88
0.8748333333333334
0.8786666666666667
0.8858333333333334
0.8653333333333333
0.8803333333333333
0.8765
0.8728333333333333
0.881
0.8795
0.874
0.8911666666666667
0.8793333333333333
0.8783333333333333
0.8726666666666667
0.8741666666666666
0.847
0.881
0.8725
0.8753333333333333
0.8761666666666666
0.8655
0.8856666666666667
0.8808333333333334
0.8761666666666666
0.8883333333333333
0.8678333333333333
0.8631666666666666
0.8831666666666667
0.8775
0.8846666666666667
0.8775
0.876
0.8888333333333334
0.8741666666666666
0.8621666666666666
0.8808333333333334
0.8753333333333333
0.8808333333333334
0.8715
0.8835
0.8748333333333334
0.8858333333333334
0.8673333333333333
0.8726666666666667
0.8718333333333333
0.8833333333333333
0.8796666666666667
0.8773333333333333
0.8876666666666667
0.8821666666666667
0.8746666666666667
0.8883333333333333
0.858
0.8788333333333334
0.8885
0.8821666666666667
0.8801666666666667
0.853
0.8765
0.8856666666666667
0.8863333333333333
0.8686666666666667
0.8958333333333334
0.8708333333333333
0.8891666666666667
0.8621666666666666
0.8905
0.8878333333333334
0.8748333333333334
0.8595
0.8896666666666667
0.8918333333333334
0.8765
0.8836666666666667
0.8855
0.8761666666666666
0.8791666666666667
0.8908333333333334
0.8745
0.8796666666666667
0.873
0.8598333333333333
0.8871666666666667
0.8835
0.8771666666666667
0.874
0.875
0.883
0.8695
0.8786666666666667
0.8728333333333333
0.8833333333333333
0.8895
0.8913333333333333
0.8818333333333334
0.8661666666666666
0.8658333333333333
0.8818333333333334
0.8793333333333333
0.8856666666666667
0.8826666666666667
0.872
0.892
0.888
0.8798333333333334
0.8733333333333333
0.889
0.8813333333333333
0.8686666666666667
0.8705
0.8731666666666666
0.8898333333333334
0.851
0.88
0.8841666666666667
0.873
0.8866666666666667
0.8796666666666667
0.8848333333333334
0.8801666666666667
0.8811666666666667
0.87
0.8556666666666667
0.889
0.8898333333333334
0.8786666666666667
0.8806666666666667
0.8876666666666667
0.8646666666666667
0.8916666666666667
0.8756666666666667
0.8881666666666667
0.8866666666666667
0.875
0.89
0.8766666666666667
0.8693333333333333
0.8815
0.8728333333333333
0.8831666666666667
0.8846666666666667
0.882
0.8766666666666667
0.8868333333333334
0.882
0.8906666666666667
0.8896666666666667
0.8851666666666667
0.8785
0.8771666666666667
0.8805
0.891
0.8966666666666666
0.877
0.8808333333333334
0.8926666666666667
0.8933333333333333
0.8746666666666667
0.8736666666666667
0.8836666666666667
0.8791666666666667
0.8766666666666667
0.8733333333333333
0.8796666666666667
0.864
0.884
0.879
0.8861666666666667
0.8913333333333333
0.8788333333333334
0.9096666666666666
0.8975
0.8783333333333333
0.889
0.8848333333333334
0.8655
0.8845
0.8651666666666666
0.8778333333333334
0.8731666666666666
0.8878333333333334
0.8761666666666666
0.8713333333333333
0.8716666666666667
0.8853333333333333
0.8873333333333333
0.877
0.8988333333333334
0.8945
0.8938333333333334
0.8731666666666666
0.8756666666666667
0.8711666666666666
0.886
0.883
0.8703333333333333
0.8783333333333333
0.8816666666666667
0.8615
0.8825
0.8911666666666667
0.878
0.8741666666666666
0.8973333333333333
0.884
0.8833333333333333
0.8868333333333334
0.8783333333333333
0.8751666666666666
0.8745
0.8913333333333333
0.8726666666666667
0.9
0.8875
0.8811666666666667
0.8936666666666667
0.8855
0.8828333333333334
0.8773333333333333
0.8686666666666667
0.8803333333333333
0.8761666666666666
0.8718333333333333
0.8818333333333334
0.8836666666666667
0.8915
0.8875
0.8805
0.8796666666666667
0.878
0.8808333333333334
0.8865
0.8785
0.8643333333333333
0.8781666666666667
0.8898333333333334
0.8678333333333333
0.8703333333333333
0.8601666666666666
0.872
0.8821666666666667
0.8795
0.8828333333333334
0.8795
0.8931666666666667
0.8778333333333334
0.8846666666666667
0.8778333333333334
0.8713333333333333
0.8885
0.8868333333333334
0.8781666666666667
0.8806666666666667
0.8751666666666666
0.8846666666666667
0.882
0.8753333333333333
0.8783333333333333
0.8765
0.9073333333333333
0.8711666666666666
0.8865
0.8776666666666667
0.8825
0.8845
0.8971666666666667
0.8868333333333334
0.8946666666666667
0.8918333333333334
0.887
0.8856666666666667
0.8801666666666667
0.8725
0.8805
0.8765
0.8908333333333334
0.8775
0.8868333333333334
0.9006666666666666
0.8803333333333333
0.8941666666666667
0.8746666666666667
0.8905
0.8718333333333333
0.8736666666666667
0.8861666666666667
0.8806666666666667
0.8815
0.8948333333333334
0.8831666666666667
0.8858333333333334
0.8908333333333334
0.87
0.872
0.8901666666666667
0.8825
0.8916666666666667
0.8778333333333334
0.8833333333333333
0.8968333333333334
0.8871666666666667
0.8823333333333333
0.8778333333333334
0.8693333333333333
0.8883333333333333
0.8763333333333333
0.8941666666666667
0.889
0.8818333333333334
0.8973333333333333
0.877
0.8886666666666667
0.8778333333333334
0.886
0.8796666666666667
0.8988333333333334
0.8848333333333334
0.8805
0.8933333333333333
0.8828333333333334
0.8828333333333334
0.8691666666666666
0.8956666666666667
0.8953333333333333
0.8826666666666667
0.8785
0.8785
0.8801666666666667
