-2.8801664886800572e-05
-2.579493682719423e-06
-1.5521059885950026e-06
-3.1757396561337503e-07
-1.1335108007300118e-06
-1.865379799910848e-07
-8.626994643204958e-08
9.268585320799124e-07
-1.505534376879505e-07
-6.19715311223986e-07
3.55749161950795e-07
-1.7459061831746042e-06
-1.56638180127399e-07
2.0934802261984823e-07
-3.3172312995713245e-06
8.669888813120628e-07
-5.834651421097508e-08
6.612777822630175e-07
-1.4660043680892197e-06
-1.0103061895263859e-05
-0.00038191324289930733
-0.003350318153705359
-0.005172918033600524
-0.010458134380436938
-0.014814079074691127
-0.017834707969777527
-0.02006572633580117
-0.020645578819683822
-0.025636268686382847
-0.03173999994414442
-0.03459581029083994
-0.037362147156312794
-0.04124633073508956
-0.04538628617733628
-0.05188344037840119
-0.04951915671857608
-0.05118970534023023
-0.0587587736651376
-0.05857940012491633
-0.05907624828790432
-0.06209459799511517
-0.05850119442869704
-0.06519674483803402
-0.06685256982524218
-0.0656541001463179
-0.07196757180654764
-0.07016500277587306
-0.07334065026524224
-0.07533983750363875
-0.08082081221563872
-0.09151276877542203
-0.09150514998310787
-0.0899853202795913
-0.0908559747918651
-0.09571404615838264
-0.09654729171518901
-0.10324281723857003
-0.09833860113286987
-0.10386772998319867
-0.10372630869446307
-0.10859763267051756
-0.11205034772564659
-0.10572416765614742
-0.10604482221321469
-0.10959473886233526
-0.11311492080207931
-0.11425495231331588
-0.11315009643225052
-0.11555081478967416
-0.1213605129749584
-0.12129037634491227
-0.12480521603735303
-0.11931652092021103
-0.11782163282969452
-0.1266731176987406
-0.12699387942558726
-0.1268381554842746
-0.12901624812544818
-0.13509563206711867
-0.13500365838576928
-0.13726423880869273
-0.14089804895833444
-0.1278641067941021
-0.14204655989080436
-0.14057295554911944
-0.13663966738130387
-0.14016539469428688
-0.1522796980107747
-0.14839901883775988
-0.14872492206083174
-0.15070730509406113
-0.15237962250003365
-0.14833055123041844
-0.1470267424546122
-0.1596776483440892
-0.15464036885855925
-0.15000713159611753
-0.15355446224055164
-0.1578623779642682
-0.15597546433498097
-0.15886067725641012
-0.1789691977308779
-0.18395524895184454
-0.18299562883026685
-0.18778225544897853
-0.18534745632439795
-0.17993207718065196
-0.1924012858873036
-0.18828453741864198
-0.1889573958310123
-0.19338767910352125
-0.1901779807815256
-0.19122275411817954
-0.21116405205310199
-0.19396859142226613
-0.20342359041617053
-0.2020363239896332
-0.20038928516878138
-0.20298149612869404
-0.20176799622760214
-0.18913807674703365
-0.197591199160876
-0.20235746689513806
-0.20138728918654492
-0.200019867822422
-0.19923831698682054
-0.18679651011922216
-0.2025627957305628
-0.18948792741069623
-0.1922451540056462
-0.2066423145462145
-0.19928792912936566
-0.20850855422516665
-0.20509233225007042
-0.18592439569383667
-0.20204480723489932
-0.1870772457857272
-0.20195214050997637
-0.20675948326228047
-0.20939336000587935
-0.2097819778317398
-0.2101862410983451
-0.20702625534350405
-0.2211297746045029
-0.21542026870944164
-0.19944649490766053
-0.20740420176847343
-0.22066556744142712
-0.21137650281874323
-0.21595148691752306
-0.2040414999311944
-0.20893831433396237
-0.2105393768324293
-0.21940569917867514
-0.1985690913611941
-0.2178145392457365
-0.21372543795585383
-0.21949303063542344
-0.21277327909439955
-0.2224978401785288
-0.22094755195013852
-0.21897716761520974
-0.20214154746850294
-0.20140861231263352
-0.21988751478637605
-0.21434317414049608
-0.21704567418233986
-0.22224273624798663
-0.21167001468478402
-0.22073591925361427
-0.2090705092548145
-0.22791789598445328
-0.2179308266665315
-0.21807438768121565
-0.22242683102316596
-0.2207201336647651
-0.2156410544869449
-0.22376197847496784
-0.22540321363631313
-0.2175431331690011
-0.21410301691570946
-0.23409268403189973
-0.2182349713375727
-0.22319784491787392
-0.22627878641031046
-0.2248687242189042
-0.23020671362412892
-0.22968215078057708
-0.2184121269472208
-0.21355119290537844
-0.20658201064904838
-0.2292180711653767
-0.2243673036558414
-0.22422403156292897
-0.2161925806656711
-0.22463522587186302
-0.2217253030191154
-0.22730548370470718
-0.2353792748821885
-0.2306672211264763
-0.21643655965747238
-0.23583093045871387
-0.22330413632051543
-0.22251634722099053
-0.22993105139886572
-0.23441208873722624
-0.20948225134641932
-0.2313138840392771
-0.2219159481276124
-0.23237282380513433
-0.22888605527878192
-0.22701102513723673
-0.22389959174061547
-0.22465847323598095
-0.22613930423654982
-0.22069883085931688
-0.22703729131444325
-0.23180572898909257
-0.22507921923000068
-0.23130483484348086
-0.22889362706367206
-0.2290349732795658
-0.2308702071086631
-0.21329208673579614
-0.22387644233668189
-0.22948366646517732
-0.23624271010253242
-0.22947562657758708
-0.24043477471022642
-0.2379051307992389
-0.23373496519685638
-0.23288592347004078
-0.22982586672991628
-0.23280804663732918
-0.23413760652789697
-0.23609053002049527
-0.23678427412191488
-0.23207528779171263
-0.22937910813111476
-0.23591565375050255
-0.23713555387209245
-0.220718270078216
-0.23583178300932722
-0.2362641189740706
-0.2323025566422277
-0.23130067355584266
-0.2348657320193388
-0.2339173524700062
-0.2250038667441194
-0.23724946431642355
-0.23190005744256328
-0.23443608573945937
-0.2411630206172251
-0.2292160056976635
-0.22736286736774505
-0.23301303068486354
-0.23645719327874848
-0.23012501266075044
-0.228189410311194
-0.244370665150792
-0.24166833647606215
-0.22384908104445353
-0.23051024628267683
-0.22802635031669263
-0.23520440135562662
-0.23308966191514402
-0.22989287085437698
-0.2374045872478445
-0.23159674420599038
-0.2196568700482525
-0.23799189520236924
-0.2394652872097267
-0.23933491554323016
-0.23516274091787034
-0.23798982050144704
-0.24905963659705233
-0.23515857577694518
-0.23265179164842426
-0.23750855537968896
-0.23459634001219998
-0.22846333891663517
-0.23536819132112294
-0.2287234635030952
-0.24638063852580203
-0.237722290097435
-0.23806799136887927
-0.2316275702702791
-0.2406196739946947
-0.24138874919647085
-0.22567375325200748
-0.24023611456617827
-0.24002539393737507
-0.23621752327885623
-0.23911972152362806
-0.24075849054414944
-0.23062728385823641
-0.23417880466371505
-0.2410161823704502
-0.23180902763799277
-0.23520981937102992
-0.22756272838667554
-0.23732159295521232
-0.23085431944463372
-0.23719439978617451
-0.23270560703805868
-0.2269659425277571
-0.23999203874390254
-0.2317628294821511
-0.24023258245116322
-0.24210518205331433
-0.2354205984812355
-0.24634163509043613
-0.22093703254855188
-0.23365417988224854
-0.2324453882719041
-0.24482090217458416
-0.24309454579989231
-0.24046156673980348
-0.24364866022001327
-0.2517569280092337
-0.24368481689496135
-0.24504589093295565
-0.233253062324892
-0.2444407684495071
-0.23826844340734166
-0.24252247078601724
-0.23514647627004498
-0.23748521373465234
-0.24358278706423742
-0.24156949841309078
-0.23790193242032937
-0.24128719613928282
-0.2385000686723142
-0.2347927283813325
-0.239334501144392
-0.24493352813256342
-0.23800387798711653
-0.23474568577401475
-0.24005803053065153
-0.24072758355045581
-0.24389145464470335
-0.22434208401567868
-0.2522381060739897
-0.23725286653043956
-0.24409653956325633
-0.23633110388338527
-0.23012135416336685
-0.2390906347794511
-0.23928076733662976
-0.24301256315460193
-0.2373119710489761
-0.2431815155728862
-0.24079910971408405
-0.24305378934200034
-0.2330602168548342
-0.24218397657326796
-0.23617230521338134
-0.2263485163295923
-0.23897934328759865
-0.23173051117738896
-0.24862930997159302
-0.24333069637027938
-0.2456691739527215
-0.24787264694270222
-0.23686835842173382
-0.2516285122916083
-0.2438690334098842
-0.23387473599638703
-0.24561749197042113
-0.23691802465137893
-0.24322507632487195
-0.23782993188893148
-0.2452989527907521
-0.23922302738043844
-0.25105917001220107
-0.24240476134153763
-0.23231445483770702
-0.23868785773040557
-0.24629037461462563
-0.24094570200717033
-0.2426456331013093
-0.252017553937826
-0.24720505085227487
-0.239128330311087
-0.24709117684082563
-0.23481068376497455
-0.24533030746994391
-0.2358127052869253
-0.24346235807296315
-0.23764251989194551
-0.243090673058609
-0.24835599326824612
-0.24288337968845758
-0.23935121232619658
-0.24160290875253135
-0.23585548763011777
-0.24272470932107332
-0.2426206752530345
-0.24520320498362877
-0.24194045122008945
-0.2421254134383197
-0.23499207011332557
-0.2479524271904421
-0.24463022590686448
-0.23852154821005844
-0.24979106235276974
-0.2482683401535571
-0.23734964109061993
-0.2434609480023514
-0.23576050515236088
-0.24693847025274746
-0.25267144718306084
-0.25363595340670464
-0.24415634358927454
-0.24147645690423034
-0.23635175786322846
-0.23931767217795671
-0.248116763335116
-0.24284643024923305
-0.24468724075608553
-0.2326120364068206
-0.2497190372509706
-0.24582946886734444
-0.24697699121534053
-0.25103438870039185
-0.24044985898339624
-0.24183476312887356
-0.2425115583536699
-0.24031119811943027
-0.23702847996717005
-0.2525066274750102
-0.2454092253194472
-0.23701303344320998
-0.2474782257088164
-0.26509662476447665
-0.24289824658504253
-0.2474050859533231
-0.24720721567550177
-0.23167816185132536
-0.24111431817468784
-0.2453483019411583
-0.2318436861608553
-0.25216597278460434
-0.2542814012082626
-0.24420292969692006
-0.24880752376417897
-0.24964660683343576
-0.24737771809370634
-0.24653311048030313
-0.24007506583015933
-0.2529146853721284
-0.24547170787732037
-0.23102672487703088
-0.2406376087532718
-0.2414108862647984
-0.24219952901531713
-0.23365130713955531
-0.24346249320878807
-0.24392044170938904
-0.2321488090047194
-0.24675733155874147
-0.23913173129642504
-0.2510435270573896
-0.25753314721154996
-0.23910799232439092
-0.23712713188113937
-0.2465964922914883
-0.252738584862969
-0.2388678447822306
-0.24253820778335172
-0.23001088036010067
-0.2567853896219274
-0.24183652147010584
-0.2548633099507146
-0.24899340957735283
-0.23841716006887928
-0.241473673794717
-0.22909353595426743
-0.26366088084048694
-0.2564448681250888
-0.2296721753506387
-0.2496390474830256
-0.2427689279598071
-0.23674266794046692
-0.2439395497824987
-0.23862993344544248
-0.2541079465930804
-0.23670304366880762
-0.24946075340177026
-0.2415477860567355
-0.2478358275807542
-0.2406848869454934
-0.24741963564974162
-0.23801826021467992
-0.24362330709253763
-0.25609268857366513
-0.2418432482217441
-0.24463444539569607
-0.23821432800730089
-0.23980819501069395
-0.23584465997279153
-0.2574360542653913
-0.2491468917193416
-0.23120308790635077
-0.2516203040030884
-0.23951082078629302
-0.23836449596150092
-0.24904564419852748
-0.23837125284741068
-0.24581939109796008
-0.25403721715403044
-0.24777849452469006
-0.2497039874317726
-0.26142431079657885
-0.24447803329844847
-0.2506823748120321
-0.25326862008953394
-0.23854021222549623
-0.2416030318820392
-0.24061500774311426
-0.2491216066676055
-0.24635306309510951
-0.24976637353398656
-0.25678024688875184
-0.24941231385932258
-0.2554951814066159
-0.2557470550969994
-0.24552911269124741
-0.25367607392499447
-0.23651447071806944
-0.24868391277340723
-0.2529762910482852
-0.24810519003614936
-0.24722188370824533
-0.24097206763013504
-0.2414853465177831
-0.24128797262406473
-0.24916029174767618
-0.2443933756733241
-0.2378592409857715
-0.246468533534985
-0.24313356517513285
-0.2475850253584927
-0.24421350598859887
-0.2488565722056869
-0.23431854825364595
-0.24521608595560046
-0.2490046285856148
-0.2479682270297901
-0.23103317516694657
-0.23861560173987265
-0.2426655359749107
-0.252634345050853
-0.23969412181774294
-0.24042045358010117
-0.2399791838018854
-0.25225627996708516
-0.24777206920706416
-0.23470623143623734
-0.2421725181723134
-0.2526757958819199
-0.24066169176747643
-0.2467397847701675
-0.25830226775634196
-0.2477684159316748
-0.2470699382671552
-0.24957286117860725
-0.25086745319259895
-0.24477889167039008
-0.2391156536377774
-0.25157808437606544
-0.24853838982845078
-0.2480517478809555
-0.2535511109645861
-0.2458020701513503
-0.23398070924888903
-0.24585128560161715
-0.2545572638076078
-0.25663920566776544
-0.24453692677495784
-0.2414031316446819
-0.2616942746839089
-0.25425315005776955
-0.24265132623980934
-0.2507067619839765
-0.2534120629243168
-0.25479970994653317
-0.253222967964869
-0.24442756957842582
-0.255882214407078
-0.26111911908658436
-0.26011894244306
-0.24982359599639742
-0.25394673303650445
-0.2422329532451812
-0.2471725738165751
-0.24787375114819646
-0.24030659729145581
-0.24794702159086826
-0.24114646414747265
-0.24871769043537537
-0.24993593626786795
-0.2544254221260374
-0.24847474117650234
-0.23682888831404214
-0.2420181540846921
-0.25291888896154496
-0.24670295900056374
-0.252094730780549
-0.2530902156014313
-0.24502807014347452
-0.24419383955932913
-0.25156357329945234
-0.24987449142143361
-0.24040155498026955
-0.2523724223025028
-0.25141730217758845
-0.24731902392263444
-0.2554397099827072
-0.2310127799449734
-0.24629138322734787
-0.25159219747050654
-0.23748761939380597
-0.2529655820641965
-0.25512655141332624
-0.2438840889299736
-0.24406053687314064
-0.24140562489267814
-0.23852046417404515
-0.24326121635754286
-0.24869526957356652
-0.2569193551671819
-0.2604356772177287
-0.24414681597704246
-0.24395861429612342
-0.2522126743672247
-0.255933975620383
-0.2454400172202008
-0.26027003492803846
-0.25155959621965834
-0.24884970961331127
-0.24908285262664775
-0.25155258111689405
-0.24343066828990792
-0.23991433329018705
-0.2429854561880385
-0.24042722278272188
-0.2464175494700593
-0.25010179057813586
-0.24306521894655717
-0.2536571080139441
-0.24128858408245718
-0.24317490120565166
-0.24936638750227347
-0.22951267692874106
-0.24319314439203446
-0.24754273112443967
-0.24062817811379955
-0.2475996121390571
-0.24653885990275354
-0.24542257233549303
-0.25169394943395085
-0.244375647644895
-0.24583233036543062
-0.2389635179884905
-0.25974888022320025
-0.2450613825406292
-0.23683243339221915
-0.2326034575529897
-0.24419716952996717
-0.250602048123857
-0.2504874461207741
-0.24671851893891736
-0.24979953630045248
-0.2521395605582099
-0.24507778603583574
-0.2482127156373335
-0.2469310594640807
-0.24391155733873715
-0.24293423787984295
-0.25202773392287103
-0.254772943431615
-0.26121019180238403
-0.24756862434440652
-0.24935383374745013
-0.25738727870019446
-0.2454257625159964
-0.25038590526343046
-0.2492263066926514
-0.25766656656800085
-0.23685863241553307
-0.2521334074110332
-0.24232258588750666
-0.25527204124579445
-0.24541376505133716
-0.24195687908910535
-0.2541440840658927
-0.24701218449995546
-0.251553517569564
-0.2379981406172617
-0.24650309769104617
-0.2587140850248706
-0.24944933624312435
-0.2457089392520675
-0.2520889096390408
-0.2585708037506397
-0.24220260751532338
-0.24968927360238455
-0.2580427775058404
-0.247171323840297
-0.25869240810810673
-0.24653329379202013
-0.2387877623370105
-0.2538957519875478
-0.25509559918972313
-0.2468777237705482
-0.24792200625929453
-0.24500271627073025
-0.2597929134180418
-0.2514236887143227
-0.2441586259432445
-0.24356421225196478
-0.24964936245569733
-0.23973586335591732
-0.2404720926433513
-0.24173333323307972
-0.24721519184706117
-0.25331262200685745
-0.25344550766433455
-0.24664643151355903
-0.2588965672932238
-0.2612411993346959
-0.24848368314265704
-0.23708125475062494
-0.2617761231549758
-0.26540870800041605
-0.24304393494082976
-0.24720741902268673
-0.24850169749020837
-0.2485200857168463
-0.2426713115417757
-0.25002272813689225
-0.260421332725124
-0.25592722420794867
-0.24958631785066668
-0.2554895809059842
-0.24823588174130065
-0.2554760561505145
-0.256665144359948
-0.2505829590649491
-0.24567112094618607
-0.24359527702000502
-0.24703172575237195
-0.24911185638685482
-0.2509226114549301
-0.2634664947908247
-0.24490689832322513
-0.25215320915551687
-0.25813361507351934
-0.2405522387277441
-0.2393365012029383
-0.24711213081242464
-0.258070118744552
-0.2630665506926926
-0.2537899688367542
-0.2570919288510038
-0.2635371727160195
-0.24780700782278448
-0.24907097930223404
-0.25453494047296044
-0.25714761751056564
-0.2552762516784465
-0.25300906194694034
-0.25441250902614426
-0.2599408780140393
-0.24829393813208478
-0.26412042499055427
-0.25716190234558217
-0.25832329969281614
-0.2560472269217635
-0.2539107005270703
-0.26038895691781083
-0.25313441334075704
-0.25327601929216886
-0.2495536370881537
-0.25238834226561724
-0.2556799138398018
-0.25961210089916176
-0.25589998474570824
-0.2461984537383036
-0.23984846784940797
-0.26096839257287346
-0.2472079599364023
-0.24626492020055574
-0.2465734056676004
-0.24350908627728776
-0.25225587186309717
-0.25520097795941266
-0.2546320819038445
-0.24947942804815296
-0.2550803282802313
-0.25263654303951166
-0.2531751485490926
-0.2471021172284926
-0.23873414071962643
-0.2543721517225492
-0.2540280662810319
-0.24741625757927066
-0.25130466351198943
-0.2550415094726471
-0.24898415790192147
-0.2516531713243131
-0.2551503027079372
-0.23878489818197773
-0.24409418340859024
-0.24542831631199258
-0.25024641317812346
-0.2559446502515736
-0.2574590311544521
-0.24331796448196474
-0.2490840574789032
-0.25801368980567413
-0.25637240406457884
-0.2524951022113517
-0.24983467920460722
-0.25796024922524563
-0.24770809674770294
-0.2469058037959328
-0.25189964786275393
-0.25459004905392496
-0.25490996528426496
-0.25236466198736074
-0.254444017840275
-0.251508532063097
-0.2504758995025748
-0.25537172614570314
-0.2530313137869377
-0.2451346222511601
-0.2522451890733584
-0.26311525213471987
-0.24740612581949825
-0.24975301319304902
-0.25380643763042776
-0.24729725661042606
-0.2403284938746067
-0.25039956344229
-0.2457463554075368
-0.2424059038427093
-0.2600260209629086
-0.2470158500577629
-0.2473091410992797
-0.25380858292355557
-0.24641372215541835
-0.23492864680233427
-0.2478973338385269
-0.24643319348012907
-0.24975056012503402
-0.2603566646624058
-0.2522677549339099
-0.2596467658414118
-0.2477792093496606
-0.253495446954991
-0.23947651259774386
-0.25239273166952975
-0.24589569333793948
-0.25042095333722825
-0.2463067436075796
-0.2535572663353857
-0.24305886200097335
-0.25378993334707706
-0.25554017047818933
-0.2588124627569926
-0.2622584508688644
-0.26281133893689557
-0.23797707007933186
-0.23585150421666853
-0.2553080922724843
-0.24487298697676
-0.2473760254883258
-0.26005902085501403
-0.25111439366504856
-0.26742779600039335
-0.2579321196899588
-0.23968926634644314
-0.23973964613763668
-0.24913356437116804
-0.24283974151757548
-0.25663015138338624
-0.24446562993868426
-0.24271258490716013
-0.2501274308175311
-0.24696428254150452
-0.2545775084386914
-0.2515801665140316
-0.24038279629781728
-0.24993183073128672
-0.2613089079619686
-0.2506079864555859
-0.25060551239115014
-0.24950769414658386
-0.2527958602170419
-0.2506236269172445
-0.25392214931157786
-0.24583247031063535
-0.2443977791478482
-0.2350436169858685
-0.25340293288153887
-0.2506052475490003
-0.23558761918669427
-0.26155044201181515
-0.24292922443490672
-0.25050139723487624
-0.2379084947261507
-0.24828371136071453
-0.25545695398089496
-0.24782296373311535
-0.23562572874521082
-0.24940857344886977
-0.25470976344654483
-0.2515016683264219
-0.24087020197329148
-0.24643641555241433
-0.2464097697198757
-0.24855709300952233
-0.256555475224801
-0.2547283630182808
-0.24619635216800317
-0.2588277915438507
-0.2523324623973487
-0.2550875810323914
-0.23811424626350325
-0.25219985880186296
-0.24163491318991046
-0.2632277432657076
-0.2611888694872921
-0.2508078446606949
-0.2484896956014661
-0.2592082844844969
-0.2462813055614438
-0.24882626551256373
-0.2507567635763831
-0.25317744631034467
-0.2467974885625558
-0.24492668815183355
-0.24781911750384233
-0.2471755165847389
-0.2526003118389038
-0.2473165675617504
-0.24606953974685677
-0.2533864467874054
-0.24041826927009247
-0.2506183887632126
-0.24975021919043067
-0.2501489633371818
-0.24207323127623542
-0.25370369715500596
-0.24589414407200727
-0.23837941775257274
-0.2460744843580002
-0.24940082667069388
-0.24513639667906464
-0.26927884888308223
-0.2500034403092004
-0.24082229629300958
-0.24557397802401268
-0.24744729702998655
-0.24959995619740905
-0.24056500826483396
-0.23941722476147403
-0.24655271027608983
-0.2552220656630374
-0.2613806391919383
-0.2523005359038441
-0.2486170586351984
-0.254801837010285
-0.24635114607528136
-0.25049188831587654
-0.24187275764679184
-0.2558394425563052
-0.2543693846314231
-0.2585895028860532
-0.2543637093628254
-0.25313371409047203
-0.24864229658084322
-0.2502415355160178
-0.24129620698548057
-0.23960447369278132
-0.24935806101279512
-0.2391048063216033
-0.24734802445088747
-0.24640174091309885
-0.24547291529973733
-0.24989212367284167
-0.25308530275572755
-0.24860911745381317
-0.2500249193163074
-0.24328969667355219
-0.2529922455395223
-0.2559276253552939
-0.24108366872297085
-0.25938990323452965
-0.2542856110269517
-0.2458267169751862
-0.24306797044284315
-0.25675287082772075
-0.25636817103020787
-0.24837224917559708
-0.2437119554795652
-0.24054270899597102
-0.24948916223666628
-0.24175284788354232
-0.26055579160000814
-0.240381897027058
-0.24718681309319243
-0.2510175049516736
-0.2416738377046562
-0.25219638381714066
-0.24456597501664717
-0.25429241922720114
-0.2584726417470887
-0.24707248703112167
-0.2441027575497063
-0.24223015496978964
-0.2686345347297169
-0.23817502903855509
-0.2330347311460998
-0.250223218661899
-0.24947911187785415
-0.26553227395259654
-0.2533480886812743
-0.2441381962448888
-0.2509430799735842
-0.2543469354587316
-0.2504566745690879
-0.24796519294689176
-0.2507509286840295
-0.2466543363142537
-0.24521127094283643
-0.25181242600516524
-0.23984864313463447
-0.2525709164461232
-0.23878204004624884
-0.2564845094625725
-0.2534632314169823
-0.2525995798307911
-0.25892693890518576
-0.24831986240801962
-0.24978771199275515
-0.25021687273696563
-0.23956393677673907
-0.2576711239336535
-0.2554153248006526
-0.2567315142053042
-0.25000350747001177
-0.2533783230109944
-0.2591434712064493
-0.25599505612055123
-0.25429490869937016
-0.2610966255431104
-0.24962440288495705
-0.2649258403949805
-0.25619263584738794
-0.24239723425772455
-0.25211093394032824
-0.24816218192778763
-0.24617115836572478
-0.24686989927175876
-0.24401861773346592
-0.24615973411003086
-0.25721266176262797
-0.24580898039143423
-0.24244297210166824
-0.2498322689474996
-0.24684996060179956
-0.2417243724635944
-0.24595709569097643
-0.2538738927397232
-0.24358922647413359
-0.25308078484133234
-0.26205062781982796
-0.24744175251895797
-0.2487168113113855
-0.25098721431784854
-0.2415074493733923
-0.24449738301968477
-0.2587126695246554
-0.2578062350339514
-0.2545769431409294
-0.25530916992550867
-0.2513688019740345
-0.2357893923504485
-0.258168393265918
-0.24681364489780638
-0.24885976478308247
-0.2470657448855876
-0.24824803797720668
-0.2645912929546348
-0.249552975882817
-0.2438438884475935
-0.24680552038169185
-0.24509797044319778
-0.254989902320431
-0.25594060309291444
-0.25034901364682394
-0.24645410052341835
-0.2442645808628902
-0.25484513104183343
-0.25390664610809593
-0.26336741412313563
-0.2593968045977197
-0.2524829886906939
-0.24817359436409264
-0.2530595355568507
-0.24058483894769997
-0.25437221466022175
-0.24592176638182628
-0.253102433757974
-0.24899005510143993
-0.25364085423184957
-0.2532694274150509
-0.2475990769946683
-0.2529046929631507
-0.2644761124450126
-0.2536303265742508
-0.2453813745835146
-0.2551239876495313
-0.24939830877964964
-0.24530322601457996
-0.25231450657030563
-0.24991891526638768
-0.2590032873027874
-0.2500132760045044
-0.251823779835681
-0.2610821708247489
-0.2496715249610735
-0.25623917836907684
-0.25645730357020924
-0.25055577346780733
-0.2425790394942736
-0.25914054266261344
