1.115759885664049
1.065983131587986
1.1328301217080545
1.1684900760016543
1.292855300087678
1.2300186135010638
1.1829760084235734
1.2835300722189489
1.1438091820227387
1.1939739723630407
1.1026575589909198
1.1025395837430025
1.1084791550374762
1.1303967965093065
1.031281936360756
0.9721313837915659
1.0148772792988703
1.0459025342549597
1.1103780234799436
1.109177702665329
0.9024284947267238
0.9963890997549663
0.8971382115689135
0.9875316329222793
0.8868826591702581
1.012708066193306
1.049715888676464
0.896857368313965
0.8306622102597936
0.8545067580053783
0.8641188333082633
0.7209035872526417
0.8183096327372471
0.8018969398324339
0.6952897566608248
0.6557481128157691
0.7557099755771003
0.6903085411660016
0.6528679307036024
0.7357265389677387
0.6384222667088528
0.5744871053236327
0.6907405492611756
0.6639524948998339
0.5892713544623499
0.5040767556763187
0.5119281169915216
0.4829145549988354
0.4805512526562173
0.4918845422188478
0.4078003251447783
0.40778650299052194
0.44447600982638114
0.3782477510128353
0.49416286049436364
0.33635749181543095
0.35829406629996047
0.3947817908110471
0.3063899579026656
0.3811091300620303
0.3578355317524295
0.2832638103307162
0.3278104946049814
0.2705293374137622
0.30922591058745846
0.2532128331295642
0.23513835654178897
0.28409769296817505
0.2175734178584648
0.24495542300155204
0.22922792367468828
0.2111119987554512
0.21479131966135293
0.23466109847913216
0.2147832161288869
0.2023856528715857
0.2614963573922106
0.23972469147216263
0.15800460982243175
0.17269937179035358
0.19017644222112123
0.17208489129679608
0.20513020004564572
0.15413673410637732
0.1350251464390811
0.1514912621732139
0.24126673849815833
0.14775811941648354
0.10750511265418808
0.19512247821762774
0.23213834372350683
0.15559037973705955
0.21992648669733214
0.10670430153366378
0.17817720706567805
0.14475521064705052
0.11830855140970312
0.12569398543655927
0.11105918455276509
0.12236709787604153
0.10409337496331157
0.17740693356325082
0.1970294654335827
0.19662577481282803
0.16835960442767953
0.09973215990187248
0.05296488106700107
0.2368190634760242
0.44597539721555984
0.25422774890585603
0.2148752245478357
0.16672934209124876
0.1009624672136087
0.13044225544991456
0.1406790152078453
0.1381236307486242
0.1948572345679924
0.08406845379484493
0.1826912443340154
0.16376423044703406
0.11973688028828136
0.26592114761471725
0.3459306958796895
0.16040203304525566
0.18033867056437197
0.17571473540119859
0.21772107978180896
0.13277848340932463
0.11765440825854517
0.16931781878496543
0.06974751450172736
0.11427601199793055
0.2260393344188048
0.7325619509861274
0.42588856729294483
0.2131961840763622
0.15857584794117016
0.10015667684008701
0.12020251145433435
0.23921454497717254
0.18607070144463236
0.1474222928080374
0.12871978883490057
0.11017114815857278
0.2518567051809264
0.08459626003549513
0.1838717602884791
0.0982410282157035
0.24619796886377351
0.34774469529571694
0.3639660037319888
0.33072218464453973
0.26344310616192984
0.19003833530027497
0.10802809027172405
0.24148592120964818
0.20380324146010023
0.3703460674818704
0.14071137616988733
0.2547493811489207
0.0794951673147605
0.11476796463516019
0.10613359378080893
0.10569533899584288
0.27978059734906235
0.12286226790665038
0.4092314409087373
0.3132821467624042
0.24269846520565977
0.3003490025771843
0.11799556401143953
0.24849167386336732
0.17879580927837718
0.11829628409057336
0.20068653442380785
0.25149229506424936
0.19012364048520858
0.12580422327118254
0.18241671700594125
0.22215971309235846
0.16969322744927606
0.12352137733000974
0.08740766289449124
0.09978123396239807
0.33599951971035635
0.13460330819194638
0.21310889691005647
0.16322064145593534
0.250887407709301
0.3017689528216803
0.20065624045179797
0.11247999633098295
0.10213952197089644
0.1084303518368696
0.22019322719682413
0.13302545944550836
0.1602222605082391
0.27401971209305565
0.15474880665206278
0.05420285275332415
0.2258264655034038
0.1554503444533533
0.08236206973526992
0.12562318170689074
0.13142704249948428
0.1291822491047724
0.15991860721309492
0.12792448968764794
0.21749426498630575
0.13232707026576335
0.13388286645770578
0.1894828698410789
0.12461148732650078
0.14762664794357067
0.1479515377015524
0.14149319805499008
0.12141879068026991
0.1465825806565096
0.07009368426359246
0.0987193509801111
0.28453720772043833
0.13713227569735106
0.13448565310404
0.09514905620591843
0.18037734971185038
0.1856929289687167
0.09703853572487436
0.21561617183752022
0.10297122953244403
0.16304136085241908
0.10732457287804549
0.05084858380631505
0.09953672488558139
0.223332851460746
0.19774415289889524
0.13854931927446962
0.11946319493040505
0.11797544723703204
0.17111178749978986
0.15701149933148792
0.08130911319366904
0.1264107197746992
0.14372065975932283
0.1361713779144854
0.10782636279454129
0.19314648765328257
0.12009030318440515
0.16629004731965483
0.12004241749611233
0.13610723942920014
0.10588714672658554
0.34116014302440584
0.18387433465823125
0.23114037970164875
0.11210362860126451
0.14532069355074562
0.06345803376725452
0.123365198183684
0.11040984338694612
0.11021067318290544
0.10077899270506566
0.18032875511970137
0.18354482466901437
0.27684508667303215
0.1860104297239797
0.09045199830093317
0.0799183418820912
0.27802900438862416
0.22998178466758176
0.1245138715776524
0.21440842381159317
0.1926443419516899
0.08562841312263958
0.13914140327169827
0.17799013606433334
0.16339442551948166
0.06259573794812302
0.27185951556919324
0.1421365406026993
0.13559149704778106
0.19444631385621355
0.1459339291149257
0.11308640851922969
0.17149867886661427
0.18424087729636193
0.07955038707234251
0.05574811219145982
0.1076798103633117
0.38583700295526047
0.28638931697636966
0.20211185524853606
0.1402823201935327
0.09226530373034733
0.1232191912010705
0.1622548793972432
0.1793973119837517
0.09566412982658873
0.08864716330343274
0.123583578727681
0.05966404828743781
0.12287528403792662
0.08467762270202944
0.19950699557176124
0.3116568375687334
0.10648159208560175
0.13797618129111966
0.17309592882320918
0.3791227928443654
0.13904064458522028
0.1640326805845288
0.2363697778696927
0.2548304921027313
0.12452242490083609
0.17832341584152467
0.11655042378587499
0.08042133485981391
0.11914582015503089
0.13529056088559788
0.09273490503291833
0.2679133951852829
0.265794520191925
0.14724967523934712
0.1935684236093362
0.07525401195055614
0.0550539465754561
0.09731048123579807
0.15024567928828517
0.17299907801645223
0.13303323168130785
0.24391835252146274
0.2761191691518104
0.1687444334347257
0.07522701408113694
0.13111958170846652
0.1902550111096375
0.13395257893978066
0.09140321006104787
0.054809941098442845
0.15256283613178204
0.1482657116986652
0.10964193031026837
0.10337329307282186
0.1310577798918249
0.17126019874596718
0.10827408206922016
0.14887895926345143
0.22221813324704837
0.08985482253399538
0.1161878726160644
0.06615432677500725
0.17065589520665847
0.13335087280146843
0.2775040698839439
0.1673134642568533
0.14794750644143176
0.13565750424320114
0.11818284716261182
0.0906762919698914
0.18867972183234205
0.2379042257482811
0.23618942999200476
0.07521272443745207
0.2189779045169528
0.09185051356232175
0.16139023794709975
0.2727045225629814
0.1715635626306042
0.15516311072832553
0.17463577498494115
0.14941731288106716
0.45501173542663303
0.2832720102410351
0.24106545151992975
0.21590011812856139
0.19309034792253382
0.15571351298722338
0.12982632211616937
0.18371997399385126
0.1933190538286891
0.37171089081062886
0.16403188858796727
0.45064886860903186
0.3164191658487413
0.16259417490462622
0.16411265840166786
0.14013563626975575
0.3737773922896152
0.22308889234056084
0.08311539069058134
0.3375409282329407
0.11622920130142905
0.5786122780698627
0.15572296904488572
0.16283484556927522
0.1690256093527759
0.2586167882989804
0.1797218489758572
0.22207920377053414
0.30419989243569456
0.20126484314637727
0.23225570283569652
0.3130789059196063
0.20332068229897968
0.10268709710695573
0.30320522200308503
0.15119049084031305
0.35933632913476926
0.23800369818816677
0.17930888528783684
0.21961688722622616
0.20905184097243143
0.17629431655099867
0.0996089236097047
0.26129879079584056
0.1775327745083173
0.25390360739157913
0.1436226448687556
0.1975476012338845
0.07102315616244517
0.24788957742752665
0.15902817789581322
0.18681018834943497
0.09635776533897514
0.29330961168885983
0.22098014160071347
0.1762472659401116
0.27068263815226834
0.18524105013701136
0.10833077288639474
0.20814194578976136
0.24273543600523173
0.2239805910673205
0.21582351836458186
0.18267902262376867
0.15375039878426522
0.37783633729845006
0.17448845486593134
0.20059803651576988
0.19240179674251123
0.1797092085445724
0.09077657891115745
0.09524658841755086
0.1706634874102532
0.29401607951114367
0.3617260233643929
0.2082743349123575
0.23801662185491465
0.4495605121887489
0.2571049235116071
0.2346791219041532
0.22005583595849607
0.2384532106654285
0.10158499226392537
0.16800949735598178
0.19392909420900709
0.1134908160272562
0.16150068963903394
0.3485562033390059
0.1746043732500955
0.12811104350664784
0.1869816525666418
0.22283377699344634
0.13192459700018092
0.25151450166040107
0.1997190886926058
0.19657967545783847
0.19710024039826723
0.22514209080823527
0.3081040561609032
0.1888072108828447
0.24636561883280095
0.1329250382910556
0.27044815874159406
0.34276663694671633
0.21310030179529404
0.12015623664305206
0.23320719036810356
0.3087970409784448
0.379355902947818
0.35137903180089286
0.19397915078778136
0.21259668529116876
0.18851709302137398
0.19013692967984558
0.5568468789501897
0.17719584630586221
0.27445410415607097
0.1419538414302485
0.06106871461611568
0.13503684396125512
0.09754184185317201
0.17613084836873108
0.13472126528019612
0.1365662445247138
0.2990079813758088
0.22937753097650473
0.1394897190374879
0.19734886965263343
0.2009922117987237
0.19625265223241814
0.21838827553371942
0.1532675660212203
0.39298039552884684
0.24199401895240039
0.2559989286325604
0.10754336851107513
0.08336898401486358
0.11986311204905165
0.12793123978689247
0.6214941134414562
0.18039750283258416
0.120831176434672
0.1803349595691026
0.43779241214645737
0.12578638108901977
0.14454729083647422
0.16417259648761248
0.06272690611274932
0.4154992439954246
0.20683018419049687
0.17577766538476122
0.2103165885374084
0.13511457732124185
0.2097134982706749
0.22200277798419776
0.13903382029915418
0.11721692478142795
0.10574606447037085
0.08947128515464071
0.15494507561712642
0.20559726557086322
0.42101781700751656
0.2785447618044979
0.19976336791445523
0.11240870288870573
0.18243709258734034
0.0693368985411944
0.07740672220452212
0.32182398349958324
0.2745826905937461
0.15319221781951423
0.08775519803150726
0.15871814129200354
0.08866093525207133
0.1654769033680202
0.08936988657767278
0.1425122400601217
0.07117091137235243
0.04773824964685457
0.29762577200245427
0.2546879629364914
0.20912000338792733
0.1425814490877808
0.39477912285444344
0.27625284160434194
0.5734597978327629
0.15213009430177207
0.18512927933868947
0.17962773504012963
0.2358050381364724
0.2784399002935619
0.24296288613742587
0.28220403560224766
0.2414766686968221
0.20776965451994275
0.4637094124588238
0.20124139734137544
0.10127464159468196
0.1542037655900284
0.26451351161733283
0.13464365086679383
0.11108170865207613
0.07676265884995453
0.15008890298010563
0.2291021565486849
0.3592016276138498
0.12869566518891357
0.4670579095015287
0.17678497905560314
0.2087697141697287
0.5387332215912745
0.3455844753366879
0.1626123299426951
0.3217011243915274
0.18313468965649427
0.05557528450800378
0.17561554010450384
0.25078472404353375
0.1558821042698661
0.19894849148305524
0.2986922786901602
0.14653660699165771
0.17167788184002336
0.3142862648220467
0.19515904051128263
0.22362943984235453
0.286018811542843
0.17475953759060406
0.05619255084986503
0.13430160128471158
0.09860778828172069
0.3092345902998634
0.27735517550106265
0.31057523064650844
0.14268589634985843
0.17844571666232806
0.1015209504117479
0.18563731028974706
0.2097517162772632
0.14642008157883757
0.12171472493162126
1.3866748138128238
0.24660601826345818
0.27670007275704234
0.43295081888285625
0.32085481546662964
0.18899865976911315
0.18056308655013614
0.2056564392266408
0.12246631037973035
0.26344870092999395
0.30257806741101767
0.40665808785948404
0.13844290619478836
0.1311290017262626
0.057113240576705776
0.19868259887899956
0.08726194446568653
0.28188145217466776
0.21314032559835364
0.17602898094642985
0.36190381378878117
0.20075863719812145
0.30268124861128587
0.14857517340918197
0.15803858726219236
0.14880530789282392
0.27457610689924156
0.28070935597619645
0.2685712694892814
0.1711418370432661
0.28426899917871107
0.07660481866691149
0.1631199976589295
0.11809428712119702
0.22372876020247967
0.26506688251762367
0.15738401136231703
0.7036595577952843
0.3816321325822087
0.2534959537165496
0.426533208595351
0.44325245321020834
0.16654254267343094
0.2700371312248356
0.1282944663188293
0.11193524652466173
0.10755461731601301
0.36914046593360544
0.3954210082049438
0.1373151150893427
0.3398018664633543
0.21524921684340098
0.15412374506639587
0.09340179266384735
0.38112465285315184
0.40144616635726665
0.3012894360253163
0.3186777317981745
0.302215615437561
0.2159366734586373
0.6448946848403397
0.2271327742912048
0.15786236938228287
0.058407605147349946
0.19384883311040435
0.35727833536043363
0.1978731972925308
0.3553025369809838
0.09698520610028613
0.6531905016292604
0.0811271538188623
0.12439238279775654
0.18279101762091382
0.18157071870852642
0.2760839221142361
0.5998274285686912
0.19698741815156107
0.15538316793741871
0.265124048633617
0.12033212474143039
0.2827257936478546
0.2565713503509271
0.14436675224982634
0.3529177048623684
0.718218638632916
0.4041430880585253
0.2994790932962403
0.2616392894406875
0.15945206420268035
0.19481576186966118
0.552932581682575
0.29831605067466427
0.1976289966990478
0.38428351736090377
0.3475562178357856
0.24792200790136978
0.2003416614434236
0.19946608257689366
0.12395021376873425
0.47560677184680616
0.4478143070773042
0.28198391938582146
0.13799613499267208
0.1761752917293195
0.22778196238336637
0.21945448724143987
0.2014684606946237
0.25139262937040724
0.23656575383975847
0.2812690501839331
0.5479706191049
0.28176772371941095
0.3086867821469728
0.16227624332461413
0.14543430320646947
0.26202566314557263
0.1523703678597857
0.6778705152451154
0.14191178680412744
0.11524399016072237
0.3046941329605546
0.3022131642131062
0.1907906152526712
0.2113296320631118
0.31831806229409665
0.6127283081013268
0.18892842307058663
0.17307126053938143
0.3083803636709985
