0.06
0.09
0.09
0.1
0.065
0.085
0.095
0.16
0.145
0.115
0.15
0.14
0.205
0.18
0.195
0.195
0.21
0.215
0.22
0.205
0.24
0.23
0.275
0.24
0.24
0.32
0.285
0.29
0.36
0.35
0.285
0.42
0.345
0.38
0.415
0.395
0.445
0.43
0.49
0.48
0.475
0.565
0.52
0.585
0.545
0.58
0.575
0.615
0.54
0.55
0.62
0.7
0.65
0.695
0.61
0.72
0.725
0.68
0.72
0.705
0.675
0.75
0.735
0.76
0.745
0.755
0.76
0.765
0.765
0.77
0.79
0.775
0.825
0.77
0.825
0.78
0.785
0.825
0.83
0.855
0.81
0.845
0.845
0.815
0.815
0.85
0.83
0.88
0.9
0.835
0.81
0.855
0.875
0.875
0.83
0.87
0.875
0.935
0.845
0.825
0.88
0.88
0.825
0.79
0.85
0.84
0.93
0.8
0.82
0.76
0.83
0.81
0.84
0.89
0.82
0.84
0.775
0.915
0.805
0.78
0.855
0.765
0.795
0.835
0.84
0.86
0.855
0.885
0.835
0.76
0.91
0.87
0.82
0.565
0.665
0.81
0.83
0.89
0.86
0.825
0.855
0.82
0.84
0.89
0.815
0.905
0.85
0.875
0.83
0.745
0.705
0.765
0.825
0.83
0.88
0.835
0.795
0.8
0.835
0.78
0.905
0.895
0.865
0.87
0.805
0.855
0.74
0.76
0.76
0.795
0.87
0.77
0.82
0.835
0.81
0.835
0.775
0.89
0.82
0.815
0.81
0.82
0.875
0.86
0.8
0.87
0.855
0.835
0.85
0.78
0.875
0.865
0.865
0.88
0.885
0.865
0.835
0.795
0.83
0.905
0.865
0.85
0.855
0.915
0.855
0.845
0.86
0.9
0.87
0.85
0.865
0.85
0.84
0.895
0.83
0.85
0.88
0.875
0.925
0.85
0.8
0.91
0.825
0.885
0.855
0.91
0.895
0.885
0.9
0.84
0.875
0.86
0.875
0.825
0.835
0.855
0.875
0.86
0.81
0.85
0.9
0.86
0.825
0.81
0.905
0.86
0.855
0.845
0.9
0.82
0.83
0.875
0.855
0.79
0.9
0.835
0.89
0.82
0.835
0.87
0.83
0.835
0.775
0.795
0.875
0.87
0.91
0.795
0.825
0.86
0.86
0.86
0.87
0.92
0.805
0.88
0.905
0.855
0.89
0.875
0.83
0.835
0.905
0.845
0.855
0.86
0.91
0.88
0.765
0.765
0.795
0.845
0.915
0.895
0.845
0.84
0.93
0.935
0.845
0.89
0.91
0.875
0.875
0.815
0.89
0.87
0.84
0.82
0.835
0.855
0.92
0.805
0.845
0.82
0.87
0.87
0.915
0.875
0.86
0.735
0.775
0.81
0.825
0.865
0.915
0.85
0.825
0.8
0.885
0.83
0.86
0.845
0.87
0.825
0.86
0.865
0.905
0.915
0.845
0.835
0.86
0.85
0.895
0.895
0.86
0.87
0.84
0.89
0.865
0.88
0.84
0.89
0.81
0.81
0.83
0.835
0.875
0.87
0.83
0.8
0.825
0.875
0.81
0.87
0.88
0.825
0.82
0.845
0.89
0.9
0.795
0.82
0.74
0.83
0.865
0.81
0.81
0.845
0.83
0.78
0.8
0.825
0.69
0.855
0.855
0.905
0.855
0.845
0.865
0.82
0.855
0.81
0.795
0.82
0.88
0.81
0.83
0.88
0.805
0.76
0.74
0.84
0.79
0.88
0.815
0.835
0.715
0.765
0.8
0.775
0.835
0.81
0.915
0.855
0.79
0.825
0.865
0.825
0.91
0.81
0.81
0.775
0.91
0.785
0.82
0.825
0.78
0.8
0.91
0.74
0.785
0.79
0.795
0.815
0.825
0.82
0.755
0.845
0.765
0.83
0.91
0.875
0.87
0.805
0.69
0.795
0.805
0.8
0.775
0.73
0.81
0.765
0.84
0.805
0.79
0.88
0.785
0.765
0.86
0.865
0.8
0.855
0.85
0.8
0.745
0.845
0.83
0.83
0.72
0.795
0.85
0.88
0.765
0.785
0.745
0.85
0.755
0.8
0.675
0.755
0.785
0.805
0.85
0.86
0.82
0.82
0.845
0.795
0.925
0.835
0.925
0.845
0.835
0.855
0.78
0.785
0.865
0.8
0.81
0.885
0.8
0.805
0.86
0.845
0.785
0.855
0.9
0.84
0.855
0.765
0.82
0.875
0.845
0.84
0.8
0.85
0.815
0.89
0.835
0.815
0.81
0.86
0.885
0.805
0.81
0.82
0.825
0.85
0.87
0.88
0.845
0.785
0.685
0.765
0.86
0.855
0.875
0.895
0.755
0.82
0.87
0.885
0.845
0.87
0.805
0.875
0.89
0.885
0.895
0.8
0.785
0.78
0.845
0.705
0.695
0.735
0.82
0.815
0.82
0.805
0.725
0.785
0.725
0.765
0.83
0.75
0.78
0.815
0.805
0.87
0.845
0.865
0.875
0.85
0.81
0.85
0.825
0.735
0.83
0.79
0.62
0.68
0.82
0.8
0.845
0.91
0.8
0.78
0.845
0.75
0.815
0.795
0.775
0.83
0.815
0.84
0.745
0.815
0.905
0.82
0.85
0.775
0.745
0.72
0.825
0.805
0.875
0.825
0.795
0.83
0.875
0.73
0.72
0.81
0.82
0.715
0.775
0.795
0.825
0.875
0.715
0.735
0.72
0.82
0.88
0.905
0.825
0.84
0.855
0.79
0.81
0.665
0.8
0.71
0.765
0.805
0.815
0.75
0.805
0.84
0.77
0.785
0.91
0.83
0.855
0.8
0.725
0.855
0.765
0.655
0.715
0.8
0.725
0.82
0.755
0.81
0.825
0.86
0.78
0.705
0.875
0.8
0.815
0.83
0.84
0.735
0.745
0.755
0.9
0.835
0.785
0.69
0.765
0.77
0.925
0.84
0.75
0.79
0.725
0.84
0.715
0.86
0.86
0.795
0.79
0.765
0.84
0.8
0.795
0.725
0.85
0.74
0.75
0.83
0.74
0.715
0.725
0.725
0.72
0.83
0.775
0.84
0.77
0.84
0.72
0.65
0.68
0.785
0.77
0.82
0.69
0.69
0.655
0.8
0.825
0.795
0.655
0.78
0.79
0.755
0.71
0.725
0.73
0.72
0.815
0.785
0.77
0.835
0.735
0.81
0.865
0.85
0.775
0.765
0.8
0.835
0.7
0.83
0.775
0.725
