4.2295338886522835e-05
-1.0472212722740077e-05
2.1141380742522746e-07
2.365380641861066e-07
1.4486044106034486e-06
-7.525802208372727e-07
-1.0739126200994887e-06
-1.2201632800255054e-05
-6.705727888830257e-05
-0.00017856235533012874
-0.0008314594379906218
-0.002352140789271364
-0.008463734175665889
-0.01400206087883726
-0.016794454458676403
-0.030394004680226933
-0.029402074102729298
-0.034098192560355456
-0.03653982899444712
-0.033222208567374296
-0.04486527381001941
-0.04514850678449409
-0.04629697764765607
-0.04905288396469401
-0.05204302826462511
-0.06148312731810969
-0.05098485099388975
-0.05702484886259088
-0.07286169614752654
-0.08167079976376812
-0.07542383253201401
-0.09072530542750527
-0.08034933469577149
-0.0835025293083025
-0.09294350338689829
-0.09365941641324804
-0.10667590855003414
-0.10115604569300429
-0.10987749178171095
-0.10047821548991667
-0.09428672584877747
-0.11012089954508729
-0.11648955100858187
-0.11452849799399131
-0.1096016625987953
-0.12365273639539884
-0.1312799757606928
-0.12930635631184306
-0.1289502878210472
-0.13173489307463876
-0.13609715279824017
-0.15054811244586072
-0.14584612203110892
-0.14907175299029585
-0.14522869688647985
-0.15335862162147518
-0.1511491276936217
-0.14807009158484413
-0.15549089426163173
-0.15219268708533146
-0.15766879613814716
-0.15584824466764055
-0.1636036658081363
-0.1627048248534369
-0.15981961829913063
-0.16011280557005533
-0.16681873357288707
-0.16218596620921605
-0.16637214402462588
-0.16649261335191268
-0.16468236528080998
-0.17057883736436913
-0.17062579283062634
-0.16958245442126674
-0.17126870533960134
-0.1704354662252579
-0.17731196865959697
-0.17007860120614027
-0.1761474218859527
-0.17553377660999397
-0.17013599684225258
-0.18062299328428028
-0.17372129396072003
-0.18017829342751485
-0.1787883648119196
-0.17065229618151212
-0.17829899587894688
-0.18178566291230902
-0.181887618259477
-0.17250347325237259
-0.17469606802715523
-0.17283922823825512
-0.1740579327748552
-0.17888602343130244
-0.1863717604714568
-0.17613115738368354
-0.17886527736094157
-0.18356583816202365
-0.1844285997801148
-0.18038724985513538
-0.1854350032268028
-0.18286086829454787
-0.1814021020175964
-0.16870341182697457
-0.17016311655893052
-0.1751717403184863
-0.18187304785264374
-0.1708900752683971
-0.1696141864354082
-0.15080860987613506
-0.1618880322845807
-0.15812201054476563
-0.18146927555631548
-0.16817356530211147
-0.18259250346165132
-0.16336022885982499
-0.16362861656724606
-0.1692505324317608
-0.16026738317604994
-0.16880328561040303
-0.1748598254094302
-0.16260669380129852
-0.16222071710941427
-0.16108173442622692
-0.15813413262863807
-0.17186310349815878
-0.16311495090064856
-0.1655056678918778
-0.1701994907834801
-0.1696417454124578
-0.17578184574782316
-0.17164153532484785
-0.15899023422616881
-0.09960170044128946
-0.12070437230400673
-0.14722824176639357
-0.1623624709439773
-0.1807719078408753
-0.1808290968317223
-0.17855480538735943
-0.1596642463205667
-0.16514763493152662
-0.1754298872613432
-0.15930695391218155
-0.16401226912631756
-0.1795537694336232
-0.17142529989001276
-0.175537956549711
-0.1773380964599391
-0.15039576096530569
-0.14721966767738798
-0.14185956273899938
-0.15930722012698775
-0.15324767409841492
-0.16967212677474236
-0.1597303879507351
-0.162699061786586
-0.14827960526837716
-0.15504979960719992
-0.15886078633344428
-0.17595850642421834
-0.18150533138889097
-0.17622783119289284
-0.1765623287067541
-0.16774709356404727
-0.16378132039303142
-0.15026555754690127
-0.15249932408949385
-0.14982929185415747
-0.14675674442758688
-0.1650291902964308
-0.1468526195404804
-0.16272959221298317
-0.18104080729550295
-0.1758749045630789
-0.1685257087105887
-0.16041733051813814
-0.17086597041406787
-0.16275059635214667
-0.16039983414376147
-0.16096932945313136
-0.1626726028763786
-0.16689559901577322
-0.174638379204514
-0.14951438322165095
-0.15924340621576538
-0.15913184337055594
-0.163470288427156
-0.15158431634180838
-0.1525644975931216
-0.15419366266851542
-0.16195640887854182
-0.15994758674318618
-0.1703612244782562
-0.1508195039250883
-0.1700218842890096
-0.14892232869680028
-0.14493046436978557
-0.15824928129252136
-0.16941499110604447
-0.1646364022936891
-0.16078552588245554
-0.18216098978899897
-0.1771167189999946
-0.1600522152569572
-0.17076352886636012
-0.16527520579708546
-0.16177662424243858
-0.15752568795945457
-0.16225004225188064
-0.18126640298599112
-0.16398485425479822
-0.16502536955837896
-0.1660050633274459
-0.16109568758635126
-0.17043311219889742
-0.16949167000918794
-0.15734467575122696
-0.1686983649753822
-0.1750987727574064
-0.15923493248966392
-0.16539445135994016
-0.1636524045218794
-0.16949095475041612
-0.16444703076706932
-0.16988865793166766
-0.15354019663723129
-0.1613346454404137
-0.16737260762491746
-0.16920880911876204
-0.1743742873229007
-0.1861145808907685
-0.18621991253684173
-0.1569784535751656
-0.15401717689241695
-0.16487487628217345
-0.16877349946202083
-0.17438320908174762
-0.14545346015695454
-0.15015922955395125
-0.16895276202578996
-0.15677003648630852
-0.16606559769043003
-0.15654173207478111
-0.17384951559372105
-0.1675611064902157
-0.1819603804605671
-0.15018888599387153
-0.16728527287696598
-0.15694200144573092
-0.16264366839580738
-0.14103309991339832
-0.15825768552971034
-0.15156133831134513
-0.1525389918859141
-0.1481267309844741
-0.16776858161615155
-0.16591991344039214
-0.16745014766321387
-0.15881212323879762
-0.15710363886332895
-0.1482847112089696
-0.14585412892949395
-0.15324975738832364
-0.17049009106739896
-0.16189862584782946
-0.17732813839938036
-0.1507726048347783
-0.15550701532905184
-0.15327420222691052
-0.14599754664128572
-0.15293516431609885
-0.16919706648380342
-0.16289439506838993
-0.1524112104582799
-0.15169691528034754
-0.16456141682445558
-0.16257430294285014
-0.13797674440104024
-0.14363893159046953
-0.15052952985192955
-0.16469033685004145
-0.15759857701749497
-0.1488244080026656
-0.16160961745695268
-0.17039499646968592
-0.1825600543080926
-0.16905537534951204
-0.13579718199147792
-0.12149849116436141
-0.14902631589556356
-0.16894811770897492
-0.1705939710995136
-0.16678541887720377
-0.15810352657348914
-0.1551121913028497
-0.15819196387302237
-0.16873002902345877
-0.17463888606041122
-0.1700825292583427
-0.1710554060438743
-0.1728728242198908
-0.16595511499540472
-0.14015715962673247
-0.15871891452143547
-0.17052329671475375
-0.1644049299626652
-0.14633045113214177
-0.14480863728503127
-0.15122262441268483
-0.163361448544738
-0.15044285666381815
-0.15293658003218952
-0.1573531123726343
-0.16318373059080385
-0.16775828848760663
-0.163681081855839
-0.16090715155201318
-0.16969824993888566
-0.14075319079142362
-0.1355027308253355
-0.15199267263005606
-0.1549869586216502
-0.16751350034444848
-0.17175499421109333
-0.17648017993133397
-0.15359601399082506
-0.15219180012685665
-0.15519640647356014
-0.15501865991981184
-0.1433729183679707
-0.14577941035166173
-0.1631536519605119
-0.15208636390520325
-0.14670025813789853
-0.16063231805934497
-0.15037255660507726
-0.17102966409659906
-0.16904068875872205
-0.15703632587105448
-0.17188307516783327
-0.15322783266820933
-0.16801339988356734
-0.15388291199612697
-0.15675845566775068
-0.16484773988593165
-0.15824113560410688
-0.1548850813064552
-0.16521166401191933
-0.15726042564550605
-0.1518922103923399
-0.15330952572607617
-0.1388624152145183
-0.1456933215644597
-0.16203882020617263
-0.14935866832961847
-0.15892269031256887
-0.16264184882397592
-0.1363254295905083
-0.15042941014986413
-0.12957448937092017
-0.1480549179724303
-0.154123330978635
-0.1593022102893383
-0.16383343152023225
-0.13857130472155474
-0.13963519390995208
-0.15689029710718222
-0.16161314047452602
-0.16282056637276052
-0.13027047814392503
-0.13329910278754525
-0.1313753611812593
-0.1387714465701582
-0.1519381195364434
-0.1437769211043595
-0.16862549570855856
-0.16257842330447447
-0.14289384120249055
-0.14121429815168948
-0.1446899514335265
-0.14015585967348954
-0.1270385091787511
-0.14462664545966386
-0.135444719491276
-0.16087777491521546
-0.13491356625981404
-0.15595188057982534
-0.16140067107176576
-0.1640804564989706
-0.14796185062808412
-0.14052053475868337
-0.1407788008356564
-0.1636177052106345
-0.15409591275800275
-0.14870248776330874
-0.14821313368915182
-0.1534625774973444
-0.12730978174972754
-0.13315152440891023
-0.137213580901249
-0.1304140371779174
-0.14524765702607817
-0.16102675321602683
-0.13203451355190404
-0.16080057953854843
-0.12408736906090521
-0.14248934193758153
-0.14526434329292026
-0.1473866350691152
-0.13278516599595638
-0.14847531779067838
-0.15876765511513433
-0.1539166023694332
-0.13352376501227925
-0.1320479784132714
-0.15215122096391695
-0.15532847000804612
-0.16437259274181773
-0.15270318687689033
-0.12834534740532855
-0.14184880791928828
-0.15475554312954512
-0.13229865024707135
-0.14885828336371137
-0.1420059095653242
-0.11974077953783778
-0.14497910761848198
-0.15554645617538843
-0.12453424436771197
-0.1259583822619534
-0.13387499667631828
-0.14398448001008515
-0.15318284932891832
-0.13380739498397687
-0.14941478286918378
-0.12028371596341164
-0.1502177042498196
-0.14087279100231473
-0.14426700320104202
-0.16539997028979203
-0.1604889058764534
-0.15975608014318457
-0.12861423319747994
-0.12219368836467852
-0.1356486882123739
-0.133679456983459
-0.1409058151065959
-0.12237862148542858
-0.11871728950711982
-0.13616979641175578
-0.13894881885472554
-0.14422882448272753
-0.13521322719995552
-0.15362946086431306
-0.16220820495490232
-0.15688294813578166
-0.13850530920582227
-0.14864720251263336
-0.15129430099860522
-0.15285810931741317
-0.14546104458558498
-0.14651690952281768
-0.14313564623385486
-0.14784116005956446
-0.13944394962218815
-0.14511262248354354
-0.13624135236733348
-0.13186125050943567
-0.1413179358790188
-0.1529535942536313
-0.156086922432387
-0.14602776639460324
-0.1321139228257121
-0.13294899226822868
-0.147029866113828
-0.12934126870064463
-0.14157689657040637
-0.10574479980388175
-0.10909744490173058
-0.13711208573396877
-0.1309846416250935
-0.14695827081530263
-0.14233204667148583
-0.13892173334442784
-0.15021362821491527
-0.1469799560170303
-0.14702413968744102
-0.163418684466753
-0.1553596454086025
-0.1667559744715161
-0.15552399915000822
-0.15707176636630818
-0.159959330140741
-0.141517913677968
-0.14370137007680273
-0.14855937067429223
-0.1525166835051755
-0.15809130115543218
-0.15774595271961508
-0.14877616268774643
-0.1589074706974863
-0.1351072128777452
-0.14990974455725367
-0.14382858934533072
-0.15685703611218685
-0.15939649476165446
-0.16504898970325696
-0.1648910348022233
-0.1288788298232386
-0.1189662840979293
-0.1457604346452038
-0.16178346581021058
-0.16134048682599994
-0.14303709824031033
-0.14775072687209784
-0.1344402907819333
-0.15521750781893118
-0.13986279170640736
-0.1287713983573154
-0.135838159065367
-0.13941904632551197
-0.15552938719527928
-0.14339276331849837
-0.13793160118230494
-0.14968925404171482
-0.14255680337615015
-0.15249338979880828
-0.1632364188142036
-0.15541206033737895
-0.14970895735231357
-0.13750106237097134
-0.1228548770135112
-0.12845448387808953
-0.13649003893540845
-0.14595795213437962
-0.1567146301937678
-0.15522993362499887
-0.12561026663338473
-0.13665992802577823
-0.1377184019440987
-0.14405602976520213
-0.13818968661863001
-0.15085040300784378
-0.1334655809915383
-0.14300147255814205
-0.1450734220751919
-0.15021194809095595
-0.1683142220025432
-0.12911895389925337
-0.14424884737172977
-0.13509387777339207
-0.14586116365456106
-0.13666752413035507
-0.1192249158989204
-0.11769972909940545
-0.13053216432415443
-0.13052640492424825
-0.13458309651184394
-0.13018465838759202
-0.11175706928295517
-0.11786372444958766
-0.11732824337546646
-0.13198493272255085
-0.13156975352712963
-0.14581934665202598
-0.13076800851531215
-0.14820845996122642
-0.14307547835353457
-0.15134867800336677
-0.14289746398396014
-0.13983754638648124
-0.15934632209004665
-0.15270726916956648
-0.14276045686969482
-0.1329734657999316
-0.130297437630223
-0.1296944868022516
-0.1405472059809546
-0.11144966174547614
-0.10964429673396152
-0.11444492444660298
-0.1403218256025487
-0.1440475796342726
-0.12621663285334378
-0.16667407473341797
-0.15285475667959444
-0.13829293538804135
-0.14392835416853955
-0.13802002624326365
-0.1406128170809839
-0.13665085626989262
-0.14186300186512626
-0.13849722276259957
-0.13789301944669818
-0.13661176744367862
-0.127529591256634
-0.1231521429985478
-0.15607191786121452
-0.15049871718080635
-0.16102582293725903
-0.14098843873061365
-0.12315164113837135
-0.1143132311749447
-0.15819443125066446
-0.1532635687921727
-0.16626085291045026
-0.13847432046840674
-0.1225047694878891
-0.1331994454533643
-0.14443582074065092
-0.12030068842525334
-0.10434382344260808
-0.11086315476687038
-0.1118802097006712
-0.09697241848085097
-0.12688273708313985
-0.13037580263925783
-0.13801855307633237
-0.15081269298161498
-0.11552506866825506
-0.11685170859397542
-0.11755756025318574
-0.13702886714267262
-0.15077177258474606
-0.1750721639681964
-0.15156250689236292
-0.15720323716749335
-0.15924331532339941
-0.1326872420547446
-0.13641355812426278
-0.10895180860556379
-0.12367217793931878
-0.13149340451287847
-0.12649433992767786
-0.13095938402555785
-0.13921633353063056
-0.12302986838324428
-0.12705909985176098
-0.13250920664733143
-0.13942288408280457
-0.13909086409028756
-0.15802501484208797
-0.13446120407597287
-0.13784286162100945
-0.13834282951206034
-0.11894110403892913
-0.14907583513459075
-0.13007832819281998
-0.09156709125156375
-0.10891397880203801
-0.12331318334463975
-0.10428309288672329
-0.11832564995125652
-0.11106121496336248
-0.12327562678802287
-0.14526966189021043
-0.14998596439917927
-0.12978519541095562
-0.1118251191204832
-0.1343694845252004
-0.12575533029451466
-0.12773522605088602
-0.14265349775859512
-0.15408738212625747
-0.13152172756535818
-0.11318079750820491
-0.12921330365576733
-0.14622142050321896
-0.11640802974048814
-0.10936489481288211
-0.10289385730591512
-0.11458846031222217
-0.13541802761850946
-0.14794036400841243
-0.1500775002722294
-0.10774465991249099
-0.1148676442638466
-0.09254551226862429
-0.13121186632768392
-0.10676308684450007
-0.12453571985712204
-0.14263798197553718
-0.13990433530118404
-0.14768039680249734
-0.11053104506956334
-0.12266853624103498
-0.1324403014241484
-0.1422853521694831
-0.1281914524254014
-0.14251819409062988
-0.12062495674046089
-0.13634124861297933
-0.13835139260374912
-0.1333489514319584
-0.10067881064599002
-0.1078987175480239
-0.10629022691519688
-0.11664733015379032
-0.14255983128698055
-0.14972601851461315
-0.13707395306474174
-0.12223371783085671
-0.13029865090410786
-0.11237118778514431
-0.09560578885011249
-0.10959158516341468
-0.13681801813155284
-0.1399174870752849
-0.13461640321512974
-0.11251944606670003
-0.10114815950258581
-0.10298165332776868
-0.1208767065883307
-0.12948951693620095
-0.13082606369167152
-0.10817931624783837
-0.10001163946329733
-0.11158461344368152
-0.1051717296132747
-0.10498114848722455
-0.10913763223591072
-0.11985514297332353
-0.11694432501676666
-0.11268458122517737
-0.13605691165715303
-0.1278224331350921
-0.13739469537157808
-0.11859854842591566
-0.11330014266157105
-0.1424547191320331
-0.14108539108199358
-0.1280324663151711
-0.1191326748715932
-0.13823948048884976
-0.12544156334358647
-0.11214586903730417
-0.11829707775832848
-0.13316138095950233
-0.1305244462978386
