1.110547250485979
1.123690375137603
1.0950441936460824
1.1321208221571786
1.2050801226869226
1.1892785878950043
1.2327067089514643
1.1494019065229666
1.1608442080228827
1.1832196061548435
1.187469224775611
1.1753926628039448
1.2028266882523895
1.2444173499853128
1.0760059098512689
1.1642541147768497
1.1554003100842238
1.1512338768225163
1.1687428255208097
1.188842135516903
1.1266644957624836
1.2255647947104313
1.1598877827694387
1.1376645362552475
1.2789918780326843
1.16254669834267
1.2698505441347758
1.1606825196706667
1.2461073682126071
1.1535004019737243
1.2454176201689533
1.2100959955542177
1.2289089172719472
1.2385618581053088
1.2148409927592558
1.1406030025747087
1.102564706825293
1.1174063441299258
1.2237883206456899
1.1501024528298267
1.1412799378565277
1.132932369876653
1.2343248973767726
1.1293477460643964
1.1294415950191667
1.1979507967829703
1.1032983388138722
1.15184478671887
1.2664302684780624
1.1499972693448843
1.0182639974597338
1.1057704947440021
1.0796678252028007
1.0031686643182876
1.1212852282606693
0.9950993457474769
1.1041687911376357
1.1030449053203617
1.035926906651334
1.0878040271920044
1.1079493737396071
1.074320026101118
0.9556442005781546
1.1123617048616763
1.045527056337167
1.0521966900007846
1.0996680731873913
1.1258746907114983
1.037610284090042
1.0963562445195263
1.0593959516297806
1.0454022060251897
1.094499035915242
0.9555520515989613
1.0603152271837761
1.0423964042490457
1.0317540843913584
1.0421881592650524
1.1259397104848177
1.0094368790826165
1.0291370820254087
1.0957444984973832
0.9657023472687866
0.9924258866730858
1.1315817660019722
1.101329717687086
1.0547111642546951
0.9957774691761304
0.9628606168898167
1.0260923833597497
0.8808038278461195
1.0583657888166698
0.999310212068354
0.8612000705509246
1.0476763702164857
1.002283576831042
0.9471674076257608
1.0329673084152209
0.9580071266232566
0.9516737459179683
0.9198092046527215
1.0360486552487185
0.9661011789659304
0.9898380655317734
0.9219598235584885
0.9116781501565129
0.9025199735896235
0.8529526963594216
1.0137739030753865
0.8385572953299544
0.978850189663739
1.1096085948636756
0.8550578657333262
1.0352492804106856
0.9324024519125043
0.9977437385881786
0.9810820119011969
0.9324537139385939
0.9194927063421346
0.8758790198422503
1.0141545621459775
0.8810567260583545
0.8633789443036263
0.9421422142782304
0.7971599358017556
0.9415700076482235
0.9213104514595885
0.7624791883749933
0.9903885605686074
0.9712555333445336
0.7785460246699478
0.8837650426281377
0.8584726472575981
0.8419542307189355
0.8403941901114557
0.9174173890503452
0.8576353952909509
0.8610915461294241
0.887597440960235
0.8640883102190572
0.8807044373768405
0.8387843196672436
0.7699369433173125
0.7964042283264313
0.8540295187599074
0.8019759519539105
0.7743622565334751
0.8764743944158822
0.7786542805087929
0.7815884717828816
0.8359371487230501
0.7335458719041472
0.7645701013782801
0.7171625369074137
0.7422068245676721
0.8463258126174804
0.8262369729996648
0.7705186888111295
0.7608004454684366
0.7346549776095344
0.7819303836738062
0.6417299575879845
0.7694674669667924
0.7247585309665437
0.7145690266752798
0.6567468953875416
0.7289582473473458
0.7451941315367201
0.7275501498765173
0.8039620613268057
0.6506142725197441
0.7089898810334117
0.713198938642725
0.7667266670090314
0.7209724919004656
0.6510224032466265
0.7132479444038157
0.6023122346644424
0.7358812314302252
0.6476167748055776
0.6467999875417374
0.6820307835746678
0.622545531535878
0.60710994725656
0.5698726384489633
0.6047831186399968
0.5632051277692499
0.6866714061295625
0.6131122351044641
0.6899380350686419
0.6183985966878632
0.5443411012728303
0.6192557647552462
0.6202517455891343
0.5534816345383556
0.6285678795412609
0.5746587821709775
0.48570658892064306
0.5832976182424272
0.5965467883772365
0.559023376233929
0.6408869116675754
0.5340384301393791
0.6293396658190277
0.5022713724119101
0.5718272412091859
0.4746520560801433
0.5794938099251816
0.5206546618006361
0.4936472539783927
0.5509910653683915
0.4096297683434296
0.4190522936297892
0.6506503437179539
0.4683528650666294
0.42074203254068615
0.4116522002735393
0.4951394502533644
0.37618665769256837
0.41454474748669173
0.40879969733312765
0.422701124038234
0.5173126840465955
0.4055996650768302
0.46001564070298007
0.3894490457514621
0.4925727457904244
0.3952588490789715
0.37390144827723915
0.36227544329046985
0.30394797558766673
0.5321968933024134
0.30826719479641723
0.3183425113175702
0.3974713263605303
0.39377735312051726
0.36927224849460333
0.39406100726622145
0.3287751255103525
0.3976437958174626
0.4020737249216943
0.333055057497787
0.3272300228152506
0.2958186940988526
0.25812549868983353
0.29597813404833717
0.2976413686453115
0.283664751438215
0.35381645751447605
0.3473021253640759
0.2724999025844162
0.3035573239764199
0.255461634775088
0.3130891836155284
0.2881492014282044
0.279584672756315
0.3569573780004749
0.24254115274898244
0.31196434280170676
0.25255915812578433
0.25208286684568987
0.22716712855842922
0.2724181599019392
0.31344738657346266
0.1957178579591899
0.32273234559323044
0.3067516494374564
0.3018452089130519
0.2861796445127814
0.2544643874113847
0.2736336129116691
0.2569894777993311
0.27469574480697123
0.1680752964603949
0.23038270297042326
0.23114970667935267
0.24507147982442554
0.30461680453837614
0.22691990064559156
0.24986579108814722
0.1814842168259063
0.3068577416462951
0.17022303142503772
0.22537489083161846
0.25817971244050014
0.10800659180876908
0.19734655901838777
0.2588394325205411
0.19110635945174326
0.2065342662227348
0.18551636669820704
0.1982709461439086
0.1893899896532143
0.287324421890123
0.23871316720064498
0.26509755431355136
0.18931248828657063
0.29380078624357325
0.15960531025204475
0.15958668450496794
0.18488531860157617
0.24373123728733712
0.2503493318918124
0.26112509329836575
0.1781754712338135
0.18194359571496418
0.1559126230657422
0.16162335547233914
0.28461852232921325
0.16791093817768965
0.26312953843066245
0.18945294680831562
0.24285758295492862
0.19884947801164116
0.25169798587941017
0.12110948045436416
0.11343096559931252
0.1989762969290708
0.1629332987481848
0.11296718227211958
0.17738695348612415
0.24197067559103505
0.2457975013485528
0.14830192724358243
0.20385725317131423
0.155730400758823
0.12230329772882759
0.13016986725048385
0.13835993476525588
0.15148179322503588
0.23657092260474583
0.18929757710113057
0.17214170211225419
0.1603672708591112
0.1764426226426868
0.2191239672891645
0.15856454708533646
0.14833817831131016
0.09667475535721702
0.10413903392865985
0.18177352316514572
0.11070135860626491
0.31645984509024183
0.14695131816367135
0.1869043397258144
0.12518391153303413
0.1723735372978617
0.18095043134234567
0.176420336280653
0.1670120808316454
0.13706917065064314
0.06853694532734153
0.18583435985622834
0.1435437371805705
0.28522003512955785
0.11847516348774186
0.15629087486317467
0.14051624633692372
0.11248862763096046
0.18011923441663802
0.13660862071113922
0.09615660911351306
0.104687986313175
0.1536740190413582
0.14762370015902895
0.1759511536712808
0.1107731582134191
0.11116990376315691
0.11618910016267348
0.14454741082133066
0.13857507934997051
0.10997309944119447
0.10774454432300366
0.10643773996631029
0.21479314432361585
0.16433538724602337
0.08645817690504032
0.10983085339645939
0.07048500666421915
0.11696794264145781
0.09651674529625079
0.1196237800049767
0.20293983655639528
0.05978935159787095
0.10391493201240559
0.1265594644790693
0.16080726903306083
0.1275322129894025
0.14194631757735487
0.17066096241590206
0.2416847105225663
0.10560616866028535
0.09456312367835108
0.134326421010216
0.15320477492936915
0.1847297905367334
0.174030933554357
0.06136288742637854
0.16231967933838862
0.14456717039529182
0.13798151857876598
0.1567613193082495
0.25984002892732944
0.08263188440868804
0.14154603236094163
0.1289853611649363
0.08779332065325943
0.11243914100646586
0.09245769256244014
0.11723621925918741
0.08973956526486226
0.11198236424656365
0.12230057858197667
0.09693942342378085
0.0693903746515471
0.10821508659883043
0.14212405945266768
0.09708322607763022
0.11933331359898368
0.13344757747240518
0.18725721304378354
0.10149344290126788
0.13915806370718772
0.12684573574509353
0.17861964250826426
0.10875144778226355
0.1805577575269803
0.0766049301683416
0.08151874331094339
0.15207639522123267
0.0677743171393457
0.10285104543644605
0.10748703863951592
0.20252490727091677
0.09463375822495475
0.1255793759716162
0.09187301477785735
0.20479066529231416
0.09026239470456907
0.13097727575863344
0.15636808236796973
0.11529727327860795
0.0961149017612158
0.14485317395275055
0.10228027506566295
0.10692243946706331
0.1934615740106977
0.13255958545633323
0.11797193662667498
0.13502109747403945
0.19105622885823606
0.14725247290763152
0.045911763229648135
0.059062175911933475
0.08139205307773092
0.05278159823058493
0.12881471759582935
0.10573247378760213
0.13830177007469968
0.07057745800617983
0.16801737211751333
0.09774463858244704
0.11076337389212496
0.08330121247186377
0.1209844579975895
0.15966664117422708
0.09610749902375176
0.0675682452284335
0.07404980893134236
0.0903931370765368
0.046979375214139085
0.06489780771417102
0.16116254333727134
0.15057788918804574
0.11767698964974997
0.11993116430291398
0.1284104154255077
0.0884005693546862
0.07349646077734273
0.15523050665028523
0.1310000003173946
0.07886577225033826
0.0815099407455214
0.1048155178458344
0.07168641434293596
0.1448099010865193
0.11112578553549775
0.09955965527864916
0.06850109954090268
0.07062830059052352
0.13385583603875725
0.12819380704291233
0.0938538774821453
0.19496469824703982
0.13716421965876646
0.13567434482056484
0.09637480739367178
0.10546136999979087
0.08774926272273784
0.10573357035723945
0.12570640720883386
0.10079817296795789
0.12282986057193483
0.11064205308633843
0.13277162320458383
0.1444178012416846
0.05786608323516398
0.06939194741784553
0.15421304099728078
0.054875594344061175
0.08272575668181759
0.11556239079933715
0.11386855684849055
0.11211485217426906
0.10791803898079404
0.09380149522674347
0.12521300481860226
0.09070100837563717
0.18378500944925574
0.10160377278501434
0.061711139519709496
0.1721077883369552
0.07250828557495294
0.08054424310993816
0.04816316864290961
0.10862305408740355
0.06752597823823754
0.09078536282214253
0.08159311060217354
0.08757633164902187
0.17515458825070557
0.08151924829315162
0.06857793740058125
0.1339654976410863
0.07435277458295736
0.10682643899000105
0.08190736163985543
0.054788203463206994
0.0884794847066365
0.08181474053443265
0.09636907682658959
0.10167823793445249
0.18993775258231063
0.12073112940184182
0.15791532164047048
0.0597820984629928
0.07043219069813023
0.14619019835476016
0.10612214406437886
0.14553103843674015
0.15455038494971038
0.13453174044399635
0.08220407287619627
0.16371029874982393
0.1050225500789403
0.0760972352196287
0.07136585217971717
0.13414714208494496
0.23460164332668823
0.09313382664607016
0.06842352165912932
0.10889038042669506
0.06821333926470727
0.0730619783092549
0.07766791256876736
0.172814892430952
0.14304079238868836
0.06745100592623081
0.07518696429724014
0.07033103842211268
0.08493519885977585
0.10515325938867574
0.06849470570457973
0.16344575169415754
0.08781355377987456
0.11966888389635667
0.06318124604104597
0.05249865761037439
0.14701482623680284
0.14269330058700908
0.05406621563043273
0.06938346697228337
0.02884191414938429
0.06121510852627434
0.09313256798420691
0.0702424495420659
0.07927991889961479
0.08546815933829963
0.10033201132588827
0.05989282086974599
0.06421179214456788
0.0993053613789346
0.18266219404245476
0.08098607151979687
0.025171505406784776
0.06915832916014239
0.11360920404633087
0.07411848669235316
0.06511224406692026
0.10933302954691558
0.11297024692149708
0.060988758222663045
0.08769152009708793
0.14252396043216753
0.051029938414232964
0.061136460088278256
0.12491805905050302
0.06876032771401905
0.11012849713026898
0.03656569466295399
0.0553995558789647
0.09351529674381887
0.07781762718487585
0.0336020075366836
0.04664029948442677
0.061247092140680325
0.07340603680788607
0.10539719779886125
0.09926909603366088
0.05257395987480355
0.0471878991923264
0.04501568317160726
0.06681170623516666
0.06100947419346823
0.05984818364367464
0.12110491972208608
0.09979464766772717
0.021796379010194468
0.07351888634492551
0.0522502528657191
0.08604317821221168
0.1124595072567511
0.030689269004381212
0.1205027763744587
0.07330062800629006
0.018316646593403645
0.133799027486163
0.0941695497828687
0.07375729169364005
0.08648569121829652
0.10579452128086102
0.12389305436062902
0.1477713690398269
0.06591060920166524
0.03903660904431283
0.10130588291645634
0.11145430003725063
0.1264409276507575
0.05921718019531397
0.1424379225290644
0.06844618901999601
0.08538016290184236
0.11018799682331079
0.1302248429509984
0.06417799056997894
0.15676032752384875
0.08601130049709985
0.1396123217129406
0.10421983068896297
0.028175572353674783
0.12023628163621201
0.09260076738915171
0.09954672792304069
0.2293054055618057
0.13989466302611095
0.06063774536743704
0.057631960258389965
0.11021276084154939
0.08026238737225032
0.06203320711230472
0.04480367867402134
0.0998431193408452
0.0588123239018807
0.091662854781213
0.19215863167347375
0.13928576200900183
0.05110407635610225
0.10616852849069011
0.054071180366621154
0.09385533755755077
0.03370308352535891
0.12697382910065258
0.06370291201025516
0.1380182396256182
0.05935904267204869
0.08285449131846452
0.07660187821683385
0.1531467071870062
0.03988143037013457
0.05377857578881837
0.2368681935239551
0.0808982167858501
0.054324051519703126
0.04707086610891768
0.06290139221184901
0.050278415785572864
0.18165469180144714
0.13793797483322798
0.08716463303214055
0.09156590142422161
0.10367947873574188
0.03777845682344648
0.06417112952784713
0.08309899954987758
0.09708874874626798
0.037929568902615875
0.10562581450213562
0.0761820303804432
0.0585179938732591
0.19453101845297724
0.09224583029034526
0.03502552728061327
0.10651838822770814
0.03253485472714614
0.1056075685187719
0.09301669005954014
0.07132032174047664
0.04010880942221586
0.08499776375425354
0.09974554176412664
0.14091908376722592
0.06796232798256281
0.10724563614215024
0.06386457402318826
0.03358802571397281
0.06985417751795588
0.02557482571832445
0.10955157819665122
0.07209478028433397
0.07307750536727409
0.06575572339172248
0.19212000477525767
0.10332299064136875
0.09787292953397483
0.1752758130357835
0.07255199044367244
0.13682892808970284
0.07629671644775032
0.08236388691810123
0.101500116922529
0.14012153646653422
0.07428481129929738
0.03664355699479193
0.0632418905735359
0.10059282664414876
0.09413230297181
0.07458307738333356
0.08817211789632019
0.17665445611431552
0.040351740766554976
0.106048989472608
0.08286612667573644
0.07066922631956223
0.1003722350204293
0.1237797197946728
0.07220728754250011
0.03776209212479757
0.10307561898704368
0.07378283149232069
0.11306729903776863
0.08924788100608072
0.044532415362268596
0.06921128771226208
0.04435372253210634
0.0783797891032978
0.0381000700613836
0.12831442643296276
0.1320184086827427
0.08671581942637958
0.08832886588609003
0.07853581344302207
0.04445433772680161
0.03931293315821395
0.057204674185132746
0.08154807616256765
0.0860186899979111
0.05950440251378999
0.04375092915260364
0.09875392480954891
0.08804153651207956
0.13439413363536742
0.10187670833848216
0.07588854312358562
0.07292240498654734
0.1014604336161252
0.04350345648054985
0.11639359450125297
0.05272183331667491
0.04583261544162292
0.1078531993668906
0.05245887957211875
0.021962657069959878
0.11474484957113731
0.020800888348265226
0.0994855823986926
0.059868970487183114
0.09938707058455942
0.11189298091276345
0.049183305872727914
0.03921383339491323
0.08672416265499672
0.0628507431388905
0.0982922884670153
0.12815076288397026
0.10609516814502779
0.0602991040689931
0.035375205281140125
0.09912628994780105
0.08280659935558253
0.056854633202296896
0.07906990197155238
0.0648357350574611
0.14065257588044025
0.07101896325373105
0.060974397808424056
0.06726077078708924
0.0597796161465618
0.08142592358487899
0.029894556182363648
0.07875352207665569
0.05141685586234183
0.10981113856162862
0.05694308026664712
0.05848489804199961
0.058603974928121014
0.07784936186785345
0.08287057480787535
0.15922563596687875
0.08579419636489154
0.1016161283671834
0.05265063244702688
0.062186412184686186
0.08174492128438796
0.10835261302958114
0.09681163117678399
0.08794665038770359
0.10879519047837649
0.027239963337012
0.02816378888576068
0.07256390065251624
0.04153456055256297
0.045679777761450414
0.10036063644908377
0.09985617815550532
0.05568519545437238
0.08256766812380406
0.07091656247855137
0.08034279146615907
0.06821144595991438
0.06847534668254761
0.04101401465054962
0.06142308246103646
0.05116268835785045
0.09565003338065498
0.0976305410111649
0.04484972469269799
0.07973734046929692
0.10807048608739551
0.17500799225574748
0.07785125544165021
0.07284085055063581
0.08693962663198906
0.06566631111920244
0.058760372790836075
0.03544138985490024
0.032346578253502484
0.07888467191883596
0.06048800247722114
0.05878802334758825
0.12462440905350125
0.04539604384179646
0.057658333048016965
0.08823195766337939
0.07676010530894999
0.09032671550352245
0.09230154452826884
0.04309240893267579
0.0709066870891579
0.09440869063569696
0.08675191877725312
0.05726496847215072
0.07521887292816046
0.0584462891082649
0.08916733950028084
0.07215279000132016
0.07092035115010936
0.056123300803736
0.1022964786823077
0.02807503859984562
0.07118472140827302
0.116582656762863
0.05220027802118792
0.10935414340981861
0.08297954651755858
0.04452919152060818
0.190715422919723
0.16110164674471167
0.09679965051847746
0.037490958692693914
0.08694323270043515
0.07603457945547681
0.11797407651053275
0.10867924601606402
0.06117887416526271
0.040514486776047735
0.10723127160236016
0.05985493492759316
0.03881403339911855
0.05268927895383947
0.07006390516065954
0.07896659664987019
0.05260394102167413
0.11580008827156943
0.07008088793626381
0.09039136487300249
0.07239800773458735
0.05592168781539121
0.040465066899507594
0.07551267000387699
0.03233712201177614
0.09335275926052297
0.07314838626349113
0.06466978439741261
0.06495713187336721
0.06029013344256851
0.030888419463794076
0.08451104617337031
0.0710787963659865
0.09365429764221742
0.042468963884091354
0.0752814526956751
0.035843950427662544
0.05181858856452068
0.1260801756191226
0.0750853463376269
0.06373845930579496
0.14003154388610795
0.07912784008371815
0.0901004790044906
0.05572152398567042
0.08641196993052895
0.10049411529460144
0.059015912594926195
0.0751188885500487
0.07466599955403641
0.1068634274089415
0.058207883384901536
0.012408258279147625
0.10988336465742464
0.06334500365027426
0.04639595618728467
0.029773809022129817
0.0735950973878287
0.07816060321123657
0.04967496329314504
0.06725059967740703
0.12701384563673881
0.08611690477645796
0.12332727089379902
0.05522262573383423
0.08395205094698785
0.04430538187547321
0.05554669240363497
0.08268261088245767
0.06373929044722372
0.05010329597761772
0.07968057614187965
0.0831916281878028
0.08437111546242519
0.056250182262439594
0.08061184563573323
0.07028980217855735
0.08009159465657759
0.06606190322915265
0.06209930821115972
0.06523034592532315
0.06914590912219792
0.07211780115786307
0.08608012102776787
0.07207458479966511
0.07976836526256786
0.10642652117370847
0.08422925825198094
0.11162127407572474
0.10297646897756704
0.10835547540699028
0.031192975596873534
0.07777983890223722
0.02259271790067656
0.11046783343737505
0.06517576482586782
0.03912701764577906
0.05335655523088107
0.12466567736875336
0.13758834936553213
0.05459085532808948
0.035448807290909747
0.07250307673408721
0.08405108159175255
0.024675292767505123
