42.84505058516006
-229.33110060532522
-312.29959106225573
-400.2933864241921
-397.02473081421743
-445.6434081468714
-478.60599019450524
-544.1116299607237
-516.4337918593587
-531.0526947777392
-569.5388315613918
-533.4876304134245
-535.3551478935277
-585.2654227924786
-626.171564368059
-603.8447252528458
-584.0072709997678
-607.0739896264494
-642.7190897453766
-647.2953980617259
-654.3026392360986
-634.3220573460452
-619.6985496485837
-686.5263428402386
-655.6131326701784
-681.5300060395272
-682.2864308159473
-683.8394381439631
-666.4337073822725
-718.6300170476535
-682.5569820052468
-692.7764627834619
-738.4487303105368
-676.224792287097
-719.8349920879311
-735.9623101669522
-714.0535387663248
-721.0463326230027
-742.5701268894882
-736.0125410018429
-737.131720441827
-767.6325125628352
-721.4014039632912
-766.0357155162618
-783.0775847896452
-743.2407722473145
-744.4293661073606
-751.8251925690383
-736.8783992292695
-754.266916776033
-783.1881087342715
-780.5866605521347
-777.5809741745346
-780.8323296709544
-813.5642823953233
-816.3051094371602
-776.7350261002641
-835.0858266628283
-798.1532689107728
-801.5277532146823
-796.3535236850862
-807.8840539730089
-846.0912615516768
-796.9374038239229
-846.6280961058657
-818.1735725578625
-819.9915755311465
-829.6593684534872
-813.0100502682171
-832.6588697829005
-816.6131863681951
-782.9198845015144
-847.4606936670119
-876.4654961511287
-851.5171463786182
-825.9147762527115
-833.1574370300715
-833.0653818939139
-868.5574398831837
-809.9182733657174
-849.9762712338004
-826.3744811308549
-835.9475675266459
-862.1596348098896
-840.5914719401417
-858.9192726029778
-845.2750250557051
-787.9157927992158
-841.9165737837691
-834.9893707943402
-951.525268238261
-804.0311506244993
-852.4265080069616
-839.4225063060286
-875.0980276643955
-853.5626541524439
-873.5051187963529
-880.145123354301
-894.0361505323841
-883.8862722722067
-893.9187381234586
-828.7356422419922
-907.784896499001
-855.4976970874769
-904.7881305360575
-897.9567282188873
-921.8092275742562
-894.1842003747615
-904.2079962453535
-899.9218419685891
-833.2604623434181
-857.8487738541195
-878.567157727782
-871.2075737412624
-902.456076556087
-887.0106496679068
-855.0755364202683
-916.1423380451818
-890.9740364320817
-882.6361501052083
-868.0858067806964
-867.4110881963633
-899.134029898226
-880.1943920504663
-887.3460312504923
-891.6148049139207
-866.2708269110473
-928.5418128967285
-879.6645785213066
-874.8690920711113
-899.4866411059683
-888.4118263084218
-873.900275340278
-883.3146194598642
-881.3325506113641
-864.2758893790882
-904.7794648359449
-837.6177560832643
-849.6345525293307
-894.209198885799
-906.2737401443692
-859.7034319337063
-855.5522105836649
-888.0956244226975
-852.4075744998071
-876.1349649561166
-851.1168744926629
-896.8534780757218
-898.9740139526157
-910.3649387996867
-864.4723202138453
-905.1421081448481
-918.5359311059873
-882.5477635256157
-891.9426774407312
-865.8852110216694
-903.1669059085407
-891.9422603642337
-917.9741016686787
-869.5784799426382
-933.9415545133951
-891.6191779523401
-852.352062383555
-918.7730836296961
-864.6800704815421
-916.683970754597
-905.8213807470787
-910.1209638129731
-899.934445886568
-885.8193249768376
-903.8829592691588
-891.037682889244
-875.1209845037504
-874.3010956636772
-918.1688451986709
-952.023447414697
-867.4880665634086
-897.3330705352643
-851.0299327340543
-879.9436278848605
-833.2219585471439
-887.0899523194485
-927.9930282803724
-864.9195384715559
-914.1118037316107
-890.9000268048405
-922.9720995766776
-942.1111709577148
-923.2588724057246
-901.0022215777278
-890.8420694236931
-932.7865236212032
-936.6131690943845
-919.146944973326
-898.0037907367478
-875.4900925280311
-867.0875519299836
-913.4268551839662
-940.8013394439275
-919.2651846134169
-906.5771112661757
-911.5035844794066
-898.1978842739685
-934.5835494819324
-958.481026205599
-940.4756573444138
-917.331774171047
-874.6338230256112
-948.6659788052607
-921.9345566710019
-895.0619175994451
-934.2196468581802
-924.0488730663528
-946.2181771361883
-906.3239654813494
-916.9427827052806
-924.2647205827423
-910.037647212156
-930.451469931185
-913.3653115127494
-926.2276224650545
-926.1047040702011
-893.5321467175462
-903.6053901707522
-883.0405300597441
-922.6466681990206
-876.1200359933388
-931.7147941765148
-964.8335538943243
-967.9752942274243
-948.5417447156071
-949.8404332591641
-954.7251188458386
-945.6034436203917
-923.6577606552756
-931.9982392447336
-892.1333502228908
-887.9951764207831
-941.3539075719596
-918.7777115782285
-928.600892150457
-889.5930090873472
-911.0219663892474
-945.517280209449
-968.5027198615711
-947.1690903061545
-856.2110151123891
-940.8395505808465
-908.5967035249631
-965.9043575322024
-928.4733981119323
-886.9308973347537
-928.87097537133
-912.9969487629728
-919.4927817665487
-947.1181215207148
-917.0296723677816
-921.0966366403114
-908.356813246204
-952.2807341017482
-966.1998332502656
-973.2161753781929
-938.3852147748394
-907.1156810901132
-947.7542627571914
-955.9309327437581
-910.836276485074
-908.1696625535939
-923.6458343646493
-926.6734295682423
-928.6368954478321
-941.6302302883518
-918.0267310955558
-885.2282205484979
-881.4376455495984
-913.0210477064282
-940.3578305222471
-954.8734716259389
-913.4391195169792
-923.1229793531005
-912.6957427521455
-900.5253095758676
-881.8384468412619
-928.156390739476
-938.4944190451627
-962.4865522955969
-913.1369430084932
-928.8051846763506
-990.1160622873614
-882.3620916577528
-920.0708825775006
-889.45371267433
-903.9447082660165
-910.1436838861985
-953.2953632855745
-937.4324794716549
-909.9816206765065
-950.0588351614464
-914.284936157789
-933.6807946191955
-887.151546113502
-977.3647092124834
-914.2564655778594
-955.9108136260564
-950.7586871555874
-930.2264922533167
-919.7323974750009
-953.531977499685
-970.8485110937725
-964.3909819466727
-974.6024817189863
-927.6644938244798
-987.4313029627646
-980.4554307823357
-974.2785734690829
-919.3960410966301
-942.0362692175922
-943.7277200430769
-980.503104864727
-928.9242735831969
-916.4882347528836
-927.1341907197979
-962.8729949986331
-921.4076760089891
-946.3622461398077
-989.7578445293937
-950.87891398487
-966.0133581304331
-961.1125911238007
-914.2970612961026
-963.4837944496612
-1002.3335283198115
-997.7845002627043
-961.2648805187595
-956.1082652219429
-907.4447499903665
-911.7482575447328
-918.2472647390058
-1002.479744344263
-962.625240132556
-916.5385397634199
-973.6945562582412
-976.5297014636378
-938.5209058506698
-952.7492829951273
-958.1756776203208
-952.2507871076259
-983.2857118949363
-942.6314613676291
-960.5108027304373
-926.7041346136875
-945.9866272183607
-935.1185257204118
-925.8093093485327
-958.1295911375828
-951.8014255470944
-994.6135470131026
-966.7245013768771
-961.9678739985013
-889.186992284889
-980.4976606940344
-975.581676957794
-992.1793580824329
-939.4568866518786
-971.6737132973385
-981.8683334693382
-975.8543675154585
-1008.3088139476864
-881.6406694579234
-960.6266745466241
-886.2957165625787
-1020.8075480658887
-984.6178246247604
-965.370012687648
-977.6714994369015
-972.0098324261503
-991.419451524585
-963.9950645200668
-981.4534025763586
-957.2559607017974
-968.0912485254526
-974.9716773274856
-950.9684926046205
-952.5205600931897
-979.0713226212883
-959.458738406133
-978.1554624144383
-1019.2711254242928
-994.7033654665618
-956.3903360806303
-963.774650257304
-953.9395883621708
-1013.2283224993587
-982.3067475771575
-959.4775669970271
-1020.2594662855298
-1008.3176137686875
-1007.5421027785623
-989.428154325705
-969.5775406525431
-973.97837544806
-962.4870278494699
-1008.7745633454916
-965.5048087423298
-1050.0209736450477
-1002.5922246704453
-1022.5001254455285
-968.9673104000531
-965.8601516688474
-955.826170328026
-976.3254468451996
-977.0125718270579
-971.56000467819
-950.1761961730394
-982.7172799352127
-996.3123523342994
-1017.4997936723419
-1013.0545923610986
-998.0427149056289
-947.0181851540842
-996.7144206635963
-1026.1398055256786
-957.275205181491
-997.3690079543998
-1025.3550235027542
-1044.6615825248753
-984.7278470070131
-1001.818606257988
-1027.9372478783955
-982.060178449077
-1029.9159959032788
-958.7575405490014
-972.5795258552797
-1056.8636202131
-999.6344431863952
-1027.0894226918024
-980.6252067319808
-984.8423949210875
-918.9491871128433
-918.35961436676
-989.206315001035
-962.2133410932831
-963.5142930729598
-1013.6226364786174
-982.9317506711054
-934.9959350445304
-1013.4084784512146
-976.5443764963458
-1045.0942584973875
-999.5729129940684
-949.8060938136368
-1040.9026030790972
-980.0484903221306
-994.6327799959666
-987.3034844288628
-1018.2501527461038
-1038.942923040434
-954.4513232718964
-1021.1460905646398
-1020.1293611306749
-995.6257693734586
-983.738221920031
-962.3941974551997
-985.2388985299845
-976.4190610542825
-1016.3182748078201
-953.4930377731674
-989.4715108915408
-997.8950743785102
-945.7526021245437
-1013.5534641533952
-1019.7449059552312
-1026.8449746397782
-1018.7380526318528
-994.8980034331572
-1056.1710835118447
-983.2167625778831
-987.6572247518372
-1052.7194578812419
-1063.4432176071377
-945.193868399765
-1050.4057044807118
-1075.7310471073274
-1004.1494407829601
-966.8157042050691
-942.9002733098746
-1013.3970808037965
-960.5963611163302
-1018.9174516739383
-1025.9053216749621
-965.3243102719707
-1001.7387595989737
-1016.0592042421965
-966.5907023205735
-994.840944668115
-981.1940869362123
-963.6564127135387
-1016.2333458931215
-970.0825189335555
-1012.789602868568
-998.3276977187478
-1017.6948967683151
-1013.0946322322441
-1041.8708892330046
-971.6733694559967
-993.2118747904553
-977.9691370950866
-989.6615284159436
-944.9926850982525
-970.9762247147098
-1007.6325330602408
-1010.6801825844198
-1039.7058361950008
-1018.7263744371827
-1023.9488375615415
-1007.0595850439115
-1022.7214433872206
-1038.4402882360644
-1026.6197135679183
-1018.0660073987899
-1044.6791538994432
-1004.8513803789692
-1019.038953543808
-983.1769135207076
-996.7506410141694
-988.4932181318784
-1053.5138643765779
-1025.2746127783428
-965.2224380563481
-965.6803313927717
-969.6307948239937
-994.6259644328175
-942.5473415005591
-976.0355979110788
-957.3564487931915
-1050.4432077858305
-1008.1520873566377
-1024.2416007925287
-1036.6047242687594
-1010.7774239113803
-1008.2943482695637
-1015.7185439799788
-1001.1788961876373
-998.2227612772296
-992.0524452402844
-956.3382656958795
-1041.6369660241264
-1003.3880052434683
-983.9253241103916
-1037.711073176652
-997.6060593644595
-993.1675109160111
-1031.6121396710796
-1001.8461602558189
-1039.6313892839141
-1034.8083232756585
-987.3962677986391
-1040.3192933957148
-981.1586733699394
-1043.095354651526
-1001.6235052715249
-952.1319190170358
-982.6984327114122
-1015.3977260677495
-992.1422823760917
-1016.7475156871953
-1014.1096297409127
-1006.1084535660282
-974.4459802126555
-1027.563751923873
-1039.9015689269738
-1008.3161133467327
-1046.8372840441866
-977.3777927099834
-1043.7448316477412
-1035.1024822463637
-1030.018819220055
-996.1437450883575
-998.8340365150557
-1007.7054606494816
-1007.0684862796063
-996.8425898398123
-981.6902986166115
-976.3352564271145
-1037.2279944178147
-1008.85291107459
-1004.1980423465852
-1021.2450452532087
-1026.5733564526254
-991.5958540252826
-1020.1026119592552
-967.1419335290584
-1002.348526976625
-1041.3456976754326
-972.6611156199934
-1034.8273454745245
-980.5716272169544
-1007.8532361874383
-1013.3780553439796
-1006.2803273003223
-1031.3924211071383
-1023.6067187225764
-997.3883792508033
-1024.2747049639302
-1012.9977674066746
-1041.2248169156264
-1047.7030975587907
-1013.8509812948341
-1057.7679463751306
-1019.5314485400503
-1071.3651501176544
-1093.7904444839548
-1020.5045906805223
-1074.3099318825155
-996.9643838416596
-1073.8867808750697
-994.5300519741076
-1067.3018478885774
-1023.9575553226032
-1007.7692678227403
-1041.4254745536136
-1028.413596184023
-1059.7541839669927
-1026.466181987991
-993.4799635575114
-1005.2953865209482
-1038.7703441848403
-1018.036905341434
-1016.4112978464997
-1020.0094684653568
-1023.535224158643
-1078.5521952897172
-1001.7950097712503
-1010.6091915429463
-1015.9221590938656
-1004.413808055737
-999.2351099005492
-1044.6125256410942
-1039.8511697795534
-984.2943416894307
-1004.0613893429804
-1034.0389239755095
-1047.8884310568533
-953.0016345186717
-1043.9658833868493
-1059.0543290239325
-1018.2434284016833
-1011.5952453613281
-1006.3081881263838
-1023.8128909449423
-1034.893911511118
-1009.4784559610252
-1033.9617335587602
-1008.2790015963366
-988.8806581629037
-966.9595974073982
-1042.8388282670403
-1029.7357515607562
-977.2327651625955
-1014.0614141824608
-962.8723471856887
-1024.7068652315622
-1013.1016095618498
-997.0856120026057
-1030.946437281947
-1002.650681508851
-1036.0700047928067
-1033.195883368567
-1018.5814846869438
-1041.8585263441234
-1010.2920160073838
-986.764841897147
-950.8777268756919
-1001.5700287357454
-1029.5492412813248
-1005.9919646961898
-1077.472560513404
-996.7846099572248
-995.3495151282456
-1019.3651819185178
-997.991396802911
-995.8371432959209
-1014.4462348129342
-1011.5679574781849
-1015.0274804814071
-1046.59049470963
-1004.6573442731585
-1046.3298541477748
-1066.95295481528
-1021.7670192147181
-1016.8068843788815
-1024.2850170926565
-1100.773947157618
-999.0399823518393
-1015.3808210698141
-1023.4340486306749
-1025.6453904358473
-1010.8132577535744
-972.5687158734019
-988.9502966217182
-1029.0101234506353
-1043.1690704767605
-1010.643788913428
-1032.8405509632305
-992.5686465496292
-1057.9335920272335
-989.842313942272
-989.3642644047188
-1041.5951096209512
-1089.2675866509362
-1065.8255303026895
-989.1309366709626
-983.3410547669582
-1004.3145432538151
-1032.4791901056667
-1011.644775812527
-991.5755566979334
-982.7747169178202
-978.2645403185198
-994.4265574793661
-1031.6955367936516
-1013.2865488781907
-999.1331674777967
-1011.2013279963198
-990.0577264952769
-994.0553624025688
-1000.2473651868407
-1040.0067370805873
-987.3118684302826
-990.5311964184458
-986.1573225276261
-1035.8886545418595
-1047.6798542216077
-1018.9821241879793
-999.4018672995853
-1040.995348460114
-994.9248390725131
-1043.7232050390287
-1057.1093882547545
-1070.7116492486768
-1022.1018943259244
-1002.9576258153959
-1060.7810589487103
-990.9872655912478
-1028.0705544344291
-987.3981347237864
-999.2413214758244
-1040.4933544358898
-969.6216651107858
-1015.0952214359688
-984.1663132768622
-1014.3221109979164
-993.0957164830327
-1020.3437730288176
-1047.9881067935223
-1001.3271542254681
-1008.9221381613736
-1015.6990525909283
-1001.3734134419174
-981.2834429938672
-1050.333966162897
-1013.7825703774729
-1044.0667271064724
-1003.8565562727265
-1042.4411866851667
-1012.8879887101837
-1004.1520741194624
-1011.9422344436294
-998.6540149565666
-1061.4829174736128
-1032.0683523081416
-1052.652907885714
-1021.7836231108635
-1011.4633537459483
-1039.2033908422093
-974.2049817940057
-1001.456805488481
-978.0254749350834
-1111.4198097897015
-1051.4943395166354
-1015.0929305256786
-1024.123279272686
-1031.212656750657
-1004.6468362852175
-1043.9891949491018
-1055.9878752396403
-1043.647289249754
-1002.3582346076789
-977.3199577507336
-1032.9530241654215
-1004.7576482922251
-997.0651501071069
-987.9726837087886
-1032.5738587269586
-964.6263266444755
-1017.5709692256241
-1052.7227610047512
-1032.9158589235649
-1024.230744981546
-1015.7013331294609
-1013.7945499573984
-1009.961786331669
-1016.7703532293644
-965.2815677537346
-983.3345643188546
-1028.3232788226571
-1024.9445844026204
-1011.4660908220001
-1027.3020695453415
-995.2404084996693
-1016.5885820520639
-951.1817673889723
-989.4540780326738
-1020.7996586215112
-1009.0396615239332
-1029.805576957316
-1023.6747669624293
-1027.3362244636783
-983.9283322540846
-1008.72911384688
-1056.920405445011
-968.2671141031151
-1038.706335094118
-1019.6853529934509
-1045.3765063659387
-1002.1187759610365
-1015.6655970300947
-1015.4922229046097
-1006.3138584892871
-1043.3934323534988
-956.4099763615341
-1068.3439767899051
-1017.93784529163
-1017.9137347524617
-1017.177499656853
-1031.1943176715604
-1024.4298303489861
-963.8910224053168
-1051.9516196184993
-1039.5086999532814
-1026.4281343380976
-1092.2056617561025
-1055.458471342166
-1015.4533691757835
-1018.0725071287375
-1013.7273389051587
-1053.4592019709573
-968.0858894910681
-1049.2761515955772
-1017.0015860922325
-1010.695475042141
-1056.094539405014
-1016.1654646561442
-1063.6590975572437
-1037.0375379922752
-1007.3969160862233
-993.8124052302628
-993.8854684258387
-1001.8782994186823
-1054.1843467044391
-1022.2774110082107
-1031.639988033453
-1029.7840228454309
-996.9530323842704
-1055.2761901996103
-1056.8787294994302
-990.7615926793094
-1040.0827874741797
-1008.2572623485794
-1042.042969875072
-1000.7295897523379
-1021.1494600498182
-1003.0950177100397
-1071.2440113823534
-991.8690819894114
-961.3895792807302
-1036.7564695859285
-1073.9070382425862
-991.2524025209489
-1002.9591525776596
-952.2579214122438
-1063.0315338939017
-1036.816493970458
-963.312648689692
-1009.1851816045523
-1076.1756746494275
-1050.132338211833
-991.5691410890922
-1038.4412464897753
-1047.3999888688188
-1040.5177920117355
-973.8735470046646
-1015.5078596827072
-1051.5611090594173
-1020.9395398961783
-1103.629163947523
-1049.7102552141462
-1055.298310732512
-988.8915219460764
-1049.929580793952
-1022.7139981529131
-985.9163944929976
-991.5398810777796
-1012.2127472134779
-1004.4979370750041
-1060.1774214863228
-1069.8738715527793
-995.7048467293313
-989.1635633371942
-1053.5192617952548
-982.7837380967381
-1014.8692789033811
-1005.181399929908
-1069.7908459940265
-1035.9377729881744
-1015.4663300228558
-998.428209155386
-1046.8551733131233
-1010.7584611128003
-1011.6805355499417
-1053.5141958684965
-1008.384506295903
-1020.5963297197895
-978.9355993139029
-1051.1097779164118
-995.8515209778113
-987.187513838166
-1039.743031989594
-981.4285561258342
-973.9398795976067
-1024.6051928766312
-1040.5971231416622
-1011.1064572663901
-1072.1035910048242
-1044.878701697846
-1002.9949569350564
-1022.9540429181218
-1006.6108499342396
-1071.5884500318957
-1040.7220503987255
-1027.671494864099
-1055.890400970037
-1050.280181624373
-1040.880993574995
-1022.0155291403494
-1038.4296674376808
-988.455055764194
-1021.4222210123792
-995.2022529197728
-1002.412976607749
-978.8131725513441
-1056.482458228889
-1009.9321064839165
-1012.5240099506993
-1034.949980775332
-1048.2120200104428
-1026.3604611339656
-1011.2379734021728
-1039.74425393755
-1094.0823487752045
-1006.3868961597917
-1011.0363822972171
-1019.6398022910967
-1005.6243117262142
-1023.2474640173846
-1021.0912517072968
-1019.2274560005434
-1066.8343325847854
-1035.0535625158916
-1018.4276350170786
-1038.6066014426094
-998.2524152483259
-1052.874725245111
-1020.8501295098512
-1016.3823267150035
-1027.3709756350188
-1013.7808258808153
-983.530485416887
-990.5482267740135
-1071.6106248846802
-1028.329935557282
-1009.6677793775286
-1059.8315516309256
-1018.8852052512806
-1111.1117191578387
-1117.9045945971793
-1026.9554392819032
-1106.712305622716
-996.9086546831966
-1060.0834072789837
-1023.658381466492
-1036.873523272677
-1029.2832923045355
-1035.9122188849383
-1026.3489720733485
-1017.9835412864861
-1009.2383313157042
-1012.5973925260904
-1047.4351539963402
-1010.3968236984745
