0.2846009135246277, 0.0023916675709187984, 0.12920470535755157 
0.6513050198554993, 0.002454929519444704, 0.17267516255378723 
0.6459821462631226, 0.0007109979051165283, 0.09814682602882385 
1.0412347316741943, 0.0003279182128608227, 0.05924704670906067 
1.2245265245437622, 0.0003607844701036811, 0.04806620627641678 
0.9387603402137756, 0.00018936987908091396, 0.03146040812134743 
1.121535301208496, 0.00018578059098217636, 0.03398570790886879 
1.0263073444366455, 0.00015166723460424691, 0.035406265407800674 
0.9030674695968628, 6.561956251971424e-05, 0.021018141880631447 
0.9195873141288757, 2.7009107270714594e-06, 0.000310312956571579 
0.8137631416320801, 0.0, 0.0 
0.6704701781272888, 7.625668331456836e-06, 0.0074673728086054325 
0.7515174150466919, 1.3645833796260831e-08, 0.00032270682277157903 
0.5771114826202393, 1.6872786545718554e-06, 0.0014181142905727029 
0.5785874724388123, 6.417586746465531e-07, 0.000644884945359081 
0.49884918332099915, 3.751257827389054e-05, 0.017571663483977318 
0.5601191520690918, 6.593961734324694e-05, 0.019703498110175133 
0.3848873972892761, 3.531666152412072e-05, 0.017365850508213043 
0.45675307512283325, 5.4211081987887155e-06, 0.002422002609819174 
0.30899906158447266, 1.2479322322178632e-06, 0.0014017116045579314 
0.39944538474082947, 5.462864919536514e-06, 0.005227385554462671 
0.3350158631801605, 2.3152686878802342e-08, 4.315923372091789e-17 
0.3418664038181305, 1.0704150810170177e-07, 6.919579504938156e-07 
0.393340528011322, 1.349307149212109e-05, 0.009603033773601055 
0.23952360451221466, 4.8114219680428505e-05, 0.0213614609092474 
0.19899670779705048, 3.5795623261947185e-05, 0.021194390952587128 
0.24695813655853271, 6.353997014230117e-05, 0.021176204085350037 
0.2130698412656784, 5.335627793101594e-05, 0.019092237576842308 
0.20590533316135406, 6.052331082173623e-05, 0.022675933316349983 
0.27157342433929443, 5.7900604588212445e-05, 0.019359814003109932 
0.2932368218898773, 4.541161615634337e-05, 0.022893736138939857 
0.2857089638710022, 3.2415638997917995e-05, 0.027593567967414856 
0.40497010946273804, 2.7985190172330476e-05, 0.01990053988993168 
0.3013772964477539, 2.5982715669670142e-05, 0.021259622648358345 
0.3671231269836426, 1.786638495104853e-05, 0.01406716089695692 
0.3900362253189087, 2.839330591086764e-05, 0.017451133579015732 
0.4795874059200287, 2.8092521461076103e-05, 0.020273160189390182 
0.5670005679130554, 3.3349748264299706e-05, 0.024463903158903122 
0.5192638635635376, 5.2657691412605345e-05, 0.02939782850444317 
0.5372638702392578, 5.8045232435688376e-05, 0.02908596768975258 
0.609260618686676, 7.6876807725057e-05, 0.040795840322971344 
0.704504132270813, 0.00023535547370556742, 0.06017482280731201 
0.6595228314399719, 0.0007838326855562627, 0.0857345387339592 
0.7255814075469971, 0.001501724706031382, 0.1474601924419403 
0.7417365312576294, 0.003005139995366335, 0.19070588052272797 
0.7470459342002869, 0.00372174009680748, 0.20699292421340942 
0.772984504699707, 0.006469417829066515, 0.2856832444667816 
0.6725077629089355, 0.009332957677543163, 0.32142218947410583 
0.8600824475288391, 0.01634344272315502, 0.38449522852897644 
1.4085756540298462, 0.015519428066909313, 0.38796183466911316 
0.9638678431510925, 0.024627583101391792, 0.5310645699501038 
0.8927236795425415, 0.024697747081518173, 0.5661534070968628 
1.131516695022583, 0.028720228001475334, 0.5089620351791382 
1.1944851875305176, 0.03272909298539162, 0.5060907006263733 
0.776626706123352, 0.034174419939517975, 0.7974063754081726 
1.1120831966400146, 0.03813180699944496, 0.6969380378723145 
1.9007025957107544, 0.048148367553949356, 0.8864569067955017 
1.2099494934082031, 0.05300520732998848, 0.8195245862007141 
0.9790476560592651, 0.06171591579914093, 0.9212993383407593 
1.4207003116607666, 0.054619207978248596, 0.8887720108032227 
1.7430810928344727, 0.0552656352519989, 0.9466973543167114 
1.4502251148223877, 0.059523411095142365, 1.047682285308838 
1.494552731513977, 0.07133634388446808, 0.9663345813751221 
1.7821792364120483, 0.07853216677904129, 1.0461070537567139 
2.1551437377929688, 0.07501915097236633, 1.0963867902755737 
1.5245566368103027, 0.07425468415021896, 1.0461925268173218 
1.6165231466293335, 0.08411052823066711, 1.1371393203735352 
1.3430075645446777, 0.08109016716480255, 1.237329363822937 
2.1159908771514893, 0.08173875510692596, 1.086811900138855 
1.7586164474487305, 0.09841321408748627, 1.052903413772583 
1.8269321918487549, 0.08050624281167984, 1.0708897113800049 
1.7684926986694336, 0.0927865281701088, 1.1372170448303223 
1.3618533611297607, 0.07767942547798157, 1.1454814672470093 
1.6259409189224243, 0.09063626080751419, 1.0717980861663818 
1.9697943925857544, 0.09048619866371155, 1.0782504081726074 
2.8564767837524414, 0.09415418654680252, 1.112514853477478 
2.4086287021636963, 0.11309291422367096, 1.1178004741668701 
2.112630605697632, 0.08489157259464264, 1.1500012874603271 
2.4608266353607178, 0.09918739646673203, 1.0803312063217163 
3.0063233375549316, 0.09954919666051865, 1.1897660493850708 
3.114513397216797, 0.105719193816185, 0.9213883876800537 
3.838423728942871, 0.1317174732685089, 1.1906774044036865 
3.7522151470184326, 0.1137082576751709, 1.1253612041473389 
2.5617096424102783, 0.09965216368436813, 1.2998353242874146 
2.1502790451049805, 0.10762514919042587, 0.9180771112442017 
3.2692792415618896, 0.11621327698230743, 1.2429124116897583 
3.5647473335266113, 0.09833896905183792, 1.163231611251831 
3.5538387298583984, 0.11766686290502548, 1.127219319343567 
4.066732406616211, 0.10877244174480438, 1.3775782585144043 
4.302561283111572, 0.10202434659004211, 1.2534337043762207 
5.479999542236328, 0.11044489592313766, 1.246811866760254 
5.18625545501709, 0.11582658439874649, 1.097714900970459 
3.7331345081329346, 0.11388468742370605, 1.5110958814620972 
6.248267650604248, 0.11987455934286118, 1.486090898513794 
3.9399008750915527, 0.12082217633724213, 1.2142760753631592 
5.6483049392700195, 0.11208426207304001, 1.415296196937561 
6.002725124359131, 0.11802098900079727, 1.432447910308838 
7.245934009552002, 0.1305507868528366, 1.3203580379486084 
7.086688041687012, 0.11309854686260223, 1.4004565477371216 
7.3610334396362305, 0.14314430952072144, 1.1125644445419312 
6.399660110473633, 0.11801611632108688, 1.2310329675674438 
8.439706802368164, 0.12393482774496078, 1.5513688325881958 
10.129701614379883, 0.13508261740207672, 1.4688886404037476 
5.4667887687683105, 0.11260724067687988, 1.5565775632858276 
9.890425682067871, 0.12464946508407593, 1.2800742387771606 
5.816341400146484, 0.12453334033489227, 1.2333791255950928 
7.740423202514648, 0.11661764234304428, 1.568984031677246 
7.394242763519287, 0.10103832185268402, 1.4855258464813232 
6.795185565948486, 0.11057272553443909, 1.852730393409729 
8.367298126220703, 0.14199800789356232, 1.416367530822754 
9.552229881286621, 0.13258680701255798, 1.272996425628662 
9.642210960388184, 0.1286635398864746, 1.377969741821289 
10.27277946472168, 0.13180837035179138, 1.8168392181396484 
10.11229419708252, 0.10868573933839798, 1.3744114637374878 
13.308771133422852, 0.12880608439445496, 1.4494500160217285 
11.594311714172363, 0.13389289379119873, 1.5634150505065918 
9.598614692687988, 0.11732478439807892, 1.5410703420639038 
15.159417152404785, 0.134541854262352, 1.5725241899490356 
10.278068542480469, 0.12380322813987732, 1.4466325044631958 
12.51616382598877, 0.12611672282218933, 1.9075363874435425 
9.54074764251709, 0.13866204023361206, 1.308320164680481 
9.404241561889648, 0.1393575370311737, 1.7154433727264404 
13.814973831176758, 0.1257195919752121, 1.327805757522583 
12.691717147827148, 0.1291162222623825, 1.3799020051956177 
11.579755783081055, 0.14407964050769806, 1.7145406007766724 
9.952981948852539, 0.13507528603076935, 1.4980077743530273 
9.147043228149414, 0.12668152153491974, 1.3861463069915771 
7.6859283447265625, 0.12402084469795227, 1.8557194471359253 
12.96334457397461, 0.1418674737215042, 1.3306231498718262 
15.851480484008789, 0.1426895558834076, 1.0768723487854004 
12.647067070007324, 0.14686696231365204, 1.6415178775787354 
10.950284004211426, 0.12377118319272995, 1.4014402627944946 
15.108245849609375, 0.15768907964229584, 1.4329643249511719 
13.250333786010742, 0.14738516509532928, 1.4131416082382202 
16.900951385498047, 0.14404739439487457, 1.4714356660842896 
14.178436279296875, 0.12869030237197876, 1.5021759271621704 
17.051483154296875, 0.1540728062391281, 1.4967666864395142 
15.264841079711914, 0.13767322897911072, 1.4259134531021118 
8.590696334838867, 0.14010684192180634, 1.3785279989242554 
25.51727867126465, 0.16678954660892487, 1.3783352375030518 
26.424577713012695, 0.1534493863582611, 1.6548956632614136 
12.40883731842041, 0.1395944058895111, 1.392688274383545 
23.756900787353516, 0.14050821959972382, 1.3539037704467773 
12.999959945678711, 0.12608423829078674, 1.1164406538009644 
13.247599601745605, 0.14538833498954773, 1.2057700157165527 
15.050085067749023, 0.14110241830348969, 1.0231263637542725 
13.373083114624023, 0.14825916290283203, 1.5992953777313232 
19.7789363861084, 0.1567022055387497, 1.4078986644744873 
10.159103393554688, 0.14385658502578735, 1.449567198753357 
11.061701774597168, 0.13769197463989258, 1.586195945739746 
17.625104904174805, 0.15033230185508728, 1.28408682346344 
18.4028263092041, 0.15585476160049438, 1.2253025770187378 
22.242109298706055, 0.15627673268318176, 1.4118303060531616 
16.938966751098633, 0.14131051301956177, 1.2934929132461548 
15.088730812072754, 0.17506466805934906, 1.8505818843841553 
15.671103477478027, 0.16483443975448608, 1.2173155546188354 
19.998584747314453, 0.16098622977733612, 1.0996038913726807 
20.094215393066406, 0.1577187180519104, 1.3878600597381592 
18.215177536010742, 0.1417054980993271, 1.1600180864334106 
17.550899505615234, 0.1662566363811493, 1.3394792079925537 
20.255374908447266, 0.14189878106117249, 1.310926914215088 
22.87590980529785, 0.16117620468139648, 1.3747683763504028 
14.605080604553223, 0.15569357573986053, 1.378212571144104 
24.03748321533203, 0.17253807187080383, 1.4910043478012085 
16.779253005981445, 0.1353127807378769, 1.0751585960388184 
16.594879150390625, 0.17200630903244019, 1.175771713256836 
16.166406631469727, 0.15683814883232117, 1.207549810409546 
19.305023193359375, 0.15687642991542816, 1.6960608959197998 
23.960546493530273, 0.16329827904701233, 1.4237782955169678 
16.789426803588867, 0.14413954317569733, 1.320219874382019 
17.163389205932617, 0.15565258264541626, 1.414703607559204 
26.453529357910156, 0.1546175628900528, 0.9806967377662659 
19.1542911529541, 0.14360924065113068, 1.600598692893982 
16.759634017944336, 0.15486720204353333, 1.3232897520065308 
21.073219299316406, 0.1548696905374527, 1.3643649816513062 
13.6852388381958, 0.1453419029712677, 1.321026086807251 
22.63318634033203, 0.1481686234474182, 0.8727830648422241 
17.358543395996094, 0.157456174492836, 1.2214362621307373 
18.035606384277344, 0.15176820755004883, 1.2608755826950073 
29.417673110961914, 0.21105746924877167, 1.0938506126403809 
18.95767593383789, 0.15542981028556824, 1.4010330438613892 
21.48693084716797, 0.1724349856376648, 1.403276801109314 
18.968107223510742, 0.13016247749328613, 1.1153969764709473 
26.777828216552734, 0.1717960685491562, 1.4183930158615112 
22.168376922607422, 0.17309334874153137, 0.9709035754203796 
27.80914306640625, 0.17313167452812195, 1.6085141897201538 
13.490152359008789, 0.15918280184268951, 1.4300644397735596 
24.37683868408203, 0.15832491219043732, 1.391588568687439 
18.517377853393555, 0.1609218865633011, 1.4098669290542603 
18.165157318115234, 0.1500694453716278, 1.0502384901046753 
19.722026824951172, 0.14999419450759888, 1.173072099685669 
34.872894287109375, 0.15216225385665894, 1.1925811767578125 
16.070266723632812, 0.1576109230518341, 1.1270687580108643 
16.757314682006836, 0.1509133130311966, 1.0592939853668213 
23.298809051513672, 0.15939976274967194, 0.8904072642326355 
26.38490867614746, 0.19555653631687164, 1.3474737405776978 
19.343692779541016, 0.17641983926296234, 1.3231297731399536 
26.099538803100586, 0.1587914228439331, 1.0613445043563843 
16.910484313964844, 0.15294402837753296, 1.4134082794189453 
21.002147674560547, 0.16621653735637665, 1.464990258216858 
16.94460678100586, 0.18400105834007263, 1.2303216457366943 
20.723987579345703, 0.17568813264369965, 1.2292193174362183 
17.327922821044922, 0.20006076991558075, 1.4551929235458374 
34.53818893432617, 0.19369906187057495, 1.3440520763397217 
26.176359176635742, 0.15931567549705505, 1.0456594228744507 
22.36186981201172, 0.17397436499595642, 0.9108500480651855 
23.740753173828125, 0.1446468085050583, 1.3730549812316895 
37.85066604614258, 0.19143052399158478, 1.2233744859695435 
31.73737335205078, 0.19847077131271362, 0.9741384983062744 
20.634366989135742, 0.16118723154067993, 1.2295703887939453 
38.278907775878906, 0.19878734648227692, 1.7769643068313599 
42.48491287231445, 0.20188945531845093, 1.0562282800674438 
26.63529396057129, 0.1896984875202179, 1.1152263879776 
31.34526252746582, 0.16638411581516266, 0.9941309690475464 
29.133846282958984, 0.19691328704357147, 1.0744141340255737 
25.322532653808594, 0.16615331172943115, 0.8766071796417236 
27.085023880004883, 0.17569184303283691, 1.1300050020217896 
22.554096221923828, 0.18394838273525238, 1.4902080297470093 
25.53913116455078, 0.17282520234584808, 1.425618052482605 
31.00745964050293, 0.18797490000724792, 1.399095058441162 
31.359710693359375, 0.19076700508594513, 1.0512688159942627 
25.173864364624023, 0.16457082331180573, 1.3303210735321045 
19.828458786010742, 0.1738976240158081, 0.9251720905303955 
20.568408966064453, 0.15582191944122314, 0.9717710614204407 
26.63747215270996, 0.1780514121055603, 0.8184831142425537 
28.4903621673584, 0.15929153561592102, 0.7678021788597107 
34.01353454589844, 0.1930055171251297, 1.1769616603851318 
31.827890396118164, 0.226345956325531, 1.1511380672454834 
31.014415740966797, 0.18115100264549255, 1.0633819103240967 
20.630191802978516, 0.17244330048561096, 1.045041561126709 
42.56382369995117, 0.19093897938728333, 1.6094810962677002 
31.864044189453125, 0.15470437705516815, 0.873896598815918 
23.086458206176758, 0.1766848862171173, 0.9900602102279663 
28.68601417541504, 0.1830901950597763, 1.0070759057998657 
31.006200790405273, 0.18240073323249817, 1.202201008796692 
28.40680503845215, 0.19575509428977966, 1.114580512046814 
20.117029190063477, 0.16957877576351166, 1.1313159465789795 
26.87714385986328, 0.19435089826583862, 1.1204802989959717 
31.799015045166016, 0.18013784289360046, 1.0770515203475952 
35.215267181396484, 0.1868516206741333, 1.2093122005462646 
26.96883201599121, 0.191669300198555, 1.3732447624206543 
32.45343780517578, 0.18318451941013336, 1.276259422302246 
32.39010238647461, 0.18731571733951569, 1.0653139352798462 
21.128108978271484, 0.18952201306819916, 1.2304630279541016 
36.208343505859375, 0.1953771561384201, 1.0936980247497559 
28.229326248168945, 0.1690094918012619, 0.6869325041770935 
25.119407653808594, 0.15735554695129395, 1.0233498811721802 
39.903160095214844, 0.17419947683811188, 1.0587102174758911 
21.669145584106445, 0.17494474351406097, 0.7314139008522034 
44.349822998046875, 0.18744494020938873, 2.330566644668579 
33.477420806884766, 0.1928875893354416, 0.7196663022041321 
40.799442291259766, 0.17959177494049072, 0.9793729186058044 
29.517658233642578, 0.19212783873081207, 1.2717612981796265 
35.93452453613281, 0.1768869012594223, 0.5926535725593567 
30.03843879699707, 0.18178679049015045, 1.1649951934814453 
28.296510696411133, 0.20490744709968567, 1.0970431566238403 
27.42879295349121, 0.18427474796772003, 1.1195768117904663 
26.775657653808594, 0.1998143494129181, 1.612238883972168 
26.70633888244629, 0.1868382841348648, 1.116570234298706 
39.58549499511719, 0.17990244925022125, 1.0651668310165405 
34.018951416015625, 0.202114537358284, 1.4084199666976929 
32.975643157958984, 0.1780601441860199, 1.0330663919448853 
27.619237899780273, 0.15843632817268372, 0.8984782099723816 
32.316165924072266, 0.17146039009094238, 1.092368245124817 
25.82667350769043, 0.18999066948890686, 0.8106502890586853 
29.352190017700195, 0.1765344887971878, 1.1649736166000366 
23.58279800415039, 0.17547574639320374, 0.9101032614707947 
33.307106018066406, 0.15646180510520935, 0.9807681441307068 
42.73860168457031, 0.21452148258686066, 1.1798723936080933 
31.17999267578125, 0.19962769746780396, 1.0849058628082275 
33.88071823120117, 0.1824084222316742, 1.1717236042022705 
19.813457489013672, 0.18956822156906128, 0.906966507434845 
70.400634765625, 0.22324198484420776, 1.3769786357879639 
18.96990966796875, 0.18332254886627197, 1.9564323425292969 
26.172245025634766, 0.23541490733623505, 1.3298426866531372 
45.89414978027344, 0.22177501022815704, 1.1823697090148926 
33.03816604614258, 0.21707607805728912, 1.241904854774475 
35.53532791137695, 0.21169514954090118, 1.152747392654419 
41.94430923461914, 0.2400107979774475, 0.9944644570350647 
26.193286895751953, 0.17742936313152313, 0.8796218633651733 
27.53827476501465, 0.18238571286201477, 1.0263487100601196 
30.123130798339844, 0.20561908185482025, 0.9522647261619568 
29.107385635375977, 0.186614528298378, 0.9357095956802368 
40.82756423950195, 0.2051677256822586, 0.761359453201294 
37.3222770690918, 0.17492815852165222, 1.0505285263061523 
44.918888092041016, 0.21824392676353455, 1.141493797302246 
37.52564239501953, 0.20880039036273956, 0.8304740786552429 
29.401824951171875, 0.1564612090587616, 0.6677601337432861 
39.57239532470703, 0.23166793584823608, 0.8123481869697571 
43.827823638916016, 0.2044287919998169, 0.832256555557251 
35.446693420410156, 0.20259101688861847, 1.0845426321029663 
43.38445281982422, 0.22978344559669495, 0.978666365146637 
33.19641876220703, 0.23189224302768707, 0.7869304418563843 
41.32597351074219, 0.2537236213684082, 1.024517297744751 
31.916770935058594, 0.23900972306728363, 0.8341591954231262 
31.12000846862793, 0.2152264267206192, 1.0944596529006958 
32.768592834472656, 0.2367587834596634, 1.9346803426742554 
44.74873352050781, 0.24237360060214996, 0.7018700838088989 
35.48283386230469, 0.1902773231267929, 0.882366418838501 
38.76834487915039, 0.22056268155574799, 0.9075506925582886 
26.92262077331543, 0.21750739216804504, 1.0495326519012451 
34.30015182495117, 0.18550966680049896, 0.7316896319389343 
57.96246337890625, 0.19287075102329254, 0.9874176383018494 
32.03767013549805, 0.19670602679252625, 0.9133987426757812 
31.13019371032715, 0.21876130998134613, 1.0371055603027344 
44.859474182128906, 0.2172069251537323, 1.015863060951233 
42.8121337890625, 0.21000690758228302, 1.1109611988067627 
48.95610809326172, 0.22246761620044708, 1.1123881340026855 
37.150115966796875, 0.192367821931839, 0.6744778156280518 
32.07514572143555, 0.18628253042697906, 0.7971781492233276 
28.315242767333984, 0.22147302329540253, 0.9252026081085205 
41.24357604980469, 0.21249981224536896, 0.8001109957695007 
27.88217544555664, 0.1785249561071396, 0.9582664370536804 
45.14131546020508, 0.22499598562717438, 0.6888362169265747 
46.37443923950195, 0.2291886955499649, 1.0896800756454468 
31.090078353881836, 0.1912550926208496, 0.9873557090759277 
36.56804656982422, 0.16747739911079407, 0.5056402683258057 
35.52443313598633, 0.20766499638557434, 0.8578264117240906 
36.38050079345703, 0.22835113108158112, 1.7740490436553955 
51.427894592285156, 0.1802869588136673, 0.6949945092201233 
44.08552932739258, 0.21624235808849335, 1.4874820709228516 
31.992414474487305, 0.19022949039936066, 1.172200083732605 
33.4583854675293, 0.1932375282049179, 0.8486905694007874 
38.89529800415039, 0.20592428743839264, 1.1703646183013916 
62.42793655395508, 0.19126476347446442, 1.247360348701477 
35.41093444824219, 0.23032768070697784, 0.8422637581825256 
25.08511734008789, 0.1765824407339096, 0.9035419821739197 
35.482749938964844, 0.20927900075912476, 1.1540812253952026 
50.08094024658203, 0.21287491917610168, 0.5977063179016113 
41.42829895019531, 0.19378793239593506, 0.6376570463180542 
49.0467414855957, 0.2163320779800415, 0.7396965026855469 
28.799165725708008, 0.2405891716480255, 1.101439118385315 
37.018943786621094, 0.2367895096540451, 1.9428272247314453 
43.49972152709961, 0.22754938900470734, 1.0984466075897217 
29.9746036529541, 0.19402506947517395, 0.6271489262580872 
41.63460922241211, 0.18246206641197205, 0.9966932535171509 
68.37069702148438, 0.20829948782920837, 0.5287020206451416 
31.442859649658203, 0.18428024649620056, 0.57868492603302 
50.05290603637695, 0.2105483114719391, 0.8686109185218811 
35.37623596191406, 0.1978423297405243, 0.537684440612793 
39.424381256103516, 0.2454153448343277, 0.5505778193473816 
39.740745544433594, 0.22484521567821503, 0.8488717079162598 
39.08440017700195, 0.20193244516849518, 0.8606230020523071 
39.86454391479492, 0.21329864859580994, 1.1851922273635864 
40.86205291748047, 0.2079259753227234, 0.8236597180366516 
41.52200698852539, 0.22239196300506592, 0.6922563910484314 
45.47464370727539, 0.21155913174152374, 0.8245136141777039 
37.761924743652344, 0.20748715102672577, 1.1852130889892578 
55.443172454833984, 0.1848025619983673, 0.8614578247070312 
30.467552185058594, 0.1875390261411667, 0.5399816632270813 
51.19546890258789, 0.22487179934978485, 1.2449707984924316 
36.52083969116211, 0.23066867887973785, 0.8617966175079346 
39.7515869140625, 0.20348642766475677, 0.31308871507644653 
31.420793533325195, 0.2276035100221634, 1.21662175655365 
37.36253356933594, 0.2184954583644867, 0.9208154082298279 
31.651037216186523, 0.21668219566345215, 1.1635172367095947 
53.888694763183594, 0.21974314749240875, 0.8712362051010132 
38.784934997558594, 0.22903688251972198, 0.8424689173698425 
38.98270034790039, 0.21276399493217468, 0.8036738038063049 
35.90191650390625, 0.2394406944513321, 0.7169034481048584 
46.42384719848633, 0.23749250173568726, 1.0430352687835693 
34.435455322265625, 0.23059676587581635, 0.8181271553039551 
59.352176666259766, 0.2393476366996765, 0.8032110929489136 
33.42961502075195, 0.2270405888557434, 0.7987782955169678 
37.4852180480957, 0.21059490740299225, 0.6924753785133362 
40.67771530151367, 0.22572675347328186, 1.2272062301635742 
85.06729888916016, 0.23163685202598572, 0.6755942106246948 
47.31425476074219, 0.2510853409767151, 0.9129917025566101 
46.463924407958984, 0.2253299504518509, 1.3520537614822388 
33.472930908203125, 0.2216871976852417, 0.7013232111930847 
64.06219482421875, 0.2464224398136139, 1.2371444702148438 
40.53194046020508, 0.20404736697673798, 1.0103830099105835 
56.43778991699219, 0.21213248372077942, 0.866378664970398 
37.29255676269531, 0.22919981181621552, 0.7919410467147827 
53.64082336425781, 0.25373372435569763, 0.9184423685073853 
46.366058349609375, 0.22664327919483185, 0.6791158318519592 
44.59280014038086, 0.23403556644916534, 0.7868052124977112 
30.184751510620117, 0.22162221372127533, 0.57756507396698 
46.5359001159668, 0.2403329759836197, 0.8916470408439636 
49.159908294677734, 0.20839712023735046, 0.685849130153656 
50.508975982666016, 0.2166776955127716, 0.8211313486099243 
37.9432258605957, 0.19396261870861053, 0.6655964255332947 
35.48763656616211, 0.2180815041065216, 0.7782745957374573 
37.521488189697266, 0.2183183878660202, 0.7274557948112488 
37.46316146850586, 0.21478064358234406, 0.9964761734008789 
61.63435363769531, 0.2000272572040558, 0.5704612135887146 
29.12447738647461, 0.21689890325069427, 0.961561918258667 
49.70795822143555, 0.20020341873168945, 0.6851100921630859 
32.21971893310547, 0.219025656580925, 0.579375147819519 
74.61139678955078, 0.24364270269870758, 1.3519984483718872 
61.3690185546875, 0.2268078327178955, 0.7152043581008911 
36.589195251464844, 0.23717205226421356, 0.6572205424308777 
45.94567108154297, 0.22172729671001434, 1.0893150568008423 
46.90226745605469, 0.20211893320083618, 0.4693707823753357 
32.51051712036133, 0.18799133598804474, 0.9620629549026489 
38.42014694213867, 0.1855347454547882, 0.8652352690696716 
61.96411895751953, 0.2486943155527115, 0.8466394543647766 
51.22614669799805, 0.2425895482301712, 0.9241451621055603 
38.52444839477539, 0.22260728478431702, 0.690314531326294 
102.48512268066406, 0.22381053864955902, 1.0669670104980469 
