0.1
0.11
0.04
0.11
0.08
0.06
0.1
0.09
0.07
0.09
0.08
0.1
0.09
0.08
0.08
0.08
0.1
0.1
0.08
0.08
0.09
0.08
0.1
0.17
0.1
0.08
0.09
0.14
0.12
0.08
0.11
0.03
0.13
0.08
0.06
0.07
0.07
0.18
0.11
0.08
0.1
0.08
0.13
0.12
0.11
0.08
0.1
0.17
0.13
0.13
0.17
0.11
0.16
0.19
0.19
0.19
0.15
0.16
0.1
0.15
0.14
0.2
0.2
0.18
0.12
0.26
0.23
0.16
0.22
0.17
0.17
0.14
0.18
0.11
0.19
0.16
0.2
0.16
0.16
0.22
0.19
0.22
0.21
0.23
0.24
0.21
0.14
0.22
0.2
0.2
0.18
0.27
0.25
0.23
0.2
0.21
0.24
0.15
0.24
0.26
0.2
0.19
0.24
0.33
0.36
0.22
0.24
0.24
0.23
0.24
0.35
0.28
0.28
0.33
0.2
0.31
0.31
0.25
0.27
0.33
0.29
0.36
0.25
0.32
0.38
0.33
0.35
0.33
0.36
0.38
0.32
0.37
0.29
0.31
0.37
0.37
0.38
0.39
0.38
0.42
0.39
0.37
0.47
0.37
0.37
0.39
0.38
0.42
0.39
0.5
0.45
0.48
0.39
0.4
0.39
0.38
0.48
0.45
0.48
0.42
0.42
0.58
0.37
0.5
0.46
0.47
0.45
0.52
0.53
0.51
0.54
0.51
0.47
0.6
0.56
0.6
0.52
0.53
0.53
0.49
0.57
0.62
0.65
0.57
0.58
0.57
0.59
0.63
0.51
0.55
0.62
0.58
0.64
0.56
0.69
0.63
0.61
0.58
0.6
0.69
0.68
0.74
0.66
0.66
0.62
0.63
0.67
0.64
0.66
0.72
0.71
0.64
0.62
0.64
0.68
0.72
0.74
0.75
0.7
0.66
0.73
0.72
0.75
0.73
0.61
0.66
0.69
0.72
0.78
0.65
0.75
0.76
0.82
0.67
0.69
0.74
0.64
0.69
0.66
0.72
0.77
0.78
0.69
0.75
0.78
0.73
0.79
0.77
0.75
0.8
0.76
0.76
0.84
0.8
0.8
0.78
0.71
0.7
0.8
0.81
0.67
0.81
0.77
0.73
0.79
0.82
0.85
0.8
0.8
0.76
0.77
0.78
0.78
0.79
0.89
0.83
0.75
0.81
0.86
0.76
0.88
0.79
0.83
0.84
0.81
0.76
0.8
0.87
0.78
0.82
0.87
0.77
0.85
0.8
0.78
0.79
0.79
0.85
0.9
0.75
0.87
0.85
0.84
0.83
0.86
0.87
0.85
0.87
0.84
0.82
0.82
0.88
0.79
0.74
0.86
0.9
0.89
0.81
0.91
0.89
0.84
0.81
0.83
0.87
0.91
0.87
0.83
0.92
0.81
0.83
0.85
0.88
0.91
0.85
0.89
0.87
0.82
0.87
0.84
0.87
0.85
0.86
0.83
0.89
0.89
0.84
0.81
0.85
0.87
0.86
0.84
0.84
0.8
0.91
0.82
0.86
0.88
0.82
0.86
0.91
0.82
0.88
0.84
0.82
0.87
0.89
0.94
0.87
0.85
0.89
0.84
0.78
0.87
0.91
0.84
0.82
0.82
0.87
0.89
0.84
0.86
0.8
0.87
0.86
0.87
0.92
0.91
0.81
0.86
0.89
0.8
0.89
0.82
0.85
0.85
0.83
0.84
0.91
0.83
0.89
