0.4974055923897377
0.5060536177572788
0.49711732487748633
0.4968290573652349
0.4974055923897377
0.5007206687806284
0.4952435860478524
0.502738541366388
0.5057653502450273
0.5008648025367541
0.4981262611703661
0.5063418852695302
0.49452291726722397
0.5017296050735082
0.49034303833957915
0.5021620063418852
0.49927933121937157
0.49855866243874314
0.5015854713173825
0.5014413375612569
0.49870279619486885
0.512827904295186
0.4963966560968579
0.4942346497549726
0.5012972038051312
0.5131161718074373
0.4958201210723551
0.5049005477082733
0.4978379936581147
0.502738541366388
0.5095128279042952
0.5219083309311041
0.5219083309311041
0.5312770250792735
0.5451138656673393
0.543384260593831
0.5554914961083885
0.5524646872297492
0.5609685788411646
0.5583741712309023
0.5595272412799077
0.5549149610838858
0.5645719227443067
0.5615451138656673
0.56947247045258
0.5635629864514269
0.5665897953300663
0.5680311328913231
0.5750936869414817
0.5596713750360335
0.5762467569904872
0.5778322283078697
0.5750936869414817
0.574949553185356
0.5850389161141539
0.5742288844047276
0.5730758143557221
0.5812914384548862
0.5750936869414817
0.5766791582588642
0.5938310752378207
0.5919573364081868
0.5857595848947823
0.5859037186509081
0.5987316229460939
0.5913808013836841
0.5977226866532142
0.5997405592389737
0.5929662727010666
0.5998846929950995
0.601037763044105
0.5985874891899683
0.606947247045258
0.60420870567887
0.6117036609974056
0.6099740559238974
0.6063707120207552
0.5995964254828481
0.6068031132891323
0.6130008648025368
0.6037763044104929
0.6180455462669358
0.6131449985586624
0.6059383107523783
0.6140098010954166
0.6039204381666187
0.6238108965119631
0.6206399538771981
0.6145863361199193
0.6219371576823292
0.6259729028538483
0.6187662150475641
0.6223695589507062
0.6122801960219083
0.6246756990487172
0.6132891323147881
0.6334678581723839
0.615162871144422
0.6157394061689248
0.6163159411934275
0.6230902277313347
0.6142980686076679
0.6255405015854714
0.6372153358316518
0.6075237820697608
0.6261170366099741
0.6220812914384549
0.617036609974056
0.6308734505621216
0.6268377053906025
0.6285673104641107
0.61790141251081
0.6157394061689248
0.6222254251945806
0.6251081003170943
0.6223695589507062
0.6308734505621216
0.623378495243586
0.6353415970020179
0.6347650619775151
0.6310175843182473
0.622946093975209
0.6314499855866244
0.6251081003170943
0.6282790429518593
0.6289997117324877
0.6264053041222254
0.6304410492937446
0.6385125396367829
0.6320265206111271
0.631161718074373
0.641683482271548
0.6377918708561545
0.6308734505621216
0.6209282213894494
0.6217930239262035
0.6328913231478812
0.6445661573940616
0.6366388008071491
0.6406745459786682
0.6415393485154223
0.6379360046122802
0.6347650619775151
0.6326030556356299
0.6323147881233785
0.6382242721245316
0.6457192274430672
0.6413952147592966
0.6350533294897664
0.637071202075526
0.6366388008071491
0.647592966272701
0.6328913231478812
0.6425482848083021
0.6213606226578264
0.6334678581723839
0.6452868261746901
0.6327471893917556
0.6419717497837993
0.6388008071490343
0.6349091957336408
0.6366388008071491
0.6359181320265206
0.6447102911501874
0.6320265206111271
0.6272701066589795
0.6376477371000289
0.6343326607091381
0.6327471893917556
0.6491784375900836
0.6350533294897664
0.6262611703660997
0.6543672528106083
0.6490343038339579
0.641683482271548
0.6510521764197175
0.6471605650043241
0.6448544249063131
0.6232343614874604
0.6278466416834823
0.6372153358316518
0.62525223407322
0.6438454886134333
0.6439896223695589
0.6268377053906025
0.6448544249063131
0.6426924185644278
0.6406745459786682
0.6388008071490343
0.6271259729028539
0.6350533294897664
0.6434130873450562
0.6375036033439031
0.6364946670510233
0.651772845200346
0.6223695589507062
0.6375036033439031
0.628855577976362
0.6415393485154223
0.6455750936869414
0.6497549726145864
0.6409628134909195
0.6464398962236956
0.6320265206111271
0.6380801383684059
0.6377918708561545
0.6425482848083021
0.6379360046122802
0.6380801383684059
0.6428365523205535
0.639377342173537
0.6428365523205535
0.6460074949553185
0.649466705102335
0.633900259440761
0.6324589218795041
0.6375036033439031
0.6418276160276737
0.6375036033439031
0.6238108965119631
0.6490343038339579
0.617469011242433
0.633900259440761
0.6363505332948977
0.6464398962236956
0.6300086480253675
0.653070049005477
0.6385125396367829
0.639377342173537
0.6295762467569905
0.6509080426635918
0.630729316805996
0.6395214759296627
0.633900259440761
0.6347650619775151
0.6426924185644278
0.6324589218795041
0.6406745459786682
0.6477371000288268
0.6380801383684059
0.6323147881233785
0.6343326607091381
0.636206399538772
0.6343326607091381
0.6473046987604497
0.6488901700778322
0.6320265206111271
0.6295762467569905
0.6457192274430672
0.6542231190544826
0.6419717497837993
0.646728163735947
0.6304410492937446
0.6496108388584606
0.6418276160276737
0.6347650619775151
0.6366388008071491
0.6246756990487172
0.6396656096857884
0.6385125396367829
0.6409628134909195
0.6356298645142693
0.6398097434419141
0.6323147881233785
0.6400980109541655
0.6376477371000289
0.6422600172960508
0.6454309599308158
0.6625828769097722
0.6471605650043241
0.6506197751513404
0.6360622657826462
0.6461516287114443
0.6360622657826462
0.6392332084174114
0.6287114442202364
0.6468722974920726
0.6356298645142693
0.6462957624675699
0.6380801383684059
0.6408186797347939
0.6501873738829634
0.6470164312481983
0.6364946670510233
0.6413952147592966
0.6487460363217066
0.6356298645142693
0.6364946670510233
0.6372153358316518
0.6321706543672528
0.649466705102335
0.6392332084174114
0.6372153358316518
0.6418276160276737
0.649899106370712
0.6428365523205535
0.6460074949553185
0.6315941193427501
0.6383684058806572
0.6334678581723839
