0.3390963508593013
0.3382856886885408
0.34798045933229443
0.34203422565682695
0.3294107545991235
0.34195819452473647
0.3528481939429855
0.33353744712035915
0.338528512901957
0.3456841197920628
0.37153921448003313
0.35935497615263207
0.3258574746510503
0.3444006825338036
0.3569072127548231
0.3594547607689186
0.3486762294623022
0.3402815345794924
0.35966743824977754
0.3250310044169151
0.33178944141531047
0.3403150044845134
0.35246441261799927
0.3304676268816269
0.35028273704105534
0.34625608439252537
0.3474176908684422
0.3307557526100341
0.3518846759461038
0.3620567921085566
0.33795841389297065
0.3581206264824087
0.36177968699055885
0.34839976061787886
0.34832828644070823
0.3296455523816757
0.3409384674808946
0.3709940086226172
0.3428942969515233
0.34203315079898877
0.34460565981386476
0.336750526067024
0.33473070620340273
0.3338224067597345
0.34647909361302576
0.3405154464929472
0.34982744933960075
0.3397433313837249
0.3265652245914881
0.3368462238778373
0.3322542984991373
0.33042469850316436
0.3210248287267176
0.35405336770503715
0.33834962988023387
0.3090221748863291
0.34931226809453303
0.3400552055974435
0.3253896144918308
0.32013246435929554
0.328046174488172
0.330164712892356
0.3311509214951077
0.31520462018750983
0.31734858231816426
0.34317868182324046
0.33533631470875197
0.3196256460304359
0.33304491145579224
0.34460338235570953
0.3309147119112227
0.3232044176915274
0.3246103024586589
0.3197784675320091
0.33475460075346264
0.3427025726502804
0.32875183840981825
0.33719517209369704
0.3210650533480647
0.32106922736846355
0.3349382609691179
0.33186028073305773
0.32481661347955604
0.3189077645128224
0.3340904787011136
0.31932617995184137
0.3284381527093149
0.32934479933867256
0.3154241370234621
0.3117951901655318
0.3234057181690764
0.3224240915703883
0.3133035977220824
0.3110216333947149
0.32782027982003675
0.32843309951611377
0.3186913922188743
0.33271937183005745
0.3076494049778732
0.32051009597677377
0.3264356888830662
0.3140306344742925
0.3283683325460155
0.31266927644867915
0.30765996180680766
0.32826397738801444
0.30282329220307586
0.31437966742548523
0.3213661943234005
0.3294822855204481
0.32841849263166273
0.31285394156514773
0.31190003310480424
0.30334136581846644
0.32198369070406885
0.32162339866916706
0.3120039558415795
0.3128677501519155
0.31277658622969406
0.30507731320945897
0.2929116766540385
0.33237820700635007
0.3136661934520414
0.2963557552185751
0.3103745121526004
0.30046345355323933
0.3093163117526039
0.3102131158989009
0.3126268977608343
0.3071192944473866
0.30378138895408346
0.31724033213310665
0.31486826087348163
0.3138858285831279
0.29702836189264525
0.31932579008390277
0.32571697136610406
0.2933749148519152
0.2997756537655154
0.3094720916290368
0.297928577924173
0.300217721237874
0.2996365917408796
0.29373185925855205
0.30262635844386254
0.28503472465498175
0.3134206825446698
0.2927314855473777
0.30431639904388086
0.3110464700253054
0.30672077775379203
0.29034209619265494
0.30663489756788115
0.2915164256459832
0.3062195619267802
0.29502508590160975
0.29292521611379657
0.29669309052110815
0.284636890944866
0.2996264027929457
0.29521132182450066
0.2764778795710031
0.2967710647697685
0.27915740403677186
0.27703328872279775
0.29397797373376683
0.2851153712350583
0.2969219176193124
0.27627167502237904
0.29585448554867216
0.29564123839345946
0.2995538761161165
0.2882541193581757
0.29408886978909166
0.28321815915577425
0.2762265225297295
0.27374533049908173
0.30062239668611007
0.27431470993047896
0.2779435564244535
0.2764349796118275
0.2735943423695691
0.2681181629098231
0.2883783689601355
0.29182454950952996
0.302643395891662
0.27773966308906334
0.29694306480693994
0.28750316814566673
0.29786766164888917
0.28787626481447626
0.2933451445678824
0.2764596863121893
0.2954922976478728
0.26355203578446046
0.3036668781246904
0.2769633993369094
0.2788460644998498
0.26351820235408857
0.2785754572376952
0.294053153954618
0.2667194110274847
0.26028847147620493
0.29166632937911197
0.2849303994001606
0.2818342724419092
0.2830749338810345
0.26727750775734743
0.26084344401474924
0.27194444354503383
0.26599124170118765
0.26760869089102
0.2542485313163856
0.2905823113396764
0.2793022923961213
0.2718740344983161
0.2729980841875591
0.25945518211319973
0.2862504730129846
0.27305949757450737
0.27348624720036435
0.2595590993564593
0.27040686989889784
0.2632236852211886
0.26608767188239996
0.28111131545284995
0.2775536608380107
0.2820254825570616
0.2664243651614074
0.262990587711772
0.26936663615126766
0.2649457146357831
0.23674983516215317
0.2685999790193676
0.26166359047632887
0.2725775182109824
0.2587949051328587
0.24608053847147401
0.2676845234110608
0.2564425620203194
0.261246278402417
0.24938293370044864
0.25814045075550335
0.2603286390497525
0.25939688813542167
0.27000623142286656
0.26664017876266816
0.24601599252417958
0.25766733360867344
0.24976637270215743
0.2688411290538476
0.2754005112466381
0.26524792366107486
0.2626147564320314
0.25501769009445396
0.2528414101820559
0.25804268733988844
0.261196207323794
0.2449581310462018
0.2705037424057585
0.25834719136288636
0.24518980482842104
0.2688694396978974
0.2527906814727434
0.26216362732621384
0.2711995800931333
0.25688437738108194
0.27179810156174483
0.23434574343264103
0.24270284933162517
0.2434020608079873
0.24425092037372326
0.24826012968089997
0.24780177965348218
0.2493283477427292
0.24852416546766384
0.24805777216939606
0.2322462054252762
0.2576306089587201
0.24974302723703365
0.273255221955564
0.23645077989337973
0.2525715765517531
0.24832970691922074
0.24647188765395964
0.25078996894065686
0.25004904826218904
0.2479275839214432
0.25097962059853124
0.2482379431909268
0.24414807130595506
0.23728840299216764
0.23857613155953072
0.24690227097217937
0.2426632710728228
0.2421502392344211
0.23687331917511154
0.23476220027024294
0.24973235894767096
0.23186078662490514
0.24879026264896453
0.2520550019730071
0.2358208336193578
0.25462379907408067
0.2326161707343731
0.23730581693248265
0.2466336439625459
0.24840289289947204
0.24469019989332846
0.23097816542969063
0.24897833310350914
0.248869633134712
0.22435828494465984
0.23705834550525529
0.23956932104139025
0.23617462842180156
0.2304474641633336
0.24178180491663345
0.2368109024168434
0.24882940993502667
0.24570353661367694
0.24462198942024174
0.2409075014808211
0.24374774985942424
0.22638391271611238
0.24116492546099122
0.2397132368912826
0.23290124412814867
0.249112343909176
0.2482497873544384
0.2368680223745341
0.2611227088708705
0.22773582528856012
0.23642973601818085
0.23205517687349825
0.22603894025087357
0.22664902560318465
0.24200354699337262
0.24065132627976105
0.25903037085717173
0.23479415150144683
0.2174875824218659
0.220404206569122
0.24575620923461694
0.23586992353784597
0.24237933142908982
0.2378836471484416
0.23487756535204873
0.23628814502571996
0.2303712693448629
0.22741056018195668
0.2372280968361736
0.24986812160758104
0.22850438081637917
0.24746339257875208
0.2354688851961068
0.22852872921935014
0.23646047426396252
0.23977339923519142
0.23679861554463957
0.23221233291422716
0.2341000242802542
0.2573281744074437
0.22300508414923045
0.22623822257386236
0.2299137657147742
0.22562281867223127
0.24563323587934544
0.21863640185600053
0.23142433888171607
0.23979786302774184
0.22597622092006392
0.23023371912607674
0.22490891084624326
0.21569281586656167
0.21938634567683743
0.22757004530593958
0.19987346283439117
0.24252716551453288
0.24343323756078009
0.23058778730817653
0.23169941134098487
0.2502556545466768
0.2334555559512657
0.236621946934396
0.22486785146909924
0.21604889315823395
0.22427317681657966
0.23031116722898412
0.22480554769538807
0.2368994262734694
0.23015585211255857
0.20898982113836684
0.2266706968078278
0.23819607607848634
0.2256219978379901
0.24115705277023983
0.22714248988434055
0.2223747943266196
0.22261420072567079
