2.3032803535461426
2.3022308349609375
2.3016438484191895
2.300053834915161
2.2968201637268066
2.2908194065093994
2.280477285385132
2.264491558074951
2.2405428886413574
2.2064709663391113
2.160834550857544
2.1011698246002197
2.026123046875
1.9395477771759033
1.8522367477416992
1.772268295288086
1.6547691822052002
1.5676143169403076
1.4711408615112305
1.3477622270584106
1.2854444980621338
1.1731611490249634
1.0929380655288696
1.0502575635910034
0.955061137676239
0.8913576006889343
0.8490275144577026
0.777532696723938
0.7320908308029175
0.6964455842971802
0.632621705532074
0.6076333522796631
0.5770798921585083
0.5547736883163452
0.5184828042984009
0.4355488419532776
0.4374813437461853
0.39752623438835144
0.34045350551605225
0.32829803228378296
0.2811427414417267
0.27412670850753784
0.23199796676635742
0.2217128723859787
0.18012814223766327
0.17382144927978516
0.14257340133190155
0.13652285933494568
0.1529737412929535
0.5154085159301758
0.6836490631103516
0.10833574831485748
0.8301489949226379
0.12846454977989197
0.7403899431228638
0.14531125128269196
0.32273444533348083
0.36510539054870605
0.12977801263332367
0.25010719895362854
0.25874438881874084
0.12484510987997055
0.11662979423999786
0.17297060787677765
0.16119378805160522
0.09202484786510468
0.07337208837270737
0.09942252933979034
0.09284599125385284
0.0933787077665329
0.07594320923089981
0.04704328626394272
0.047750554978847504
0.054770566523075104
0.04221835359930992
0.038254719227552414
0.04067213460803032
0.03671737387776375
0.03339216858148575
0.03215374797582626
0.027884632349014282
0.02308795042335987
0.02182580903172493
0.021496683359146118
0.019899215549230576
0.018680645152926445
0.01812106743454933
0.017067886888980865
0.015105215832591057
0.013450617901980877
0.01285474468022585
0.0126343984156847
0.011889845132827759
0.010776158422231674
0.00985113438218832
0.009370805695652962
0.009103617630898952
0.008793829008936882
0.008370868861675262
0.008007874712347984
0.007820305414497852
0.0075845965184271336
0.007168647833168507
0.006676232907921076
0.0062987906858325005
0.0060386331751942635
0.005856763571500778
0.0056989495642483234
0.0055186934769153595
0.0053113591857254505
0.005107133183628321
0.004924230743199587
0.004778791684657335
0.004656120203435421
0.004544365219771862
0.004458538256585598
0.0043610213324427605
0.004259859211742878
0.004169906489551067
0.004083156120032072
0.003992745652794838
0.003898781258612871
0.0038049924187362194
0.003712297650054097
0.003625075099989772
0.00354349915869534
0.003468688577413559
0.0033946032635867596
0.003324632067233324
0.0032573863863945007
0.0031909733079373837
0.0031293625943362713
0.0030638277530670166
0.002997887320816517
0.0029431816656142473
0.002885453635826707
0.0028314038645476103
0.002779113594442606
0.0027244056109339
0.002675130497664213
0.0026228385977447033
0.0025741485878825188
0.0025273857172578573
0.0024798845406621695
0.002435824600979686
0.002391224028542638
0.002348452340811491
0.002304981928318739
0.0022703467402607203
0.002226338256150484
0.002190847648307681
0.0021485404577106237
0.0021111757960170507
0.0020745834335684776
0.002041660016402602
0.00200890121050179
0.001977599924430251
0.0019442427437752485
0.0019133470486849546
0.0018833201611414552
0.0018539510201662779
0.0018247871194034815
0.0017967165913432837
0.0017742092022672296
0.0017460109665989876
0.0017206951742991805
0.001697509316727519
0.0016729757189750671
0.001648481236770749
0.0016244783764705062
0.001602375297807157
0.001585009740665555
0.0015604628715664148
0.001543740276247263
0.0015208041295409203
0.0014989747432991862
0.0014806276885792613
0.0014613333623856306
0.0014451479073613882
0.0014269213424995542
0.00140848639421165
0.0013918450567871332
0.00137769291177392
0.001358811161480844
0.0013436750741675496
0.0013296462129801512
0.0013130621518939734
0.0013008784735575318
0.001283917110413313
0.0012707251589745283
0.001258554169908166
0.0012420694110915065
0.0012325593270361423
0.001215033233165741
0.0012028970522806048
0.0011897130170837045
0.001182075822725892
0.0011659353040158749
0.0011563580483198166
0.001146904076449573
0.001133309444412589
0.0011274979915469885
0.001110313693061471
0.0011024128179997206
0.0010897039901465178
0.0010800177697092295
0.0010692075593397021
0.0010599552188068628
0.0010487090330570936
0.0010393585544079542
0.0010304130846634507
0.0010210985783487558
0.0010129137663170695
0.001003539888188243
0.000995493377558887
0.0009874820243567228
0.0009778240928426385
0.0009705328266136348
0.000963175087235868
0.0009542107582092285
0.0009464553440921009
0.0009391632047481835
0.0009312125039286911
0.0009238427737727761
0.0009166566887870431
0.0009089626255445182
0.0009018552373163402
0.0008928688475862145
0.0008866499993018806
0.0008767569670453668
0.0008692980045452714
0.0008563168230466545
0.0008444428676739335
0.0008330710115842521
0.0008182969759218395
0.0008039295789785683
0.0007880160701461136
0.0007726242765784264
0.0007554106414318085
0.000738097180146724
0.0007198721868917346
0.0007023914949968457
0.0006834255764260888
0.0006651360890828073
0.0006480824667960405
0.000628773937933147
0.0006113511044532061
0.0005951931816525757
0.0005768690025433898
0.0005607946659438312
0.0005440203240141273
0.0005280216573737562
0.0005132685764692724
0.0004969233996234834
0.00048453063936904073
0.00046993029536679387
0.0004564963164739311
0.00044548511505126953
0.0004316398990340531
0.00042154500260949135
0.0004094547184649855
0.00040001445449888706
0.00039077046676538885
0.0003812642826233059
0.00037324693403206766
0.000363450322765857
0.00035654212115332484
0.0003484479966573417
0.0003419205895625055
0.0003349644539412111
0.0003292640030849725
0.0003234145697206259
0.00031751737697049975
0.00031228718580678105
0.0003072299878112972
0.00030238160979934037
0.000298307160846889
0.0002942447899840772
0.0002903849526774138
0.00028636440401896834
0.0002827368152793497
0.00027913908706977963
0.00027597008738666773
0.00027268182020634413
0.00026981017435900867
0.0002665753127075732
0.000262667250353843
0.0002594681573100388
0.00025523308431729674
0.0002522006689105183
0.00025026482762768865
0.00024243835650850087
0.00023984124709386379
0.0002390715089859441
0.0002289457042934373
0.0002312666765647009
0.00022214185446500778
0.0002187454083468765
0.000215112158912234
0.00020921474788337946
0.00020674720872193575
0.00019963465456385165
0.00019770991639234126
0.00019146676640957594
0.0001926399563672021
0.00018571734835859388
0.00018604416982270777
0.00017972334171645343
0.00017860878142528236
0.00017256787396036088
0.0001726869522826746
0.00016768219938967377
0.00016589426377322525
0.00016214059724006802
0.0001623189600650221
0.0001582555560162291
0.0001580825773999095
0.00015438845730386674
0.0001535301998956129
0.00015135537250898778
0.00014930574980098754
0.00014735139848198742
0.00014715458382852376
0.00014447333524003625
0.00014494385686703026
0.00014188713976182044
0.00014353133155964315
0.00014065951108932495
0.0001403795467922464
0.00013902105274610221
0.00013787094212602824
0.00013680434494744986
0.00013540418876800686
0.00013526109978556633
0.00013346163905225694
0.0001339738955721259
0.00013129257422406226
0.00013151290477253497
0.00012974916899111122
0.0001292903471039608
0.00012887324555777013
0.00012771127512678504
0.00012727626017294824
0.00012662078370340168
0.00012625726230908185
0.00012578647874761373
0.0001260127901332453
0.0001252679794561118
0.0001248389744432643
0.0001256313407793641
0.00012394510849844664
0.00012416545359883457
0.00012409979535732418
0.00012359331594780087
0.00012389730545692146
0.00012221101496834308
0.00012342646368779242
0.00012165686348453164
0.00012352193880360574
0.00012109680392313749
0.00012336083455011249
0.00012065572809660807
0.00012295570923015475
0.00012055448314640671
0.00012284838885534555
0.00011973801156273112
0.00012284234981052577
0.0001199346297653392
0.00012219880591146648
0.00012020275607937947
0.00012078076542820781
0.00012041123409289867
0.00011879047087859362
0.00011960079427808523
0.0001175450743176043
0.0001191836636280641
0.00011671086394926533
0.00011804552923422307
0.00011593619274208322
0.0001177237500087358
0.00011549525515874848
0.00011795600585173815
0.00011562623694771901
0.00011798596096923575
0.00011584677122300491
0.00011758648179238662
0.00011665096099022776
0.00011572158837225288
0.00011584678577492014
0.00011552493378985673
0.00011563217412913218
0.00011442258255556226
0.00011528648610692471
0.00011414832988521084
0.00011478590022306889
0.00011354059824952856
0.00011376103066140786
0.00011316513700876385
0.00011316510062897578
0.00011293875286355615
0.0001125335693359375
0.00011258714221185073
0.00011211637320229784
0.00011186608026036993
0.00011169919889653102
0.00011263471242273226
0.00011175273539265618
0.00011181827721884474
0.00011193750833626837
0.00011154427193105221
0.00011221758177271113
0.00011101991549367085
0.00011166937474627048
0.0001117586944019422
0.00011128800542792305
0.00011153233936056495
0.00011081128468504176
0.00011084698053309694
0.00011084099241998047
0.00011034641647711396
0.00011048349551856518
0.00011122239811811596
0.0001099352739402093
0.00011070391337852925
0.00011007833381881937
0.0001098936190828681
0.00011071587505284697
0.00010960757208522409
0.00011026896390831098
0.00011004842963302508
0.00010945254325633869
0.00011048345913877711
0.0001090891455532983
0.00011031659232685342
0.00010888653196161613
0.00010900566121563315
0.00010926181130344048
0.00010858252790058032
0.00010982798266923055
0.0001084633549908176
0.0001093927858164534
0.00010840369941433892
0.00010887449752772227
0.00010883282811846584
0.00010826070501934737
0.0001083023744286038
0.00010736085096141323
0.00010745016334112734
0.00010624642891343683
0.00010594238119665533
0.00010522124648559839
0.00010439293691888452
0.00010408905654912814
0.00010265293531119823
0.00010224167635897174
0.00010119882790604606
0.00010042410576716065
0.00010009625839302316
9.869582572719082e-05
9.802232671063393e-05
9.678271453594789e-05
9.580529876984656e-05
9.48220695136115e-05
9.382087591802701e-05
9.278395737055689e-05
9.209261770593002e-05
9.10616508917883e-05
9.077558206627145e-05
8.982217696029693e-05
8.939317922340706e-05
8.873168553691357e-05
8.796279871603474e-05
8.752156281843781e-05
8.688974048709497e-05
8.661560423206538e-05
8.615101251052693e-05
8.579951827414334e-05
8.538832480553538e-05
8.508426253683865e-05
8.478030213154852e-05
8.416063792537898e-05
8.428584987996146e-05
8.386862464249134e-05
8.36539184092544e-05
8.323066867887974e-05
8.27777330414392e-05
8.23131631477736e-05
8.23550290078856e-05
8.197360148187727e-05
8.201513992389664e-05
8.174695540219545e-05
8.153852832037956e-05
8.155048999469727e-05
8.120473648887128e-05
8.138929115375504e-05
8.151435758918524e-05
8.059088577283546e-05
8.05135423433967e-05
8.025726856430992e-05
8.035849168663844e-05
8.109745249385014e-05
8.015585626708344e-05
8.11750433058478e-05
8.072216587606817e-05
8.150272333296016e-05
8.023912960197777e-05
8.084065484581515e-05
7.992331666173413e-05
8.013217302504927e-05
7.989389268914238e-05
7.992956670932472e-05
7.957196066854522e-05
8.020368113648146e-05
7.976267079357058e-05
7.949431892484426e-05
7.980419468367472e-05
7.935130997793749e-05
7.923832890810445e-05
7.909531996119767e-05
7.87137178122066e-05
7.936925248941407e-05
7.839784666430205e-05
7.858870958443731e-05
7.79332040110603e-05
7.814165292074904e-05
7.771261152811348e-05
7.827291847206652e-05
7.806425128364936e-05
7.750385702820495e-05
7.873719732742757e-05
7.828444358892739e-05
7.726572221145034e-05
7.77306267991662e-05
7.743855530861765e-05
7.742058369331062e-05
7.72179919295013e-05
7.75456937844865e-05
7.717027619946748e-05
7.69736070651561e-05
7.743835158180445e-05
7.728942000539973e-05
7.687832112424076e-05
7.65803488320671e-05
7.715234823990613e-05
7.677094254177064e-05
7.618105883011594e-05
7.652079511899501e-05
7.628838648088276e-05
7.600228127557784e-05
7.593671762151644e-05
7.620493124704808e-05
7.600226672366261e-05
7.63895150157623e-05
7.632993219885975e-05
7.55672444938682e-05
7.661026029381901e-05
7.628843013662845e-05
7.550755981355906e-05
7.650265615666285e-05
7.578761142212898e-05
7.548984285676852e-05
7.540643127867952e-05
7.540631486335769e-05
7.535862096119672e-05
7.515605830121785e-05
7.49475002521649e-05
7.482824003091082e-05
7.528703281423077e-05
7.542403182014823e-05
7.505460234824568e-05
7.453029684256762e-05
7.578187069157138e-05
7.491771248169243e-05
7.474470476154238e-05
7.550143345724791e-05
7.509628630941734e-05
7.448263932019472e-05
7.557928620371968e-05
7.531108713010326e-05
7.427400851156563e-05
7.467313844244927e-05
7.47625163057819e-05
7.396405271720141e-05
7.425023795804009e-05
7.407741213683039e-05
7.410119724227116e-05
7.454809383489192e-05
7.426800584653392e-05
7.397007721010596e-05
7.405353244394064e-05
7.369594095507637e-05
7.344561163336039e-05
7.342180470004678e-05
7.33682099962607e-05
7.414889114443213e-05
7.330861990340054e-05
7.361255120486021e-05
7.362441101577133e-05
7.379130693152547e-05
7.410722901113331e-05
7.389863458229229e-05
7.380316674243659e-05
7.412499689962715e-05
7.425022340612486e-05
7.413698040181771e-05
7.359456503763795e-05
7.47090089134872e-05
7.377943984465674e-05
7.438732427544892e-05
7.316553819691762e-05
7.397004083031788e-05
7.308214844670147e-05
7.35648354748264e-05
7.327868661377579e-05
7.329061918426305e-05
7.26649523130618e-05
7.344576442847028e-05
7.287361950147897e-05
7.294501847354695e-05
7.321315933950245e-05
7.271861977642402e-05
7.268289482453838e-05
7.287355401786044e-05
7.238484977278858e-05
7.258745608851314e-05
7.267687760759145e-05
7.249811460496858e-05
7.266496686497703e-05
7.274249946931377e-05
7.260540587594733e-05
7.277818804141134e-05
7.252789509948343e-05
7.277824624907225e-05
7.293318049050868e-05
7.256362732732669e-05
7.28377272025682e-05
7.301058940356597e-05
7.27424630895257e-05
7.250409544212744e-05
7.287954213097692e-05
7.31298714526929e-05
7.282586739165708e-05
7.305222970899194e-05
7.287941843969747e-05
7.256961544044316e-05
7.255178934428841e-05
7.251603528857231e-05
7.233723590616137e-05
7.267094770213589e-05
7.259346602950245e-05
7.242658466566354e-05
7.230143819469959e-05
7.227762398542836e-05
7.279014243977144e-05
7.254578667925671e-05
7.284966704901308e-05
7.286159961950034e-05
7.251599163282663e-05
7.24027631804347e-05
7.254579395521432e-05
7.246833411045372e-05
7.227166497614235e-05
7.292117516044527e-05
7.313567766686901e-05
7.263512816280127e-05
7.234315853565931e-05
7.225376612041146e-05
7.270072092069313e-05
7.262929284479469e-05
7.254581578308716e-05
7.29926468920894e-05
7.329061190830544e-05
7.242059655254707e-05
7.262931467266753e-05
7.262931467266753e-05
7.251003262354061e-05
7.19795934855938e-05
7.207494491012767e-05
7.218222162919119e-05
7.209879549918696e-05
7.218818791443482e-05
7.209881005110219e-05
7.197370723588392e-05
7.1920090704225e-05
7.181875116657466e-05
7.183065463323146e-05
7.161616667872295e-05
7.166984141804278e-05
7.15625355951488e-05
7.175323116825894e-05
7.167580770328641e-05
7.162217661971226e-05
7.15923379175365e-05
7.163403643062338e-05
7.16697977622971e-05
7.17055590939708e-05
7.159229426179081e-05
7.162209658417851e-05
7.160421955632046e-05
7.162808469729498e-05
7.164001726778224e-05
7.171746983658522e-05
7.183666457422078e-05
7.260547135956585e-05
7.240277773234993e-05
7.275429379660636e-05
7.267086039064452e-05
7.20392563380301e-05
7.25279824109748e-05
7.185450522229075e-05
7.270071364473552e-05
7.193195051513612e-05
7.309405191335827e-05
7.292706868611276e-05
7.262315193656832e-05
7.193788042059168e-05
7.224192086141557e-05
7.226578600239009e-05
7.195585931185633e-05
7.232531788758934e-05
7.180093962233514e-05
7.19976014806889e-05
7.196775550255552e-05
7.196177466539666e-05
7.175919017754495e-05
7.177113729994744e-05
7.166383875301108e-05
7.15982896508649e-05
7.141357491491362e-05
7.151489262469113e-05
7.148506119847298e-05
7.150888268370181e-05
7.140160596463829e-05
7.131813617888838e-05
7.128834840841591e-05
7.126453419914469e-05
7.122285751393065e-05
7.122881652321666e-05
7.128843571990728e-05
7.12049804860726e-05
7.156848005251959e-05
7.25279824109748e-05
7.222992280730978e-05
7.231325434986502e-05
7.252183422679082e-05
7.206306327134371e-05
7.208695024019107e-05
7.181277760537341e-05
7.223586726468056e-05
7.140755042200908e-05
7.224197906907648e-05
7.179499516496435e-05
7.20333046047017e-05
7.185454160207883e-05
7.237304089358076e-05
7.184855348896235e-05
7.197960076155141e-05
7.207493763417006e-05
7.191406621132046e-05
7.200348773039877e-05
7.196770457085222e-05
7.179490785347298e-05
7.169960008468479e-05
7.147910946514457e-05
7.11990287527442e-05
7.130629091989249e-05
7.125263073248789e-05
7.112151070032269e-05
7.116324559319764e-05
7.125259435269982e-05
7.113341416697949e-05
7.140757952583954e-05
7.129435107344761e-05
7.108577119652182e-05
7.128242577891797e-05
7.155061030061916e-05
7.104407995939255e-05
7.140163506846875e-05
7.175322389230132e-05
7.098446076270193e-05
7.102616655174643e-05
7.12704859324731e-05
7.090102735674009e-05
7.122282841010019e-05
7.123472460079938e-05
7.075798930600286e-05
7.132416794775054e-05
7.109768921509385e-05
7.072227890603244e-05
7.10321546648629e-05
7.095465844031423e-05
7.0728208811488e-05
7.095467299222946e-05
7.100826769601554e-05
7.079969509504735e-05
7.097251364029944e-05
7.102019299054518e-05
7.076992187649012e-05
7.10202511982061e-05
7.139565423130989e-05
7.161021494539455e-05
7.136580825317651e-05
7.200933760032058e-05
7.169348828028888e-05
7.104397809598595e-05
7.133007602533326e-05
7.0835420046933e-05
7.100823859218508e-05
7.048382394714281e-05
7.068054401315749e-05
7.026336970739067e-05
7.0585185312666e-05
7.107984129106626e-05
7.043017831165344e-05
7.089490827638656e-05
7.116903725545853e-05
7.019769691396505e-05
7.035267481114715e-05
6.99414376867935e-05
7.009039836702868e-05
6.926206697244197e-05
6.947664951439947e-05
6.953626871109009e-05
6.895810656715184e-05
6.89402295392938e-05
6.870783545309678e-05
6.857078551547602e-05
6.836217653471977e-05
6.837400724180043e-05
6.817728717578575e-05
6.813561776652932e-05
6.803435098845512e-05
6.792708882130682e-05
6.782570562791079e-05
6.787331949453801e-05
6.793295324314386e-05
6.817735993536189e-05
6.758143717888743e-05
6.7366891016718e-05
6.75098635838367e-05
6.73727408866398e-05
6.724761624354869e-05
6.71523594064638e-05
6.746819417458028e-05
6.679471698589623e-05
6.683032552246004e-05
6.727729487465695e-05
6.663970270892605e-05
6.714637129334733e-05
6.73192334943451e-05
6.742049299646169e-05
6.709858280373737e-05
6.688999565085396e-05
6.716424832120538e-05
6.698545621475205e-05
6.694965122733265e-05
6.711047899443656e-05
6.753960769856349e-05
6.69853834551759e-05
6.683041283395141e-05
6.624638626817614e-05
6.700324593111873e-05
6.65680636302568e-05
6.61987069179304e-05
6.680669321212918e-05
6.684835534542799e-05
6.679468788206577e-05
6.599003972951323e-05
6.632969598285854e-05
6.557888991665095e-05
6.615111487917602e-05
6.615102756768465e-05
6.535839929711074e-05
6.606162060052156e-05
6.573974678758532e-05
6.505443889182061e-05
6.589487020391971e-05
6.557894084835425e-05
6.5024578361772e-05
6.617479084525257e-05
6.551926344400272e-05
6.445856706704944e-05
6.523938645841554e-05
6.486976781161502e-05
6.459558062488213e-05
6.44645479042083e-05
6.420822319341823e-05
6.485168705694377e-05
6.46371190669015e-05
6.361203850246966e-05
6.37789344182238e-05
6.369569018715993e-05
6.294478953350335e-05
6.377315730787814e-05
6.342760025290772e-05
6.281970127020031e-05
6.280169327510521e-05
6.258709618123248e-05
6.220561772352085e-05
6.195535388542339e-05
6.211634899955243e-05
6.203899829415604e-05
6.256939377635717e-05
6.191975262481719e-05
6.20567225269042e-05
6.18003323324956e-05
6.166942330310121e-05
6.15263925283216e-05
6.113895506132394e-05
6.16275574429892e-05
6.124013452790678e-05
6.0924357967451215e-05
6.0882775869686157e-05
6.0847040003864095e-05
6.0948263126192614e-05
6.24799940851517e-05
6.174681766424328e-05
6.198509072419256e-05
6.213413871591911e-05
6.053095421520993e-05
6.062643296900205e-05
6.0316593589959666e-05
6.002450390951708e-05
6.136528827482834e-05
6.1019825807306916e-05
6.055502308299765e-05
6.10198185313493e-05
6.0006648709531873e-05
6.0429651057347655e-05
6.003038288326934e-05
6.0465441492851824e-05
6.036416016286239e-05
6.053700781194493e-05
6.044760812073946e-05
6.059062434360385e-05
6.248588033486158e-05
6.041782762622461e-05
6.127592496341094e-05
6.107334047555923e-05
5.9952893934678286e-05
6.329617463052273e-05
6.0978221881669015e-05
6.061471503926441e-05
6.084095366531983e-05
5.9935009630862623e-05
6.008403579471633e-05
6.0823036619694903e-05
5.9762394812423736e-05
5.95477940805722e-05
5.9762282035080716e-05
5.9625173889799044e-05
5.9571531892288476e-05
5.9011294069932774e-05
5.950607737759128e-05
5.936902016401291e-05
5.920210969634354e-05
5.935700028203428e-05
5.9589357988443226e-05
5.9726582549046725e-05
5.945841985521838e-05
5.952992432867177e-05
5.9994788898620754e-05
5.919613249716349e-05
6.008994023432024e-05
6.006025796523318e-05
5.94226221437566e-05
6.029872383805923e-05
5.954191510681994e-05
5.929746475885622e-05
6.0721660702256486e-05
5.9136531490366906e-05
5.9404799685580656e-05
5.947626050328836e-05
5.928553218836896e-05
5.8999510656576604e-05
5.8749166782945395e-05
6.115080032031983e-05
5.9404825151432306e-05
6.0167676565470174e-05
6.0340360505506396e-05
6.037609273334965e-05
5.971458085696213e-05
5.9166341088712215e-05
6.007235424476676e-05
5.9404788771644235e-05
5.940464325249195e-05
5.932716157985851e-05
5.9750385844381526e-05
5.963121657259762e-05
5.9422753110993654e-05
5.929762119194493e-05
5.927366510150023e-05
5.9172169130761176e-05
5.911846528761089e-05
5.9970781876472756e-05
6.0513422795338556e-05
5.940486880717799e-05
6.099601887399331e-05
5.872538167750463e-05
6.026296250638552e-05
