-1.575088256908254
-3701.185841908387
-4561.163829062222
-4900.266727393272
-4950.034774057108
-4995.602886905038
-5017.8226802157
-5050.069930524058
-5119.588200573673
-5154.300367599415
-5175.430055446534
-5240.063205375491
-5259.044568897989
-5310.367610985634
-5273.6967210814855
-5402.191357074756
-5398.807608364883
-5414.648289685001
-5466.8940972784685
-5483.994502930845
-5523.958766340645
-5566.525928117652
-5619.554824612152
-5674.907565437787
-5779.128665869835
-5849.2295383254495
-5907.214041036452
-6012.902731945164
-6048.654023590811
-6166.973127898446
-6256.237703440878
-6267.877829746048
-6403.646995291326
-6486.14257957133
-6598.753076200802
-6639.869567184087
-6805.36278024104
-6873.932709752666
-6842.3237602631625
-7018.541500724323
-6986.266906593648
-7020.268789860875
-7196.9776770424505
-7246.075347466492
-7258.399526008498
-7426.678558783508
-7338.260353413803
-7406.985573718898
-7439.110121451283
-7470.673738018596
-7612.338318594259
-7625.376566231534
-7592.108748449534
-7517.864961669344
-7778.630883528723
-7716.0289837444
-7737.64382920107
-7747.684534877398
-7866.297674242354
-7901.416610645457
-7842.807067147928
-8033.932019997547
-7956.999292744279
-8080.784882025696
-8146.128592251602
-8126.457829046023
-8167.282468678262
-8244.84247491484
-8157.5870197892755
-8218.789078698905
-8259.573497030973
-8374.987195995747
-8281.514812885303
-8371.029028436018
-8392.50532683603
-8280.244808829792
-8485.164137130665
-8410.8602689047
-8493.55122715376
-8444.965132076028
-8609.78848049652
-8383.15290991616
-8427.554149175707
-8584.607716781833
-8585.700745207438
-8658.476915260062
-8669.033777173661
-8755.40453465177
-8720.457644204958
-8792.134977078551
-8658.8138828368
-8872.03416464566
-8820.918916241253
-8628.364302214854
-8671.734812515042
-8873.882470298153
-8831.213337396559
-8903.992652350693
-8763.182524911601
-9018.562109056807
-8883.154863258109
-8938.84783183455
-9042.731556969231
-8994.963228198589
-9024.62985692318
-8989.657164948812
-9129.128017045876
-9019.336605415525
-9047.213526431982
-9124.335879646771
-9119.587210271031
-9054.733092683187
-8978.141048919533
-9109.617936410044
-9058.72445722101
-9191.44271893976
-9107.984773898012
-9261.880754660657
-9197.572705020271
-9135.435688326144
-9086.44409902853
-9265.75888509886
-9439.148510250436
-9395.489415896447
-9286.996650876592
-9281.659317956717
-9420.603300844889
-9414.786523321794
-9347.237986632434
-9364.291484525418
-9455.136481551763
-9203.07625055539
-9453.09870339344
-9421.007233099916
-9347.152175107838
-9488.009786018263
-9593.518396748186
-9600.237387706884
-9515.040077968797
-9418.337210271031
-9559.725372676035
-9606.418513438148
-9660.234939213613
-9522.905337220685
-9627.180689373288
-9474.590441663118
-9656.300521199737
-9583.49785104182
-9674.726052957689
-9769.24812786952
-9764.154102632785
-9759.90904734824
-9604.096243474156
-9600.373242852813
-9859.443308174892
-9692.153936594019
-9744.523047279972
-9961.507870642496
-9628.097534613587
-9722.14764838196
-9794.405339100915
-9843.698487991405
-9766.210742245354
-9924.007310478608
-9825.98746146975
-9760.857210276816
-9881.49019199751
-9776.638501641875
-9864.188834673985
-9862.305360766948
-9854.781373805909
-10038.67813414081
-9968.879678590603
-9889.623247553387
-10015.000116429623
-9996.556963301384
-9995.358178016699
-10034.381236867317
-9941.01813611939
-10113.50726347286
-10035.882693611615
-9960.543550174949
-10121.537696874537
-9895.929218599582
-10138.709164587808
-10073.338964091658
-10075.01881835359
-10095.040039641031
-10306.209259033203
-9997.471152355321
-9517.303053001657
-10075.593183472258
-10125.987372375777
-10272.585476409768
-10238.760109273178
-10062.513447983005
-10391.485682482968
-10240.8139003374
-10204.594203280047
-10239.353184704532
-10259.298312074201
-10359.87055831837
-10173.10489282111
-10348.174896601817
-10301.715820023233
-10341.58862188981
-10308.643028367753
-10396.0023213608
-10338.179060515635
-10371.563315875157
-10258.179472141357
-10280.004777230357
-10354.50044735009
-10498.570882354303
-10309.23179662623
-10309.060417573033
-10503.834014747945
-10405.983081257174
-10451.331690494482
-10484.349701072368
-10357.784940457457
-10467.05714684075
-10465.905976354228
-10297.052882913165
-10507.427987627509
-10481.251905829986
-10570.900417092853
-10543.821315096453
-10404.96453958665
-10534.799571249723
-10628.429284262997
-10583.931119078143
-10497.828520426818
-10740.21412665923
-10405.812430720758
-10699.648830612688
-10468.998427549244
-10755.207829624556
-10409.294002297931
-10754.258981713752
-10718.686960518642
-10681.40954503064
-10603.1879417094
-10619.723724509868
-10504.430119518986
-10553.298244385922
-10616.578933209605
-10653.136600729413
-10585.435987427336
-10661.36229051346
-10686.094594512506
-10870.06715776344
-10803.383414173579
-10801.3039134238
-10744.381118991363
-10627.476249658666
-10726.664316041775
-10837.731414361022
-10758.988545783888
-10731.620650883535
-10822.333941274344
-10609.544219536803
-10838.164499147244
-10566.775737310472
-10694.791927825783
-10842.560710599637
-10766.461073165821
-10741.094032902289
-10784.74240126768
-10858.17894495381
-10847.954875060168
-10727.310759774882
-10840.935458938093
-11004.62462048282
-10907.489537894444
-10712.041781818698
-10900.21815483491
-10934.57768473693
-10915.567321054179
-10890.819118987893
-10732.790690200589
-10876.847350495687
-11151.626234298634
-10844.946387268355
-10813.7657723811
-11021.598632233969
-10729.002467006303
-11077.034840082106
-10795.598981088937
-10736.289074938444
-10984.441394390087
-10951.332301713845
-10883.002426942943
-10973.091458144347
-10936.077698043173
-10935.973966914895
-10897.654347207308
-11029.39802146297
-11012.787375210586
-10991.884089320756
