-45.745505525769175
-252.66331232637853
-302.94245354920486
-355.6608044738594
-399.876036244054
-448.90643706299744
-453.3879375534673
-486.4845608368447
-515.1196567287094
-523.0335131229892
-563.9737384835696
-585.1813965107439
-597.1385007959357
-610.8935816178124
-600.7636883105001
-622.5401652837129
-660.0027405116965
-667.5675555978503
-690.1697128071763
-672.953140928998
-687.166122674942
-724.4609386920929
-714.9815643668724
-743.4445801165796
-720.1130395364103
-712.2403897382147
-729.6609069136431
-716.3136878398157
-758.7001953905079
-727.5664366928663
-715.8434513263438
-721.0067670674918
-786.5661787668131
-775.138712230366
-762.7893561833465
-759.0725057136078
-770.433703601635
-753.9052685219021
-774.1678380504732
-796.1783361369014
-761.0342653599753
-802.8411727847042
-811.2696682352075
-780.2647786096494
-761.7323843119881
-813.4194961995024
-783.3538003846797
-798.5686874082012
-820.5573492797289
-820.7079717288918
-748.3453042836783
-811.4457724001
-843.3962972614622
-796.622257003037
-814.3554183601784
-782.5593702436042
-812.2508474077497
-852.0689061138487
-824.3920488395999
-801.5483994841027
-735.915786029007
-770.9352898828445
-830.614733638302
-805.4223525886712
-813.3557656775422
-835.8941083300498
-753.7636012987058
-891.7486718145933
-857.2173662877852
-783.9189225363841
-808.5861458360874
-850.4730605727517
-800.6999906812396
-819.1027855922549
-816.3180958801701
-868.3027544345724
-834.5150749070854
-846.0451876743598
-818.6049828206098
-854.710612251462
-842.3420341327992
-832.7637099489089
-875.9172200002978
-804.7388440145326
-877.7888760934777
-849.8893656840522
-876.3772079065648
-887.0457432540605
-831.2972544096582
-866.2085513502772
-874.7265494281795
-843.3644022230179
-843.8107820315295
-872.2709022018767
-851.1289341680465
-866.3089306013925
-898.0360347246794
-870.2982587811584
-834.9487668742782
-871.8497939837694
-826.6273997373845
-912.2991735127064
-891.7512799123182
-879.7659494333003
-880.4722852022
-861.7576609421435
-869.4040763097973
-948.0525116634808
-884.7598624528828
-924.0790299028845
-895.1385711252964
-935.695080942822
-906.9827268632549
-923.4554832212386
-889.1540654235721
-895.7085436060681
-857.0677423872706
-944.9786914872684
-911.516958667386
-901.8427879442268
-883.5814215301918
-951.7756850895245
-880.948832585618
-889.8570389093891
-907.888999894742
-897.2442090516845
-898.6226421343634
-930.8263969209886
-848.1911538789899
-892.4418253119915
-939.1995738508515
-866.5436742094255
-852.9770236514071
-899.7948687856648
-884.4798088575357
-897.5746003339917
-877.8956750489874
-905.573590337801
-884.1128132571273
-842.5556127681896
-898.8499078999707
-830.4882073706608
-835.9212508904941
-918.0905438645095
-940.3901632395208
-891.2988563131902
-880.9202944276831
-870.2096671863086
-899.3481698753097
-906.3764521581237
-889.1788324740967
-893.3424082019706
-866.180074196105
-927.9727039616985
-874.379723554608
-842.2422701604498
-891.678365791723
-910.7129116014402
-876.1666438068244
-896.893841071063
-920.0786121983793
-925.5881626126678
-926.3151061941402
-885.2700024128029
-901.2279747573186
-829.6404991462767
-897.4006417226868
-909.6674342067603
-917.979936266906
-926.2124670266006
-895.2449225533221
-938.8616958148306
-903.881240127282
-909.1104976786462
-894.8581289794336
-914.4449679398317
-914.3326986219201
-930.7698298066529
-893.6117858231273
-919.196174220109
-912.4313635290493
-930.0024030001207
-920.476980933377
-942.7458781053393
-893.4291041457708
-867.1219587582185
-881.9486979528825
-944.1684353365326
-917.9820765671202
-901.9123744721088
-919.8795211713576
-854.5816399869583
-945.7106100161504
-873.6135909523284
-864.2975595198437
-888.9221163149493
-902.7278233693753
-952.8454672773862
-877.4921642646262
-960.1901288351156
-937.8009925865405
-949.6398002168931
-883.5383927192136
-889.457648752041
-915.7103547736509
-924.3907347648375
-915.8143019457141
-905.3421598230566
-905.9147358689662
-927.9483693564606
-869.5383731302846
-925.315338223797
-915.6256852040093
-929.9884641325863
-895.6630843850324
-930.4579577773492
-930.820360522515
-891.321436287127
-928.3070788408417
-919.1774343549318
-929.2200797873513
-887.9558493851534
-922.5620676389848
-893.0915804492876
-926.2431351409169
-948.1860783792312
-876.3745240567284
-920.9340093923327
-924.0940712744664
-935.3088174382076
-955.3349425751506
-957.5611624470148
-967.1651396530021
-926.3098595653465
-944.3355721328666
-894.3633515527654
-946.113642558747
-952.3877038779086
-969.1443258099237
-937.0564080186978
-933.0123346609067
-933.1378385567274
-947.6215336276986
-967.6009615709155
-943.7504932637703
-945.4365272674901
-977.6791363663444
-1007.3510729796878
-979.8083579813477
-940.9076487009976
-913.4999498394715
-997.8037263537288
-977.7790979657855
-982.6895024172172
-986.0801013883959
-960.8456903624644
-949.3923447533253
-949.1690670699654
-936.9425825802624
-950.1251294489678
-992.1001560528211
-986.6712316673318
-956.9178263757666
-997.9253358330743
-935.2311955230973
-905.187169311287
-1030.615481130919
-971.5506818771441
-1009.3916443878643
-962.1485473889909
-976.2592528178346
-982.5286059346055
-975.8683810929233
-983.1610067417
-935.6156983415294
-998.9495796168454
-959.2566526151977
-934.6156462216921
-931.8359110706967
-996.4057629394484
-1003.215826428506
-1008.0547763225601
-946.7354192658624
-940.3097716033622
-920.4315918199128
-991.0494871540419
-978.2046177035401
-993.4070321213189
-970.1696183769025
-1009.1571859368531
-1003.519025984711
-972.2581937204033
-983.0437925238222
-994.4742018171385
-987.3573010246013
-961.744962677459
-967.8045584814945
-1003.7559186453171
-983.6192393919895
-977.9199755083094
-885.8036344727066
-962.9657447037334
-932.6014338682324
-1006.8631236961477
-977.7401881870328
-988.7257434300014
-977.7968515656738
-989.8007315444403
-998.11150028585
-977.9977835542436
-957.3994150955566
-1029.7142964024697
-949.9123120324483
-999.3370510400166
-967.2015981718142
-969.9425616654662
-1003.3797063118851
-1028.5995595708173
-1030.2103137552651
-960.4720704133415
-993.2791151491568
-982.3744513985116
-978.7877296239957
-984.929334043184
-983.6474043603113
-995.7104264397782
-1031.2105926832887
-1028.1701507542334
-994.1586623587682
-956.0316259366576
-993.0406814814135
-980.5418683622839
-1021.9127595259847
-977.4839881504736
-958.0133204465637
-972.925041543264
-961.1543095784637
-1022.9968957857053
-1026.9895279000982
-960.9967650418313
-1034.7291537688075
-973.9374887420536
-966.6991461193846
-1002.3641192701641
-968.19551655034
-1000.236911138906
-981.3672675559048
-1009.6429896200857
-983.5019361922602
-1031.3551598122592
-1044.5637522867921
-970.3680264210935
-992.4531317974153
-972.968152284125
-1023.6491357739757
-949.1966158644669
-1034.2327949401774
-990.9798113233638
-981.1003494385075
-1020.9276007023825
-1043.7780273622632
-962.002913083135
-1018.8763516333795
-1071.8723418569784
-1009.4498110019439
-816.5072123199566
-869.0792929217148
-918.4676792656218
-941.3543157803189
-982.7204550932728
-971.984898176544
-937.6457282625628
-999.2109629002381
-1006.126210786006
-1007.0034746403846
-993.8494676961327
-971.6142464296609
-995.7532640197271
-941.6599753243582
-1019.6087159594084
-986.5210983566425
-967.0131278722918
-1006.3721815605867
-1001.5326864356819
-964.9373001766644
-969.0056900692425
-945.1920790403124
-969.6105818721012
-993.0566860585718
-1002.509939864759
-954.8249742578251
-993.2356793995829
-1011.5359103646696
-950.7687450800722
-1005.9826117250484
-980.7605684833593
-1044.5079781306333
-996.880327106487
-943.0129703394467
-1023.553456583056
-1006.3780446624265
-976.4853003345942
-977.6459403785285
-1020.0814403268053
-1076.5661847246522
-966.9363437039511
-1037.6064571746306
-983.120443549541
-981.499298265577
-1037.8670174141632
-992.8581627072244
-965.3228881325334
-1041.4997486076597
-1009.2052322950232
-998.3343416029408
-965.2003275708552
-1041.650847861856
-963.9602521023443
-1022.9331379332498
-995.1851558990193
-987.270003754151
-1033.0755116066741
-999.3626296438248
-983.4108995910616
-1001.8089879998414
-1040.6746429581247
-1034.453568419004
-976.1774641122489
-1020.375435668562
-1030.8389474191974
-902.5015771015546
-976.6023627222971
-1036.321779662563
-999.0569856901617
-1036.0555187002306
-1013.6004385179089
-1035.8306910156923
-976.1727995718896
-1012.7475805502334
-1012.2795285384776
-1025.0263008402521
-1013.3822090055811
-1002.8359670584103
-1032.658319961273
-976.1173262859819
-926.8033697143678
-1020.9312846322971
-1020.6653396676762
-987.0598206305922
-1020.6912259931968
-1031.3570993660783
-936.4510906845079
-1026.5440727657106
-952.9631273464647
-979.643852536103
-962.2958365020456
-1020.0272919263708
-988.4608702571711
-962.7560644847457
-1028.5532605565638
-996.1909737020281
-1009.8138207530427
-999.83510062395
-1052.6292805119595
-1010.5274814306865
-1001.9441653693813
-1020.5163257792249
-1040.206964026673
-940.8551883785406
-1026.6079315501972
-977.8690425690447
-1008.661297699
-1007.51462169044
-982.869579154546
-1019.0980054280178
-1018.0160186345676
-1005.1702693390705
-996.9256095350629
-987.7402755445049
-1059.4102320772715
-1004.159113218158
-999.4701361561445
-1038.0971290334653
-1041.4116775937346
-1004.7166057844316
-1078.1544439996476
-987.6325189968408
-961.9899839401453
-1081.1606428214038
-1022.9660623787735
-1005.160208388957
-945.6749776939666
-1015.6075761360783
-980.5953280780172
-999.72347614485
-950.785806628862
-986.2253322362355
-999.5859856278665
-1050.3939385643178
-1023.5115881680343
-1021.6122300528721
-1000.9184872148223
-996.5263145255874
-999.3288156836568
-1058.1468830987606
-955.4287017814578
-990.1074412278323
-1004.6562969154653
-1017.9020086714428
-973.5342559482095
-990.787771109443
-971.0804839947258
-1025.7391525369635
-954.735806436476
-978.8812302795973
-1057.528304696907
-935.1015327995823
-1020.1454011152417
-983.9559391309888
-972.4138550772095
-978.1612798805061
-1002.991222708975
-1015.5248864424943
-1005.6384768507997
-989.8155130656085
-1012.6067434917397
-1055.7757212555352
-975.4157801764902
-994.333777739705
-993.0557946026995
-973.0742535474448
-1057.0298037972045
-1042.3731924808717
-1009.0691318992671
-1005.7307365688806
-1050.2414729228851
-981.3302242847071
-1038.2188048994485
-1079.0561806463427
-1033.4049218524985
-1017.8625578638596
-1041.560133236207
-976.0970136916034
-1005.0653564171857
-1023.4141239460712
-1007.4808052871634
-1037.5297870350323
-1032.9384186027205
-1022.0572015437112
-1034.6571840855383
-1016.607143773822
-960.1754193693262
-1040.08225689643
-1031.3157214678927
-1055.2515840008512
-978.0454327258096
-982.6991502060318
-993.4050623729207
-1045.7193335962188
-1003.0741025508823
-1010.78520423943
-991.7567942066299
-1021.1056207401962
-996.2274155149811
-1038.986853885211
-999.5252603267744
-995.061642800608
-963.8175486722537
-1023.9715851188263
-1037.654547906691
-1014.1494261405103
-1085.9097562869024
-979.8452766260244
-1013.4959052628086
-958.4135843289038
-1020.8740560755751
-1049.5679465672388
-1037.293962360529
-1020.0462186336517
-1051.448044790101
-1037.2492444086733
-1039.1298471583475
-914.0408436837287
-1020.6869665049188
-934.8921558362548
-1044.6567200603572
-999.9873940587593
-979.7916146365922
-1041.758747852343
-1069.7306707690939
-1026.2495818951163
-1014.8286128505583
-1015.9135954745354
-1040.803584788527
-1049.5273307457499
-1016.7672786097372
-989.7594886522714
-973.5833516788373
-1037.8811576597152
-965.0445067234303
-1030.8250048676944
-1049.1030875043386
-1008.4601819115552
-993.8332390804445
-1012.0097330001097
-1050.730588202515
-1020.4864532796469
-1014.8214662083283
-1078.7764301558052
-1049.4479610931037
-1001.1102104362805
-1022.4515743958812
-1041.1499614803472
-1041.6987447450988
-981.481316105012
-1062.033804089243
-1012.9678615095429
-1052.9648560502562
-1064.5447649247085
-1068.5651195433522
-1005.2548983228921
-1033.9839172714867
-1011.663840676233
-1050.7769362460726
-1042.9221837510497
-1076.9279991888232
-1019.7851917595358
-1033.8914389949518
-1019.4208510790003
-1044.8997447281938
-1062.4908392945742
-1005.7741930561681
-938.8354559337529
-1026.2351523934421
-1027.1997903723188
-1029.6420313224264
-997.9172260266845
-1083.0236495409144
-1008.1891432298773
-991.3828492884262
-1001.3076642295732
-1058.0992926496515
-978.6003151360195
-1020.2571956765267
-1043.5871101227774
-1068.311273530881
-1036.160877350838
-1001.010839643841
-997.0867729524921
-1016.7500922016727
-1037.665126290739
-990.1101100205174
-1032.0369103110056
-960.9246429134898
-995.3021513064336
-993.8108977403514
-1000.9068142684312
-1041.223599833827
-972.3286304385981
-1047.153471914854
-1016.5632746911818
-1029.5481941730195
-1022.3764364005234
-1020.6353626018744
-1046.5248029374857
-1035.8716229571241
-968.3363961777928
-996.1886511618092
-984.1374498094831
-1053.4536969889693
-1007.384035883686
-1016.4024655917823
-988.7902292391376
-1059.2213638938517
-1045.289784796227
-1005.6906789964245
-1058.5559786604847
-1039.4697448976578
-1045.6843813004032
-1025.5822891514697
-981.4416770385707
-1035.3978003741408
-1065.2137561549894
-1050.8942932621126
-1061.411134780552
-1013.203162364696
-1026.3426072960076
-965.5747395177042
-993.6948752861967
-986.323782767019
-978.7040117860939
-997.4436331599173
-1013.6381746621175
-1078.5844617219564
-1021.3423486284214
-1008.1938481110353
-881.1187309149303
-976.3411987583208
-982.199101907317
-999.0488799837877
-1016.4116830713202
-1078.4863386980949
-1007.7356209551684
-1028.1190409984522
-1007.734479948123
-1016.6289404236501
-1009.5899307971254
-1013.435150364563
-1028.771909427259
-1053.0809787443156
-1048.302274972063
-1006.876874009643
-1002.8476118997495
-1004.854735062419
-1031.9939812163605
-972.9646250641291
-976.9374540769568
-1007.731084058911
-1040.3166973008538
-968.5211782850978
-1004.6763086033307
-984.7076782294557
-1006.9932094872822
-1023.8271977736654
-962.8481256121772
-1019.9474829221101
-1024.7991800772475
-973.8383563333949
-994.0532722294605
-1048.1295013062418
-994.932204690397
-995.5782066437187
-1045.7345026728744
-1013.9997326485849
-1030.7210979549566
-1020.1116825226815
-979.640387257398
-1002.5275386014295
-1043.9329794393009
-1033.54910556045
-1014.8362827388921
-976.3183010069456
-971.584931928716
-987.0610416313655
-1055.818826420516
-1027.3172555879655
-1002.5552379451883
-1060.413334859681
-1003.4970946770659
-1022.332302890203
-1026.0372584116074
-1035.704619621307
-995.0794199916625
-985.8148676402897
-1029.4215450355534
-1019.1614307069009
-1036.4117987144928
-1027.632692958596
-1029.3921822402883
-943.4525551861882
-1010.696070624637
-1002.7558667044485
-1063.3004334632153
-980.2983481807094
-1023.0185511532605
-978.3520239388414
-986.9424622301959
-1058.5390976159497
-1024.456213973085
-1041.445571885955
-982.1727099539689
-1022.717825909136
-999.2347194829844
-1068.40189202535
-1039.3546475400028
-965.3522972772198
-1049.3939058769683
-1020.1971102244294
-1029.99758531421
-1033.725320610619
-996.7968582118161
-1007.2128015685191
-1010.1004817277055
-980.5534570541259
-1045.830697872397
-1029.1676776024603
-991.1245971327553
-1064.1513689257506
-1021.3514945100529
-973.6041444482138
-1055.1830381385741
-1023.8948509459672
-1029.414561117849
-1022.7373144264045
-1018.380619734663
-1004.1038244482172
-1052.014149749334
-1064.449367408791
-1049.3376756615355
-1028.8766534842105
-1001.4919726616502
-1001.9652097236176
-1041.5739579945116
-999.2692105517409
-1061.2339872193227
-1041.2632009668566
-1027.6668728595505
-1000.5440177038518
-1036.4740402260409
-1067.4747263750742
-1012.5355931295228
-1024.527358846181
-1001.4971765222091
-1017.9957818149971
-1082.4776799439837
-1040.6759460027317
-1063.2629388554305
-1019.5975196919134
-1052.262749963642
-1028.1457579652285
-984.9508463770563
-968.980537760093
-1051.5437905733486
-1055.4425792506584
-1065.7410087058072
-1036.2967627740675
-1008.5168484103295
-970.5147698749595
-1067.9877644085116
-1027.1091046625843
-1025.8464947054463
-1008.4769842613678
-1033.6984977546376
-990.6355429179108
-1026.019788539904
-1054.7311381942116
-1049.8897650218505
-1060.3583089239587
-1026.4521334569574
-1033.309615174746
-1047.7494199286957
-1043.421729733867
-1032.6132645838004
-1009.5696358043477
-983.38303924194
-1010.952301128372
-1012.8629317041916
-1039.3961290983561
-1058.34519140182
-975.7101081725135
-1000.6765134249425
-1020.1948120640719
-994.9320733909783
-998.6936803834025
-944.161613621099
-994.1418813890026
-1025.7080397715765
-1052.584002937864
-1007.676263802423
-1008.5296293076833
-999.8775287835929
-1022.9203800605738
-1001.8310072279196
-1029.3024326095933
-1045.4484583068004
-1060.6161975066782
-1037.8007373721919
-1044.634537586172
-1051.5619334075857
-1018.6297437957904
-970.6610946881881
-992.0140284858818
-1006.0783981534654
-1048.7263360550876
-1043.8245162950134
-1036.7930043823158
-1008.0741850960108
-1012.0955539826424
-988.7317288464391
-1047.989388215377
-1031.022781367126
-993.8994977923307
-1010.5175863389046
-1048.640545096815
-1019.1802371539828
-1037.1202434153051
-997.444737045721
-1045.415103995855
-1034.6763366930554
-1025.3026060464745
-1030.0868832350875
-1055.7559329617409
-1019.0241712897604
-1045.9190671718616
-1028.3787100743589
-998.5704900776188
-1016.811239763339
-1051.0238212901875
-1021.4281933142843
-1060.2234240589055
-1059.8119812011719
-1025.0359510606336
-1032.8640716130833
-1053.149199805776
-1065.5452727039562
-999.7567329582531
-992.8354565741605
-1052.9680513830228
-1062.0878134037494
-1034.0296944824781
-1043.6465242722068
-1000.982702888102
-1061.8733561994843
-1012.5947152494409
-1006.7358231791865
-1036.9836456893777
-1005.0512489283689
-965.4799863225716
-988.2387999868887
-987.0909042006814
-1003.6087865521831
-989.4261220765004
-1015.3580978147445
-1030.0610585718111
-1064.7136470246974
-1035.412349252657
-1090.4186084501205
-1029.1543976568407
-1073.3138924875568
-1057.1349772660674
-1055.2131113149053
-986.8057375086069
-1049.321557770127
-1026.9788448903967
-1016.5933805544805
-1029.5914823470578
-1039.204506376784
-1086.0294754757858
-1025.3946215378523
-970.9922452214676
-975.2008207816682
-1018.7096806857078
-1067.5133078350998
-1006.2411644752674
-1023.8521119570403
-1029.642223432866
-1092.1007078671785
-1002.6409360472508
-1097.589569232431
-979.1887587622014
-1005.3922205976627
-1019.7399194251557
-1007.626512123143
-1009.3376257144911
-981.584427627001
-1034.5853438121933
-1030.631663291685
-1000.2766821230904
-1068.7675883033858
-1040.0721055738936
-1005.2845380405128
-1008.1060423278315
-1021.7120972182344
-1054.484483182705
-984.943379785608
-1048.1283614495383
-1032.7867683491104
-1047.5887609080237
-1036.121564944219
-1021.0818664269514
-1048.1108801142411
-1070.0646241359448
-1014.4639595399987
-1068.5085072888207
-1049.903895014385
-1012.0392922344296
-1039.0279234796076
-994.4567185162399
-1076.3422011528721
-991.955726649904
-1005.6089442726654
-1005.9499481041128
-1003.7875638332235
-1000.5105795264245
-962.7535992051874
-1057.2401146031743
-1023.1044066818903
-1038.3369251011752
-1061.1059336508474
-1026.917148114624
-1038.5461144381404
-1059.4445623670306
-992.1693502821621
-998.8013749361587
-1035.0402089524928
-1061.8916771324
-1025.3953030845537
-1015.3956909707065
-1003.0936239040392
-961.9422132255223
-1044.7946914286108
-1056.530652551607
-1053.0849613945604
-1042.8914201852942
-1010.9821449842321
-1069.649963361327
-1024.615500243578
-1060.7801784568119
-1041.578220736596
-1048.1328368765144
-1035.1025299059083
-1111.6896834329525
-1059.7277326452017
-1062.9759173027023
-1054.3028679773006
-1035.9676446431245
-1018.8307656214533
-1032.0716908208785
-1028.451932801629
-1047.4718192667456
-1081.515395111752
-1037.2384172090926
-1063.3466452321697
-1013.9731708641426
-1047.6727543844056
-1052.5653631648709
-1089.793996301115
-1043.8849232053976
-1036.3382053287348
-1035.9907327115811
-1028.0308107033304
-1093.9760089513893
-993.8436904415007
-1054.8098986225743
-1036.551316344793
-1018.9526692755211
-1046.624928205656
-1016.8021485640706
-1031.3109584404026
-1022.1244537423833
-1035.4085286107206
-1028.5788337777838
-969.8893370708013
-1033.1669823782784
-1024.531235374064
-1040.2674983327838
-994.5906364335442
-1010.7713867939563
-1025.934702662279
-1006.7688542994485
-1064.4926748645655
-1079.7240302134219
-1006.781488726216
-1005.6793675502005
-1036.0327110202632
-1045.826381279027
-1073.9214597354012
-1007.3943807078946
-1041.3902560203305
-1024.8727703709756
-1003.8544789503247
-1016.4892643168225
-1039.5415197363648
-1003.0500597269854
-1040.0132427655058
-1062.8281180163683
-981.2402492118871
-1049.5595573126445
-1079.9456321610833
-1030.997173854283
-1001.5161416190011
-999.0827867694452
-1040.1134781777052
-1077.1822214302379
-1002.5417496180205
-1003.0499175793839
-1042.4772443287934
-1029.6623395577005
-995.9526340774677
-1029.752933658158
-1038.358634913572
-1062.6236928069648
-1003.0755682385737
-1039.1955623296183
-1028.894176902586
-1040.8337761751518
-1077.7221633563943
-1043.8788053275252
-1096.5415559408302
-1017.5766743910477
-990.7770963176604
-1012.9031275977737
-1002.300048195272
-1062.4772489697152
-1014.6472118219473
-1026.213814607963
-1039.2274162890176
-1015.2966928460081
-1095.7483371368194
-1000.0339660633545
-1034.324207147695
-974.3905561242235
-1009.2773424491355
-1039.0249971651263
-1048.4702373671641
-1017.4523428288473
-1022.3452199255292
-1029.9230231359807
-1043.6519598543368
-1043.719481718705
-995.2348031448329
-1007.2997620336474
-1044.3272859105316
-1078.4890352743012
-1038.7716256077567
-1064.9978156199652
-1047.5876031339444
-991.3915277560186
-1026.2753009971934
-1094.6274968863631
-1029.564422537105
-1083.2614014560727
-1068.4694621278722
-1094.429857835792
-1035.831070016606
-1072.5384504608294
-1039.828096240347
-1054.6249804480285
-1084.4720140096779
-1074.5162713016782
-1055.6318284223705
-995.4598413107033
-1012.5480477976084
-1029.0348264676643
-1009.904807824693
-1014.0283677764752
-1040.893353633617
-1032.9734784491052
-1053.0624741936608
-991.8990472264087
-1069.7562444711507
-1018.3947186761188
-982.3645548315092
-1046.273722987021
-1064.3623920563728
-1062.4770102478942
-1050.3346046456543
-1030.042931233271
-1007.3836656561645
-1043.0827330231564
-1035.1367720678654
-1007.3064418388402
-1032.368625834241
-1068.5272132349264
-1030.0870255819664
-1058.2814416489844
-999.0660303880542
-1023.6018959959531
-1002.1040715722612
-1057.7314358220888
-1029.4138846155686
-1034.131138885076
-1049.562851479526
-1002.1010934943977
-1004.305065476412
-1078.1766731596213
-1034.6817427956014
-990.473008384353
-1046.56942876473
-1063.1176791745274
-1068.8707927712646
-1087.201185727449
-1035.401871993245
-1034.2237668715932
-1075.794715018535
-1002.2989097627626
-1013.2473984984225
-1011.5577477084214
-1037.1870630985031
-1079.2497094589444
-1033.3664141536308
-1042.406366409794
-1070.2726097095963
-1009.4684311651414
-1042.768482541983
-1026.0704627674297
-1019.0194128293059
-1042.878942375359
-1002.515659984905
-1059.4759281000233
-986.5410387809925
-1053.790896824428
-1014.2124490433033
-1069.075002134121
-1043.0243998771439
-1039.2452355933628
-1001.6333853901806
-1089.1965241300345
-1036.641825240878
-1040.9555029362302
-1006.8422443364074
-1062.223547338066
-1065.5852512060771
-1028.26010646029
-1085.957899067259
-1004.5019668016565
-1083.9679370651597
-1012.3034582775309
-1025.3482947503367
-1044.2305234214678
-1034.8151957291063
-1055.3888943579889
-1030.560557211599
-1022.4531431763952
-1066.0783815252066
-1096.9637178341914
-1014.4314784388388
-1036.7449789440027
-1058.3361926276564
-1018.134267921272
-1030.0234960740613
-1062.845116646059
-1072.2282062301988
-1039.2993095063944
-1043.60657916091
-995.4750339664439
-1032.8111090945758
-1029.721491642262
-1070.5538286481585
-1047.7528335641607
-991.2131335658412
-1054.026609851468
-1045.925907644808
-1034.8789497059063
-1081.0220996311732
-1002.3398179076784
-1041.0927609056096
-991.9081532977144
-1039.356691984537
-1015.4944182362425
-1029.419791316385
-1017.58534138763
-1056.8166309142366
-1029.713493558119
-1060.1355982134419
-1008.5547506095078
-1052.973323660512
-1016.07603638293
-1064.8502031669088
-1045.5099704584218
-1050.5126598375734
-1042.1918218937888
-1038.0480270737328
-1022.6641492535991
-1041.6587347033944
-961.7378036920926
-981.1076707664173
-1081.8135123571521
-1031.6837259635397
-1022.2620863672776
-1012.6960661224506
-1015.60644879896
-1056.6745950725222
-1020.5834218389977
-1044.6895832466091
-1004.7085224098873
-1024.200237924602
-1002.1716674593737
-1045.3860472750187
-1000.0735058086811
-1045.5526751329273
-1046.7273420870029
-1026.5024269580292
-1030.4374629412928
-1064.7662544777866
-987.7240257966354
-1069.2881736491681
-1095.3416391363892
-1027.2392304240284
-1022.198207133514
-1069.926897497221
-964.5338973754583
-995.6031007590931
-997.6179935965121
-995.4286807275588
-1028.517540786673
-1056.2131549905523
-1081.4732934274982
-1048.977968330482
-1053.4886301849294
-1050.9903924740145
-1062.895273797523
-1048.149991681499
-1017.2784573529178
-1040.1480569443945
-968.2111245080623
-1037.1118639405422
-1040.9842911645565
-987.70044615027
-1027.4523383122282
-1027.8757205558811
-1026.1607260638118
-1085.6475818651613
-1058.714186268468
-1027.2838063745455
-1044.184688443275
-1027.8118741083804
-1004.6476886019728
-1022.4797132641489
-1017.6941808181973
-1042.463417141119
-1048.2653541455613
-1056.440132615753
-1030.0011394166727
-1015.3531112319314
-1059.7439288185035
-1051.9230810030267
-1023.7923116217011
-1042.5984390803746
-989.6420440212373
-1037.057270585392
-1079.879600396035
-1054.6697261424617
-1058.7139619484476
-1045.3713694541684
-1040.3372410365514
-1035.9754401857404
-1037.615686671525
-1018.015064510607
-1046.947366705688
-1023.3410089730118
-1013.586182625063
-1064.1295061353164
-1073.0509580269388
-1036.4761867962675
-1001.7032252382573
-1031.8512392164926
-1054.0081798360095
-1043.2817381230368
-1044.2220558333343
-943.9577672932005
-1039.757828866282
-1030.505728761172
-1051.8353679454822
-1052.9297868051838
-1020.5839032819194
-1079.4503454041371
-986.1579816923713
-1048.569355696577
-1028.0149773933372
-1063.959060844738
-996.906485702585
-1050.5237887945318
-1037.4429117018176
-1061.3088244565072
-962.9816240758939
-1080.6104387555804
-1049.7962382038836
-1035.6226970655027
-1024.648845074913
-1065.2329793130198
-999.1638937391994
-1026.3451771538378
-1058.5072610037666
-1126.3472881405035
-999.1056188240578
-1031.2845034972863
-1037.7479418653497
-1065.8812040689354
-1039.6374158721915
-1035.1178956976685
-1025.1623511775847
-1020.8798212145331
-1018.3327805298264
-1029.051705698813
-983.568710713892
-1004.6704086422371
-1034.6145804620558
-1037.1587915373836
-1017.1707935596941
-1014.2165025983538
-1034.8619696973105
-1044.3437620626617
-1056.86661559618
-1000.1453437980969
-1004.5513720820027
-1020.1091795890562
-1076.7990999529438
-1025.9156025477819
-1042.763785804472
-1079.0000770490403
-1032.7949718176494
-1005.082065872333
-1036.1212394468246
-1081.839219792098
-1040.3919881920112
-992.0499356880715
-1023.495844002443
-1036.1020288071875
-1044.1460631003577
-1041.3091025286556
-1077.8305025232553
-1062.5141354310347
-1039.7809930616809
-964.830186832061
-1060.3391484203426
-1016.6659138054342
-1065.1814858902435
-1060.503780162829
-1068.9859751320105
-1044.425850327663
-1023.3845589633362
-971.2215813843336
-1055.4700677999153
-1026.962042957682
-1039.0311869256507
-988.7523290264991
-1018.5010329127861
-1017.8055896009168
-1029.5251099371142
-1053.9928764659687
-1085.3138592100363
-1059.5054217219902
-1005.8325102494059
-1043.8991177115022
-1036.037723277571
-1000.8743860113186
-1023.6582885249968
-986.3740944928288
-1004.8366946470902
-1043.9727901335687
-1030.6982789281326
-1010.952417751611
-1059.776172646729
-1046.7639043078445
-1043.214128837058
-1024.1820415001587
-1075.0014281382757
-1057.5321619411768
-1055.3862932618313
-1005.2401503989224
-1070.887027675655
-1078.9620661581716
-1041.2414366199125
-1023.8717272885933
-1020.6916279067642
-1051.2074196635303
-1045.4881929318476
-1071.3092336698612
-1025.961915763567
-1060.7148708923621
-1010.9443939841838
-1016.0451899611732
-1019.7351975682693
-1042.2714662420035
-1038.906511281218
-1032.2880629257122
-1073.2886981876215
-1062.5370431012273
-1080.802343517954
-1019.2461460658482
-1078.2099210326023
-1037.6268419889811
-1093.344233499694
-1109.9530631913567
-1006.7848695719846
-1023.6419658045614
-956.2669666658074
-1000.8734772415487
-1062.53298155366
-1019.3790200646572
-973.0457738335781
-1045.6803659248737
-1020.8868944721837
-1070.0582118056336
-1085.1426985780215
-1093.586873274522
-1058.6426909574166
-1047.3285393422834
-1031.0599688560733
-1055.541582503077
-1027.4498112410445
-1071.1502416056971
-995.1520809050529
-1067.7839008805938
-1050.1783505627361
-1050.9131237328877
-1014.6632998945527
-1020.9642819786951
-1032.7745644889671
-1025.0706447478265
-1049.9687527951007
-1035.363515616562
-1003.3832544071884
-1006.1268538637645
-1051.5397251889415
-1062.5130501232939
-1064.660703500295
-1063.6015022031722
-1120.0582422353154
-1007.933350875081
-1042.5427615433794
-1006.3284179637009
-989.5839362781718
-1009.6900381844165
-1075.2716846202375
-1024.6889048633489
-1057.4232308348203
-1039.0958722159833
-994.5363369820304
-1007.754649289742
-1053.084913618325
-1011.3296123561771
-1083.4680862338862
-1055.076903381106
-1034.7079559712915
-1050.743036234983
-1004.8578905905447
-999.7273460500252
-1028.1931940245738
-1061.7938863939958
-1034.1662566711277
-1011.4553547504311
-1063.82268030193
-1010.5276909489786
-1005.8776392782888
-1019.8916864702778
-1063.860580233385
-1100.6455190983786
-1018.5183945756903
-999.155519476684
-1014.4671537337765
-1039.823054845432
-1057.3455897739955
-1056.9379091790195
-1064.053725141534
-1053.4156498315697
-1056.827853101739
-994.8230461301582
-957.731463243335
-1053.1176276492633
-998.8603008639428
-1017.0999179259973
-1029.358927432293
-999.6979607173374
-1033.386845074491
-977.4520226791158
-1005.7810674922257
-1021.5789531672605
-1096.8565773370628
-1058.2463535888953
-1002.2454516843717
-1047.0196535312634
-1007.8374071077268
-1033.3106580461774
-1059.529205287107
-1062.3939355815062
-1094.6185179679624
-1081.1148247784733
-1083.5433478289485
-1044.8196394268264
-1028.8167971042994
-1020.8251869535666
-1067.4411586550523
-998.578004583786
-1035.9428233133483
-1053.6901317631593
-1042.1223249743061
-1062.571879690144
-1066.7397882663709
-1026.8463527442123
-1084.6662018238674
-1003.5995744755191
-1068.5619366201936
-1029.2112189965314
-1009.4239076535273
-1070.5787302184215
-1017.0402588031259
-1052.826070239467
-1015.7275450746035
-1034.6140558082393
-1070.0260327277097
-1066.9851879348403
-990.0413638347854
-1052.7748916423816
-1026.1133351732508
-1081.294086245348
-1018.6319331155944
-1086.4966326331214
-966.3990141565349
-1077.8668108997258
-1017.4583376683123
-1028.7367543045277
-1081.4111181514054
-1069.2076793617916
-1034.145712241599
-1041.563443935412
-982.3158046792729
-1054.734268645537
-998.659253784039
-1022.7218372415288
-1005.5834167761736
-1065.1844380022744
-1070.2827170587354
-1045.7144250474219
-1018.5034942975791
-1010.0865287252011
-996.363533195812
-1027.4948108069907
-1069.0480537930941
-1038.912889990389
-1007.6599991618214
-1037.3334141744447
-1024.3199772988596
-1078.6745977797266
-1054.4265046405353
-1073.5116063988153
-1011.1228867324267
-1049.7979175989528
-1027.3583420432658
-1037.2069356188797
-1082.545862116572
-1033.1416916385774
-1041.5663676811253
-1034.1964068434754
-961.7384366242018
-1067.846212009131
-1035.4762856531802
-1044.2248383886804
-1023.4036814070517
-1007.4392884074268
-1051.9173481761036
-1034.0337028649913
-1023.8517051731936
-1072.4781454213753
-1014.1217334961019
-1064.9743296539727
-1077.6977308466687
-1013.3297730898528
-1076.7112444688648
-1030.6385961435908
-1034.9688521126448
-1012.2632310577252
-1060.147930444111
-1012.3453864523892
-1009.4017846589813
-1054.1338092432045
-1036.8009276939426
-1057.1914201727661
-1023.3800156061551
-1041.4315025004373
-1017.7701755513749
-1054.7247753231206
-1059.645766438427
-998.6016750291745
-1033.2961775256742
-984.0029563552224
-988.826296089981
-1034.3485085620857
-1066.9359058575697
-1037.1214340842814
-1022.7363261912825
-1021.2518913659358
-1028.0491111860847
-1073.6818848711005
-1060.0524357211204
-1013.9309455238729
-1046.0337280749177
-1072.48305455221
-990.545968947872
-1090.865762244721
-1053.2973483388873
-1011.1846101470807
-1067.910188877088
-1090.8291787002493
-1022.0535197104177
-1097.3341934977589
-1085.3954644950304
-1018.8387899750388
-1044.6843985280682
-1013.0252788297591
-1085.8402029641215
-1049.4398322039485
-1026.5257079502408
-1023.2945321254466
-1075.257802163401
-1025.448245960737
-997.5663889168594
-1061.4083459388276
-1038.708031225589
-1015.7437628117575
-1045.3093554764848
-994.9881263545582
-1067.1182692163586
-1099.005009136991
-1046.9441724889546
-1056.2916362252654
-982.5197318644018
-1016.019049578548
-1029.5134632444601
-987.6821256892472
-1042.4633979797363
-1064.8530425673805
-1035.7892525668517
-1017.5259178970267
-1029.2059802921137
-1059.4198281424385
-1023.0328320885584
-1020.9756030948481
-1084.9255575540428
-1050.2821112909626
-1017.9139349224826
-1002.4773714267714
-1061.838443649271
-1050.9204376436048
-1043.3248858473817
-1077.2001024940596
-1072.3107077602967
-1036.7854521439372
-1081.2061339523386
-1024.303507018199
-1034.3774661701989
-1036.798671397196
-1051.1271084728328
-1074.1537554934278
-1049.9286671475882
-1065.349322288267
-1045.7904751333772
-997.0716952265408
-1026.4394257013698
-1049.8056326571698
-1047.736489045455
-1044.5815242986553
-1040.996990467546
-982.0252848682316
-1056.1404296593732
-1030.8051023527225
-1006.610229105444
-1076.8945266153994
-963.4949726860644
-1051.4922617877135
-1028.7535934448242
-1066.0210526549872
-1040.8307648935627
-1040.653932879048
-1042.0843781502017
-990.1260440668203
-1045.7314425349784
-1016.0422321792846
-1025.6541167228452
-992.2511064907372
-1052.9285581386584
-1063.1462886300505
-1030.9133130438317
-1044.6815996293649
-987.7567853444183
-1060.8007214102327
-1028.4826339510728
-1062.5802094771566
-1007.5092269791985
-1062.8148023192234
-1071.0357492332635
-1009.0739093551987
-1082.9624866527347
-993.1071899343746
-1089.5908782888666
-1057.755717721403
-989.7409429242534
-1011.9075839838125
-980.2651699830859
-1031.1555643389302
-1025.0289714127641
-1102.1957104942217
-1052.4022083897744
-1061.0877287025276
-1088.545135638681
-1039.3892164801673
-1014.3336968542793
-957.6595554584122
-941.4760857793043
-986.7574607392061
-1074.9537785525695
-1068.5014348491545
-988.9931038263755
-1032.2364279048234
-1015.8399831886115
-1053.7320366037607
-1012.9224859756259
-1022.3208034177255
-1015.0450927453107
-1040.7977786349811
-1035.4660911172766
-1085.1010460216328
-1052.2043895106162
-1037.3850807154784
-1029.9808425024357
-1058.4303388463736
-1040.5229225378432
-1043.2943576338105
-1057.9436217628866
-1050.8193554310863
-1033.8743611700525
-1012.8995650506789
-1004.8901153423819
-1046.1138287030058
-1091.6839188254924
-1026.9315514982022
-1066.141509974607
-1038.4015179471487
-1040.5605534408498
-1010.2644895913963
-1029.6481288786858
-1082.2244527438818
-1026.2691525402156
-1038.7471992035614
-1030.9920737270936
-1047.6869921706239
-991.217030257124
-1077.0466639435235
-1059.564452984366
-1044.3244152069092
-1055.87163664998
-1089.6780491138934
-1087.534549238495
-1087.6983924549297
-1056.8653174809087
-1067.588977646718
-1067.485367313508
-953.1088685945432
-1020.1293018886021
-1011.8491396873777
-1044.000517392488
-1077.0156826247817
-1075.2307918231058
-973.3668058192715
-1048.5313514674315
-1068.067909205564
-1054.638712474278
-1042.4580388220224
-1046.6302773655834
-995.2455652825844
-1017.4592719715312
-1059.0072943691835
-1048.4566513580112
-764.7181263119511
-980.3719653819563
-1000.4567989841585
-1005.0657462458456
-1007.6141480125041
-955.2459497580879
-946.7708082591884
-966.5740923639817
-1040.0768179780875
-1011.1757430327103
-1007.1694045528288
-991.6027413820891
-1062.4188466577486
-1013.6622654787407
-1098.401558959539
-1014.0247687897923
-1037.066283581993
-1031.2025403237562
-1032.2210389985466
-999.6159056912644
-1025.4833755141578
-1017.0750784456455
-1037.4948379773698
-1090.5093544836968
-1028.63161816575
-1008.7587919103385
-1028.4039471358199
-1076.7979012063022
-1011.7477197951985
-1058.132876048989
-1004.4310849536948
-1081.048720786099
-1000.1883296573795
-1067.3985951507148
-1028.3368458374305
-1031.4709544378218
-1050.68383261685
-1089.358478018765
-1077.1914920367403
-1047.9721527714883
-1064.380366804413
-1038.161175802556
-1023.3940822056362
-1003.2706843081708
-1058.4339648216
-1070.0495199739657
-1077.9493768226166
-1020.931587201659
-999.9077098160844
-1076.0934334328647
-1074.4681946363316
-1059.525529439548
-1000.2152546649704
-1032.885584642261
-1038.6685498490037
-1065.5211038018151
-1085.9149164296514
-1067.8235611454134
-1037.8775360529323
-1084.528554560402
-1064.501969086959
-1076.9256386471234
-1048.6477280190463
-1008.9563982558141
-918.3640506080768
-1008.2549778986636
-1012.8566438877089
-972.9704284316384
-1016.5417140310261
-1003.5629441611778
-1027.798875729609
-1021.6315793090153
-1001.4112935659523
-1027.5216564494892
-1092.1264121081972
-977.3139333065753
-1000.4569861130781
-1063.4257368008662
-1021.1042260376539
-999.6542712796119
-1016.7746536674038
-1004.5834487352503
-1056.5344975906582
-1050.211175804314
-1027.400514347762
-1043.8708631061243
-1055.774143904585
-1005.8180712510913
-1049.625971077774
-1036.8120155499278
-1006.7752252745738
-1024.9344860727338
-1043.7210168091383
-1051.608613651469
-1061.231916739644
-993.3044769005842
-1023.3253681129574
-1062.4636430872201
-1050.7442785163628
-1047.5485258322158
-1072.3035196401006
-1090.522314361713
-981.5414066383366
-1023.7135300174837
-990.6338286509712
-974.4893084846883
-980.9677518150224
-1030.4596857167608
-1056.7307991344258
-1059.5488790696668
-1050.005028122581
-964.1948732429233
-1027.5673681404185
-1013.1090793521723
-1014.5432134355817
-1013.3456224714007
-1043.6272895918464
-1061.965622651412
-1033.4515989804597
-1037.1969251435396
-1056.4818013274726
-1026.9980699038176
-1065.4843982397686
-1082.9052015559464
-1019.9801174811504
-1021.533270260156
-1042.0380420418378
-1049.1589613883725
-1032.1346626105947
-1078.4637911767777
-1062.4109242874356
-1061.380560052285
-1049.402847782258
-1071.362253162718
-1093.8358919345837
-942.3242739840038
-975.6741114497734
-993.7940700636482
-1022.236808601063
-1040.6163233524094
-1032.77638476675
-992.4775849778531
-979.5106699367822
-1103.4528227051558
-1026.976454176661
-1060.0862670582012
-1042.742183654539
-1039.0465407038248
-1035.0782097671438
-1009.9405356200609
-1032.0823275131015
-1094.9093229232296
-1033.0005387685815
-1057.7175389532395
-987.6418016143658
-1016.027013954479
